0.7796610169491526
0.7796610169491526
1.3270576426930634
0.9809094595404395
0.6894734127572739
1.238459037157202
1.1840837705326774
0.6546910508117328
1.0962626787428538
1.2664062140316887
0.7212921696043872
0.9318849782230358
1.3375163825820129
0.8000348220901259
0.7729812436115091
1.319683104290669
0.9911387919517853
0.6881361241137935
1.2355256910102077
1.1824149219825364
0.6552779317731967
1.0999142666233155
1.2626875238526631
0.718687383954644
0.9425477880315593
1.3321379462929732
0.7935974696227719
0.7849779337371459
1.3266774792871194
0.9606194117316172
0.7085459944230977
1.2534517178485705
1.1260165617872007
0.6505998176142371
1.1640916211467807
1.2427758234929014
0.6954570438297387
0.9769748902137193
1.3248485615107146
0.779380261578101
0.7902997685294791
1.3322115453521035
0.9524457821899711
0.7094669312701422
1.2557689385951472
1.1271839859413193
0.649043441282549
1.1626049581375768
1.2466146662815576
0.6978550948649628
0.9650612093322775
1.3322931503790034
0.7866623623902226
0.771293098534144
1.3210972087325823
1.0028539848498172
0.6764640866129306
1.2260327754974585
1.2185677446536487
0.6709379719656234
1.021572260490064
1.3105016494220458
0.761040358765096
0.8143235657794818
1.3450921921127847
0.90673176400955
0.7316017146929295
1.2770687149130664
1.0734050043051977
0.6602801059635419
1.1968751442586045
1.2313940895244173
0.6832433940853939
0.997017119805774
1.3193614807539555
0.7714477747952299
0.7973559945258486
1.3369404339434474
0.9383989727484245
0.716238420935718
1.2623861012967181
1.1106268768375949
0.6508113707035015
1.1745017793063552
1.244821402933853
0.6948155689660068
0.9647297467836924
1.3351474901176492
0.7883899777233393
0.7612438247760994
1.314320208960186
1.0358299237188637
0.6566744553176544
1.2063981164150892
1.2684791179499342
0.711442278537308
0.8426821184466525
1.3669947485178124
0.8758116171263499
0.7115654031549096
1.2676771096590818
1.174050500709477
0.6432765411106118
1.1055534910956786
1.278492469747819
0.7266431756033639
0.8824085259039636
1.3577255314651349
0.8335816288866204
0.733985388316128
1.2892842461628704
1.1109044415756253
0.6354292318521075
1.167107032776296
1.2875279380006697
0.730574832488558
0.7884894319287709
1.340260483666103
0.9793616806814613
0.6763624317081105
1.2298865141011368
1.2376438128689966
0.6829349182467053
0.9563007789402456
1.3510221497844819
0.8004678937962442
0.7093434017368659
1.2640743710843971
1.2655762761803
0.7110548572652765
0.7940377616020021
1.3465818074708786
0.9734449846768267
0.6741794565022755
1.2289286910851263
1.2521104796991764
0.6952922914232081
0.8978206819284563
1.3707577546947192
0.8317809897336048
0.6893995781723956
1.242281635695273
1.336956352247277
0.8187414739950004
0.41624835679097255
0.5708658833785332
0.2008355823170636
-0.308333455750143
-0.3367842016355623
0.15361126693102506
0.650004105944519
0.5627372962765523
0.43201510856408537
0.3266592157581483
0.8602207136352713
1.3240558273132743
1.3916083512377848
0.9909975310566814
0.5691459693935128
0.7986846354835996
1.3517989026111377
1.0746315837934408
0.6090157338477373
1.163054710465958
1.401532355556537
0.9152954522412884
0.35839431477060846
0.6992870847764467
0.17411605143401854
0.09810410782930001
0.3550988817188962
0.5877781037079463
0.6547993308374357
0.16007819470665002
-0.32103505325243703
-0.3666166741931559
0.0765642754104724
0.6256014373575884
0.17205552701937155
0.24410175592750247
0.7987554158776115
1.0151544484502175
1.2793740529522508
1.7129486637763285
1.9532146776887311
2.037559192884969
2.248304684790191
2.7661581640210953
3.022827077960003
3.347525790368361
3.531049839888634
3.45296465410512
3.6883005621450016
4.066758990970471
4.578873214140703
4.024145482607585
3.4834557407506033
4.035129109266006
4.556527065880609
4.13585143285846
4.13453011674075
4.550406408719315
4.0397932112818
3.4899682560199348
4.033071401703034
4.59003890884002
4.1149557365322815
3.9507832590096665
3.632401771043169
3.5089352952043713
3.662686894555732
3.125671453291501
2.642441513502424
2.7285217077489476
3.2622874125689165
3.379988128739882
2.9214521326476963
2.3677954115470112
2.7864515679030157
2.5236416386817604
2.710867797415766
3.174153047240762
3.6615058649221
3.633417739281854
3.2385674176852643
2.8183177127177927
2.3109531404722006
2.2872562873413904
2.8341120744256956
3.201428358300127
3.711222349826448
3.8061199605601024
3.3237651543256312
3.788636075554226
3.602474967477722
3.4361994761605827
3.381833613860723
3.796710990336202
4.272555520850174
4.492040612784525
4.247236382525518
4.743277182804408
4.469100964418993
4.831675695566493
5.37809847185512
5.059311170180346
4.596083779205678
5.153064501615027
5.464919873495113
5.059695201409185
4.822664102543927
4.265702563941499
4.33000355524721
4.783895915601997
5.195459133022717
5.687308833327707
5.740010576032547
5.183253211703878
4.972814421924143
4.677767364971992
4.382470457445587
4.282895331181527
4.839735133556609
5.1500160002484305
5.706668119043591
5.5369003668914525
5.580217466826593
5.810496231477792
5.424921842986161
5.951079046457236
6.507915607985502
5.9525201954546185
5.409075928928754
5.800076791059627
5.543804976096597
5.656014486114172
6.046756636570822
6.535721069659677
5.999629422574004
5.463891594627436
5.951579710740254
6.33623630581315
6.483061044239501
6.279985158118062
6.827546908547885
6.993484808641719
7.1375218673189185
7.640272340473861
7.135385329521791
6.979323385314072
6.755301832344336
6.2381132117158025
5.993187978006178
5.727079825571015
5.28096646048816
5.039928493822652
4.931107794016879
4.603162729035372
4.592741530924072
4.907924442889539
4.920676043376464
4.665664842060986
4.367232403951281
4.21928852892637
4.717986725261691
4.375168902126668
4.927966178324687
5.455119847245609
4.998879094448272
4.544900495054748
5.070796763947357
5.624542525577865
5.274526864346181
5.756459750302389
5.4968943366159975
5.766027343276541
6.278325696991887
6.402912975509657
5.989761832100829
5.553446571111588
5.851270341788044
6.406861208210386
5.921524641708763
5.623408412029946
6.165695155590661
6.549608598128775
6.307974654135155
6.863033253148903
7.1893140886736
7.729790526538094
7.795097800973855
7.282216225356425
7.598255890222912
7.075013906241598
6.52205642862569
7.060410522627797
7.507433575925624
7.07641599999567
6.857124988487316
6.320036429131431
6.682508583440982
6.147851333754327
5.952995142496397
5.61468321054989
5.576904283540822
5.868574249471539
5.717474205892369
5.223139294714173
4.886986978612488
4.342519355225385
4.739858849328071
4.324943506304692
4.844403510137477
4.967989277772331
4.980573444257736
4.925257056754224
4.625085390624387
4.505238927354669
4.6429240717979745
4.13498261809779
3.627519233959411
3.8156291574462857
4.371388077653564
3.9601043947795
3.6548661699018954
4.211820057049179
4.353790987753076
3.839520605070273
3.3841875834130604
3.5107646457048856
3.347814279193775
3.0065719491205214
2.6837958747833492
2.398942970445547
2.344337276309112
2.834635305766441
3.3111320905255734
3.4000769129741495
3.0050884082641764
2.622857517192947
2.614105118550553
2.986681107028312
3.3233392426822888
3.571146523477248
3.5633515077954847
3.3546370296798154
3.0733762063675334
3.035387049212314
3.120883769315715
3.5619080514048393
3.0247786958506975
2.471257703967624
3.0045448416961738
3.5422096863343753
2.985167512158931
2.430507687186804
2.9113657798090067
3.1709339756496364
3.7279358389348665
3.644316515815207
3.262141889762999
2.8871846743109146
2.334387448494117
2.6731655036947224
2.1242468109486157
1.8009760886237416
1.268623777738779
1.1678938718466025
1.5947610457557235
1.0406319760387603
0.4900952743450897
1.0448454715905033
1.563681893712737
1.1648025623457643
1.2957701417059753
1.7778154811732954
2.1365383412515113
2.693532008312764
2.4931291906310453
2.715776009177267
3.167119015194548
3.674876710193431
3.648041463842612
3.218005839092834
2.7851991285332343
2.348121126756364
2.3190751219590333
2.835998543547344
3.2799201740717443
3.5275238130481585
3.369477556417387
3.867866549409872
4.387775343432839
4.121461713121193
3.590828507645978
4.128928050860611
4.395588286866315
3.8859593243572466
3.3539551473137776
3.546118198756397
3.2125726974209443
2.700992695983187
2.645995588146351
3.1195471819520986
3.665864298492445
3.4842574013876835
3.7169803526293816
4.164289193505489
4.6786969986559654
4.648507200708764
4.219572564863337
3.789139354530006
3.341402626386604
3.3063972230938594
3.8399446723748003
4.260860663191611
4.596174795703246
4.572973765158693
4.347439672341787
4.060223026934259
3.969646863303389
3.776525043652801
3.229233366099448
3.05513825435675
3.071058313982813
3.3258429503639815
3.6491435608015914
3.8232552512604188
3.4265293069762355
3.9558970495396704
4.512506360421917
3.9593383981711314
3.4075515800540974
3.8269468051439626
3.697312157791971
3.2271153419661465
2.8641392503042225
2.307112403608106
2.506622851406529
2.285649138710245
1.8361678219990987
1.3225546910189903
1.3550597606818582
1.7743992789962078
2.200809145045793
2.6719577210147407
2.7122367530502127
2.1627509994594285
1.7983428486429092
1.28732489508149
1.1904287656833488
1.6655729517261477
1.1743889459752856
1.1833643313076647
1.6958748674738584
1.3191795184410784
1.8500115275117892
2.025454908446867
2.2828570657122733
2.71360814229398
2.959976005695097
3.0742763986911537
3.4216533984064403
3.3213314485366436
2.8709879135659455
2.323078734232409
2.4758609745394917
2.4057681755465152
2.155524088583553
2.428079282570126
2.3950192123512224
2.080383944845181
2.0274544757416897
2.0704927656807595
2.347400897709713
2.5839362176611367
2.633356961462975
2.187907681798886
1.709158299185575
1.5552220269499326
1.8820307110608914
1.8185198116097963
1.2891038292107866
1.5859197355732095
1.0890240400874478
0.5342545059588184
1.0654885625240602
1.4853511754062607
1.0336192269373732
0.6602666472498937
0.5103702382992846
0.6948808598268338
0.1378597082944908
-0.22663652168236398
-0.6966556451652488
-0.8243769295279217
-0.3978494241341832
-0.9539922583306002
-1.496079881970006
-0.9573142209745205
-0.475312526586465
-0.90838727286851
-1.080961664977319
-1.48963840777659
-1.1064533122012365
-0.5551245584783921
-1.1007276912402593
-1.4742305843259678
-1.0389907666663747
-0.701067638842056
-0.38126245352340793
-0.30654956647180887
-0.8500705326713421
-1.26839759806957
-1.5855232600711466
-1.547507456574611
-1.4204062641156296
-1.271877681182823
-1.8240416554379466
-2.0060095599438914
-2.207722581667307
-2.7617029383520935
-2.860569481227737
-2.502720434769139
-2.8532206300287917
-3.409977921312345
-2.9494824651210725
-2.609815149800216
-3.152811996511419
-3.5660026742023585
-3.338363965907385
-3.89039577847522
-4.363991303713503
-4.274259567933258
-3.7444910244612646
-3.5907610301560844
-4.00920922066097
-4.448221058554003
-4.141831465673585
-3.5874208751218783
-4.088513176832415
-4.385638894710199
-3.851797720747299
-3.405513205689961
-3.5889495482050737
-3.154530740620548
-2.6214870540887065
-2.894815934418245
-3.4085264284507533
-2.86025681120491
-2.585867282470283
-3.0703217760714714
-3.6258240550290926
-3.2056435730444135
-3.441649131095358
-3.4022042477265293
-3.1140914457266082
-3.21012215204974
-3.7655010175614225
-3.776694207224321
-3.229448264363296
-3.262122093083562
-3.8141069184149528
-4.0993791340470045
-4.610536207401276
-4.0760881663966515
-3.6738109806952015
-3.517110142301877
-3.730262840001746
-3.193201818073964
-3.144122186360227
-3.550383109816311
-3.0456663440622225
-2.494876976053174
-3.0427024118323542
-3.5976791962092864
-3.1715864687657183
-3.286177538682066
-3.7914591584746886
-4.148180254999272
-4.704372689436816
-4.576599347749344
-4.438866307577695
-4.364299427728667
-4.829050619747419
-5.320492979280701
-5.346823960053156
-4.875185676769128
-4.331955817632771
-4.492197484779024
-4.358292355996666
-4.022237864970578
-3.751330173067868
-3.2623539983383463
-3.0342445534331306
-2.919899001857336
-2.5567866269409656
-2.749484792763306
-3.2715087607626034
-3.393791757797462
-2.9614034715987985
-2.4573323593684693
-3.006198220352493
-3.5509455463184554
-3.070492554589583
-2.7572118808932835
-2.2828947686102357
-2.094353870770326
-2.2308481464542895
-2.783388674395313
-2.9675826298616785
-3.041629333713221
-3.2559260675686184
-3.7617644595587825
-4.031772839242866
-4.393041493507706
-4.374308825438042
-3.9921256864534618
-3.5903680572477064
-3.7215782132092756
-4.231030419313524
-4.515297472122838
-4.27831636217671
-4.81641856142347
-4.902856652581032
-4.658274347653595
-4.371926499173756
-4.226134500745992
-4.735946750947473
-4.467391920958115
-4.829620919333324
-5.374694662419798
-5.071377003624107
-4.595471854013757
-5.151721424372043
-5.449568915440252
-5.019875048380552
-4.637679869632195
-4.577119722681913
-4.888649934332737
-4.829634777688225
-4.315318989248729
-4.716708658222712
-4.2555363220419595
-4.583822210001815
-4.073814132388247
-3.517465222401618
-4.067424692923852
-4.532366101571952
-4.138967870352941
-4.1884827351393294
-4.721052507667001
-4.464118237342081
-4.825037804329661
-5.366979378069409
-5.099123923806004
-4.596656982346946
-5.146499007144745
-5.408341565429248
-4.9209758490611515
-4.363956152312663
-4.733357481523618
-4.2801379186668855
-4.683523721163156
-4.168762026695299
-4.103014466701079
-4.384114780855328
-4.494331480170122
-4.364741201466094
-4.857243845806836
-5.367937950843723
-5.187320741365878
-4.631405154303835
-5.034389922707907
-5.34555002291287
-4.788524105496441
-4.650858756740915
-5.169557461928062
-5.59840656217321
-5.455025370032628
-5.742810814953438
-6.206273271813881
-6.629448961712429
-6.601901074842615
-6.291619202191849
-5.924940183605805
-5.407774434498252
-5.95384597881899
-6.445659855482415
-6.069815151408306
-5.554931946190754
-6.111374479110646
-6.553685675967658
-6.2483657720455295
-6.711120220450663
-6.298314323698518
-6.778626878786678
-6.586978534634527
-6.478889717384448
-6.513759777360846
-6.431015038660232
-6.2747456698458075
-6.827168914203381
-7.0213124583516935
-7.283425677759406
-7.709501129150124
-7.949518469051364
-8.020780489668438
-8.163365255537256
-8.697860009374844
-8.377335250106729
-8.924669184452268
-9.459030125589573
-8.982332261369084
-8.540495148448022
-9.053491766065704
-9.609385096706388
-9.157008880387632
-9.178598452696514
-9.689504197685554
-9.29381981713046
-9.778708351285765
-9.595959180232436
-9.448093200147763
-9.416096998645852
-9.723532470616025
-10.130753382526683
-10.686408082642732
-10.50644970419323
-10.664902670976533
-11.043656491697915
-11.518892700094737
-11.012586125603043
-10.489512828223168
-10.998838500240044
-11.506504405422035
-10.989894514083499
-10.487545963196542
-10.969540593794104
-11.389618410503436
-11.300449062588102
-10.805777570439217
-10.395392271529882
-10.490150008583928
-10.42952451287215
-10.247038706603371
-10.76985560449837
-10.644159216167958
-10.294688459498824
-9.974736941368564
-9.586730813190307
-9.711351423511273
-10.208379566865895
-10.579842941410368
-10.453769337838043
-10.729963005816515
-11.175203547368588
-11.675288776253149
-11.667899802178054
-11.18703096084885
-10.742245234166518
-10.428953460691499
-10.512698654481335
-10.385326344225406
-10.123257937858927
-10.27967983838345
-10.776038293149119
-11.106339097085824
-11.643507416434996
-11.194638640904568
-11.35174328653728
-11.686908296785646
-11.967919491679918
-12.14694910150754
-12.675662981462866
-12.281002303194933
-12.743074157555256
-12.412163295922003
-12.928884450322814
-13.484785817365868
-12.93482367587002
-12.465585624897674
-12.85949125317055
-12.805320767057815
-12.26562176653729
-12.455763827380192
-12.416580182237805
-12.172410882738559
-12.500385865753104
-12.17132022255154
-11.61954402571462
-11.970702636894156
-12.395079110685549
-11.838611085388514
-11.523083683089192
-11.901646960400132
-11.973439037461048
-11.95247294706351
-11.768667478813953
-11.224927265671727
-11.020113547055944
-10.882225310997821
-10.4164816472871
-10.972653905989688
-11.5259576278264
-10.969535033939446
-10.418277603447947
-10.859114307440523
-10.874634619282908
-10.490945558996906
-10.896975675556748
-11.450846706541055
-10.905139856818526
-10.516288905332274
-10.94385588257989
-11.221736684199488
-11.74601422553384
-11.921053323380548
-11.823304417649615
-11.288606149440346
-11.568652422057585
-11.11292980283573
-10.558499667553274
-11.056534443835321
-11.436698073204642
-10.92850697230495
-10.371671925729267
-10.746128748249873
-10.32473803080535
-10.840306683244084
-10.939537259461986
-10.828430908154491
-10.294966815248628
-10.597684343968504
-10.080897260488339
-9.528256318926761
-10.059867861329517
-10.493186678108748
-10.045284267687846
-9.708354182944126
-9.367023050457128
-9.269502546332564
-9.825749711833808
-10.054166668434382
-10.439074853278365
-10.232431849837557
-9.695520745179572
-9.735948510921922
-10.285793298506455
-10.250184602411457
-9.694323278323244
-9.850778996025097
-10.37433258717846
-9.870603610896186
-9.697124068917057
-10.254099179440793
-10.248404155072079
-9.69136186504559
-9.89188124362529
-10.374397054082465
-9.836939696291813
-9.682837104700965
-10.234296634198486
-10.366903825434653
-9.876503173852285
-9.341430858097938
-9.502152729443878
-9.33423165883972
-8.960546218051153
-8.496922906512221
-8.966429273579841
-9.488291913247693
-8.953521753344257
-8.39649863312298
-8.837029696577488
-8.774885827672403
-8.218396691985289
-8.132950688010448
-8.483800939946843
-8.178727964935185
-7.626513731477288
-7.961019612252216
-8.393548768554734
-7.836552757000893
-7.542209737848896
-7.950221747851627
-8.22175082172972
-8.748434313976071
-8.924629665571485
-8.84043155940604
-8.331002545184282
-8.776008388299845
-8.517808837520336
-8.719278194126508
-9.190316554028593
-9.639535191213456
-9.605369034173787
-9.290526872716145
-8.925118899810153
-8.408816517865246
-8.956033627119139
-9.454093340711776
-9.047571082316754
-8.546929780044922
-9.096943891743445
-9.598507521707461
-9.33058805859627
-9.887624488054335
-10.313140636092871
-10.480289375370672
-10.248780756336506
-10.75364796820289
-10.529897632720079
-10.654445274834815
-11.032069352298413
-11.484010839802682
-11.067008386360946
-10.535478372615549
-11.090698645045384
-11.58246435741412
-11.284834251825362
-11.809088031333314
-11.823818181568882
-11.332389607645757
-11.803496204283197
-11.678271514739187
-11.244229794537786
-10.879578979776136
-10.325346853819317
-10.627775026033353
-10.081188165418828
-9.55173859863835
-9.998157342730178
-10.448403514970355
-9.917134177736024
-9.372950339371647
-9.667539514835452
-9.110923508035093
-8.69809526611222
-8.476078147454896
-8.619091971428396
-8.147987392009343
-7.628031293952455
-7.844642728240146
-8.39109926679565
-7.899335264963555
-7.657381375286613
-8.209532325929692
-8.41970704688964
-7.986361875454699
-7.524650641075914
-7.9327595815174385
-8.460440461722213
-7.905073054144928
-7.421350605686477
-7.716181309436931
-7.192011711932598
-7.1813784798725555
-7.68290462358464
-7.2564865009376405
-7.631981450649616