0.98
0.98
1.0099211054831752
1.02502934423497
1.0026366360105095
0.9763096631622415
0.9854622961943976
1.0163370076502112
1.0227921417101065
0.9951221790499973
0.9747314931183021
0.992203059190792
1.0213130475247818
1.0185261508322312
0.9880334902086758
0.975412954460945
0.9996253989304146
1.024396780038514
1.0126224370608274
0.9819943091605272
0.9782902167621961
1.0070804053014948
1.0253024908606916
1.0056109777707083
0.9775456512688298
0.9830962970692173
1.0139167354037666
1.0239453808414234
0.998109604718375
0.9750945239449629
0.9893932940376305
1.0195300648833505
1.0204523572627324
0.9907731040034081
0.9748689943083455
0.9966194022494654
1.0234143309226316
1.0151459963968137
0.9842439658502099
0.9768901974662201
1.004140444913486
1.0252120928213435
1.008506721422846
0.9791024626775823
0.9809696328719449
1.01130017877909
1.0247555165626603
1.0011234795152382
0.9758151029265568
0.9867326172152073
1.0174694561236337
1.0220873813317426
0.9936422615297644
0.9746859870055106
0.9936607203907786
1.0220967345982208
1.0174556129478345
0.9867163582746599
0.9758207734346301
1.0011425208176008
1.0247595167110355
1.0112830969761923
0.9809570216866038
0.9791132746983391
1.008524684445635
1.0252103655201974
1.004121636893253
0.9768823814895142
0.9842589273214738
1.015161301044898
1.0234070382153948
0.9966005115020575
0.9748666986058919
0.9907908714267109
1.0204636321537244
1.019517884334451
0.9893759701773064
0.9750979637894889
0.9981286128867372
1.023951593540153
1.0139007776604845
0.9830820712527962
0.9775545045042467
1.0056295684032623
1.0253030625122357
1.0070620942450506
0.9782803720516621
0.9820077572658437
1.0126389828310867
1.0243916569872453
0.9996063409503013
0.9754083977359687
0.9880503149517552
1.0185391812504223
1.0213027082391888
0.9921849162351971
0.9747326504043944
0.9951408880553765
1.0228004737409766
1.016322402695648
0.9854466619842378
0.9763164258567059
1.0026555931374894
1.0250322061949455
1.0099035491800252
0.9799882725037525
0.9800117388730434
1.0099386562144224
1.0250264679021968
1.0026176774085311
0.9763029140348749
0.9854779386085938
1.016351603363613
1.022783796649194
0.9951034727753624
0.9747303503495753
0.9922212065182712
1.021323374659072
1.0185131099007583
0.9880166721990903
0.9754175252918926
0.9996444571200288
1.0244018890983837
1.0126058841831038
0.9819808712649545
0.9783000738590665
1.007098712389645
1.025301904671224
1.0055923839959287
0.9775368108621602
0.9831105324549742
1.0139326852993344
1.0239391544226095
0.9980905976073915
0.9750910983984369
0.9894106238584862
1.0195422343314375
1.0204410707286924
0.9907553417591807
0.9748713044450212
0.9966382948884251
1.0234216102280893
1.0151306831948688
0.9842290132844425
0.9768980266625996
1.00415925061644
1.0252138056392464
1.008488753627825
0.979091662562485
0.9809822548653113
1.011317254227636
1.0247515022067633
1.0011044375845262
0.9758094462824412
0.9867488836316851
1.0174832894016963
1.0220780154547824
0.9936238062305345
0.9746860015504047
0.9936791828032026
1.0221060752486604
1.017441759882341
0.9867001068193397
0.9758264578032545
1.0011615614809664
1.0247635026494764
1.0112660088286514
0.9809444213166691
0.9791240986183724
1.0085426426860533
1.025208623736851
1.004102826566281
0.9768745787371518
0.9842738976896018
1.0151765971303117
1.023399732110743
0.9965816226567801
0.9748644173390476
0.9908086440190453
1.0204748953950258
1.019505692691884
0.9893586522873403
0.9751014179299384
0.9981476221018455
1.0239577925150714
1.0138848120786332
0.9830678550139554
0.9775633705631399
1.0056481558831556
1.0253036196255119
1.0070437792306146
0.9782705397332989
0.9820212155730729
1.0126555214844428
1.0243865199476596
0.9995872831903424
0.9754038551197066
0.9880671464187499
1.018552201147727
1.0212923568084105
0.9921667776617066
0.974733822207149
0.9951595997810088
1.0228087927368397
1.0163077885083722
0.9854310359870908
0.9763232021142099
1.0026745487788624
1.0250350537803994
1.009885987314915
0.9799765563911915
0.9800234891159793
1.0099562013638312
1.025023577198367
1.0025987173421642
0.9762961784786461
0.9854935892178406
1.0163661898274148
1.0227754385632186
0.9950847692419639
0.9747292220989019
0.9922393582074056
1.0213336896359497
1.018500058463619
0.9879998609325762
0.9754221102260553
0.9996635155084859
1.0244069841637804
1.0125893242073645
0.9819674435869534
0.9783099433364257
1.007117015499196
1.025301303944189
1.0055737870893648
0.9775279832894997
0.9831247774018121
1.0139486273380471
1.0239329142874507
0.9980715915644207
0.9750876871519772
0.9894279596300416
1.0195543926715758
1.020429772558254
0.9907375847040696
0.9748736290145227
0.9966571894083572
1.023428876127412
1.0151153614478778
0.9842140696327994
0.976905869073976
1.0041780539915763
1.0252155039728692
1.0084707810707119
0.9790808743594253
0.9809948876593189
1.011334323312125
1.024747473645764
1.0010853950361158
0.9758038035056844
0.986765157514791
1.0174971127739818
1.022068636972905
0.9936053545034641
0.9746860306401848
0.9936976487566579
1.0221154032775102
1.0174278969352046
0.9866838628585433
0.9758321560290129
1.0011806014946834
1.0247674743755777
1.0112489143461798
0.9809318317695163
0.9791349344312903
1.0085605961339625
1.0252068674723571
1.0040840139431138
0.9768667892137968
0.9842888769459549
1.0151918846442445
1.0233924126130471
0.9965627357242152
0.9748621505091941
0.9908264217703623
1.0204861469799962
1.0194934899628003
0.9893413403775615
0.9751048863642281
0.998166632353062
1.0239639777624538
1.0138688386673638
0.9830536483609412
0.9775722494402325
1.0056667401999466
1.0253041622001808
1.0070254602684985
0.9782607198129418
0.9820346840743741
1.0126720530114526
1.0243813689228487
0.9995682256612017
0.9753993266148983
0.9880839846000696
1.0185652105165388
1.0212819932385742
0.992148643480551
0.97473500852586
0.9951783142163932
1.0228170986927274
1.0162931650968356
0.9854154182119401
0.9763299919306961
1.0026935029240132
1.0250378869896055
1.0098684198977925
0.9799648516692127
0.9800352507219003
1.0099737409214575
1.0250206721252229
1.002579755822027
0.9762894564975991
0.985509248013146
1.0163807670331717
1.0227670674571643
0.9950660684603002
0.9747281083669684
0.9922575142479615
1.0213439924493046
1.0184869965284333
0.987983056418715
0.975426709260674
0.9996825740851231
1.024412065231634
1.0125727571430594
0.9819540261343501
0.9783198251884235
1.0071353146198423
1.025300688679947
1.005555187061461
0.9775191685561089
0.983139031901474
1.013964561510761
1.023926660439689
0.9980525866001007
0.9750842902076482
0.9894453013424611
1.0195665398966258
1.0204184627580732
0.9907198328481207
0.974875968015449
0.9966760857986758
1.0234361286162454
1.0151000311646632
0.9841991349039113
0.9769137246956652
1.0041968550283502
1.0252171878211818
1.008452803761655
0.9790700980747798
0.9810075312465731
1.0113513860228471
1.024743430882091
1.0010663518806633
0.9757981745996824
0.9867814388552153
1.0175109262324513
1.0220592458916835
0.9935869063589315
0.9746860742748343
0.9937161182407604
1.0221247186792235
1.0174140241144811
0.986667626401565
0.975837868108481
1.0011996408480985
1.0247714318869428
1.0112318135384972
0.9809192530525174
0.9791457821306935
1.008578544779224
1.025205096727777
1.0040651990342981
0.9768590129241056
0.984303865081888
1.015207163577891
1.023385079726689
0.9965438507149433
0.9748598981177014
0.9908442046706097
1.0204973869020033
1.0194812761543584
0.9893240344577952
0.9751083690902644
0.9981856436297482
1.0239701492785866
1.0138528574358323
0.9830394513019934
0.9775811411302376
1.0056853213431975
1.0253046902359146
1.0070071373690135
0.9782509122964151
0.9820481627619023
1.0126885774026784
1.0243762039159119
0.9995491683735365
0.9753948122242725
0.9881008294861272
1.0185782093492604
1.0212716175358103
0.9921305137019498
0.9747362093598095
0.9951970313510343
1.022825391603688
1.0162785324694963
0.9853998086677556
0.9763367953020929
1.0027124555623341
1.0250407058208564
1.0098508469386034
0.9799531583446939
0.9800470236838928
1.0099912748773714
1.0250177526845214
1.0025607928587295
0.97628274809576
0.9855249149855178
1.0163953349724555
1.0227586833360238
0.9950473704408577
0.9747270091544458
0.9922756746297094
1.0213542830930433
1.0184739241028262
0.9879662586670739
0.9754313223929755
0.9997016328392855
1.0244171322988898
1.0125561829996423
0.9819406189149584
0.9783297194091991
1.0071536097412863
1.0253000588788732
1.0055365839226582
0.9775103666672315
0.983153295945696
1.013980487808347
1.0239203928830818
0.9980335827250616
0.9750809075674952
0.9894626489859076
1.019578675999467
1.0204071413348152
0.9907020862013655
0.9748783214463811
0.9966949840488014
1.0234433676902552
1.015084692354049
0.9841842091063916
0.9769215935229716
1.004215653716229
1.0252188571831704
1.0084348217107975
0.9790593337149076
0.9810201856196764
1.0113684423501088
1.0247393739181847
1.0010473081288145
0.9757925595678135
0.9867977276436508
1.0175247297690817
1.0220498422166968
0.9935684618073024
0.9746861324543248
0.9937345912451327
1.022134021448269
1.0174001414282308
0.986651397457688
0.9758435940382244
1.0012186795305664
1.0247753751811879
1.011214706415319
0.9809066851730303
0.9791566417101778
1.0085964886117103
1.0252033115041839
1.0040463818503746
0.9768512498727211
0.9843188620887555
1.0152224339224578
1.0233777334560563
0.9965249676395381
0.9748576601659285
0.9908619927097378
1.0205086151544271
1.0194690512737203
0.9893067345378562
0.9751118661059438
0.9982046559212715
1.0239763070597683
1.0138368683931949
0.9830252638453398
0.9775900456278633
1.0057038993024785
1.0253052037323946
1.006988810542469
0.9782411171895335
0.9820616516278086
1.0127050946486915
1.0243710249299585
0.9995301113380028
0.9753903119505472
0.9881176810673301
1.0185911976383026
1.02126122970626
0.9921123883361225
0.9747374247082696
0.9952157511744328
1.0228336714647748
1.0162638906348167
0.9853842073635058
0.9763436122243223
1.0027314066832151
1.0250435102724482
1.0098332684473004
0.9799414764245132
0.9800588079950348
1.0100088032216397
1.0250148188780268
1.0025418284628873
0.9762760532771504
0.9855405901259563
1.0164098936368362
1.022750286204798
0.9950286751941292
0.9747259244619995
0.992293839342413
1.021364561561072
1.0184608411944314
0.9879494676872258
0.9754359496201807
0.9997206917603104
1.0244221853624962
1.0125396017865722
0.9819272219365924
0.9783396259928855
1.0071719008532258
1.025299414541348
1.005517977683404
0.9775015776281105
0.9831675695262089
1.0139964062216718
1.0239141116213901
0.9980145799499385
0.9750775392335611
0.9894800025505395
1.0195908009729766
1.0203958082951499
0.9906843447738425
0.9748806893058981
0.9967138841481474
1.0234505933451057
1.0150693450248667
0.9841692922488587
0.9769294755511945
1.0042344500446718
1.0252205120578246
1.0084168349282912
0.9790485812861687
0.9810328507712222
1.0113854922842103
1.024735302756492
1.0010282637912236
0.9757869584134543
0.9868140238707815
1.0175385233758474
1.022040425953533
0.9935500208589497
0.9746862051786213
0.9937530677593892
1.0221433115791156
1.0173862488845204
0.9866351760361983
0.9758493338148015
1.0012377175314349
1.0247793042559339
1.0111975929863701
0.9808941281384141
0.9791675131633305
1.0086144276212883
1.025201511802657
1.0040275624018913
0.9768435000642833
0.9843338679579031
1.0152376956691493
1.0233703738055464
0.9965060865085777
0.9748554366552277
0.9908797858776898
1.0205198317306496
1.0194568153280579
0.9892894406275637
0.9751153774091547
0.9982236692169928
1.023982451102301
1.0138208715486163
0.9830110859992106
0.9775989629278068
1.0057224740673532
1.0253057026893122
1.006970479799182
0.978231334498107
0.9820751506642342
1.0127216047400613
1.0243658319681068
0.9995110545652618
0.9753858257964337
0.98813453933408
1.0186041753760788
1.0212508297560707
0.992094267393288
0.9747386545705043
0.9952344736760872
1.0228419382710483
1.0162492396012648
0.9853686143081558
0.9763504426932986
1.0027503562760478
1.0250463003426875
1.009815684433836
0.9799298059155399
0.9800706036484005
1.0100263259443332
1.0250118707075095
1.0025228626451148
0.976269372045785
0.9855562734254599
1.0164244430178904
1.0227418760684936
0.9950099827306024
0.9747248542902857
0.9923120083758356
1.0213748278473074
1.0184477478108833
0.9879326834887343
0.9754405909395031
0.9997397508375416
1.0244272244194124
1.012523013513309
0.9819138352070572
0.9783495449336096
1.0071901879453655
1.0252987556677609
1.0054993683541444
0.9774928014439807
0.98318185263474
1.0140123167416089
1.0239078166583833
0.9979955782853648
0.9750741852078808
0.9894973620265127
1.019602914810039
1.0203844636457526
0.990666608575585
0.9748830715925703
0.996732786086129
1.0234578055764703
1.0150539891859496
0.9841543843399246
0.9769373707756258
1.0042532440031422
1.0252221524441418
1.008398843424286
0.9790378407949163
0.9810455266938027
1.011402535815455
1.024731217399465
1.0010092188785435
0.9757813711399751
0.9868303275272903
1.0175523070447277
1.0220309971077841
0.9935315835242426
0.9746862924476813
0.9937715477731439
1.0221525890662406
1.0173723464914208
0.9866189621463769
0.9758550874347647
1.0012567548400548
1.0247832191088087
1.0111804732613745
0.9808815819560222
0.9791783964837348
1.0086323617978292
1.0251996976242816
1.0040087406993947
0.9768357635034266
0.984348882680676
1.0152529488091737
1.0233630007795596
0.9964872073326387
0.9748532275869468
0.9908975841644088
1.0205310366240559
1.0194445683245439
0.9892721527367342
0.9751189029977809
0.9982426835062738
1.0239885814024934
1.0138048669112611
0.9829969177718296
0.9776078930247639
1.0057410456273896
1.0253061871063613
1.0069521451494674
0.9782215642279413
0.9820886598633212
1.012738107667361
1.0243606250334776
0.9994919980659699
0.9753813537646385
0.9881514042767806
1.0186171425550072
1.0212404176913923
0.9920761508836624
0.974739898945773
0.9952531988454968
1.0228501920175743
1.0162345793773107
0.9853530295106667
0.9763572867049299
1.002769304330223
1.0250490760298874
1.0097980949081669
0.9799181468246388
0.9800824106370568
1.0100438430355259
1.0250089081747509
1.0025038954160266
0.9762627044056686
0.9855719648750233
1.0164389831072012
1.022733452932125
0.9949912930607624
0.9747237986399512
0.992330181719741
1.0213850819456733
1.0184346439598253
0.9879159060811606
0.9754452463481456
0.9997588100603206
1.024432249466606
1.012506418189316
0.981900458734152
0.9783594762254918
1.007208471007412
1.0252980822585103
1.0054807559453256
0.9774840381200665
0.9831961452630126
1.0140282193590375
1.0239015079978389
0.9979765777419703
0.9750708454924786
0.9895147274039835
1.0196150175035472
1.0203731073933053
0.9906488776166209
0.9748854683049579
0.9967516898521632
1.0234650043800326
1.0150386248461334
0.9841394853881926
0.9769452791915506
1.0042720355811081
1.0252237783411315
1.0083808472089348
0.979027112247493
0.9810582133800012
1.0114195729341555
1.0247271178495696
1.0009901734014255
0.9757757977507318
0.9868466386038554
1.0175660807677116
1.0220215556850527
0.9935131498135452
0.97468639426145
0.9937900312760121
1.0221618539041322
1.017358434257009
0.9866027557974978
0.9758608548946537
1.0012757914457788
1.0247871197374538
1.0111633472500619
0.9808690466331969
0.9791892916649642
1.0086502911312087
1.025197868970158
1.0039899167534325
0.9768280401947715
0.984363906248411
1.0152681933337488
1.0233556143825104
0.9964683301222962
0.9748510329624178
0.9909153875598331
1.0205422298280435
1.0194323102703615
0.9892548708751769
0.9751224428696923
0.998261698778477
1.0239946979566674
1.0137888544903007
0.9829827591714123
0.9776168359134171
1.0057596139721592
1.025306656983252
1.0069338066036408
0.9782118063848289
0.9821021792172031
1.0127546034211725
1.0243554041292062
0.9994729418507831
0.9753768958578531
0.9881682758858293
1.0186300991675177
1.021229993518386
0.9920580388174559
0.9747411578333196
0.9952719266721609
1.022858432699432
1.0162199099714313
0.9853374529799915
0.9763641442551134
1.0027882508351367
1.025051837332373
1.0097804998802506
0.979906499158665
0.9800942289540646
1.0100613544852959
1.025005931281541
1.0024849267862388
0.9762560503607983
0.9855876644656351
1.016453513896354
1.0227250168007158
0.994972606195097
0.9747227575116352
0.9923483593638867
1.0213953238500977
1.0184215296489052
0.9878991354740654
0.9754499158433051
0.9997778694179871
1.0244372605010506
1.0124898158240627
0.9818870925256745
0.9783694198626441
1.0072267500290697
1.0252973943140042
1.0054621404673993
0.9774752876615881
0.983210447402741
1.0140441140648384
1.0238951856435445
0.9979575783303885
0.9750675200893688
0.9895320986730998
1.0196271090463995
1.0203617395444993
0.9906311519069775
0.9748878794416098
0.9967705954356622
1.023472189751485
1.0150232520142632
0.9841245954022642
0.9769532007942429
1.0042908247680344
1.0252253897478114
1.0083628462923935
0.9790163956502362
0.9810709108223956
1.011436603630624
1.0247230041092772
1.000971127370522
0.9757702382490763
0.986862957091152
1.017579844536791
1.0220121016909465
0.9934947197372231
0.9746865106198663
0.9938085182576042
1.0221711060872822
1.0173445121893656
0.9865865569988336
0.9758666361910033
1.0012948273379583
1.0247910061395162
1.0111462149621624
0.9808565221772773
0.9792001987005879
1.008668215611304
1.0251960258413915
1.0039710905745538
0.9768203301429339
0.9843789386524417
1.0152834292340938
1.0233482146188186
0.9964494548881216
0.9748488527829664
0.9909331960539022
1.0205534113360162
1.0194200411726981
0.9892375950526985
0.9751259970227518
0.9982807150229657
1.0240008007611512
1.0137728342949086
0.9829686102061705
0.9776257915884435
1.0057781790912332
1.0253071123197008
1.006915464172025
0.9782020609745591
0.9821157087180051
1.0127710919920756
1.0243501692584358
0.9994538859303611
0.9753724520787638
0.9881851541516185
1.01864304520604
1.02121955724322
0.9920399312048823
0.9747424312323831
0.9952906571455733
1.0228666603117038
1.0162052313921095
0.9853218847250838
0.9763710153397389
1.0028071957801798
1.025054584248476
1.009762899360051
0.9798948629244707
0.9801060585924771
1.0100788602837203
1.0250029400296778
1.0024659567663707
0.9762494099151643
0.9856033721882783
1.0164680353769397
1.0227165676792969
0.9949539221440918
0.9747217309059664
0.9923665412980281
1.021405553554518
1.018408404885779
0.9878823716770037
0.9754545994221661
0.9997969288998813
1.0244422575197325
1.0124732064270214
0.981873736589412
0.9783793758391697
1.0072450250000484
1.0252966918346602
1.0054435219308164
0.9774665500737554
0.9832247590456368
1.0140600008498974
1.0238888495992948
0.9979385800612502
0.9750642090005597
0.9895494758240097
1.019639189431499
1.0203503601060295
0.9906134314566821
0.9748903050010708
0.9967895028260372
1.0234793616865236
1.0150078706991863
0.9841097143907374
0.9769611355789716
1.0043096115533872
1.0252269866632062
1.0083448406848226
0.9790056910094792
0.9810836190135563
1.0114536278951731
1.0247188761810697
1.0009520807964882
0.9757646926383506
0.9868792829798484
1.0175935983439621
1.022002635131083
0.9934762933056428
0.9746866415228601
0.9938270087075273
1.022180345610189