0.3559322033898305
0.3559322033898306
-0.08221028496930877
-0.6330764992555391
-0.20243164306522554
-0.4132923157173645
-0.500161415125841
-0.41385040127569994
-0.7713698388690704
-1.2425572884375873
-1.5613760206046325
-1.4377902809387824
-1.7589973863448138
-2.2315259449547757
-2.579246518912194
-2.4815915032234304
-2.6418846204411874
-2.956231753388391
-3.133888482253823
-3.6458780783668656
-3.16016573473444
-3.1307577386739673
-3.5180373053600844
-3.0879625961891772
-2.536065538761898
-3.090823977316771
-3.5304563297204283
-3.1639118429114497
-3.334745795927737
-3.7048150018991697
-4.000836177369541
-4.29933242860462
-4.656185305059437
-4.813354966300337
-4.3816558141363915
-4.937713275392397
-5.439098703382331
-5.064599534739632
-4.557710154917772
-5.113576428536753
-5.557490099948821
-5.261151027831302
-5.752416581456802
-5.497314385364553
-5.760735909041616
-6.268196431144862
-6.438542956763825
-6.080996030964678
-5.976878511919027
-5.794638077590178
-5.238372786448185
-5.168437150929283
-5.615785097228737
-5.060954660986302
-4.56485285244573
-4.919937699592832
-5.437948834576077
-4.8809558668644835
-4.477685119992883
-4.823295961955703
-4.58554508980765
-4.531855073943494
-4.694707459995237
-4.138381732061849
-3.757846889551526
-3.3327833074859914
-3.231631728542591
-3.7641209054230904
-3.6483884432625695
-3.279801361224933
-2.9380565302281183
-2.454952160443139
-2.996283515190343
-3.5405345350472803
-3.0437422732020543
-2.63398101672207
-2.6254735899477573
-3.0264839638111813
-3.4859961199326204
-3.055931175912029
-2.530278915273713
-3.081308524029014
-3.6018900774043434
-3.302800878973222
-3.8445287927485716
-4.040193792835103
-4.35997071225916
-4.507676991833869
-4.386040118964342
-4.834621459603009
-5.34671566634292
-5.234297612337385
-4.680296799826665
-4.862599005847603
-5.381120768320415
-4.862355436858368
-4.680227960693065
-5.2341841721661995
-5.3474080514668065
-4.8359457988000045
-4.383695650068439
-4.5034093206365995
-4.372070202896932
-4.073451205844641
-4.015468860053313
-4.011522340508816
-4.047878119846191
-4.247306659530038
-4.77072648992016
-5.027682705807475
-5.366294275458559
-5.469700458137343
-5.2645856956577335
-5.7990872369107915
-5.8118834948655484
-5.301408743436462
-5.67487560863309
-5.136957070110414
-4.895927529461912
-4.399137395334491
-4.948675420964936
-5.441005727088295
-5.076508943981422
-4.558537316668921
-5.115557247297402
-5.535406230685098
-5.20667570661481
-5.551435050656199
-5.085571030653319
-4.529034264571342
-5.08064037964124
-5.525270154236217
-5.139288851988193
-5.200250472852921
-5.745862661671173
-5.619453487279318
-5.34188509331416
-5.088694713239139
-5.136233285666167
-5.5865446740092235
-5.031541768533161
-4.478026204315878
-5.034887707558228
-5.581509704362611
-5.157573240385815
-5.227095987296728
-5.784040092196356
-5.892032700990132
-5.633185271279332
-5.4403189817709565
-5.428380027309886
-5.681369743489396
-6.026474129628933
-6.439215271317421
-6.1956358513094525
-5.642020692533654
-5.94143116317223
-6.38978196576605
-5.833650469819168
-5.582169387153932
-6.046239818421869
-6.579125211833368
-6.033362126933794
-5.522753789225422
-5.996428927504735
-6.4765615556712985
-5.96018277054219
-5.408155062599228
-5.9114742631880155
-6.21290415216171
-6.738300352188412
-6.884293796413031
-6.63608812685502
-6.422635124342257
-6.370987768632361
-6.808528838034002
-7.2875328943715925
-7.452088718122858
-7.137136129791631
-7.28073471694571
-7.781386854972529
-8.118968067974722
-8.667767530378422
-8.313650698183576
-8.847592475228002
-9.02503545679545
-9.2830050821493
-9.713020902638238
-9.958583760039696
-10.067230829796323
-10.390313604603573
-10.429527633783078
-10.156015596763242
-10.406815700319106
-10.472651689445847
-10.313204134427417
-10.86707118523933
-11.282761280247746
-11.560775265048347
-11.482665731921973
-11.620264274477243
-11.890273698747304
-11.788690509528923
-11.23264097823777
-11.205157523852314
-11.731942114223653
-11.492373655421714
-11.755755483958072
-12.255799384994006
-12.482882850527426
-12.20251097991736
-12.58015955115753
-12.051775773611247
-11.494736240546715
-12.051529212364203
-12.584694895582377
-12.20711952689068
-12.501394303282263
-12.202987360176888
-11.6661181906719
-11.807760601276032
-12.361686868170763
-11.959162404719677
-11.667537877977166
-12.224279537639532
-12.295800994394856
-11.745787432033202
-11.672163433348313
-12.194180350064979
-12.556107538533618
-12.362644127975734
-12.885325879013195
-13.405183583089933
-13.08717024046127
-12.577522419377486
-13.133137665869153
-13.475844523756265
-13.070682368552276
-12.869073092916862
-12.351319004214133
-12.824347700002594
-12.77471042543444
-12.218882142640002
-12.146954322801179
-12.544159707966253
-12.05516963017531
-11.50462064957669
-12.057399379421085
-12.598890541857886
-12.23469364407551
-12.619267560207618
-12.063207507713932
-11.53763665298904
-12.005335944236219
-12.462629851084415
-11.943880841493131
-11.3869538133601
-11.816589652811164
-11.667176593542184
-11.275875578794638
-10.947983127389632
-10.492877298575808
-10.961897769111852
-11.488803261564565
-10.950496391359684
-10.3941768911672
-10.814483653618208
-10.644186317985689
-10.331840270808009
-10.083883327352783
-10.120473385620853
-10.528773432223936
-10.058994240625204
-9.512687540550719
-10.065926235140372
-10.598531695410593
-10.259467567222107
-10.720807054885748
-10.32970769842191
-10.865435750790871
-11.106615944560897
-11.607442631476871
-11.064064993271247
-10.612156707261349
-10.745437616773799
-11.282257830186738
-11.319881607694606
-10.800835659686546
-10.445872963432775
-10.63730285010214
-10.115439212577428
-9.595698453656372
-9.910904174430087
-10.421885860822863
-9.866682848462549
-9.528746829038097
-9.940735249641733
-10.188085168194513
-10.743720795003956
-10.761336269734612
-10.207237968591976
-10.115288973755725
-10.410500625595468
-10.412608776641095
-10.120083492953045
-10.23163882834081
-10.786609978389462
-10.959872708305
-10.995588282411902
-11.01588286863965
-11.091537452321667
-11.455220154962504
-11.222994072075082
-10.6847225939478
-10.76786171685713
-11.324510673126328
-11.092001308528365
-10.62068251245544
-11.167046589954902
-11.34496472182059
-10.808340026398799
-10.476504895709011
-10.738920944606997
-10.230499204560779
-10.394256886776777
-10.593622570157947
-10.716397411796448
-10.159389416397119
-9.864334500777428
-9.314421351596362
-9.612638291377243
-9.08016982171048
-8.534857763852353
-9.042436277132117
-9.47161403722614
-8.986244329142437
-8.479091518092087
-9.012057614982924
-9.53123368574127
-9.06138604933707
-8.738628707381265
-8.30881914423032
-8.133653502440609
-8.410381422421315
-8.434440722358255
-8.189578737340641
-8.563550674425779
-8.058494442260109
-7.502736939055453
-8.059062471974261
-8.587762661783433
-8.2293316636404
-8.605732448542769
-8.056212584462305
-7.50905482915629
-8.04938672516613
-8.522563117606243
-8.095665565123602
-7.945969315448667
-7.626144516309531
-7.525855206975688
-7.713447561130314
-7.160009185591557
-6.916904932119887
-6.456241306401375
-6.98463026845347
-7.5275616210045175
-7.014218539148953
-6.522218499135108
-6.973084296911219
-7.4725782335180035
-6.93820499259534
-6.384058043689424
-6.75979212807831
-6.372430936670062
-6.9294732132630585
-7.432782787897529
-7.0715374828855495
-6.561934718233038
-7.1187807660505555
-7.537650621899594
-7.21650856442825
-7.594539576660325
-7.052277878620982
-6.497886266803235
-7.0529498256737915
-7.562256655813648
-7.177441831754695
-7.369643066136907
-7.6203177011924605
-7.779179079651335
-7.283180056639276
-7.633884184243958
-7.077498564572577
-6.573129074270087
-6.920325106268255
-7.43399009372489
-6.877033132573429
-6.485012251793131
-6.838083407982667
-6.657127422770505
-6.317179137960342
-6.053895148352108
-5.968637533035725
-5.7772552490434945
-5.229159367122267
-5.059011297576107
-5.092618897460727
-5.4263135010004815
-5.326956597950817
-4.887875133712471
-4.331315783014221
-4.5832339794361285
-4.116844848338792
-3.5665335427688087
-4.034405687880162
-4.426543000898337
-3.8992495058557917
-3.367873601060662
-3.603060297834574
-3.1108762415850184
-2.565988678091625
-3.0180865908575814
-3.430365780909433
-2.8982062465729284
-2.372971994640458
-2.606748538811492
-2.1093498364651886
-1.5657429989098475
-2.0148118073313785
-2.431307617673808
-1.8982653079822756
-1.3739725577603592
-1.6083800505395138
-1.1081304927473519
-0.5649943741552171
-1.0143483688019
-1.4322385605663774
-0.8995324763873499
-0.37337800370862073
-0.6109632399811469
-0.10532062780474871
0.4372062308959901
-0.015077184235532726
-0.4345744178255549
0.09642562906006696
0.6287732726082476
0.38007145846917045
0.9024869407416427
1.4410576421062737
0.990489851940931
0.5602866092573374
1.0908527552793443
1.628987292748706
1.3623902244192003
1.9075274461191798
2.426082404564113
2.053591054245013
1.565174166044375
2.1198545662752055
2.5595896313747817
2.2753779531436353
2.793509639879398
2.7364562345125503
2.1891978118497866
1.8887259297246533
1.3568783776893198
1.8174570185008463
1.7212913880926115
1.198767431542818
0.85032947369951
0.2938611999536255
0.4209552621005722
0.5676381013718322
0.6555689455424605
0.15035978134602668
-0.33581577179049577
-0.3195136140450746
0.1781235914298147
0.6205128930445083
0.531521413811376
0.5105758435180884
0.5684372471804058
0.2848828076073184
-0.12146673937045066
-0.6784814177151868
-0.4415146408582471
-0.8437729917369099
-1.387668868637487
-1.0517476690306116
-0.5914806386823084
-1.148368420986241
-1.4908345325891148
-1.1236496984022826
-1.1554958349300415
-1.6342508366130635
-1.103242735898428
-0.7817768459327592
-0.27213212971048284
-0.1200939080632332
-0.3763981678264666
-0.5402100717901775
-0.5146843808945675
-0.48883296878412774
-0.47561030220883055
-0.5736842723061055
-0.7308286479073728
-0.18140049345843445
-0.03524086540456142
-0.010700935875271447
-0.023605182860519616
-0.11866124212333172
-0.5608489096271044
-0.024198877324536405
0.5288793456891514
-0.0031474061514350504
-0.5383340306950959
0.018258452953287763
0.5686302986837426
0.10456471010325352
-0.07471193162504913
-0.47318154826919445
-0.14563691525302974
0.41120024128908667
-0.06919292456961934
-0.3861270801898744
0.15358814623668893
0.574225139857756
0.36271430291206397
0.8917008313601922
1.4126937993089728
1.0709414527091272
0.5729344891980596
1.1299657483414451
1.5139234675870972
1.1666953097076032
1.37039668862289
1.6076398928850553
1.7380838292882714
1.1882898267295263
1.0633365152102756
1.1585192828303583
1.6709195425872734
1.2345895419388073
1.5370685861595743
1.1347928619854555
0.5796708444669455
1.044500390835773
1.4065624754377157
0.8706272125537826
0.39190759391364177
0.5854891420196602
0.15190399746401861
-0.38409997392317174
-0.08497394587677282
0.41166110433083375
-0.14336890649534334
-0.4509477437134571
-0.01697935786904975
0.377334061021476
0.3685638010512108
-0.03493051439867212
-0.5123583566852055
-0.014107380481850285
0.5042371115402695
-0.008493398075510084
-0.5321074148520214
0.018971178535204136
0.556472286827306
0.10326448738005933
-0.06214110738023787
-0.41754595005898776
-0.32119027387576754
0.1318008330905206
0.6769541247000203
0.5380684962672557
0.5451949469706492
0.694406082778438
0.13906319656198018
-0.2507754559209785
-0.6467682253318429
-0.7197624322887124
-0.16367535560012314
0.15129796099426296
0.7082376116789263
0.5534400618918107
0.5232770953205018
0.6341786395890436
0.15279942178439015
-0.3528879514900151
-0.23475480996658926
0.31841999140591937
0.1474346103397667
-0.37910747625975005
0.12788654424703527
0.31371580816439365
-0.24231680375212522
-0.3026337796033616
0.2407118723377275
0.3949605583200324
-0.05506592788234849
-0.5897551714081428
-0.05436002998659084
0.3985993743275409
0.2273822398904735
-0.32160048933065755
-0.16789184691808334
0.37366598441925913
-0.09904576628147038
-0.3113571502970889
0.24567669074601672
0.25773732529977245
-0.29910251464633375
-0.14432681979800532
0.37248001763582084
-0.13641556033065905
-0.2982881591239428
0.2587337482669544
0.23294141967749518
-0.3230694594670558
-0.04629957804747176
0.35749729636719674
-0.1944424365034011
-0.3125363358748788
0.2355754310790063
0.3841222425612034
-0.0840153400373167
-0.6404963821694617
-0.2678089853603212
-0.7208406104450018
-0.3196001158662235
-0.8395614724417876
-0.9479344947805692
-0.8749839666156759
-0.4328699536971138
-0.9749665786223751
-1.5304479563618565
-0.9930245581186691
-0.44969700790537415
-1.004295698641843
-1.5600989530467482
-1.029762397293587
-0.5403533316663147
-0.9473831056730212
-1.4558188761206428
-0.9044824124266969
-0.4045796018188631
-0.6786271818143083
-0.12279405798449561
0.2500719679731006
0.66374755598796
0.7699722703426284
0.24074700921135617
0.38353206336095
0.6370840049776119
0.8482234468168475
0.5500282122500182
0.6881387811618709
1.1351946869587626
1.6799738202590966
1.55310634459774
1.495328926017877
1.5368232171684266
1.3690549886361278
1.0938078448895934
1.1342062862726623
1.5759788880009975
1.0276963130306198
0.4706575341902718
1.017893052155276
1.5733486848061315
1.0571598936528857
0.6475016343935596
0.5916138811843771
0.9401973815445892
1.1050139766891318
1.5614012221921456
1.0183753450849848
0.4646600303491999
0.9913931221932503
1.507559691769933
0.9820304991644234
0.4806571353227137
0.9489039067464045
1.2980121637815865
1.6087582785751755
1.6596872206674447
1.1645421838445156
0.6919803609158124
0.5849164017202289
0.9551231217227887
1.194896305417371
1.7492246172502806
1.8014437338861895
1.2921606890208022
1.6432972075646932
1.086292267282389
0.6125017341989119
0.7825144565436286
1.3364384378809646
1.1005598988547802
0.612167117549862
1.1577650077718338
1.36255831073283
0.8357082917920663
0.4102065663234375
0.5775264622072629
0.18096970755573388
-0.3406648920767427
-0.2238909386701211
0.33253227381190764
0.07955298794838273
-0.3803400005184351
0.17025349215290098
0.36060854670312364
-0.16337956332201659
-0.5964078523184567
-0.4399374716442691
-0.7823974737579477
-1.2818943892731336
-1.4241045047018903
-1.0505515452093093
-0.8247382166761384
-0.2684546844142095
-0.3616831725430859
-0.7209295856964899
-1.074314601707184
-1.583704552911916
-1.0299858839887448
-0.4974458634730704
-1.0325393455290661
-1.5250540226117684
-1.07942711697756
-0.8481145034566342
-0.3009135919806215
-0.5719500724828077
-0.11555301467346019
0.43777965229509314
-0.049347919654149364
-0.43080672588800617
0.08614215097558486
0.6361116115882901
0.34208166685056746
0.8989828568519818
1.3548582545526164
1.3288852033244265
0.8517634264861172
0.33636038274436664
0.4215389136912986
0.6070275733482375
0.7891149338261656
0.32279451213608934
0.8021011473325658
0.6874600390843547
0.2277869927422172
-0.14773887179738154
-0.702147633020001
-0.5896314874571373
-0.3935127711338555
-0.2239559224271657
-0.7198545081982222
-0.3772914512851413
-0.9290800167329175
-1.4598831064831257
-0.9879896734728018
-0.5397547108294314
-1.0558339391378053
-1.6125335938574659
-1.1766020243780164
-1.2931696288739971
-1.7867316983828234
-2.1510351398819334
-2.7057705655514996
-2.6022854559630586
-2.357077693611576
-2.118708011385931
-2.2852793102437863
-2.767206275001652
-3.0969360231402154
-3.6242315527283537
-3.1232008826622453
-2.9351197351291627
-2.5545769005275947
-2.776184383399584
-3.3166421649800997
-3.220151776467076
-2.6631598198604873
-2.958617532158957
-3.365551186293654
-2.8109192758834567
-2.651789090376907
-3.1792472389882644
-3.5677930071015704
-3.378895428062546
-3.877065032398243
-4.4078063654835375
-4.056240487084671
-3.5768693507105414
-4.1331750001802074
-4.5270905252867495
-4.205585455673058
-4.554322617591943
-4.080305426348778
-3.5239161012745104
-4.078071955285265
-4.540200370991777
-4.170462347579619
-4.358968729444887
-4.645795692626978
-4.849906900597411
-4.550292316852361
-4.6891367464276135
-5.137819044510251
-5.679986135818487
-5.564796199471492
-5.454764977769427
-5.407259774163398
-5.752340168996947
-6.194648793529538
-6.663734656529003
-6.67911160310746
-6.169983238633137
-5.726611602590651
-5.457946498327249
-5.589845979456653
-5.18886350527427
-4.680107863322
-4.691082235622946
-5.206318225692681
-5.549763168800959
-5.357874126931598
-5.885557907919904
-6.400144198829691
-6.108779721491319
-5.583048500076817
-6.130592855283436
-6.4289965641562175
-5.956844517412993
-5.42277413281001
-5.9690380676287464
-6.483916785604313
-5.993111616518709
-5.514164933577082
-6.016497983692084
-6.541045390343457
-5.98603105739261
-5.437315866057113
-5.907195588768291
-6.134695299275579
-6.666233227689362
-6.255138423634785
-6.644107876271844
-6.0902899217987905
-5.655387529147618
-5.6106009758978
-6.000537125277219
-6.391813574462115
-6.336737893595181
-5.891278773924449
-5.334662048845041
-5.598222936255334
-5.099278815821761
-4.549620101519259
-5.045051965647365
-5.449643746039509
-4.946001856790986
-4.3918640498969355
-4.858639300636188
-4.917201904653944
-4.692654037647155
-4.294779053127212
-4.030720390030868
-3.865651855827234
-3.3583518536433576
-3.8564510330282005
-3.9696632640399074
-3.97749090068468
-3.906728659613207
-3.5421881729694933
-3.7836500323219795
-4.325132694287562
-4.195342202131309
-3.6415613037593126
-4.037103112924771
-4.331332693304779
-3.774865650332351
-3.7132799351047803
-4.266320736694118
-4.276006024912011
-3.7248911804669596
-3.7314365872835276
-4.2838941992920025
-4.2368381495020815
-3.6797968302284714
-3.9166710862566867
-4.373886037771965
-3.826287006905697
-3.6643693494648635
-4.205032326924224
-4.4845387637074525
-4.159614785213353
-4.366285457049282
-4.61360938033009
-4.753461190697676
-4.217428965262933
-4.25687576965047
-4.810297523784676
-5.073898104922104
-5.5293427563655175
-5.022819803301932
-4.488372740511599
-5.009931452572433
-5.542674906695126
-4.985855943157662
-4.432634202695558
-4.910282501037087
-5.160881677843808
-5.715500098007246
-5.545521101476541
-5.558929920967037
-5.74794547094218
-5.221555642476131
-5.307311742788013
-5.792193768294902
-6.183861137637915
-6.7043640061414225
-6.747476645936547
-6.191491507437633
-6.023683568817635
-5.936480558116173
-5.642336836264989
-5.4576046755473415
-5.497484599652467
-5.466390600898075
-5.380215360297416
-5.81930204054418
-6.315306797847119
-6.349922512844408
-5.879644781704621
-5.332686359747072
-5.512648718770774
-5.291401938415386
-4.85428917863241
-4.314145960444637
-4.400743347593919
-4.65180541643506
-4.912126860382651
-4.875468102816355
-4.457593485811782
-4.957709458957947
-5.504694212261583
-4.961054892821519
-4.404185129145749
-4.85530173437616
-4.874637136025088
-4.493730614686362
-4.890348496519701
-5.445162078496885
-4.906142979574355
-4.5363308697897216
-4.990818970693681
-5.42598174090058
-5.192998170938289
-4.6374543590321675
-4.967331546386633
-5.381772520728567
-4.824764473469553
-4.578131080378765
-5.031102197107253
-5.538406732457224
-4.990816208625224
-4.450029950833654
-4.92312194469502
-5.205496487333885
-5.744947581356566
-5.866639010908805
-5.54402335307741
-5.7303615040142075
-6.228387445642556
-6.543044480172864
-6.362633426618319
-6.880376553613877
-7.398965316597596
-7.102017276067925
-6.582182798792525
-7.133069319682408
-7.441082615888912
-6.986013316048023
-6.504503838875898
-6.977895761577017
-7.48737393838739
-6.9616490269065014
-6.407168842214984
-6.89936452237642
-7.142239311672661
-7.6851259787545825
-7.35535699062542
-7.912174038087012
-8.3946456989596
-8.185211907738577
-7.628299876182369