1.5254237288135593
1.5254237288135593
1.54567632213909
1.4906694355913244
1.5388537670057982
1.4636118209984619
1.5136160679872952
1.4537892766641003
1.4789352068214694
1.4704809307393054
1.4553619336848138
1.5048849181228554
1.458984908195319
1.5336373256714377
1.4822832465102065
1.5462621176773887
1.5165163774604746
1.533277676879155
1.5430800165561276
1.4996909251597401
1.5428474749736019
1.4693847514934553
1.5216113420825987
1.4541462473843036
1.4881491692802693
1.4633683573753842
1.4590038887592465
1.49564070988454
1.4556781099996705
1.52733339042226
1.4747187065841534
1.545011045854705
1.5071364547959731
1.539524080184488
1.5383958803504743
1.5090729882698575
1.5454077011951772
1.4761965926629017
1.5287109705277975
1.4562379323259584
1.497564984419848
1.4580852396341055
1.4646918883061004
1.4862247723576965
1.453924604948889
1.5200392022503328
1.4681124457118413
1.5421370595471853
1.497799476541444
1.5437830039703762
1.531780431967555
1.5184012513703335
1.546298015971686
1.4839423656398267
1.5347997892648826
1.4598336367458387
1.5067269988484397
1.4548736963616773
1.4721250012111644
1.477119189971432
1.4539489018541993
1.5118783611894353
1.4625644884603386
1.53787749900982
1.4888898081018411
1.5459554823382406
1.5236624998382708
1.5271405528081619
1.5453122469817167
1.4924760956261645
1.539778859039771
1.4647071389438033
1.515322609197879
1.4537110262776127
1.48078311572431
1.4688936328182636
1.4559378313066524
1.5030208176491746
1.458191528669663
1.5324292121542955
1.4806588698567378
1.5461487600378423
1.5146118223363523
1.534706641253129
1.542288276564351
1.5015980705896474
1.5434976182698446
1.4707008147668188
1.5231456130240608
1.4544410766149858
1.4900817138288323
1.4621227582271414
1.460009731620638
1.4937086851653314
1.4551837536879073
1.5259139913279458
1.4732813236186668
1.5445459360691252
1.5052022049542362
1.5405675362144609
1.537185340618531
1.511007686009714
1.5457339025509087
1.4777139636103658
1.530045903001623
1.456861090220178
1.4994780422589846
1.45725479975836
1.4660896835385204
1.4843131483592438
1.4537779537987723
1.51843042076246
1.4668846529163186
1.5413684554405305
1.4959265036285436
1.5443974207044693
1.5302194657793469
1.5202614927050375
1.5462548102349387
1.485634814873122
1.5359157258689162
1.4607358900463019
1.5085448685578593
1.454472135917284
1.47382082436286
1.4753401853687338
1.4541914129372622
1.5101111038370647
1.4615663319239935
1.5368514842318424
1.4871389929346102
1.546151119235873
1.521862013170117
1.5288078456069882
1.5448619933925627
1.4943078616932872
1.540651175943993
1.465849399251948
1.5169964606101023
1.453712581473798
1.482657848065427
1.4673679863934481
1.4566020962062083
1.5011371107869103
1.45745545188239
1.531176250241718
1.4790705741059342
1.5459596464522183
1.5126924242375837
1.536063078420285
1.5414080529541758
1.5035178566903857
1.5440853604337665
1.4720598704524865
1.524640871300415
1.4548072083350152
1.4920179665107984
1.4609582742912544
1.461101188692324
1.4917726567128922
1.4547569561335598
1.5244536715745993
1.4718853768418576
1.5440144402150127
1.5032741030562247
1.5415244176555896
1.5358954160830758
1.512936199405932
1.545987729857356
1.4792697134456931
1.5313374090344483
1.4575454465319144
1.5013767029858542
1.4565130542426805
1.467557656613339
1.4824190773358759
1.4537080259280624
1.516786303198405
1.4657021528398184
1.5405436634036749
1.4940745256710282
1.544923830165022
1.5285995755453399
1.522092063090064
1.5461309083849217
1.4873591055895894
1.5369841493627965
1.4616899970087733
1.5103365271701603
1.4541560607382609
1.4755632958017475
1.473603338531085
1.4545182444118727
1.508316020424121
1.4606187062062073
1.535776983502641
1.4854186502325324
1.546264713562041
1.5200274034901786
1.5304205440965724
1.544324479126345
1.4961626299077586
1.5414689579482272
1.4670376811206638
1.5186361771842665
1.4537923209304757
1.484554411397218
1.4659086636034544
1.457355085794495
1.4992364603994288
1.4567787296219579
1.5298792016729927
1.4775196213166213
1.545696548621445
1.5107628797983534
1.5373431293099253
1.5404401242944583
1.5054469417142375
1.5446085639235667
1.4734611145412357
1.5260960603355491
1.4552426769419156
1.4939537043816504
1.4598775541687221
1.4622761049746218
1.4898366353588794
1.4543997487900744
1.5229534115422823
1.4705317233236146
1.5434186756994066
1.501355739194825
1.5423934655952316
1.5345295701480959
1.5148539804421908
1.5461673443953914
1.4808626507682556
1.5325847328945994
1.4582888932781704
1.503258068295221
1.4558600100119365
1.4690913754399424
1.4805474645956267
1.4537164906055442
1.5151082296815261
1.4645657852404521
1.5396645676607017
1.492245827252569
1.5453631038693822
1.5269257271305317
1.5238878617861764
1.5459247724685947
1.4891136643025216
1.5380039361879492
1.4626944537733575
1.5121001344308231
1.4539241294750234
1.4773472728580888
1.4719137895030137
1.4549307214649478
1.506494969772536
1.4597231367559897
1.5346551016462915
1.4837303420154095
1.54629781056763
1.518163764996013
1.5319737002117422
1.543698867654696
1.4980380875367292
1.5422303043932146
1.4682711543713056
1.520240388138336
1.4539485679601043
1.4864679147269155
1.4645200569475036
1.4581967359841037
1.4973217999576813
1.4561634756404387
1.5285388234175228
1.4760071923107148
1.5453613154053807
1.5088277134989654
1.5385433919045437
1.5393858210541458
1.5073817000608767
1.5450651161470108
1.4749036810969
1.5275102105720022
1.4557454422146872
1.4958849489506978
1.4588826801437713
1.4635317619410078
1.4879048731055644
1.4541140871469822
1.5214142789458591
1.4692211607246621
1.5427607809389396
1.4994504188264346
1.5431739687449113
1.5330917149966896
1.5167563128914394
1.54627098365981
1.4824915036028183
1.5337871097830453
1.4590893891630068
1.5051195082498658
1.455295261310831
1.4706861377660088
1.4787033135993501
1.4538049625304417
1.5133976548760486
1.4634764847606363
1.5387329085276555
1.4904424880393832
1.545716350381556
1.5252029943004781
1.5256437508811365
1.5456349313821274
1.4908968170371528
1.5389738046587964
1.4637479269031375
1.5138339809696266
1.4537748964232757
1.479167611641324
1.4702766347368819
1.4554300128152937
1.504649974425286
1.4588813150580031
1.5334868092668574
1.4820755469111724
1.5462520088854443
1.5162761264187832
1.5334625428794484
1.5429846398544724
1.499931683694025
1.5429332020814377
1.4695490443068224
1.5218077975529591
1.4541795819131467
1.4883935959284054
1.4632062037615916
1.4591264970289684
1.495396346106981
1.4556118281513202
1.5271558992490626
1.4745343820035857
1.54495587720904
1.5068912465056397
1.5396609789543425
1.5382470470326728
1.509318233891099
1.5454529565377162
1.4763866266139472
1.528882433346355
1.4563134051567055
1.497807988546765
1.4579751591860735
1.4648649116899584
1.4859818347098994
1.453901845169621
1.519837428392534
1.4679544511729175
1.5420428812500182
1.4975611623073295
1.5438657187838833
1.5315861410875597
1.5186383426616985
1.5462969521881882
1.4841549241009129
1.5349437305637486
1.4599449952663635
1.5069586392389773
1.4548180621465758
1.4723370433320777
1.4768917008632936
1.4539750041262758
1.5116561137055462
1.4624353118934639
1.5377502639336411
1.4886664143131985
1.5459848520722415
1.5234365080701426
1.5273545837419358
1.545260007238572
1.492706767026068
1.5398923039246935
1.464849245613438
1.515536464146643
1.4537068423917467
1.4810191970995832
1.468696879584212
1.456017070797688
1.502783252115172
1.4580950832780468
1.53227297193293
1.480455667915675
1.5461289601861992
1.5143694262804819
1.5348825482440607
1.5421816672573563
1.5018406051648596
1.5435755597071346
1.4708705960188424
1.523337188483743
1.4544835485025769
1.490326851505523
1.461970713573113
1.4601432834006935
1.493463601365244
1.4551259144071556
1.525731265693211
1.473102197586332
1.5444822430719238
1.504957567192166
1.5406935584031303
1.5370262776311683
1.5112523932639985
1.5457700952260702
1.4779089217555013
1.5302119075790417
1.4569444326281054
1.4997193927630321
1.4571559373375054
1.4662718298394193
1.4840721667712442
1.453764817672996
1.5182240973225931
1.4667323512947044
1.5412670516261389
1.4956907144952098
1.544468949917231
1.5300174418833394
1.5204951059708158
1.5462436121760552
1.48585149047865
1.5360537061322572
1.4608539055880043
1.5087732959593472
1.4544273991155192
1.4740390586535113
1.4751177513072786
1.45422811808681
1.5098852338956745
1.461443477313037
1.5367180414147377
1.4869193692979552
1.5461700137396277
1.521631415845264
1.5290152396255017
1.5447987563158374
1.49454156702975
1.540757813730744
1.4659973838993996
1.517206070276708
1.453718391454629
1.4828969689113352
1.4671793806160438
1.456692562196045
1.5008972463939703
1.4573664094160954
1.5310143841424715
1.478872033991574
1.5459303759652674
1.5124484865109415
1.5362295146372256
1.5412902804113329
1.5037617598886581
1.544155245180765
1.4722350410031049
1.5248274280526413
1.4548585730550492
1.492263267726681
1.4608167045189384
1.4612454428314805
1.4915273467106858
1.4547078205166928
1.5242658309438424
1.4717115618501573
1.5439424888617386
1.503030506032214
1.5416393724604405
1.5357265350949694
1.5131798026088519
1.5460146225156475
1.4794694495155432
1.5314978589939396
1.4576363891213668
1.5016160173481499
1.456425435918227
1.467748381991772
1.4821806667910764
1.4537047281579807
1.5165756009112523
1.4655556464368464
1.5404352798230068
1.4938415634081115
1.544984268648924
1.5283904396558095
1.522321555193653
1.5461093781114699
1.4875797039855962
1.537116034392365
1.4618144696634918
1.5105615002850448
1.4541220586519512
1.475787072137942
1.4733866115858671
1.4545657271802106
1.5080867554653314
1.4605023573198432
1.5356374811466353
1.4852029996514042
1.546273325347638
1.5197928486324774
1.5306206669036988
1.5442501237276531
1.4963990884355067
1.5415685551710356
1.4671914342879655
1.5188413638674316
1.4538079156091055
1.4847959460460005
1.4657287786830777
1.457456794914262
1.4989946533927823
1.4566973551692868
1.5297118051405
1.4773258971996284
1.5456580372664088
1.5105179836594242
1.5374996372232466
1.5403113258500427
1.5056917698548538
1.5446701223765194
1.4736415685315687
1.526277470822121
1.4553026799609403
1.4941986511564556
1.4597467547650649
1.4624307477994674
1.489591624940268
1.4543595689301074
1.522760586286604
1.4703633232651507
1.5433387363479247
1.501113617442477
1.5424972333774307
1.5343513432518423
1.5150958908767949
1.5461847097417687
1.4810670079960402
1.5327395325783535
1.4583871730291662
1.5034949989401478
1.4557836057500255
1.4692900976830845
1.4803122539583662
1.4537232386111358
1.5148933286205701
1.4644251865001467
1.539549433186947
1.492015965961812
1.5454125803378396
1.5267101170934703
1.5241125834497895
1.5458927195400143
1.489337979417078
1.5381295727164583
1.4628252052734516
1.512321430061458
1.4539006839735937
1.4775759390819523
1.4717034185096294
1.4549891396719554
1.506262556278707
1.4596134988779375
1.5345096695711802
1.4835188561630335
1.5462963392698186
1.517925893690424
1.5321659363072455
1.5436133090922979
1.4982769898871904
1.5423226116093967
1.46843057561219
1.5204409834905124
1.4539737306052634
1.4867112522655752
1.464349425473999
1.4583096466646335
1.4970784419516683
1.456090039452444
1.5283659936436251
1.4758184277045592
1.54531380316436
1.5085824181671843
1.538689576304515
1.5392462059456438
1.507626974143818
1.5451180839540564
1.4750893035508006
1.5276863579607356
1.4558138204863875
1.4961290560071756
1.4587628737346898
1.4636964104051888
1.4876607166544484
1.4540831049363414
1.5212166105651752
1.4690582735280928
1.5426731242707097
1.4992101705804268
1.5432664964233664
1.5329046662578198
1.5169959227365744
1.5462786034427076
1.4827003153842977
1.5339361599039831
1.459194754125091
1.5053537401712345
1.455229993904318
1.470892245710353
1.4784719423466433
1.4538219571507323
1.5131787448295486
1.4633419204676628
1.5386112322812515
1.4902159781136939
1.5457550188467466
1.5249815578017645
1.5258630500484032
1.5455921754058413
1.491124628606887
1.5390930183855405
1.4638848002350084
1.5140513906524555
1.453761818665104
1.4794005177005778
1.470073259829517
1.4554995004203546
1.5044146818495578
1.4587786136206793
1.5333355622474656
1.481868407591599
1.5462406606889454
1.5160355697124632
1.5336463040522388
1.542887838753907
1.5001726884712068
1.5430179579574665
1.4697140376344509
1.5220036429560435
1.4542140869775526
1.4886381438476453
1.4630453080277006
1.4592505022546591
1.4951518649887654
1.455546600969594
1.5269777388082282
1.4743507093240187
1.5448996143600318
1.506646083280475
1.539796513129897
1.5380968974842788
1.5095634417147508
1.5454970774577996
1.4765772919938862
1.5290532102582275
1.456389889778447
1.498050805621108
1.4578664960741186
1.4650391191310532
1.485739111375265
1.4538802922015381
1.5196350691510778
1.4677971722998127
1.5419477736589897
1.4973231501732347
1.5439470129381276
1.5313908371456508
1.5188750286960886
1.5462946159365492
1.4843680144439375
1.5350869236513873
1.4600572087762913
1.5071898867259304
1.4547638165509182
1.4725499055424323
1.476664815981705
1.4540024392873105
1.5114333953753192
1.4623069266745232
1.5376222336671912
1.488443486404215
1.5460128846161791
1.523209896942373
1.5275678095632295
1.5452063822498254
1.492937837350127
1.5400048988742179
1.4649921032843276
1.515749791524909
1.4537039356993435
1.4812556984961731
1.4685011254510394
1.4560977295585356
1.5025453768708814
1.4579995612031866
1.532116013795785
1.4802530475797215
1.5461079483751479
1.5141268019594414
1.5350572828979936
1.5420736387786926
1.5020833363844113
1.5436524956571163
1.4710410654934627
1.523528135695729
1.454527160529306
1.4905720396001891
1.461819976890147
1.460278205639631
1.4932184609075325
1.455069163291749
1.5255478853466822
1.4729237382468368
1.5444174892036668
1.5047130359744072
1.5408181878017164
1.5368659469615045
1.511496992480293
1.5458051228394318
1.4781044934045533
1.5303772138640508
1.45702875251733
1.49996050577616
1.4570584989399422
1.4664550937682264
1.4838314765045468
1.4537529159960738
1.5180172096042952
1.4665807778911069
1.5411647504529862
1.4954552673445298
1.5445390682990254
1.5298144823829245
1.5207282329651701
1.5462311162085658
1.4860686739330196
1.5361909221437307
1.4609727496226865
1.5090012987623838
1.4543840313876855
1.4742580309658697
1.4748960040847
1.4542661789972404
1.509658920990321
1.4613214361241995
1.5365838232861777
1.4867002379319938
1.5461875949875161
1.5214002815164531
1.5292217474147713
1.5447341169820812
1.49477563718139
1.540863573014059
1.4661461050317899
1.5174151293474272
1.4537254525159697
1.4831364298311793
1.4669918484932458
1.4567844524905849
1.500657115519748
1.4572783233923563
1.5308518122623795
1.4786740955770319
1.5458999220815985
1.5122043955888975
1.536394717382645
1.5411711022251682
1.504005805531477
1.5442240901254614
1.472410886798489
1.5250133397852572
1.4549110462080401
1.4925085520459367
1.4606764841193272
1.4613910316720264
1.4912820449442392
1.4546598055304805
1.524077351499549
1.4715384271407426
1.5438695107168636
1.5027870725907366
1.541752915455414
1.5355564430413473
1.5134232243959185
1.546040320781851
1.4796697797994132
1.5316575985912486
1.4577282754246732
1.501855048300544
1.4563392407391063
1.4679401531753833
1.4819426265246307
1.4537026914903162
1.5163643566372509
1.4654098818414771
1.5403260288777973
1.4936089792968874
1.5450433109206445
1.5281804481810153
1.5225504790596978
1.5460865253568394
1.4878007848197268
1.5372471368641831
1.4619397470285829
1.5107860196052552
1.4540894038142451
1.4760115039088966
1.4731706539440967
1.454614586763491
1.507857077630768
1.4603868466825403
1.5354972208792586
1.4849878662031177
1.5462806487952878
1.5195578384213422
1.5308198243145885
1.5441743531348289
1.4966358742528985
1.5416672431015308
1.4673459108127362
1.5190459781104801
1.4538247343592334
1.4850377424994694
1.4655500373347168
1.4575599264603898
1.4987526275207916
1.4566169712042092
1.5295437149586517
1.4771327935625171
1.5456183723358483
1.5102730065700434
1.5376548580096334
1.540181144236718
1.5059366816883202
1.5447306071830158
1.4738226837469006
1.526458220914895
1.4553637585212231
1.4944435177010176
1.4596173369806886
1.4625866805485184
1.4893466914724687
1.454320540916013
1.5225671395277502
1.470195616157929
1.5432578045642737
1.5008717117208676
1.542599579068533
1.5341719689848201
1.5153375438835825
1.546200852577176
1.4812719388664919
1.5328936096186851
1.4584863638748142
1.5037316045344615
1.4557086172698044
1.4694897897308854
1.4800774940761272
1.453731273516938
1.5146779090583529
1.4642853447523154
1.5394334589757201
1.491786515765834
1.545460678867593
1.5264937330957091
1.5243366543625476
1.5458593206525817
1.4895627499159838
1.5382544057997836
1.4629567404438522
1.5125422447402985
1.4538785623164407
1.477805178209321
1.471493898509991
1.4550489531429707
1.5060297626846557
1.4595047267319823
1.5343634948755085
1.483307910998853
1.546293605385403
1.517687647582094
1.5323571308046318
1.5435263276393945
1.4985161781190013
1.5424139769968055
1.4685907079003788
1.520640985761139
1.4540000892672769
1.4869547754624848
1.4641800016348954
1.4584239699655364
1.4968349172672053
1.456017628111214
1.528192482848063
1.4756303009687814
1.5452651684887735
1.5083371108031423
1.5388344283038669
1.5391052393894176
1.5078722688231314
1.5451699451625454
1.4752755719324773
1.5278618308686454
1.455883240495697
1.4963730238285284
1.4586444719388123
1.4638622955914429
1.487416709223854
1.4540533044669215
1.521018339384329
1.4688960914297788
1.542584509249199
1.4989701862367044
1.5433575997083722
1.53271653976623
1.5172351969926794
1.546284973650753
1.4829096790311422
1.534084474315878
1.4593009992801618
1.5055876093082314
1.455166129607653
1.471099244431854
1.478241103447538
1.453840263638581
1.5129593410650164
1.4632081304365638
1.5384887412791213
1.4899899095099378
1.5457923303027896
1.524759429781135
1.5260816158668726
1.5455480515393416
1.4913528664919837
1.5392114050408618
1.4640224387920617
1.5142682938878185
1.4537500402326355
1.4796339146550666
1.4698708160500684
1.4555703981447712
1.5041790451463293
1.458676807785654
1.5331835862730312
1.4816618313184753
1.5462280765081349
1.5157947172576767
1.5338289515351622
1.5427896134870172
1.50041393346106
1.5431017382862524
1.4698797299423467
1.5221988759127016
1.4542497588006058
1.4888828038845698
1.4628856769746275
1.4593759015912178
1.4949072739726668
1.4554824327435159
1.5267989108743152
1.4741676904922236
1.5448422614752855
1.506400973144353
1.539930678626183
1.537945437380048
1.5098086030346818
1.54554006000125
1.476768586610017
1.5292232996608144
1.4564673818361566
1.4982934289996845
1.4577592515964954
1.4652145025555319
1.4854966119842552
1.453859949605427
1.5194321271320084
1.4676406106450954
1.5418517409087489
1.4970854454115505
1.5440268873720029
1.5311945297743275
1.5191112992780096
1.546291003949296
1.4845816336946795
1.5352293666070103
1.4601702737748277
1.5074207371393085
1.4547109572548886
1.47276357749928