0.4662068965517241
0.4662068965517241
0.44943701772363964
0.48966779368361785
0.4450676091785612
0.5093354747798192
0.4479291783905016
0.5223439737423743
0.4526068000466849
0.5305212551398628
0.45711967466099734
0.5360547986372364
0.4614029108294627
0.5404891416989449
0.46617018280432476
0.5448179028442676
0.472638463920401
0.5494859391626862
0.4826456296311512
0.5537885724268172
0.4984919520283785
0.5543283216242683
0.5206946800961281
0.5446930880162544
0.5426619374337819
0.5235509808301271
0.5538422896761884
0.5008455594306371
0.5541569223683785
0.48418435688032546
0.5500516879324671
0.4736018026012091
0.5453552316188665
0.4668220237273289
0.5409957064648757
0.4619263058924258
0.5366166588399552
0.45763276221472277
0.5312824812772998
0.4531652102749608
0.5235232438252465
0.44845711170702557
0.5112157998838516
0.4451677527385832
0.4923430143690678
0.4483043629015577
0.4688878712163838
0.4636275438600149
0.45076219579289767
0.4869261065488468
0.44506775555414
0.5073558518641125
0.44742243101366486
0.5210964213082905
0.45204404230797196
0.5297234547195832
0.4566026115758032
0.5354780170129547
0.46088592734807915
0.5399816910942001
0.46554184129609133
0.5442866193809784
0.471724686648808
0.5489181679258984
0.481191272849451
0.5533718992990722
0.49623805465335435
0.5546651233976236
0.5178444897237243
0.5465407970962686
0.5404593991194006
0.5263913599529548
0.5531948325417677
0.5032949972936744
0.5544674011140343
0.48581107560578357
0.5506124437856244
0.4746183000644512
0.5458986616202977
0.4674998160561802
0.5415026208659393
0.46245773721113714
0.5371656577052182
0.45814274455726167
0.5320103323859764
0.4537184848840927
0.5246386858946068
0.4490009640301715
0.5129995110107005
0.4453556898191003
0.4949414006977956
0.44735864805175407
0.4716478066872351
0.46117135564337264
0.4522825744615231
0.4841306207222554
0.4451812845524664
0.505274954520793
0.4469429464904041
0.5197760000137367
0.4514780420501785
0.5288856717090352
0.45608079108686755
0.5348841037604248
0.4603737682362196
0.5394719828020614
0.4649346010988273
0.543761083721681
0.47085690729625534
0.548350774075207
0.47981729965991304
0.5529155280926221
0.49408589603747693
0.554865747633768
0.5150203751020865
0.5481971539267436
0.5381011203303091
0.5291925895148883
0.5523750305867514
0.5058346364183239
0.5547096005089145
0.48752913716843493
0.5511646640016007
0.4756916893680977
0.5464480178565885
0.468206130775501
0.5420109899416662
0.4629988923929377
0.5377036930082859
0.4586505647079521
0.5327077523285044
0.4542660829102669
0.5256944882545921
0.4495561695773188
0.5146896466500823
0.44561965466276415
0.4974544927063347
0.44659195170495686
0.47446334148529934
0.4588582756786043
0.4539972938736549
0.4812966787557985
0.4454216243895817
0.5030919684227712
0.446497711752196
0.5183781953113104
0.4509103146914269
0.5280043773675754
0.455553565068063
0.5342707420683668
0.45986489379825063
0.5389585318212696
0.46434610169775004
0.5432407754362641
0.4700315667508678
0.5477856139694948
0.47851936703141973
0.5524271174360997
0.492035730132092
0.5549436303251569
0.5122396466271911
0.549658501748395
0.5356055522623403
0.5319311187450911
0.5513736003511307
0.5084571980288899
0.554872300286119
0.4893417151419028
0.5517042203460312
0.4768259514182891
0.547002910686638
0.4689437384106584
0.542521813981998
0.46355156790780044
0.5382325233199474
0.45915725148751263
0.5333774438076574
0.45480767870479505
0.526694547737057
0.45011878042872144
0.5162894301067561
0.4459486684006413
0.49987550727443103
0.4459944590689195
0.4773109401618512
0.45670599480587043
0.45590142927847865
0.4784424293935457
0.4458021460650868
0.5008076610092238
0.44609467904240513
0.516898762327606
0.4503428753496453
0.5270760090465063
0.4550204763590638
0.5336355584772652
0.4593578492435866
0.5384397809979401
0.46377405282126827
0.5427250000037505
0.4692451623449173
0.5472240688425174
0.47729291576843114
0.5519133709747661
0.4900863427227271
0.5549121342175218
0.5095168097541953
0.550925113429575
0.5329931815043717
0.5345837503261911
0.5501832739916803
0.511153680170308
0.5549435057342484
0.4912517679535719
0.5522263457965384
0.47802536276610724
0.5475627296997152
0.46971566127701564
0.5430360138037306
0.4641177095932779
0.5387538128626679
0.45966394717101566
0.5340219332104216
0.45534316495217
0.5276425435258613
0.4506854267963694
0.5178022816184165
0.4463325765403714
0.5021993289260389
0.4455548257017901
0.48016763863301093
0.45472915265847813
0.45798578505641396
0.47558854189872884
0.4463356916033366
0.49842462253397807
0.4457427584988747
0.5153338298988007
0.449778295094254
0.5260970001769409
0.45448130005635434
0.5329761429083745
0.4588513027775145
0.5379141324442855
0.4632162861450676
0.5422129452419698
0.4684943408440319
0.5466671387758218
0.47613337977755804
0.5513801093249476
0.48823549806378985
0.5547841930348999
0.5068637931481105
0.5520006098537462
0.5302859330577825
0.5371281171847112
0.548799280855465
0.5139130651406357
0.5549105210966704
0.49326180990746016
0.5527255406317437
0.47929443612010064
0.548126599953909
0.4705251691859995
0.5435544361742835
0.46469942584920887
0.5392691738253439
0.46017192910278387
0.5346436512186004
0.45587267042909485
0.5285420545088076
0.4512533112451399
0.5192319258267835
0.4467621031816015
0.5044226317279593
0.4452605501427379
0.4830119450550469
0.45293859208022197
0.46023714814534056
0.47275750682861933
0.4470341114629175
0.4959472755964764
0.44545176424409544
0.5136798710371002
0.4492197172545477
0.5250637251463672
0.45393605194650255
0.5322900158690309
0.4583440601782522
0.5373799465601821
0.4626707910346188
0.5417037187030578
0.4677759779039977
0.5461155315034466
0.47503637556905665
0.5508323768056591
0.48648037551456036
0.5545720919573701
0.5042903519483188
0.5528913347426715
0.5275067253087968
0.5395431022402263
0.5472199458924193
0.5167219102418034
0.5547601184436278
0.49537351599259083
0.5531954622505482
0.4806377592378882
0.5486933028117769
0.4713757171173094
0.5440778283964159
0.465298964616458
0.5397801817664474
0.4606826069849298
0.5352449854447625
0.45639656355044944
0.5293966438478265
0.45182020278671897
0.5205824645976617
0.44722891250350216
0.5065439419171797
0.4450984129762352
0.48582465274564873
0.4513409288843309
0.46263893765268493
0.4699727348748535
0.44790786816349215
0.493381752676796
0.4452323537427795
0.5119335939385753
0.4486708584753228
0.5239723862315274
0.4533849730052463
0.5315745541028266
0.45783505114918355
0.5368355079713484
0.46213571557072375
0.5411963538648246
0.46708720674704873
0.5455697214248189
0.473997805345343
0.5502745456917677
0.48481787201724197
0.5542873631047557
0.501804425667076
0.5536058229571731
0.5246790367886948
0.5418093643608013
0.5454473114422032
0.5195640225119035
0.5544788402898362
0.4975872613110868
0.5536288352493252
0.4820597833271422
0.549261180306814
0.4722708515813454
0.5446067867684704
0.4659186644133039
0.5402883553073997
0.4611974920796349
0.5358282802473808
0.45691542338583124
0.5302098620493361
0.4523843974590751
0.5218583258683359
0.44772563847863556
0.5085634903473825
0.4450549554882528
0.4885893028237673
0.4499385827995702
0.4651720132034655
0.4672577305070238
0.4489656798822361
0.4907358345958951
0.44509598557327984
0.5100918777183998
0.4481360321653033
0.5228189137842596
0.45282851731639423
0.5308269142933778
0.457323301486038
0.5362789784567463
0.4616093348146738
0.5406897907051671
0.46642538632537545
0.5450299697761971
0.4730138492091814
0.5497103871449937
0.48324471279625214
0.5539407407981378
0.4994123019384198
0.5541543881620788
0.5218263192366153
0.5439100473126199
0.5434875901186534
0.5224204408863549
0.5540534243296984
0.4999017425098768
0.5540174145669451
0.48356464528544424
0.5498280533718083
0.4732141357968606
0.54514170128151
0.4665609096358624
0.5407951153688391
0.46171815595701626
0.5363957943795232
0.4574299855013825
0.53098517682108
0.45294463940789986
0.5230640937338367
0.4482458539865424
0.5104828492684539
0.4451169130963306
0.4912922045934628
0.4487302028570183
0.4678153996421345
0.46463548451280934
0.45021411705408987
0.48801909274339983
0.44505487715270625
0.5081518650867721
0.4476202153320579
0.5215989484773867
0.4522673687452583
0.5300439960543003
0.45680791199696325
0.5357083628462038
0.4610900038853884
0.5401828476035235
0.4657880271666875
0.5444963143566341
0.4720808705701953
0.5491430982859475
0.4817573979480839
0.5535421208423541
0.4971185699348086
0.5545487660788317
0.5189711888615913
0.5458315890917903
0.5413512388417728
0.5252698576072102
0.5534712817909263
0.5023138076922041
0.554352010267822
0.4851561036563063
0.5503911784248531
0.4742091446381892
0.5456827235367981
0.4672281254130817
0.5413017523324363
0.46224620726799176
0.5369496508926431
0.4579410888939094
0.5317258788157797
0.45350002518657545
0.5242042961185625
0.4487839847026956
0.5123044728525477
0.4452715308883092
0.4939221301139065
0.44771128262395116
0.47054682900372274
0.46212803281088344
0.4516570824902698
0.48524323338079245
0.4451219084701397
0.5061112480232336
0.4471291507977342
0.5203079342822848
0.4517024964191768
0.5292224648859767
0.4562880618132386
0.5351215065909457
0.4605761216031988
0.5396742055573165
0.4651727149079973
0.5439685530609831
0.4711953009450308
0.5485753038135884
0.48035209188219
0.5531005011074407
0.49492599508832286
0.5548017243613496
0.5161345212264071
0.5475643981270272
0.5390525688989318
0.5280894078405014
0.5527209427092264
0.5048185038822154
0.554622547852021
0.48683760229305706
0.550947239452913
0.47525954281062854
0.5462297676706063
0.4679228258222713
0.5418094205225092
0.4627833037998945
0.5374918108975004
0.4584496476202863
0.5324350147853568