0.04040404040404041
0.04040404040404041
0.008426885518081427
-0.030027842326598102
-0.04503534025170193
-0.024144423846673545
0.015487326969914453
0.043175795007593595
0.036549636462283104
0.0011533350548896884
-0.03512832616121894
-0.043810453183935755
-0.01763885237871773
0.022153687012585573
0.04478049106941215
0.031726700977651165
-0.006149308504976692
-0.03930148093304164
-0.04139888277523888
-0.010683280979306067
0.028251125717188855
0.045168284862091526
0.026073304097254554
-0.01329662878966158
-0.04242500180441408
-0.03787460400728465
-0.0034571136271115827
0.03361477815210879
0.04432701859731905
0.019745644675263598
-0.020106389301117567
-0.04440453407922172
-0.033342969694080384
0.00385629373007685
0.03809449580408804
0.04228301080668378
0.012912780424935544
-0.026401443575032782
-0.04517890848266368
-0.027935142762667356
0.011072377479342234
0.04156037469803438
0.03909935991852307
0.005752221439528908
-0.032013314944354575
-0.04472388913762705
-0.021802213736591115
0.0180079233586933
0.04390864112581894
0.03487209431459614
-0.0015536059730288099
-0.03678665290066245
-0.04305373834373714
-0.015109707506248831
0.024483832156728235
0.04506717781430314
0.029724880250990418
-0.008820241836318993
-0.040584544205245
-0.040220290183349064
-0.008032890891736762
0.0303284580166069
0.04499982856620211
0.023803151421357173
-0.015863765945982766
-0.04329435148517867
-0.03630971647469262
-0.0007529770003544059
0.03538177819647246
0.04370870603592033
0.01726843334188494
-0.022503455775632845
-0.04483344289903538
-0.03143759800037679
0.006545930352923064
0.039500454748259875
0.04123405407971695
0.010293373963108973
-0.0285649097438687
-0.04515397456445634
-0.025743144235316165
0.013679466020992279
0.04256356198687833
0.037651692039675874
0.0030576722308976872
-0.03388393708856039
-0.04424589560991542
-0.01938338653701089
0.02046559193502461
0.044478434787351424
0.03306853495687151
-0.0042551823377842
-0.038311347952879236
-0.042137602059365876
-0.01252795048309064
0.026727535914536693
0.04518584442227041
0.027616986931661647
-0.011460633679671067
-0.04171851510539781
-0.03889410979178003
-0.005354699273705327
0.03229741567353044
0.044663642430676005
0.02144906396070163
-0.01837561740000859
-0.04400326069909892
-0.03461310481876982
0.001953759508935532
0.03702074501978532
0.04292819280413225
0.01473093683315239
-0.024821348974427258
-0.04509533824900734
-0.029419597053955592
0.009212929883193676
0.04076178525232402
0.04003331014505008
0.007638287947100066
-0.030626702202409505
-0.044960646108492666
-0.023460042358245402
0.01623899521001317
0.043409396777996184
0.036066913922362526
0.0003525620587489786
-0.035632428455595756
-0.04360340916741785
-0.016896695193626972
0.022851492100555613
0.04488273964039595
0.031146030400840335
-0.006942056885248241
-0.03969626352817471
-0.04106590363678762
-0.00990268624882187
0.02887646892181067
0.04513597894187864
0.02541099085706035
-0.014061262607178732
-0.042698678587680464
-0.03742577960990627
-0.0026579997539701583
0.03415042344162382
0.04416117271778888
0.01901964344020934
-0.02082322417366984
-0.044548713787362505
-0.032791497360580374
0.004653749259981917
0.038525141210820964
0.04198878892506333
0.012142168563403298
-0.02705155447778162
-0.04518909202542799
-0.02729668440344786
0.011848019832698072
0.04187328953980167
0.03868574888809474
0.004956772142364715
-0.03257897910237255
-0.044599756615391874
-0.021094265783764613
0.01874190568628192
0.04409430306623323
0.03435138003037219
-0.0023537654214749043
-0.03725189226699057
-0.042799170009224966
-0.014351044280874022
0.025156947025304657
0.045119818897111155
0.02911201814255746
-0.009604919723358477
-0.04093574748061177
-0.039843117155507486
-0.007243106699209752
0.03092254991365717
0.044917796574282944
0.02311512423294604
-0.01661298559295778
-0.043520920201633506
-0.035821250001229994
4.7879518323884485e-05
0.0358802551741787
0.043494572385436914
0.016523666941230603
-0.0231977681521601
-0.04492837664927935
-0.03085202272591623
0.007337658024127322
0.03988888969070949
0.04089444675178153
0.00951124768762053
-0.029185777463150098
-0.045114299694423154
-0.025076870941676887
0.014441989082551964
0.04283033914202436
0.03719688665511372
0.002258126418155995
-0.03441421433297166
-0.04407285785274195
-0.018654444011096838
0.021179257691935127
0.044615364480195735
0.03251188050013243
-0.0050519643194207806
-0.03873585657237534
-0.041836585060906754
-0.011755464306634461
0.027373472745345136
0.04518865098520525
0.026974261482696743
-0.012234506228232675
-0.04202468383143368
-0.03847429578807139
-0.004558470196826703
0.032857981335045784
0.04453223769732312
0.020737847388364886
-0.01910675946837525
-0.04418175971630922
-0.034086942497567926
0.0027535934754317065
0.037480074309961135
0.04266668188723286
0.01397005923011942
-0.025490599139807186
-0.04514061744674066
-0.028802169064098465
0.009996181450739085
0.041106415098123905
0.039649728342789785
0.0068473771869998895
-0.031215976330974782
-0.044871284003561086
-0.02276842471700265
0.016985707982848975
0.04362891138776728
0.03557274611573841
-0.00044831747819593093
-0.03612523679111296
-0.04338220581648494
-0.01614937765208871
0.02354225618736889
0.04497034962428323
0.030555599678278804
-0.00773270371332449
-0.04007831591054735
-0.040719699007411826
-0.009119088162386164
0.029492809715644122
0.045088938869757095
0.02474081157735016
-0.014821616029089487
-0.04295853148898727
-0.0369650333379826
-0.0018580824533510412
0.03467528707066615
0.04398095927606155
0.018287816946416326
-0.021533664244882178
-0.044678380603376304
-0.032229708142424054
0.00544979735309889
0.03894347527221889
0.04168100441611999
0.011367867393537932
-0.027693264318820087
-0.045184521343286196
-0.02664974459697986
0.01262006319494947
0.042172684100695954
0.03825976931474175
0.004159823603614339
-0.03313439864551852
-0.044461092019547906
-0.020379837038796783
0.019470150066235335
0.04426562246668738
0.03381981495713203
-0.0031532134427281824
-0.03770527103967975
-0.04253074067194973
-0.01358801111044873
0.025822278255601926
0.04515773193331686
0.028490075503490087
-0.010386685189909477
-0.04127377258823761
-0.03945316109386997
-0.006451129471986873
0.031506956788694494
0.04482111277978765
0.022419971575715642
-0.017357133326509896
-0.04373336028612031
-0.03532142387588043
0.0008487215683443614
0.03636735195154703
0.04326631990465224
0.01577385645197274
-0.023884928557381377
-0.04500865460767717
-0.030256786113653518
0.008127163919500968
0.04026452512194875
0.04054167626111478
0.008726237586317263
-0.0297975401652864
-0.04505989886273768
-0.02440283995893038
0.01520011407800528
0.04308324377375178
0.03673024004379026
0.0014578980962966503
-0.03493361915207811
-0.04388548557691979
-0.01791979101155271
0.02188641566976508
0.04473775623224803
0.03194500422347539
-0.005847218213518135
-0.0391479787881488
-0.041522061229545534
-0.010979407543381208
0.02801090292329299
0.04517670348995968
0.026323160294293164
-0.013004661101871408
-0.04231727676066828
-0.03804218853065473
-0.0037608625431988785
0.03340820748041144
0.044386326261422956
0.020020263079056754
-0.019832048870762665
-0.04434588346458545
-0.03355002033153217
0.003552595103648533
0.037927462573380914
0.0423913589005017
0.013204929398691344
-0.026151957419911182
-0.04517116073995059
-0.028175763280642988
0.01077640109748302
0.04143780471234375
0.03925343305180432
0.006054393636965326
-0.03179546677760784
-0.04476728762901876
-0.022069792665988915
0.017727232631285672
0.04383425716636435
0.03506730509424386
-0.0012490615376013758
-0.036606579509842904
-0.04314692540964276
-0.015397132523328753
0.024225757709857253
0.04504328798619177
0.02995560703808768
-0.008521008633529413
-0.0404475005215438
-0.04036039464236148
-0.008332725901557675
0.03009994343894081
0.045027182414928646
0.02406298338563067
-0.015577453911356946
-0.043204464449789495
-0.036492527377449284
-0.0010576035893616956
0.035189188266811125
0.043786445670715136
0.01755039503869507
-0.02223748388806493
-0.04479348578114317
-0.031657792845600816
0.006244196769945358
0.03934934884397479
0.04135977002713697
0.010590114512486468
-0.028326362409846893
-0.04516519816404125
-0.025994535240611193
0.013388270359866391
0.04245844851953454
0.03782157273495879
0.0033616172087562526
-0.03367938446185845
-0.04430794743727186
-0.01965915393086654
0.020192427345700207
0.04442253518860512
0.0332775817260263
-0.003951708248062159
-0.038146629257496026
-0.04224854941106469
-0.012820843617384368
0.026479609791870407
0.045180902597768885
0.027859258347883668
-0.011165299363515038
-0.04159849651246958
-0.03905056211289565
-0.005657199784717147
0.032081481947735996
0.044709813618967045
0.02171791593420466
-0.01809597696679729
-0.043931592619972495
-0.034810411783063655
0.001649307137364435
0.0368428985325353
0.04302403340475693
0.015019235103596363
-0.02456471619112766
-0.04507424649174464
-0.029652087605242645
0.008914207871822805
0.0406272255711085
0.04017587054994614
0.007938583077837617
-0.030399994306999863
-0.04499079261405148
-0.023721269258752738
0.0159536062636738
0.04332218228100326
0.036251916160551685
0.0006572291793288942
-0.03544197229963693
-0.043683848797362715
-0.01717965792502688
0.022586840907551666
0.0448455640044913
0.03136809827459721
-0.006640702909681724
-0.0395475674123996
-0.04119414561941748
-0.010200018092786867
0.028639616758088834
0.04515000645272496
0.025663896217462963
-0.013770861423165193
-0.04259618638297119
-0.03759794146047285
-0.0029621178049259386
0.033947906390383246
0.04422596289501107
0.019296538091718343
-0.020551257029551788
-0.044495570450199765
-0.03300252242576726
0.004350522676658336
0.03836275167059643
0.04210232534053723
0.012435783333226143
-0.02680520864491542
-0.04518695658617112
-0.027540586787390083
0.011553350212924633
0.041755833313871615
0.03884456642383554
0.005259578036724853
-0.03236497811112006
-0.0446486961579928
-0.021364369414120215
0.018463337466721522
0.04402535756201681
0.034550766151275905
-0.0020494281228107467
-0.03707628830129275
-0.04289765527482343
-0.014640193483545592
0.024901776648433866
0.04510152720209554
0.029346253113702824
-0.009306731677676008
-0.04080368400031607
-0.03998812064924703
-0.007543839111125064
0.030697667686064446
0.044950732893365104
0.023377725079433604
-0.016328541923609965
-0.04343638634381988
-0.036008427428406105
-0.00025680511617785784
0.03569194933343754
0.043577704519522455
0.01680760863093065
-0.022934458824374393
-0.04489398599786011
-0.03107594493694342
0.007036706539344635
0.039742616717884316
0.041025203098903236
0.009809148110396914
-0.028950640078701118
-0.04513112979136348
-0.02533127011953275
0.014152404790897691
0.042730477656496124
0.03737131447074928
0.002562394546575475
-0.03421375024778869
-0.044140380314714595
-0.018932444132944308
0.020908509537523823
0.04456498239508057
0.03272486589292054
-0.004749008202182534
-0.038575810626325896
-0.04195270012217327
-0.012049778155549515
0.027128727369192786
0.0451893221330151
0.02721977480865213
-0.011940523906930841
-0.0419098007275959
-0.03863546437883299
-0.004861558531897611
0.03264593124462576
0.044583940994031124
0.021009181224792704
-0.01882928533059122
-0.04411554323291033
-0.034288390601580426
0.0024493942541111424
0.03730672831587724
0.042767802714083716
0.014260037005637247
-0.025236911832190376
-0.045125127541433205
-0.029038129004307113
0.009698550122618783
0.04097685980946269
0.03979716186946257
0.007148524022291408
-0.03099293864164116
-0.04490700703097556
-0.023032378446420733
0.016702231735613242
0.043547066029232376
0.03576208242707844
-0.00014363834812421844
-0.035939097652149775
-0.04346802272077617
-0.016434276178224235
0.023280309825172468
0.04493874719893025
0.030781357417020726
-0.0074321775861538805
-0.03993447923949414
-0.04085295783749569
-0.00941753442420104
0.029259406616013783
0.04510856996317767
0.024996683952287067
-0.014532871008645025
-0.04286130994777298
-0.03714171175712918
-0.002162477657572902
0.03447689320005352
0.044051207707116846
0.018566900697812964
-0.021264156563489983
-0.044630764504560494
-0.03244463576379512
0.0051471346506784255
0.038785787176324193
0.04179968748317499
0.011662857734814541
-0.027450139473994273
-0.04518799901473145
-0.026896848745956856
0.012326790744502564
0.04206038465300324
0.038423274616728516
0.00446317142530564
-0.03292431749276469
-0.04451555421345496
-0.020652379568530502
0.019193791825619765
0.044202141200093484
0.034023307727510624
-0.0028491752976456883
-0.037534198297100724
-0.042634487724030015
-0.01387879506240557
0.025570094598271868
0.045145045280892915
0.028727740857503795
-0.010089633307779195
-0.0411467372721681
-0.0396030114008293
-0.006752667855790893
0.031285782390861154
0.044859619149082666
0.022685257053875817
-0.01707464660161805
-0.043654211044796526
-0.03551290261043475
0.0005440709608334413
0.03618339574371909
0.04335481360375211
0.016059689648417416
-0.023624366189215106
-0.04497984338840656
-0.03048436045435295
0.00782708599922918
0.04012313771372962
0.040677425483846216
0.009025206924456353
-0.029565890750601738
-0.04508232909889892
-0.024660164829628888
0.014912230670012908
0.042988671168877016
0.03690915353579513
0.0017623973695626571
-0.03473731260024357
-0.04395845341206027
-0.01819993649965043
0.02161816988198238
0.044692910596837346
0.03216185584598807
-0.00554487186273684
-0.03899266261314112
-0.041643301442248926
-0.011275051761118746
0.027769418590216616
0.04518298735636906
0.026571835055896647
-0.012712121063827114
-0.04220757128026088
-0.03820801601809466
-0.004064446886921105
0.0332001131705319
0.044443542239872846
0.02029399272886846
-0.01955682828855013
-0.0442851433596634
-0.03375554031051113
0.0032487410272246733
0.037758678189780966
0.042497722611197546
0.013496497094857438
-0.025901297910329954
-0.04516127853900567
-0.028415114390723424
0.010479951365265389
0.04131330093805097
0.03940568669181563
0.006356300678347068
-0.03157617430521939
-0.04480857371315422
-0.022336388689200216
0.017445757482760754
0.0437578114165731
0.03526090963718373
-0.000944462469639834
-0.036424822303053564
-0.04323808768819479
-0.015683878180989246
0.023966600290568078
0.04501727069086038
0.030184978940859968
-0.008221401750900525
-0.040308575137338175
-0.04049862196068886
-0.008632195531407871
0.029870067001904116
0.045052409676339465
0.02432173997157379
-0.015290454418226275
-0.0431125495385152
-0.03667366024481547
-0.0013621839207427558
0.03499498599143179
0.043862126096880893
0.017831580319983373
-0.021970521350209535
-0.04475141482821357
-0.03187655011554341
0.0059421896947527905
0.03919641847314022
0.04148355630712505
0.010886389962723536
-0.028086538472847318
-0.04517428763157093
-0.026244760314902756
0.013096485243796224
0.04235134709279785
0.03798970770232545
0.0036654151003674695
-0.0334732947662573
-0.04436791183286469
-0.019934049068569434
0.01991836612752793
0.04436454193794553
0.03348511131702489
-0.003648061225311819
-0.03798014816569243
-0.042357519984912766
-0.013113172590894485
0.02623049484213303
0.04517382578207699
0.028100275455775987
-0.010869474459559374
-0.04147653563537362
-0.03920520544629582
-0.0059594525776513335
0.03186408991333148
0.04475387553103563
0.021985801230887014
-0.017815535401118864
-0.04385785749102089
-0.03500612536792316
0.0013447826238792426
0.03666335623498344
0.043117855808984494
0.01530687097168856
-0.02430698460028444
-0.0450510255755044
-0.029883237918134145
0.008615094838027207
0.04049077477010353
0.040316563462146175
0.008238530193919305
-0.030171910030864856
-0.045018814519893
-0.023981436701953268
0.015667512947741644
0.04323293358420047
0.03643525254118655
0.0009618675546473679
-0.0352498911096262
-0.0437622347547375
-0.017461861006706478
0.02232118291009967
0.044806271694251845
0.0315887427141238
-0.006339058020191385
-0.03939703653938916
-0.04132046667203884
-0.010496902104595886
0.028401473003474346
0.04516190066247727
0.025915651216800357
-0.013479853705510612
-0.042491698869723205
-0.0377683690247131
-0.003266106261672376
0.033743838944472956
0.04428867008665397
0.019572577027649724
-0.0202783768240005
-0.04444032949300657
-0.033212043895590314
0.00404710568425385
0.038198588626512736
0.042213892754998594
0.012728851083752771
-0.026557658579932853
-0.04518268582449672
-0.027783250036271148
0.01125817278892497
0.04163642647365873
0.0390015856207087
0.005562153661072711
-0.03214950490370962
-0.044695529751993285
-0.02163352264640215
0.01818395144146929
0.043954339936834536
0.03474857186219228
-0.0017450011757438252
-0.03689897665722036
-0.04299412911410766
-0.014928697270857084
0.024645491688623032
0.04508110485690123
0.029579162574735293
-0.009008135283329333
-0.04066972013761566
-0.04013126645101085
-0.007844240888116041
0.030471394642595934
0.04498154679996914
0.023639282446145708
-0.016043377005881612
-0.04334981214438163
-0.036193951297875775
-0.0005614785189335669
0.03550200588670515
0.04365878870288627
0.017090807472277647
-0.022670126590366046
-0.04485747603086604
-0.03129845794620435
0.006735446730855743
0.03959449884453362
0.04115404741518232
0.010106617986973092
-0.02871419619281517
-0.04514582761956046
-0.02558453457039551
0.013862196913796667
0.04262861368820271
0.03754401957352025
0.002866550578034352
-0.034011722548788585
-0.04420582442871983
-0.01920960512143428
0.020636831934635624
0.044512498916105814
0.03293636137395206
-0.00444584420750916
-0.038413980206759527
-0.04206685412943876
-0.012343562150464664
0.02688276242485363
0.04518785782897726
0.027464064245061603
-0.011646016586830125
-0.04179295884627205
-0.03879484542119703
-0.00516443405437729
0.03243239512755304
0.04463354186569042
0.021279580990089114
-0.018550976753071602
-0.04404724974672859
-0.03448827137553004
0.002145087881493285
0.03713166290331602
0.0428669190625778
0.014549386381775272
-0.024982094227289146
-0.04510750569560192
-0.029272778243508497
0.009400493136728846
0.040845395034014485
0.039942747656001344
0.007449357616043366
-0.03076849578905897
-0.04494061003235553
-0.02329530472883253
0.016418017394487904
0.0434631743705237
0.0359497776008605
0.00016104706416748132
-0.03575130845336048
-0.04355179758089803
-0.016718448691931277
0.023017324508602967
0.04490502301534753
0.031005720276275836
-0.007131325738171962
-0.03978878767365995
-0.04098431369612
-0.00971556744393396
0.02902468218327641
0.04512607002138816
0.025251437297079078
-0.014243485378749532
-0.042762078925797774
-0.037316679167038694
-0.0024667782665852567
0.034276922604784286
0.04411938261834516
0.018845161938630027
-0.020993703093270664
-0.044581043433086553
-0.03265808725617924
0.004844246610889356
0.038626303776722305
0.04191641761199942
0.011957335410334672
-0.027205779795310237
-0.04518934130672307
-0.0271427443217084
0.012032976123387856
0.04194611843297613
0.0385850033007321
0.004766323900453846
-0.03271273660155967
-0.044567917701099385
-0.020924004401098352
0.018916582551476643
0.04413657823916747
0.03422524635653628
-0.002545012502672951
-0.03736139452562355
-0.042736237422307866
-0.014168967659024062
0.02531676499170718
0.04513022559871616
0.028964110398917144
-0.009792138476709025
-0.04101778352471183
-0.039751024068992336
-0.007053910404331516
0.03106318857177117
0.044896008077513566
0.022949531171776266
-0.016791404971601195
-0.04357300972914063
-0.035702752746166896
0.00023939655738851318
0.03599777714204579
0.04344127134882138
0.016344813701916667
-0.023362748873405458
-0.04494890816732498
-0.03071055432606966
0.007526664974478847
0.039979885567137954
0.04081128095317412
0.009323780341991252
-0.029332905251532107
-0.04510262973431767
-0.024916386428460603
0.014623689657291456
0.04289208226276305
0.03708636785064474
0.0020668195531632905
-0.03453941632291291
-0.0440293527451088
-0.0184792761394283
0.021348962012886236
0.044645956605707936
0.03237724521980019
-0.005242282723803927
-0.03883554044538621
-0.04176259699981465
-0.011570200523435818
0.027526684229449906
0.04518713611752902
0.026819316629971023
-0.012419021706811709
-0.0420958912024475
-0.03837207795622441
-0.004367853358050081
0.03299050551075066
0.044498663425348396
0.020566821101345334
-0.019280740120355272
-0.0442223170600379
-0.033959519443945936
0.0029447448073284116
0.03758815129825312
0.04260209626793827
0.013787470506873949
-0.02564947686331317
-0.04514926242041464
-0.02865318465440444
0.010183041411680124
0.04118686994908548
0.03955611294222835
0.00665792930287934
-0.03135544824452687
-0.04484774513980663
-0.02260198949163216
0.017163510653155675
0.04367930800377773
0.035452898236914436
-0.0006398220929836884
-0.03624139048992824
-0.043327220285294454
-0.015969931597762225
0.023706371986513073
0.04498912734965817
0.03041298487180126
-0.00792143439432659
-0.04016777532344609
-0.04063496490078134
-0.008931286578699078
0.029638839811124015
0.04507550897211961
0.024579409104028394
-0.015002780354747315
-0.04301861168429813
-0.03685310589384968
-0.0016667046710914096
0.034799181101410566
0.04393574322731574
0.018111976453632272
-0.021702580487599668
-0.04470723233291034
-0.032093859112951276
0.00563992239050768
0.03904167156334058
0.04160540638093271
0.011182187189125482
-0.027845449387616183
-0.0451812424698087