-0.5353535353535352
-0.5353535353535352
-0.5634043436000847
-0.4893713895735672
-0.5563266836262506
-0.4559883706891857
-0.5311147931575833
-0.43745026131332837
-0.4909440451925448
-0.4441076187395201
-0.44735609920563024
-0.4856215949334283
-0.4365561097755305
-0.5273790977821055
-0.4531717015360418
-0.554194823233417
-0.48485401431889597
-0.564028029393502
-0.5302165974351039
-0.5402548817822245
-0.5622984400119724
-0.4940799664480678
-0.5582532938501008
-0.45897305613647765
-0.5346502645284136
-0.4386427835908872
-0.4961554889969497
-0.4414032550571643
-0.4511142467581829
-0.48024216882457293
-0.4359908095751952
-0.523442510856678
-0.4505190169603963
-0.5518754005115523
-0.4805303344787096
-0.5642108420004367
-0.5249233054837459
-0.5448418122910208
-0.5606735199652341
-0.49897436552486935
-0.5599545091326138
-0.4621341570109906
-0.5379906111138534
-0.4401063963155856
-0.501216893131656
-0.4392541363918831
-0.455327594769995
-0.47487148612332497
-0.4357885426855772
-0.519307235766035
-0.4480322511579953
-0.5493821492672246
-0.4764026352560208
-0.563993954166035
-0.5195509714334959
-0.5490388720173512
-0.5585031493896588
-0.5040420626832594
-0.5614081799654291
-0.46548184991501246
-0.5411447513478204
-0.4418166623715694
-0.5061043266823784
-0.4376497207724231
-0.4599280249662238
-0.4695827516103177
-0.43598751184826634
-0.5149760793316205
-0.4457197462658149
-0.5467231730029203
-0.4724737328139367
-0.5634154202903863
-0.5141725808538784
-0.5527783440460501
-0.5557775357294311
-0.5092585910733782
-0.5625897676362168
-0.46902494540295814
-0.5441228507595776
-0.4437515134773452
-0.5108056305141797
-0.4365630602323197
-0.4648398842626706
-0.4644533924747897
-0.43662896418651753
-0.5104513080663932
-0.44359542165132143
-0.5439001606579539
-0.4687457641170347
-0.5625092701480412
-0.5088534841313849
-0.5560064214835057
-0.5525087034772487
-0.5145843147425098
-0.5634718756887004
-0.4727683682211168
-0.5469331828639507
-0.44589088336487626
-0.5153156064136717
-0.4359570794250703
-0.4699842838421549
-0.4595626754972944
-0.4377541658064031
-0.5057354655443266
-0.44167708206504763
-0.5409088764669356
-0.4652179092634469
-0.561305853455804
-0.503647182487759
-0.5586895190106036
-0.5487319615637977
-0.5199646789205059
-0.564023891870689
-0.4767126360678963
-0.5495795729567916
-0.44821720343822236
-0.5196318063831096
-0.4357903622917494
-0.4752820189503333
-0.4549893564646793
-0.4393996300538652
-0.5008341187826769
-0.4399849501540775
-0.5377407995392113
-0.4618848955022188
-0.5598323348125612
-0.49859210621722777
-0.5608174020072679
-0.5445024264897822
-0.5253336019304946
-0.5642114813768877
-0.48085548273457457
-0.5520598409082581
-0.45071692807359287
-0.5237519254231608
-0.4360218148603111
-0.4806558963237759
-0.45080868566392646
-0.44159126766579715
-0.49576016424499064
-0.4385412573376231
-0.5343857469879867
-0.45873770051351503
-0.5581130504634948
-0.4937116554946229
-0.562401353729852
-0.5398886086778363
-0.5306176645558535
-0.5639962944562872
-0.48519411252416855
-0.5543654072167405
-0.45338219360007814
-0.5276731399162731
-0.43661353229543937
-0.48603315445540235
-0.4470879693428685
-0.44433811378025195
-0.49053860975286706
-0.4373706446368463
-0.5308350200527937
-0.4557661746188233
-0.5561699881218336
-0.4890176318400693
-0.5634688266097789
-0.5349663531878143
-0.5357393277418503
-0.5633370141239207
-0.4897262763905952
-0.5564821696011987
-0.45621155558580595
-0.5313933829323922
-0.4375316363529708
-0.49134881830687105
-0.4438803448779685
-0.4476272452854038
-0.485209693584029
-0.43650062514294763
-0.5270838692573536
-0.45296217372940306
-0.5540231348514808
-0.4845150585813253
-0.5640571640884627
-0.5298146090192619
-0.5406192987818692
-0.5621924599054013
-0.49444937689511437
-0.5583922086856696
-0.4592094514128284
-0.5349136291371572
-0.43874590743837416
-0.49654992112398083
-0.4412185283412707
-0.45142249943320867
-0.47982848932797056
-0.4359619435506529
-0.5231319241415279
-0.45032208128195295
-0.5516899376247407
-0.4802063417978637
-0.5642078467037266
-0.5245125448626125
-0.5451788948421793
-0.5605264124546573
-0.49935765295043166
-0.5600752245082337
-0.4623845198168652
-0.5382393237283418
-0.44022929617707085
-0.501598635486054
-0.43911186366846766
-0.4556681197773922
-0.4744614346605588
-0.43578908809296163
-0.5189815101647908
-0.44784832394663665
-0.5491837512889757
-0.47609380727488887
-0.5639618853817387
-0.51913723186802
-0.5493430766744012
-0.5583134938080159
-0.504437828411421
-0.5615089030314794
-0.46574694517223414
-0.5413795888422913
-0.4419575664554941
-0.506472086606235
-0.4375483345698138
-0.46029521285939407
-0.4691821585352812
-0.4360205540869438
-0.5146354102235423
-0.4455497172476234
-0.5465121985603176
-0.47218028409440027
-0.5633570342769836
-0.5137612025519421
-0.5530449580982567
-0.5555454341130498
-0.5096643496138296
-0.5626685002272669
-0.46930531061381014
-0.5443445535429785
-0.44390881049756437
-0.5111588232001267
-0.43649999357089514
-0.46522774778412607
-0.4640683085053225
-0.4366977237427402
-0.510095857236061
-0.4434405437094907
-0.5436764801825981
-0.4684677655238807
-0.5624270208032883
-0.5084490501058456
-0.5562320809526918
-0.5522360571700415
-0.5149963765965845
-0.5635263858953496
-0.4730641896957593
-0.5471422287383392
-0.4460631212143742
-0.5156539905854703
-0.4359292376749588
-0.4703867195242927
-0.4591991997861542
-0.4378616846971184
-0.5053655066941165
-0.44153883509910996
-0.5406719596491161
-0.4649551198329996
-0.561201935176223
-0.5032532018721623
-0.5588726030009887
-0.5484223738627528
-0.5203783224179869
-0.5640516820969259
-0.4770238083433146
-0.5497760200079749
-0.448403175680416
-0.5199552208268874
-0.4357945287553042
-0.4756929987982914
-0.4546534378930903
-0.43954835356850486
-0.5004503202982601
-0.43986496820215165
-0.537489884343009
-0.46163673060482363
-0.5597087120162424
-0.49821088267586655
-0.5609580677846456
-0.5441607705963584
-0.5257433997883869
-0.5642097466167172
-0.4811817853919544
-0.552243253607612
-0.4509158123874467
-0.5240601664813221
-0.4360549430810784
-0.481069640042399
-0.4505058444612578
-0.44178256610788985
-0.4953639611896857
-0.438441340402343
-0.5341200732045781
-0.4585033800271801
-0.5579714880569284
-0.4933444474161135
-0.5625012162609391
-0.5395205148553143
-0.5310177746425828
-0.5639619401275205
-0.4855353523147147
-0.5545348794037649
-0.45359365062332707
-0.5279659950931241
-0.43667287819019707
-0.48644434473631615
-0.44682287611491933
-0.4445718191559453
-0.4901325335760121
-0.43729279941881705
-0.5305540624697169
-0.455544964398452
-0.5560120917384329
-0.48866500452470774
-0.563530481536808
-0.5345778173337428
-0.5361236942750037
-0.5632668199500003
-0.4900822908658534
-0.5566364373183537
-0.4564357324427203
-0.5316707906945637
-0.4376147567700549
-0.4917529080508478
-0.4436563021952979
-0.4479013864485516
-0.4847974782316353
-0.43644709303869533
-0.526787455012909
-0.45275360969215594
-0.5538503493321976
-0.48417724619752656
-0.5640837176740421
-0.5294117349796312
-0.5409818243997339
-0.5620833985651511
-0.4948198832108892
-0.5585297853752068
-0.4594468909255643
-0.5351758442715027
-0.4388506172567373
-0.49694344685309716
-0.44103708680096226
-0.45173341490771796
-0.4794148898688764
-0.43593523325940137
-0.5228201666499701
-0.4501261235029903
-0.5515034572527427
-0.47988350589579376
-0.5642025135813192
-0.5241013543364199
-0.5455136412421163
-0.5603760708549879
-0.49974196042165014
-0.560194470387965
-0.4626359885552945
-0.5384869420906553
-0.4403536393117913
-0.5019793384053616
-0.4389728023944637
-0.45601089820667395
-0.4740518990457241
-0.4357920167892786
-0.5186546307368164
-0.4476654271106869
-0.5489843811402485
-0.4757861534750222
-0.5639277017688394
-0.5187234918764969
-0.5496445474671627
-0.5581205527169459
-0.5048344650751629
-0.5616080108796453
-0.46601319827202436
-0.5416133934310783
-0.4420997848178896
-0.5068387420517053
-0.4374499918246176
-0.4606642037391967
-0.46878254038737727
-0.4360562252947117
-0.514293599971517
-0.44538080377420997
-0.5463002587282724
-0.4718880225745725
-0.563296732097237
-0.5133502070402397
-0.5533085255797338
-0.5553101278996017
-0.5100707378952887
-0.5627454547705281
-0.4695868608141667
-0.5445652719031528
-0.44406730410164763
-0.5115108848310027
-0.4364397457479249
-0.46561694694662914
-0.4636846684244095
-0.4367693570506591
-0.5097392794978036
-0.4432868884182596
-0.543451806122879
-0.4681909482212999
-0.5623430325332345
-0.508045309768403
-0.5564545045599477
-0.5519604266100153
-0.5154087383905247
-0.5635789362042201
-0.47336119651720965
-0.547350311005775
-0.44623645262310824
-0.5159912309569367
-0.43590396747740023
-0.47079002302075756
-0.45883763305232544
-0.43797229210479366
-0.5049944538840835
-0.4414019311013653
-0.540433996281727
-0.46469347809605654
-0.5610964367002416
-0.5028601343382076
-0.559052402461099
-0.548110137924121
-0.5207918697682246
-0.5640773082979633
-0.4773361507051765
-0.549971487840529
-0.44859016298188203
-0.5202774778780759
-0.43580102404432114
-0.4761043914719965
-0.45431987182348443
-0.439700315257904
-0.5000655059684729
-0.43974646105400816
-0.5372378609189429
-0.46138965759174416
-0.559583651129953
-0.4978307021382515
-0.5610955270669241
-0.5438168780111649
-0.526152664504598
-0.5642056193869298
-0.4815092413082538
-0.5524256332041277
-0.4511156678988258
-0.524367232690068
-0.43609017805999134
-0.48148336845981077
-0.4502057509712411
-0.44197714953655265
-0.4949668947063955
-0.43834304461037993
-0.5338532400179906
-0.45827009023564325
-0.5578286160979217
-0.49297834536428214
-0.5625980431468437
-0.5391506358025289
-0.5314168918936125
-0.5639249472523928
-0.4858777328061693
-0.5547032322651755
-0.4538060735181445
-0.5282576628560697
-0.4367341330740735
-0.4868551387845063
-0.4465608392092449
-0.44480872318053255
-0.48972583878830045
-0.43721673886585743
-0.5302719194277626
-0.45532473721654054
-0.5558530030458894
-0.48831350888288627
-0.5635893269020831
-0.534187963886945
-0.5365065988907063
-0.563193743014038
-0.4904394314717003
-0.5567894779731989
-0.45666090454491853
-0.5319470179302854
-0.43769960968732585
-0.49215629392578053
-0.44343549984673664
-0.44817850086059546
-0.48438497710166223
-0.4363955282348811
-0.5264898558187676
-0.4525460091547799
-0.5536764737960872
-0.4838405780645249
-0.5641077092554547
-0.5290080109175422
-0.5413424234740526
-0.5619712415204605
-0.49519148151011594
-0.5586660142573552
-0.45968537931363196
-0.5354369135264183
-0.43895690152150013
-0.4973360529499686
-0.4408589289571432
-0.452046963946215
-0.4790014027277405
-0.43591069532250715
-0.5225072397643445
-0.449931146320171
-0.5513159641961808
-0.47956182800880287
-0.5641948606014923
-0.5236897680268777
-0.5458460188573379
-0.5602224871480027
-0.500127279425303
-0.5603122361340058
-0.46288856779978776
-0.5387334709436074
-0.4404794153726596
-0.5023589948501753
-0.43883694252464434
-0.4563558965390274
-0.47364291390075997
-0.4357973471635263
-0.5183265986111423
-0.4474835661540161
-0.5487840407098452
-0.47547967518733936
-0.5638914194317328
-0.5183097828462216
-0.5499432568254664
-0.5579243273625134
-0.5052319575186721
-0.5617054916333887
-0.4662806122958101
-0.5418461695147422
-0.44224330802187684
-0.5072042899754395
-0.4373546768315581
-0.4610349620687214
-0.4683839329987996
-0.43609454462427927
-0.5139506494642124
-0.44521301343887815
-0.546087352491247
-0.4715969486538034
-0.5632345280747294
-0.5129396210955692
-0.5535690271738574
-0.5550716291954816
-0.5104777335244816
-0.5628206180037475
-0.4698695969012088
-0.5447850085674023
-0.4442269857608311
-0.5118618141877299
-0.4363822981787614
-0.4660074456535908
-0.4633025082836693
-0.43684388208514224
-0.5093815764341783
-0.4431344646190754
-0.5432261351206642
-0.46791531063799174
-0.562257318161234
-0.5076422833423376
-0.5566736835728042
-0.5516818339755242
-0.5158213717036513
-0.5636295117770367
-0.4736593878689674
-0.5475574298258647
-0.4464108705431295
-0.5163273266242316
-0.43588124974490094
-0.4711941587678108
-0.4584780103959143
-0.4380860023066017
-0.5046223111343648
-0.44126637976628175
-0.5401949817008054
-0.4644329803904147
-0.5609893695032648
-0.5024679928525803
-0.55922891924683
-0.5477952832028602
-0.5212052885726994
-0.5641007537786829
-0.4776496617687977
-0.5501659736424308
-0.44877816064590814
-0.5205985762852591
-0.4358098302554372
-0.4765161629272691
-0.4539886907490667
-0.43985552283294055
-0.49967968453082645
-0.4396294393908927
-0.5369847247271984
-0.46114367170551634
-0.5594571624613109
-0.4974515714472797
-0.5612297901711787
-0.5434707823663788
-0.5265613613915952
-0.5641990812438944
-0.4818378493696337
-0.552606974097566
-0.45131649283427155
-0.5246731227317744
-0.4361275037658362
-0.4818970503270054
-0.44990843250668977
-0.44217501630507516
-0.4945689802303416
-0.43824638188925086
-0.5335852444252216
-0.45803782678046145
-0.5576844439919388
-0.4926133522755012
-0.5626918502528335
-0.5387790071015914
-0.5318149804494565
-0.5638852966829419
-0.4862212531059492
-0.5548704581457802
-0.45401946340341687
-0.5285481428658741
-0.4367972826854623
-0.48726551004290086
-0.4463018775667282
-0.4450488133294427
-0.4893185480462198
-0.437142476295636
-0.5299885901111749
-0.45510549043018245
-0.5556927305302752
-0.48796314609787855
-0.5636453813508814
-0.5337968289416779
-0.5368880055516608
-0.5631177654342565
-0.4907976965697029
-0.5569412826890062
-0.4568870753232417
-0.5322220662980288
-0.4377861823353502
-0.4925589559874796
-0.4432179461401544
-0.44845856600524553
-0.4839722188040168
-0.4363459456355839
-0.526191072534099
-0.45233937206619235
-0.5535015152161172
-0.48350505509088104
-0.5641291579007816
-0.5286034723544419
-0.5417010609722599
-0.5618559746914522
-0.4955641676376242
-0.5588008856059457
-0.45992492126580625
-0.5356968406324656
-0.43906474880681956
-0.49772772671777216
-0.4406840525783712
-0.4523631168821005
-0.47858806041416696
-0.43588834650848163
-0.5221931448671782
-0.44973715265826286
-0.551127463045116
-0.47924130939933596
-0.5641849056019312
-0.5232778198942822
-0.5461759953425535
-0.5600656539326512
-0.5005136010007972
-0.5604285110223874
-0.463142262057049
-0.5389789150594411
-0.4406066140924545
-0.5027375981744133
-0.4387042734733382
-0.4567030810356587
-0.4732345139733864
-0.43580509771283366
-0.5179974148833959
-0.4473027467707694
-0.5485827316540903
-0.47517437371238547
-0.5638530543281963
-0.5178961358819786
-0.5502391777006724
-0.5577248197925292
-0.505630290029215
-0.5618013333141579
-0.4665491901692108
-0.5420779214086504
-0.4423881266948073
-0.5075687275466558
-0.4372623735696385
-0.46140745222505536
-0.4679863722531261
-0.43613553121676607
-0.5136065595978075
-0.4450463539573043
-0.5458734786265926
-0.47130706260907484
-0.5631704364086342
-0.5125294710511379
-0.553826444318842
-0.5548299509406025
-0.5108853135844713
-0.5628939765527551
-0.47015351961090396
-0.5450037660923475
-0.44438784703332423
-0.5122116101199504
-0.43632763216214954
-0.46639920781452027
-0.46292186410563074
-0.4369213166318455
-0.5090227497427083
-0.4429832812243298
-0.5429994636741726
-0.4676408510296073
-0.5621698904028514
-0.507239990493683
-0.5568896101061499
-0.5514003021174435
-0.5162342477376487
-0.5636780976426689
-0.47395876284939165
-0.5477635851389308
-0.4465863680770471
-0.5166622766708946
-0.4358610654319002
-0.47159909128496086
-0.4581203667824228
-0.43820282918054276
-0.5042490827413739
-0.44113219085350347
-0.5399549111964541
-0.46417362292115305
-0.5608807449623614
-0.5020767898474646
-0.5594021559597417
-0.547477839575002
-0.5216185462094057
-0.5641220016968936
-0.4779643401523592
-0.5503594743747428
-0.44896716418841776
-0.5209185147725878
-0.4358209296174771
-0.47692827928563464
-0.453659926866594
-0.44001398337922765
-0.4992928651756164
-0.43951391398105816
-0.5367304712986206
-0.46089876816365793
-0.5593292562386971
-0.49707349705912895
-0.56136086794606
-0.5431225175074827
-0.5269694556394726
-0.5641901136391583
-0.48216760849552487
-0.5527872704996971
-0.4515182856525921
-0.5249778353223628
-0.43616690431326116
-0.4823106546829466
-0.449613915849399
-0.4423761639604375
-0.4941702337555404
-0.43815136426929424
-0.5333160835812563
-0.45780658539293606
-0.5575389810802358
-0.49224947088085486
-0.5627826537510763
-0.5384056644168681
-0.5322120044013458
-0.5638429692884933
-0.4865659123102414
-0.5550365492698138
-0.4542338216031236
-0.5288374349078654
-0.43686231288653754
-0.48767543240273215
-0.4460460093679841
-0.44529207624732264
-0.4889106845273583
-0.4370700251393046
-0.5297040738646392
-0.45488722157131334
-0.5555312825892955
-0.48761391729091685
-0.5636986636370966
-0.5334044485850574
-0.5372678782503799
-0.5630388695255487
-0.49115708439905703
-0.5570918425178703
-0.4571142483476274
-0.5324959376270102
-0.43787446205167446
-0.49296087484742507
-0.44300364853891866
-0.4487415587002508
-0.4835592323237619
-0.436298360279624
-0.5258911061024905
-0.45213369859840474
-0.5533254804135789
-0.48317067820360954
-0.5641480826302309
-0.5281981547303043
-0.542057701996528
-0.5617375844068321
-0.4959379371505202
-0.5589343896268687
-0.4601655215096931
-0.5359556294461402
-0.43917414778347985
-0.49811845598516635
-0.4405124546969001
-0.4526818436326861
-0.47817489566209204
-0.43586820373294966
-0.5218778833398799
-0.4495441456709025
-0.5509379581778759
-0.4789219513575249
-0.5641726662865798
-0.5228655437352414
-0.5465035386523563
-0.5599055644441887
-0.5009009157236074
-0.5605432842404555
-0.4633970757553496
-0.5392232792285601
-0.44073522528046055
-0.5031151421081055
-0.4385747841326864
-0.4570524177467976
-0.47282673413400483
-0.4358152870344261
-0.5176670806194639
-0.44712297484111213
-0.5483804553994102
-0.47487025031461033
-0.5638126222720519
-0.5174825817964815
-0.5505322835848937
-0.5575220328677454
-0.5060294463330295
-0.5618955238414804
-0.46681893465678304
-0.54230865333554
-0.44253423152698557
-0.5079320521344717
-0.4371730657173014
-0.4617816385071481
-0.467589894078369
-0.4361792041884995
-0.5132613312819658
-0.44488083316120897
-0.5456586357082609
-0.4710183645869572
-0.5631044711763356
-0.512119782783152
-0.5540807592233042
-0.5545851069022226
-0.5112934546449728
-0.5629655169315962
-0.47043862952260396
-0.5452215468610141
-0.4445498795683585
-0.5125602715406699
-0.4362757288924305
-0.46679219735440264
-0.4625427718726031
-0.437001678272075
-0.5086628012430527
-0.4428333472130832
-0.5427717881424634
-0.4673675674752574
-0.562080761866148
-0.5068384503228776
-0.5571022771238632
-0.5511158545381647
-0.51664733733438
-0.5637246786959244
-0.4742593204823582
-0.5479687766659148
-0.4467629384853332
-0.5169960801677268
-0.4358433955446581
-0.4720047851853717
-0.45776473702911386
-0.4383227861897386
-0.503874773287575
-0.4409993741879145
-0.5397137800189706
-0.4639154017645367
-0.5607705743561007
-0.5016865372243913
-0.5595721159350672
-0.5471578373160423
-0.5220316098467485
-0.5641410350641489
-0.4782801844851051
-0.550551986774957
-0.4491571693429307
-0.5212372920451285
-0.43583430449500543
-0.47734070684584395
-0.4533336120569701
-0.44017570334099765
-0.4989050575538159
-0.4393998956790157
-0.5364750962408935
-0.46065494216385655
-0.5591999426120565
-0.496696485051142
-0.5614887717572478
-0.5427721174757992
-0.5273769123291783
-0.5641786979269193
-0.4824985176431124
-0.5529665164432198
-0.4517210450475333
-0.5252813692250652
-0.4362083639617121
-0.4827241508754929
-0.44932222722291104
-0.4425805892375894
-0.49377067182762246
-0.43805800388019595
-0.5330457547967922
-0.45757636189438977
-0.5573922366371517
-0.4918867037079121
-0.5628704701090095
-0.5380306434770993
-0.5326079278095376
-0.5637979459682156
-0.48691170950813656
-0.5552014977527467
-0.45444914964846245
-0.5291255389087711
-0.4369292096620295
-0.4880848802292086
-0.4457932520095355
-0.44553849776160037
-0.4885022719069371
-0.43699939893851103
-0.5294183701794426
-0.45466992834189374
-0.5553686675229337
-0.4872658235142987
-0.5637491926132874
-0.533010858874569
-0.5376461810332359
-0.5629570378121116
-0.49151759308115944
-0.5572411484496523
-0.4573424273304697
-0.5327686339300726
-0.43796443628402393
-0.4933620316948345
-0.44279261365360717
-0.4490274551294342
-0.4831460469885545
-0.43625278734027684
-0.525589957529831
-0.45192898913852475
-0.5531483760438953
-0.4828374483353388