1.0677966101694916
1.0677966101694916
1.0151848006408164
0.9517667979152149
0.9241885543157989
0.9566758882185675
1.0210667073581143
1.0703973638946356
1.064737851198918
1.0092159996708732
0.9471560291210086
0.9247244387430723
0.9618483949356844
1.0268271375894706
1.072515774829151
1.0612486530926737
1.003194732310081
0.9428780023064678
0.925790725176201
0.9672492203390708
1.0324313229671693
1.0741313721852288
1.0573591597885434
0.9971553253006575
0.9389662647974146
0.9273766276235491
0.9728432745676255
1.0378443112417208
1.0752281352194821
1.0531014682761137
0.9911320691157667
0.93545300875384
0.9294663994472937
0.9785955957275081
1.043031017398338
1.0757949794426906
1.0485090613194454
0.9851592865532004
0.9323685080127813
0.9320398127269345
0.9844714043286004
1.0479563395251164
1.0758261083197103
1.0436163202994582
0.9792713980032279
0.9297404958640871
0.9350727370447229
0.9904361079474064
1.0525853542993506
1.0753212021751306
1.0384581311037817
0.9735029756192684
0.9275935148223132
0.9385377756701536
0.9964552710687893
1.0568836034682296
1.0742854287110026
1.0330695866044575
0.967888776643256
0.9259482765691527
0.9424049166745672
1.002494562785882
1.0608174767685463
1.0727292742603443
1.0274857811092366
0.9624637435129519
0.9248210743079104
0.9466421601527646
1.008519692392939
1.064354688769875
1.070668209732908
1.0217416859777697
0.9572629560114354
0.924223289834663
0.9512160895442539
1.0144963408149903
1.0674648378370823
1.0681222182236407
1.015872091811124
0.9523215195809104
0.9241610331585968
0.9560923638839672
1.0203900949484326
1.0701200256975878
1.0651152208714676
1.0099116013279665
0.9476743748096296
0.9246349435949138
0.96123611749117
1.0261663926041928
1.072295507031809
1.0616744428271156
1.0038946578754289
0.9433560164443636
0.9256401687323578
0.9666122630373802
1.0317904876615944
1.0739703312522872
1.057829761891887
0.9978555967437857
0.9394001160789
0.9271665230275471
0.9721857021823046
1.037227447651004
1.075127934364152
1.0536130789588583
0.9918287091038708
0.9358390505283921
0.9291988128977374
0.9779214542903664
1.0424421983923466
1.0757566384845696
1.0490577427258567
0.9858483105307271
0.9327033471339846
0.9317173020161196
0.983784717669249
1.0473996315504268
1.0758500208038577
1.0441980523969396
0.9799488070290937
0.9300210669558737
0.9346982806667536
0.9897408792056398
1.0520647902146367
1.0754071224382473
1.0390688524280338
0.9741647509442957
0.9278171559485879
0.9381146974801344
0.9957554875450289
1.0564031444135753
1.0744324799711489
1.0337052238987645
0.9685308772880119
0.9261128016030287
0.9419368109085382
1.0017942027965268
1.0603809628119742
1.072935977055617
1.028142268753251
0.9630821084161443
0.9249248370150066
0.9461328210122396
1.007822733091861
1.0639657790811525
1.0709325283724351
1.0224149767015782
0.95785351254839
0.9242652349049787
0.9506694486323045
1.0138067661318093
1.0671269422566179
1.0684416215538397
1.0165581604991958
0.9528802002922904
0.924140730175905
0.9555124376897093
1.0197119028198658
1.0698362306829998
1.0654867527563217
1.0106064437478957
0.9481971439561345
0.9245526011733071
0.9606269659900658
1.025503600528922
1.0720684999461694
1.062094797366252
1.0045942859815653
0.9438389074856482
0.9254966276441462
0.9659779594252171
1.0311471353364716
1.073802327667825
1.0582953585439343
0.998556031907273
0.9398392803863078
0.9269632288957551
0.9715303128907166
1.0366075951353364
1.0750206133636704
1.054120133321293
0.9925259743228504
0.936230816643869
0.9289377706998564
0.9772490278151005
1.0418499180098226
1.0757110907534524
1.0496023296251635
0.9865384224769291
0.9330442887732728
0.9314010160285987
0.9830992804164972
1.0468389916841643
1.075866713581626
1.044776159026699
0.980627768751142
0.9303080768357276
0.9343296844132131
0.9890464365165886
1.0515398293586222
1.0754858841832893
1.0396764204031532
0.9748285461847034
0.9280475215248318
0.9376970786523917
0.9950560282336125
1.055917834344417
1.0745725060132516
1.0343381801511673
0.9691754676381736
0.9262842780770176
0.9414737361143377
1.0010937058304885
1.0599391605191844
1.073135855764659
1.0287965460770712
0.9637034348454442
0.9250357126312273
0.945628064642321
1.0071251753480133
1.0635711680815711
1.0711902856875566
1.0230865253886825
0.9584475030881516
0.9243143837213359
0.9501269292516215
1.0131161303618714
1.0667829650289833
1.0687547803127009
1.0172429528488158
0.9534427857225471
0.9241276481815144
0.9549361642805508
1.0190321850093236
1.0695460150801823
1.0658524023015463
1.0113004732944217
0.9487242831519505
0.9244774228181586
0.9600209952434955
1.0248388157040669
1.0718347834465334
1.062509668468846
1.0052935631200164
0.9443266235959699
0.9253601214077428
0.9653463642129254
1.030501320613024
1.0736273840754824
1.0587558987699435
0.9992565773047054
0.9402837082586002
0.9267667722645616
0.9708771611541817
1.035984808489907
1.0749061869282186
1.0546225785063172
0.9932238112004885
0.9366282609305163
0.9286833066173061
0.9765783704602011
1.0412542310037989
1.0756583425514072
1.0501427679939153
0.9872295686346001
0.933391291049605
0.9310909943074439
0.9824151464416471
1.046274474289464
1.0758761843392592
1.0453505855646712
0.981308229149387
0.9306014889352784
0.9339669925912557
0.9883528335269207
1.0510105252095943
1.0755574765572395
1.0402807802191107
0.9754943070177484
0.9282845812829466
0.9372849672411367
0.9943569466476098
1.055427725206927
1.0747054877994586
1.0349684006403927
0.9698224930868136
0.9264626829070318
0.9410157431326204
1.0003931253724856
1.0594921195129254
1.073328883767756
1.029448558602676
0.9643276680110148
0.9251536859709534
0.9451279438119111
1.0064270727257907
1.0631709021584463
1.0714414482798256
1.0237562778629004
0.9590448728671026
0.9243707294857134
0.9495885853749501
1.0124244872492565
1.0664329483119108
1.069061655264897
1.017926414973379
0.954009221473883
0.9241217889888906
0.9543635982584773
1.0183509955200079
1.0692494157932206
1.0662121254481989
1.0119936363101365
0.9492557388512569
0.9244094188943983
0.9594182600594771
1.0241720924346482
1.0715943881918029
1.0629190082709528
1.0059924357727603
0.9448191127200056
0.925230668600635
0.9647175321321936
1.0298530980835494
1.0734455239973761
1.0592113318662426
0.9999571794526947
0.9407333499143954
0.926577179334288
0.9702263014672302
1.0353591424985036
1.074784670717198
1.0551203618356677
0.9939221661798737
0.9370313367868153
0.9284354536801368
0.9759095364195871
1.0406551921473397
1.0755984011716513
1.0506790039120062
0.9879216952725148
0.9337443115320176
0.9307872757768099
0.981732369646816
1.0457061337971558
1.075878431763786
1.0459212774323698
0.9819901342372601
0.9309012660180772
0.9336102490081696
0.987660123905092
1.050476931378759
1.0756218896844048
1.0408818770708435
0.9761619791561724
0.9285283041762415
0.9368784109167885
0.9936582963103517
1.0549328691629407
1.0748314072146448
1.0355958306248687
0.9704718990565756
0.9266479921353806
0.9405628825271591
0.9996925149049464
1.059039889730158
1.0735150352866625
1.030098251819228
0.9649547531357868
0.9252787409027043
0.944632511106166
1.0057284787749667
1.062765028124157
1.0716859834907537
1.0244241799125369
0.959645567103839
0.9244342644105127
0.9490544708677944
1.0117318905126125
1.0660769348061347
1.0693622078008647
1.0186084929550552
0.9545794530840396
0.9241231534103623
0.9537947941770261
1.0176683883220141
1.0689464703875644
1.0665658786440941
1.0126858791152338
0.9497914573795783
0.924348598787387
0.9588188152391482
1.023503484990134
1.0713473456134162
1.0633227692989544
1.006690850410802
0.9453163225920215
0.9251082868736351
0.9640915179339232
1.0292025223101655
1.0732567718242734
1.059661607411897
1.000657784869405
0.9411881552641911
0.9263944754584549
0.9695777883567844
1.034730651930825
1.0746560813324142
1.0556134308197922
0.9946209857180255
0.9374399971928613
0.9281942441721326
0.975242579922754
1.0400528562291054
1.0755312748952979
1.0512109835705257
0.9886147486843203
0.9341033072534662
0.93048989872826
0.9810510039657395
1.0451340246993506
1.0758734555436105
1.0464881801026849
0.9826734300609739
0.931207370193053
0.9332594969575875
0.9869683613425552
1.0499391016017698
1.0756791146707965
1.041479656162135
0.9768315083483153
0.9287786583915999
0.9364774569528734
0.9929601307568461
1.0544333185795023
1.0749502470742172
1.0362204153449461
0.9711236310008626
0.926840180940752
0.9401152045730811
0.998991927909476
1.0585825214099094
1.0736942853951994
1.030745571183966
0.9655846354580637
0.9254108603561505
0.9441418189165063
1.0050294470320706
1.0623535932028103
1.071923859414385
1.0250901772902896
0.9602495310035039
0.9245049797220242
0.9485246394804449
1.0110383938462806
1.0657149677415516
1.0696563999504447
1.0192891328440223
0.9551534260325993
0.9241317412567578
0.9532298065353683
1.0169844173529907
1.068637217076514
1.0669136188576078
1.013377148006326
0.9503313849421494
0.924294970898754
0.9582227155727792
1.0228330476043697
1.0710936879030732
1.0637209044827194
1.0073887534927748
0.9458182007462247
0.9249929929432585
0.9634683763859095
1.0285496478236849
1.0730611528054597
1.0601066752805763
1.001358340073098
0.9416480739224289
0.9262186851333204
0.9689316763811864
1.0340993915399601
1.0745204363108745
1.0561017331679556
0.9953202162845174
0.9378541947236518
0.9279597096183234
0.9745775552348112
1.0394472780491197
1.0754569729876753
1.0517386532798552
0.989308675187396
0.9344682347246582
0.9301989008071593
0.9803711033645043
1.0445582015432584
1.0758612563686507
1.0470512391059201
0.9833580626988333
0.931519762928074
0.9329147792056673
0.9862775995549214
1.0493970897304752
1.0757291436080803
1.0420740627097114
0.9775028403781374
0.929035611361853
0.9360821522128119
0.9922625035351695
1.0539291260186225
1.0750619911315475
1.0368421000253019
0.9717776344048887
0.9270392236484951
0.939672759244917
0.9982914178683193
1.0581200650813014
1.0738666100295682
1.0313904621232344
0.9662172602339428
0.925550026329502
0.943655919430407
1.0043300310217842
1.0619366450170138
1.072155044909685
1.0257542157132478
0.9608567097619041
0.9245828656643306
0.9479991448397713
1.0103440509214636
1.0653470908634006
1.069944194396443
1.0199682806577535
0.955731085747041
0.9241475513374893
0.952668689772164
1.0162991365188778
1.068321694707629
1.067255303591505
1.0140673892552892
0.9508754676320313
0.9242485426426568
0.9576300158355748
1.0221608344756172
1.0708334480002788
1.0641133671688694
1.008086091463542
0.9463246945268844
0.9248848025844782
0.9628481622703616
1.0278945291226464
1.0728586930383164
1.0605464856525795
1.00205879158065
0.9421130552193656
0.9260498319877184
0.9682880201291135
1.0334654160600671
1.0743777541172124
1.0565852167985494
0.9960198043600591
0.9382738815622519
0.9277318807726983
0.9739145166564444
1.0388385124147683
1.0753755056942098
1.052261959477988
0.9900034211216574
0.9348390499478552
0.92991431899916
0.9796927218422352
1.0439787189252543
1.075841835930031
1.04761040003605
0.9840439782604568
0.9318384050635694
0.9325761379772601
0.985587892283105
1.048850949724933
1.0757719695771004
1.0426650419475398
0.9781759210651216
0.9292991297783226
0.9356925431365969
0.9915654682078584
1.0534203442272738
1.0751666240850355
1.0374608298775116
0.9724338547865746
0.927245093741174
0.9392355962044822
0.9975910382658398
1.0576525715517717
1.0740319859983694
1.03203287003365
0.9668525727395534
0.9256962198972654
0.9431748646209712
1.0036302842583567
1.0615142315747659
1.0723795096127375
1.0264162408629944
0.9614670485694141
0.9246679115036298
0.9474780404407721
1.0096489153874293
1.0649733484184754
1.0702255544881074
1.0206458823803777
0.9563123776085642
0.9241705814610854
0.9521114982591757
1.0156125996947023
1.0679999427490656
1.067590890896781
1.0147565491081487
0.9514236514379903
0.9242093204424779
0.9570407707832631
1.0214868997666895
1.0705666595797008
1.0645001111341514
1.008782810752829
0.9468357510982368
0.9247837306238574
0.9622309303812258
1.0272372206724707
1.072649419457619
1.0609809890270485
1.002759085906094
0.9425830482127735
0.9258879387731881
0.9676468742183272
1.03282878020421
1.0742280541357478
1.0570638298496355
0.9967196964350834
0.9386990095128467
0.9275107876061061
0.9732535185237511
1.0382266141369936
1.075286884235891
1.0527808487391037
0.9906989328483425
0.9352157084306468
0.929636189616773
0.9790159134316946
1.0433956314851658
1.0758151969193221
1.0481656085572282
0.9847311228859579
0.9321632568262308
0.932243614942064
0.9848992932944091
1.0483007356456433
1.075807586650964
1.0432525391313552
0.9788506962641023
0.9295691796035511
0.9353086757273753
0.990869078353265
1.0529070261275948
1.0752641315847742
1.0380765501028193
0.9730922376973337
0.9274577638694164
0.9388037647885854
0.9968908425899761
1.057180091895463
1.0741903909923118
1.0326727402834202
0.967490518273134
0.9258494212183697
0.9426987062362848
1.0029302602470302
1.061086401256465
1.0725972239487287
1.027076198385818
0.9620804926146769
0.9247601055329873
0.9469613796378882
1.0089530408727447
1.0645937851413687
1.070500444254498
1.02132188396211
0.956897246957687
0.924200828436178
0.9515582862946472
1.0149248607254289
1.0676720012758458
1.067920339386506
1.015444573784013
0.9519758822521417
0.9241773097279596
0.9564550351474597
1.0208112976051709
1.0702933570383635
1.064881090598903
1.0094788577738738
0.9473513174541619
0.9246897909330751
0.9616167355213281
1.0265777769047475
1.0724333598245617
1.0614101362343398
1.0034591695591573
0.943058001699448
0.9257330273544213
0.9670082932942814
1.0321895386623694
1.0740713566621856
1.0575375206896966
0.9974198390083177
0.93912953001367
0.9272964592943809
0.9725946152079749
1.0376116380266929
1.0751911208043081
1.0532952677823737
0.9913951567487641
0.9355981651996815
0.9293645482860489
0.9783407321998109
1.04280899390079
1.075781343027336
1.048716810410532
0.9854194427450651
0.9324942778427624
0.9319172512007803
0.9842118563835695
1.0477465016460272
1.0758359898976881
1.043836499543405
0.9795271118649973
0.9298457260841865
0.934930595537938
0.9901733875668935
1.0523892248073259
1.0753545002388327
1.0386892058950918
0.9737527287227193
0.9276772058630129
0.9383773139965744
0.9961908843337023
1.0567026774418156
1.07434180359361
1.033310018213811
0.9681310421569367
0.9260096095446386
0.9422274957885599
1.002230012485474
1.0606532028020519
1.0728081591437177
1.0277340338930332
0.9626969870880976
0.9248594350775001
0.9464492156360785
1.0082564809865426
1.0642084462407762
1.070768828417752
1.0219962313187596
0.9574856390996046
0.9242382880729249
0.9510091080964378
1.0142359734268735
1.0673379109560925
1.0682436082496622
1.0161314094740481
0.9525321058773453
0.9241525149327735
0.9558728636308138
1.0201340820837326
1.0700135754826905
1.0652562602406002
1.010174178922097
0.947871340427627
0.9246029964228444
0.9610056324993247
1.0259162522166525
1.0722105427155302
1.0618338784485508
1.0041589890437979
0.9435378642265144
0.9255851187000305
0.9663723320285862
1.0315477460996283
1.073907682894969
1.0580062379285904
0.9981201785853322
0.9395653941497841
0.927088924206688
0.9719378611151347
1.0369936388913343
1.0750882285562817
1.0538051634809966
0.9920920392230199
0.9359863748143317
0.9290994299333827
0.977667232248143
1.042218860882653
1.0757402789424722
1.0492639514209379
0.9861088840361786
0.9328314271536705
0.9315970872712909
0.9835256353737611
1.047188301965151
1.0758571753824064
1.0444168684974138
0.9802051137924496
0.9301287337640113
0.9345583476571346
0.9894784494627213
1.0518669935104858
1.0754377176191354
1.0392987424439633
0.9744152734829461
0.9279033907422727
0.9379562924777332
0.9954912169964855
1.056220379764357
1.074486203285051
1.033944649140767
0.968774089738964
0.9261767632296091
0.9417612845430757
1.0015295944652367
1.0602146852982972
1.0730122872361694
1.0283896929614151
0.9633164771851372
0.924965886499876
0.9459416014816657
1.0075592893198182
1.063817377385854
1.0710306724062109
1.0226688703313107
0.9580774993093288
0.9242829551848933
0.9504640177949273
1.013545991586664
1.0669977130372135
1.0685606572649544
1.016817002340503
0.9530922680343696
0.9241349394925408
0.9552943109019291
1.0194553072605257
1.0697273507153997
1.065625575207481
1.0108687205738032
0.9483957666999049
0.9245233590372371
0.9603976761264553
1.025252700970479
1.0719809975106211
1.062252167200203
1.004858490856761
0.9440225841025438
0.9254442328736479
0.9657390451173005
1.0309034571545048
1.0737370549262926
1.0584699304287137
0.9988206616770929
0.9400065526657263
0.9268882098941094
0.971283310685525
1.036372671531757
1.0749782216080817
1.0543104828714744
0.9927895266886878
0.9363802913803009
0.9288408687724454
0.9769954677132504
1.041625287168984
1.075692010348621
1.0498069775045447
0.9867993929853848
0.9331746632270853
0.9312831630748571
0.9828406841175458
1.0466261909206864
1.0758711401691303
1.0449935913437747
0.9808846480053905
0.9304181664971117
0.9341919766962192
0.988784317674485
1.0513403856282697
1.0755137722669315
1.0399051049381782
0.975079817633295
0.9281362887296187
0.9375407485185305
0.9947918940857323
1.0557332506696953
1.074623570458725
1.0345765783566894
0.9694196063945488
0.9263508597376825
0.9413001235069183
1.0008290596732041
1.0597708981662353
1.073209581088247
1.0290431211337532
0.9639389081094063
0.9250794452064127
0.9454385900529457
1.0068615194467532
1.0634206246926567
1.0712859423674213
1.0233397468455863
0.9586727728365881
0.9243348235913709
0.949923069425674
1.0128549689652593
1.0666514493320804
1.0688714468145952
1.0175012985157816
0.9536563143688042
0.9241245858432887
0.9547194315900578
1.0187750271596627
1.0694347192222782
1.065988991132231
1.0115624290849015
0.9489245428095483
0.9244508897484155
0.9597929212131013
1.024587177493296
1.0717447543819352
1.0626649543890623
1.0055576214861321
0.9445121094084529
0.9253103890253646
0.9651084872790727
1.030256726437454
1.0735594957327879
1.058928547316365
0.9995212347985003
0.9404529559779966
0.926694343078478
0.9706310183931004
1.035748790739171
1.0748611150292453
1.054811173163119
0.993487565579493
0.9367798685631521
0.9285888982912633
0.9763254927669848
1.0410283275209185
1.0756365439226228
1.050345834676033
0.9874909158454195
0.9335239439725993
0.93097551792236
0.982157056497769
1.0460602229021094
1.0758778823220638
1.0455666134749735
0.9815656604965285
0.9307139874611675
0.9338315267751344
0.9880910458569399
1.0508094546901878
1.0755826536978583
1.0405082385691404
0.9757463068644074
0.9283758692614128
0.9371307300297279
0.9940929691182219
1.055241342186713
1.0747538864244095
1.035205751132386
0.9700675375277864
0.9265318756536044
0.9408440634175187
1.0001284615930572
1.059321891148749
1.0734000143968465
1.0296942639195323
0.9645642250755743
0.9252000956533826
0.9449402340505699
1.0061632249260586
1.063018234710645
1.0715346051809738
1.0240088066720061
0.9592714049105245
0.9243938861201327
0.9493863169218337
1.012162959297002
1.0662991622051778
1.0691759378980388
1.018184244101576
0.9542241904577442
0.9241214554203634
0.9541482802795664