0.2482758620689655
0.2482758620689655
0.16870305990757506
0.12904961114221594
0.15174439783491675
0.22707557137826428
0.26327046378119257
0.1896325888229432
0.1343440012970998
0.14038595931156858
0.20548693040176558
0.26744489394014237
0.21102917639258856
0.14290346086718236
0.13260541132003353
0.18407795453907985
0.2603505119735305
0.2327464864786886
0.1555616143434369
0.12845896084503322
0.1637583921032539
0.24306666963642423
0.2530542716371418
0.17392893058479952
0.13001165730812286
0.14832932996880122
0.22142060732074398
0.2654372371689882
0.19519051796591919
0.13628025712778394
0.13809249418141334
0.19995172820908613
0.26669037336202944
0.2166005262384436
0.14568738179984694
0.131094085992628
0.17857013826818977
0.2567087382047909
0.23836507587278802
0.15979770479663402
0.12827769104207498
0.15917391075442375
0.23757796601464573
0.2572650993500469
0.179343285686099
0.1312922999111515
0.14527595811849622
0.2158107457661999
0.26684290180382164
0.2007342396812657
0.13840421870973152
0.13599526239910864
0.19440587742711687
0.26517722647039504
0.22221724658404352
0.14878884251521363
0.12985509586901195
0.173176900858112
0.25241065502398363
0.24382318106944348
0.16443679430985447
0.1285182231821813
0.1549968697338977
0.23194630423844148
0.2608079604108041
0.18486130081637456
0.13283816919111802
0.14253265860263845
0.2102447479101333
0.2674906141950403
0.20626915376460223
0.14072726186766604
0.13408584490495043
0.18884675157793285
0.26290313069214005
0.22787708061708628
0.15225870897354457
0.12894251577488383
0.1679852049881903
0.24756242638068982
0.24898067050014125
0.16942655317904853
0.12916414755562872
0.1512381563784647
0.22627444632481808
0.26362271892666184
0.1904184483169442
0.1346060721533144
0.1400491064913954
0.20470484103446485
0.26738411559591
0.21181419461904571
0.14327956792146807
0.13237716588501747
0.18329550338310213
0.25987859416556736
0.23354569043897197
0.15613477686791136
0.12840791637952972
0.1630872373546331
0.2423046040561595
0.2536864907348823
0.17468470824933346
0.1301745802396263
0.14787705789965663
0.220624919593239
0.2656820325711126
0.1959748357108097
0.1365689639718577
0.13778465571986506
0.19916897924712573
0.2665226953148363
0.21739124239114413
0.14610514531021718
0.13090129394277228
0.1777992451939604
0.2561392030084763
0.23914903659715364
0.1604296075004385
0.12828616202541768
0.15855831358553824
0.2367880596719823
0.257808054793698
0.18011846798693926
0.13149579196944472
0.14487072255732075
0.21502186740646625
0.26698029611396284
0.20151655317912323
0.13871988726499457
0.13571398197060486
0.19362093119124943
0.2649020006283538
0.22301480066307988
0.1492557328409945
0.12970505532643564
0.17242888443305854
0.2517559923710272
0.24457371029790334
0.1651222509709689
0.12858562198614648
0.15444053048949347
0.23114538642455607
0.2612508163665309
0.18564538815562578
0.13307533403369898
0.14216702652439206
0.20946084670559062
0.2675212830638999
0.2070515748798535
0.1410731197229117
0.13383166525316267
0.1880610284304819
0.2625207716271897
0.2286788316029823
0.15278117317101303
0.1288429962717056
0.16727324426918325
0.24684079411269363
0.24967642735392448
0.17015542317677684
0.12928598399224267
0.15073989145677438
0.22547383172521424
0.26395985365833735
0.1912042489218354
0.13487200315777595
0.13971660364297422
0.203922823494119
0.26730827044543526
0.2125998630080335
0.14366111807829024
0.13215354459795725
0.1825141111148777
0.2593923438683272
0.23434365707199906
0.15671635662715183
0.12836516045182633
0.16242350930406285
0.24153740557254538
0.25430697684194664
0.17544397250067795
0.13034370536621076
0.14743188454347872
0.21983020757871777
0.26591161683193054
0.1967588232385
0.1368613896052307
0.13748065329091336
0.19838595937050274
0.2663398524931868
0.21818292055809052
0.1465294006053765
0.13071407149682426
0.17703083425625507
0.2555567424508402
0.23992948180891516
0.16106951544442527
0.12830309203470408
0.15795098642954122
0.23599569512680446
0.258337389620213
0.18089547436795558
0.13170442287272563
0.14447152429469953
0.21423385122417749
0.2671025715753606
0.20229871361683627
0.13903956545723678
0.1354364268794522
0.1928357064069328
0.2646115648604398
0.22381321954770328
0.1497301329578617
0.12956169434893555
0.1716851495334657
0.25109065034698846
0.24531782410379413
0.16581455604680181
0.12866106554331613
0.15389257123039804
0.23034395928193951
0.26167896993655815
0.18643007234694658
0.1333168068724055
0.14180643406475835
0.2086774088166625
0.2675369051125451
0.20783425856423526
0.14142364394701049
0.13358153234430928
0.1872755218388303
0.26212344870952353
0.22948066553284255
0.15331186343565373
0.1287511804149573
0.16656742637523128
0.2461114003939765
0.25036271649335745
0.1708894039847403
0.12941497409681896
0.15024950079252777
0.22467383794639462
0.26428183432164304
0.19198992026834893
0.13514174817537003
0.13938835710084774
0.20314081775536152
0.2672173479269805
0.2133862393409933
0.14404825300473129
0.1319346651715034
0.18173395107163945
0.2588919122870505
0.23514011115448397
0.15730633933302973
0.12833075262982607
0.1617673728522907
0.24076548709752102
0.25491541109078697
0.17620646703043114
0.13051887429192682
0.14699366450353304
0.2190364837166319
0.26612599767190265
0.19754248234614002
0.13715754951866171
0.1371804450371916
0.19760264192898191
0.2661418305827554
0.21897557894760106
0.14696029919887227
0.13053256991185552
0.17626514116520353
0.25496162246462517
0.2407060321650718
0.16171730994159408
0.12832845720803396
0.15735198755631838
0.23520119576758858
0.258852905266571
0.181674102940437
0.13191805813827023
0.14407821398393467
0.21344665174741334
0.2672097428413265
0.20308077062158186
0.13936332625248865
0.1351626169616395
0.19205024057175232
0.26430593020905135
0.22461243926065344
0.1502121687720022
0.12942516998886378
0.1709459659777567
0.25041500980334264
0.24605508587865707
0.16651349134032567
0.12874445233364135
0.15335295416904537
0.2295422325146437
0.2620923238507551
0.18721521918183576
0.13356249546288929
0.14145075499638393
0.2078943693052176
0.2675374826878941
0.208617270187758
0.14177895083039538
0.13333552366462847
0.1864903447386207
0.2617112348527041
0.2302824071117662
0.15385084185251047
0.12866718817214312
0.16586799132965338
0.24537468285507208
0.25103913167965125
0.1716282268971424
0.12955096708381805
0.1497668736620745
0.22387455980025672
0.264588635372636
0.1927754027611152
0.135415269451866
0.13906427960445636
0.2023587665209725
0.26711133585078284
0.21417337812820159
0.14444111733158257
0.131720651062492
0.18095520602619447
0.25837746549040363
0.2359347615016069
0.15790469673407015
0.12830474109118034
0.16111897813249865
0.2399892518397853
0.2555114916361104
0.17697194147302733
0.1306999302611176
0.14656224957226477
0.21824374956066026
0.26632518565617486
0.19832582352932948
0.13745746792980146
0.13688399749770225
0.196819007711749
0.26592861672535895
0.21976922673812546
0.14739799142818247
0.1303569434214382
0.17550240903082726
0.254354126308964
0.2414782962622015
0.16237285707942573
0.12836222188620156
0.15676136062166984
0.2344048696614452
0.2593544190788921
0.18245416093143996
0.13213656843074004
0.1436906442891115
0.21266021875537455
0.26730182355362375
0.20386277786195015
0.1396912496670935
0.13489258075517183
0.19126458175032116
0.2639851142983294
0.22541238125569285
0.15070195928977012
0.12929563677617958
0.17021160382077488
0.24972946456838435
0.24678505748448887
0.167218827519859
0.12883567160557874
0.15282162956006887
0.22874039925175232
0.2624907928885559
0.18800070460942833
0.1338123145348476
0.1410998677240628
0.20711166276036852
0.26752301587697475
0.20940067517723937
0.14213916160084397
0.13309372393881386
0.18570562039417796
0.26128421437654736
0.23108386448355295
0.15439815906576487
0.1285911309778488
0.1651751692728926
0.24463107967243372
0.25170527814338456
0.17237162189943575
0.12969380865492025
0.14929189162091436
0.2230760769742799
0.26488023865075133
0.1935606475173831
0.1356925377862396
0.13874429060893342
0.2015766158391841
0.26699022066687816
0.21496132992388212
0.1448398582196922
0.131511631198202
0.18017806804435468
0.25784918493034087
0.2367273012379114
0.1585113862848107
0.12828716239492238
0.16047846022154322
0.23920909208724905
0.2560949338888361
0.17774015217488381
0.13088671883602673
0.1461374895339841
0.2174519966631484
0.26650919350487245
0.19910886540102857
0.1377611776468999
0.1365912857897811
0.19603504557864856
0.2657002001663701
0.22056386317562232
0.14784262568323767
0.130187348626537
0.17474288772905403
0.25373455451031934
0.24224587168889894
0.16303600787226757
0.12840433877644206
0.1561791349634351
0.2336070092085838
0.2598417638253324
0.18323546484923742
0.13235982986328576
0.1433086703693775
0.21187449801689187
0.2673788260165998
0.20464479240033762
0.14002342245693322
0.1346263553633859
0.1904787887127057
0.2636491420793647
0.22621295189828694
0.1511996158537054
0.1291732457988282
0.16948233192113524
0.24903442005414822
0.24750730117941924
0.16793032527664997
0.12893460402216747
0.15229853617921543
0.2279386360583274
0.26287430328199124
0.18878641489528336
0.1340661860374487
0.14075365556833164
0.2063292237904833
0.2674935025054225
0.21018453852451152
0.14250440214013685
0.13285622488443707
0.18492148223988586
0.2608424836051941
0.23188482921595638
0.15495385379729765
0.1285231110822816
0.16448917929516438
0.24388102763910038
0.25236077399126494
0.17311931910563283
0.12984334191906252
0.14882442926498268
0.22227845454429598
0.26515663263484435
0.19434561623469113
0.13597353267029455
0.1384283165960308
0.20079431574912682
0.2668539877868226
0.2157501405917635
0.14524462487961667
0.1313077396775622
0.1794027383216273
0.25730726793202696
0.23751740813716657
0.15912635084702872
0.1282780413133277
0.159845938978405
0.2384253881429958
0.256665470586954
0.178510862837769
0.13107908851087513
0.14571923293901953
0.21666120747719142