0.2525252525252526
0.25252525252525265
0.12521732461405738
0.03675041906633378
-0.028411537103231868
-0.11196146851654248
-0.23782606195509476
-0.2666102063648658
-0.1402587766585173
-0.04775913495038789
0.01474407561092779
0.08724080540014154
0.20366005935747658
0.28646541944918974
0.17346678050961914
0.06917861542387418
0.005346903305386563
-0.05474834096211837
-0.14917903585948364
-0.2739126054903854
-0.22997760502413125
-0.10590580826627748
-0.025957594366256012
0.0368392885193794
0.12337067434343005
0.25054554689746966
0.256269225772209
0.12894725215999586
0.0406628443401002
-0.021569669716316228
-0.09823958635133502
-0.21959774428765214
-0.28045596328700495
-0.1590848143993948
-0.06109509384362191
-0.0006841843074281428
0.05924435293074153
0.15592682936318292
0.278596333932554
0.22311177914530606
0.10081542828003844
0.023214562900608637
-0.0388907265757778
-0.12604191390895203
-0.25332622102082725
-0.2538427641092255
-0.12654449780814483
-0.03923466490807678
0.022820541871668786
0.10012569220271608
0.22216163143389417
0.2791574186781549
0.1568247196031891
0.05980643485942591
-0.00018177443008231264
-0.06029821261411582
-0.15766458183072962
-0.2796560839111231
-0.2212255091876325
-0.09943784726001585
-0.02237963713598494
0.039712444369845216
0.1273307354759852
0.25464580454667696
0.2524334914980583
0.12517746435486027
0.03823802083950362
-0.024069718873673075
-0.10239489932567164
-0.22527977484040185
-0.27721573711953906
-0.15382342730015952
-0.05787800980401239
0.002020657040352619
0.06334092932807056
0.16311453314338026
0.2825191080803442
0.2150074795973031
0.09493039098817097
0.019372116022939853
-0.04318408192188568
-0.13317380223255684
-0.2603329073665207
-0.24561974092871838
-0.11879175869707054
-0.033304971792853785
0.030715242787945116
0.11465541390060717
0.24089581753416606
0.2646617118013934
0.13791958019829756
0.04659556993094349
-0.015237386860210339
-0.08742686012954387
-0.20375501463908066
-0.2866731795943848
-0.17366641514803766
-0.0694800895611233
-0.0060108494184782785
0.05324548901882838
0.14621927492535347
0.2717811369679222
0.23373890834964478
0.10898456218762491
0.02845178062655246
-0.033261305555546225
-0.11673706973428177
-0.24310975004860585
-0.26409946418567387
-0.13715296369295063
-0.04706193727682262
0.012900363406088966
0.0817600170778764
0.19436062920314973
0.28876772275234697
0.18308794892694144
0.07512420745557143
0.009653907024567615
-0.04907616502388808
-0.13932152714860702
-0.2661027887486872
-0.24161426447580364
-0.11555118248030771
-0.03314596529065662
0.0274103542237051
0.10626496053485499
0.2300823850372865
0.27498064595247523
0.15028199146671728
0.05632831627623203
-0.002020424660315649
-0.06180104933023436
-0.15969481752283163
-0.28096344795098094
-0.21945291885790463
-0.09828620392967102
-0.022148453689832218
0.03909730284422373
0.12565090943675603
0.252902005151535
0.2548878836553822
0.12757847100294484
0.0404098412065383
-0.020652719672874555
-0.09565937381079476
-0.2157029013415801
-0.28282787529070097
-0.1631812147357839
-0.06387895658422317
-0.003600999735909459
0.054124233904826735
0.1463976206009323
0.2721020797220164
0.23465327316047604
0.109920989085174
0.030055597914514898
-0.029774976527455088
-0.10946540330526078
-0.234078125831459
-0.27252833020531564
-0.14693839111947882
-0.054475410039238656
0.0032449443573867656
0.0632670218887849
0.16207931650848445
0.2822839565444903
0.21694950315568534
0.09654407415453306
0.02122143751946566
-0.039785398070386786
-0.12654276951793053
-0.2538235468522275
-0.25408066904080995
-0.12679223071076834
-0.03995512788115224
0.021028177946706028
0.09620447456940658
0.21646181770286632
0.2825185935352982
0.16253167592178178
0.06353445834512346
0.0034421083232443056
-0.05420867864470445
-0.14647107132427503
-0.27216871765064865
-0.2346280565625769
-0.10991103935691567
-0.030098605794447897
0.02964156818393604
0.10916879468675243
0.23368911965529843
0.2728608762701814
0.14735272474105976
0.05477974791146488
-0.0028662869560646606
-0.06254741323998622
-0.1607502246825431
-0.281607360117853
-0.21848890187028436
-0.09765601915212657
-0.021974699349731563
0.03889414906328101
0.12501261609160244
0.2522216422226974
0.25585407266717874
0.12853445043761652
0.04128623535134725
-0.01925629034278377
-0.09287523186221687
-0.21154960832299863
-0.28473044070117093
-0.16716653429788952
-0.06628911156030387
-0.005465274362363222
0.051482386393566636
0.14167424645127744
0.26827615438778807
0.24031871074461053
0.11463224124063198
0.03358689764537849
-0.025090741331066466
-0.1007809735626269
-0.22238183446805787
-0.28055476901776893
-0.15827822085090387
-0.06188492400144037
-0.004223460629939793
0.05040562760824904
0.13813615008586833
0.26525118566510486
0.24583144733080875
0.11953175853385059
0.03820794507337777
-0.017489854097286192
-0.08540847533072721
-0.19883946951592907
-0.2895491215592805
-0.1806355205631309
-0.07487252549599209
-0.01273196021473269
0.040329235338845124
0.1207113813407664
0.2469759244976813
0.2657626362299919
0.13859182573253692
0.051891441451245066
-0.00037550237831613514
-0.05291622465029536
-0.14043362652752167
-0.26745088848764786
-0.2447727153098766
-0.11880754958824208
-0.03893726550995649
0.01453714019053623
0.07832827935821056
0.18661639556114928
0.29034086850776925
0.19284802253659847
0.08191642187918192
0.01612106861045548
-0.03831449072150813
-0.11862238718458096
-0.2446473221823074
-0.26701597340640554
-0.1400010361649126
-0.05220836979589695
0.0011924186959454339
0.055457680064510954
0.1457894153065594
0.27197260015478786
0.23776342307097326
0.11285590773158288
0.03413270590972843
-0.02148989484313952
-0.09202391341336927
-0.20902436027502652
-0.2873823801824495
-0.17154553070703824
-0.07017042851852864
-0.011364537131193633
0.03923450573792516
0.11681564052140667
0.24204545802560737
0.27127054256897143
0.14455690287139888
0.0567973443454418
0.006793006956864328
-0.03816954292338525
-0.1101404539340951
-0.2325753601727475
-0.2806878288310265
-0.15576912417307523
-0.06561567019819804
-0.019042399698729506
0.013053518620212673
0.05513579512553945
0.13552010927928054
0.2627614639315052
0.25714063798298925
0.1303209134334312
0.05196109835662624
0.009925573067904488
-0.024537856691028093
-0.07741521984039296
-0.17830291088846534
-0.29215354582069475
-0.20733459378602026
-0.0933012175753232
-0.02964072196310942
0.012501593631707345
0.06394182663314754
0.15683028701892374
0.2807356364084828
0.2281943515284825
0.10612746257207152
0.03260274900168833
-0.01823933172438822
-0.08209632039605189
-0.19197795739471324
-0.29125072115999084
-0.18874422422700465
-0.08025976448159661
-0.01748474859711681
0.03276676372588342
0.10587268551874307
0.22773401162862106
0.28126107902585296
0.15751024104030542
0.06453974206936966
0.013427487919244599
-0.02767618031329326
-0.08900995606793702
-0.20019828191046274
-0.2934497891674599
-0.18482525078809814
-0.08064421689219617
-0.02507552140370499
0.01183041024073609
0.05768411062489077
0.14267335869603082
0.2697941535135404
0.24689058052713625
0.12122002413052704
0.04438677773552922
-0.0015280567968579545
-0.04858095085179633
-0.12901409533650943
-0.2559665769916945
-0.26092041552277956
-0.1336526042524676
-0.051498383122224115
-0.004536235895046821
0.039034174632153404
0.11034948014855434
0.23261114435090596
0.2812760224044513
0.1563818836192104
0.06648551142950015
0.020899838276717007
-0.00872666451356996
-0.04509494867017123
-0.11412535198119189
-0.23646551170831281
-0.28200355453404935
-0.15640200068296617
-0.06935581344982801
-0.029667996682444797
-0.013089256591819285
-0.006937109998492332
-0.00633225724640251
-0.010792295408691192
-0.023864010032445822
-0.05570830779913012
-0.12789622727462602
-0.25350371353951473
-0.27156994151805025
-0.14424896930726813
-0.06505313522387438
-0.03200613052637929
-0.024186190469021727
-0.03569455023485881
-0.07511563391857315
-0.16526897164028667
-0.28849589370514983
-0.22787331998336446
-0.10858704688007237
-0.04407747206642902
-0.01203995075136157
0.01059277315939072
0.04150849311194754
0.10322780805116619
0.21968604099528935
0.29227017886180556
0.17227766676553374
0.0783772881583366
0.03628991409725387
0.022455055379032536
0.026556161778838593
0.05173582320499259
0.11545731931523377
0.23626885534960018
0.28672849933309974
0.1613875664455247
0.0761485113941514
0.044027384044380904
0.04677708282361432
0.08628549392955082
0.18258190532054963
0.2980988807208491
0.2125973380667439
0.10093709055019773
0.047243425913042855
0.02966662408782137
0.035764476280719694
0.07004784780968808
0.15330704216102542
0.27992697064493266
0.24312254481769796
0.11975784825957571
0.051231899803941064
0.020175489861602645
0.0049792818187766145
-0.006255182425919409
-0.022464315836488828
-0.0562783517040545
-0.13050730252648585
-0.25678333743969195
-0.26769006944766915
-0.1404071319199825
-0.06202032571027423
-0.027626863876541757
-0.014923432867864834
-0.014137582001917538
-0.024649811973677847
-0.05461026004902357
-0.12445739500871221
-0.2490331854474404
-0.2761003216200686
-0.1489369322535955
-0.06836038997768233
-0.03615686578701893
-0.032525697636583695
-0.054799394467514126
-0.11808145663105629
-0.2393862630545106
-0.2860689152199217
-0.16015140708419676
-0.07683842751196492
-0.04774726525936682
-0.05658754798147307
-0.10909019571693906
-0.22316076427610654
-0.298066063207455
-0.1774870536449508
-0.0877108369408818
-0.05850264927943097
-0.07578066613695505
-0.14895662427130982
-0.27624803799663644
-0.2581893861067688
-0.13324820829584866
-0.06780762174953693
-0.0533547662204174
-0.08132452014496794
-0.16646588364658688
-0.2910560699588304
-0.23389740423700964
-0.11493310979533215
-0.05565630365213957
-0.03857433863193432
-0.05227361097752554
-0.106073228927551
-0.21970223448337142
-0.29760946256939347
-0.17841595076078606
-0.08627813058792483
-0.052688426232059486
-0.06084152219359293
-0.11580498469943626
-0.23323541351457433
-0.29451791707519115
-0.1703308542098297
-0.08608743801449611
-0.06302856735878891
-0.09005736645802268
-0.17957981603004958
-0.29972946952632246
-0.2226995936868506
-0.1096594940019894
-0.059659557579130246
-0.05600433339738395
-0.09643955165173741
-0.19843803783284325
-0.30315155255907955
-0.200397021860436
-0.09732438097295683
-0.05584376835135256
-0.058266812927149775
-0.10610016718185931
-0.21665650838049286
-0.30142445262172096
-0.1844213000330397
-0.0915504174376728
-0.061010041913010564
-0.07891742430641632
-0.1546443977320849
-0.28187726554208187
-0.251844742982357
-0.12846983986708344
-0.06588173549131754
-0.05317818322877808
-0.08272419589183067
-0.16988138420781873
-0.29322948652195624
-0.2297241428338893
-0.11219388624202951
-0.05440810791304033
-0.038000646225883526
-0.05192007214365716
-0.10566406056118903
-0.21911716610343215
-0.29770027922383424
-0.17878473191027205
-0.08631004319824812
-0.05227343216707484
-0.05963245945788634
-0.11300061607396021
-0.22882480822154763
-0.29660078712165094
-0.17383977700907394
-0.08732548741665247
-0.06223309816175353
-0.08661041261434894
-0.17216565113022442
-0.29560072545852534
-0.2307615764510338
-0.11416485708054178
-0.05992701903523608
-0.05184540630474603
-0.08485330382349052
-0.17577981080191796
-0.29627286227391425
-0.22231497691832391
-0.1074370651413598
-0.052065862168939374
-0.036473481551977514
-0.049995101310200574
-0.10197411444392546
-0.21312357986338998
-0.29909383769972464
-0.18350883850464478
-0.08780593969806175
-0.050318146789377426
-0.05252084960807556
-0.095856753128361
-0.19939327405720644
-0.302153374110374
-0.19790160826279557
-0.09516748571159983
-0.05260067253406
-0.05127872292354486
-0.09033951925786265
-0.1884268576094047
-0.3006154727136223
-0.20834530202036128
-0.09972255524819729
-0.050684553402908505
-0.040902615070894495
-0.06370936465184149
-0.13352784361778092
-0.2593948914686308
-0.27114197676025065
-0.1439221522569989
-0.06931578300156227
-0.045202420835653935
-0.05708714590943252
-0.11271706053838113
-0.22946786788527318
-0.2948656595468043
-0.17174008872244745
-0.08502234681100136
-0.0578550184457409
-0.07669181954778145
-0.1517408735960492
-0.2790541064327272
-0.25431679700435816
-0.13013583173907078
-0.06571708341192554
-0.05078295087979956
-0.07626742060572876
-0.1563988993466513
-0.2831772993963843
-0.2454210896091888
-0.12278819522252747
-0.05875139187232359
-0.03873596798807217
-0.04961267845199255
-0.09887290500189469
-0.20726606687226484
-0.3004287204376296
-0.18893381953367952
-0.09018285179560921
-0.05000883017942115
-0.04914351757743437
-0.0870112843565591
-0.18255708342713134
-0.2985576386011065
-0.21364631813723595
-0.10200764436500784
-0.0491325770347713
-0.03394833305925713
-0.04586904651376997
-0.09332849097986241
-0.19823847514046514
-0.3001252907160651
-0.19596257055056301
-0.09222980299136502
-0.04586228979373552
-0.035106096329745734
-0.052368616368939705
-0.10946814154766003
-0.22583254545830503
-0.29451878719383795
-0.17251417095757657
-0.08324777406079725
-0.05126975691620342
-0.05995469032359688
-0.11475892755453579
-0.2317940155139784
-0.2949665357191149
-0.1711907260866981
-0.0861110590317942
-0.061970529307688246
-0.08709345510159083
-0.17349434191820867
-0.2963689521221827
-0.22911548783098246
-0.11313244770273502
-0.05951175960217397
-0.05177854670203036
-0.08507183561962003
-0.17632701305322357
-0.296523532213551
-0.22166597204226152
-0.10704349445230459
-0.05191973761760673
-0.0364839307690456
-0.05017070818636771
-0.10242945199651166
-0.21390460802096525
-0.2989146980147606
-0.18285113576449574
-0.08756241984788476
-0.05048711584301206
-0.05325628225130212
-0.09767635237602532
-0.20271042634324676
-0.3022752861943442
-0.19503866727821076
-0.09414867399500434
-0.05371504478136117
-0.05554095353261584
-0.10078870669191481
-0.20769286841144813
-0.3025063674938433
-0.19139274830840322
-0.09339211889327108
-0.056792836626733186
-0.0650981868040813
-0.12324909610508919
-0.24402516697790572
-0.2888352158422651
-0.1623615099402939
-0.08366691495364294
-0.06582594338706407
-0.1001566103293678
-0.20007575407400788
-0.3059713168662951
-0.2031266485546369
-0.10144297465141655
-0.06532530690899493
-0.08092577460489174
-0.1560723226592139
-0.2832885387841342
-0.2517511859640081
-0.12874931989435162
-0.06764682236626265
-0.05804289180888357
-0.09435304187624224
-0.19265113241809823
-0.30303774950865925
-0.206967514600073
-0.10078524198150063
-0.056769727878614416
-0.057242505892162024
-0.10249778315698621
-0.21014272018166727
-0.30269790628632876
-0.1899228572220053
-0.09341464358292631
-0.05905353907728899
-0.0714840505718568
-0.13770135441219233
-0.2634260871607108
-0.27287784749032495
-0.14586077275187823
-0.07556502546131837
-0.06157577882550048
-0.09637053768066253
-0.19469139154505394
-0.30423729372580816
-0.20646320576257143
-0.10152447133460528
-0.06016151108918568
-0.06616109433843559
-0.12301016264110332
-0.2432536980046856
-0.29017890809207875
-0.1638483288037539
-0.08515134977716415
-0.06848396228596801
-0.10599096768315976
-0.21065575936476966
-0.30656570209390677
-0.19468312237910154
-0.09943321268546836
-0.07159474612075367
-0.10054979447473819
-0.19714031161842716
-0.3070564271890199
-0.2083122905295598
-0.10510420719100315
-0.0693333541079438
-0.08846830764909629
-0.17114519562102862
-0.29563840309376116
-0.23481795653072282
-0.11767531074248279
-0.0647369313340342
-0.06193056776146414
-0.10762585295613492
-0.2176434062756848
-0.30262655713683345
-0.1853596224191238
-0.0934684031821808
-0.06580767545946485
-0.09041493357460133
-0.17836918319199918
-0.29952607463313735
-0.22516405497070902
-0.11151060145878344
-0.0616342299687034
-0.059692644766675504
-0.10452297340489838
-0.21278601880423476
-0.30305799288600227
-0.18867095771701392
-0.09385666795878457
-0.06231662219627332
-0.08023835091861566
-0.15682380215074404
-0.2839191380718742
-0.24958308229920934
-0.1268867685458917
-0.0654974775451551
-0.053854104272015105
-0.08495969039536208
-0.17455993083356297
-0.2959456248790407
-0.22454791366658378
-0.10910196591777989
-0.053730790177624305
-0.03946118576119578
-0.05667758811522537
-0.11679588363617903
-0.23660882162825517
-0.2896096985059352
-0.16435336792643304
-0.08053243753525091
-0.053667418110277684
-0.06949186736905791
-0.13725803112562002
-0.26320615378335277
-0.27137023278655065
-0.1443590624015883
-0.07313496784174697
-0.05610785914451345
-0.08369532542583848
-0.1699496739703842
-0.29358463912843724
-0.23085584658138203
-0.11332990263937875
-0.05636544067693334
-0.04242611411316762
-0.06231786184325176
-0.1286976089487409
-0.253124270433562
-0.27768400167939933
-0.15038593201572012
-0.0737313404661237
-0.050587109029110566
-0.06773094661658566
-0.13543094156718163
-0.26114410578091934
-0.2724881807287653
-0.14533687885361005
-0.07286384246902446
-0.05412415247093054
-0.07846470759030189
-0.15905488199102247
-0.2855532854503104
-0.24341358552042586
-0.12162466922937568
-0.059394214735137646
-0.04194488522441048
-0.0579538909752637
-0.11789866064600213
-0.2379418063131648
-0.28934487053060887
-0.16382130726028202
-0.08084236631619404
-0.05531046164188083
-0.07378717151740902
-0.14664846600122106
-0.2738699199885686
-0.2599114057760788
-0.13446893350945502
-0.06750880264359134
-0.05105290460287697
-0.07524518628598738
-0.1537060919759874
-0.28080914131019485
-0.24900105159471525
-0.1255170363963115
-0.06050004740076856
-0.04074330915873933
-0.05347972778413292
-0.10727645142129158
-0.22133506877342235
-0.297438041998327
-0.17751279617617893
-0.0863509451279367
-0.05417580186016675
-0.06497563160658579
-0.12525426045135338
-0.24723895536661497
-0.2858341350435757
-0.15894658350707183
-0.08139368485144212
-0.06318376624983907
-0.0951136862559065
-0.19086203364404622
-0.30382565343864526
-0.21093143454367438
-0.10389189336787942
-0.060738164982066585
-0.06530191597654
-0.12024225459866761
-0.23898956666247728
-0.2930279362531679
-0.1674958043146591
-0.08680795399041799
-0.06892435857958501
-0.10559407398752871
-0.209575080473078
-0.30682554630541015
-0.19583752818405062
-0.09997571494784367
-0.07165745498424432
-0.10018216719785211
-0.19629165062721868
-0.30691503710598933
-0.20914254476321814
-0.1054310640690111
-0.06908267620151276
-0.08742363863342913
-0.16884766718464736
-0.2940233749651977
-0.23743389252356578
-0.11926873685656252
-0.06505940370905938
-0.06111040037086198
-0.10512186112517555
-0.21317667445240607
-0.30350655398835324
-0.18899825970470413
-0.09454426542833982
-0.06406006159100386
-0.08443688437276256
-0.1656072699726469
-0.2912844448568861
-0.23931962104947097
-0.11985964585261523
-0.062833298305656
-0.053978208512747164
-0.08788443191930106
-0.18112827553739627
-0.2989391450162672
-0.2172556283772175
-0.10495947156621699
-0.05297784029565377
-0.04182829629552322
-0.06401327357209183
-0.1335064757390311
-0.2593116904139474
-0.27152891875754853
-0.1443026198928151
-0.06981111304256846
-0.04622618168635371
-0.059461243141595455
-0.11800164112946702
-0.23753504985707496
-0.290606634830731
-0.16522311887472663
-0.08247289277779389
-0.05851602789884554
-0.08110806742448104
-0.16195784213577136
-0.28812650663385164
-0.24156592281979158
-0.12076077535850181
-0.0607650131305232
-0.04693197343935762
-0.0704807872946462
-0.1453763962340046
-0.27264863506892595
-0.25819005631476377
-0.1326008654397756
-0.06363806824273349
-0.04177991130173217
-0.0532214127028812
-0.1056481126126863
-0.21843015390476345
-0.29858618126418357
-0.18014248470276553
-0.08751896150584398
-0.054206044033566
-0.06385641698065748
-0.12232288518434181
-0.24297620995677635
-0.28893094981477874
-0.1625949036930948
-0.08314641590471604
-0.06394185207742033
-0.09548527667036681
-0.19116647819748778
-0.3040646371307586
-0.21094305509867037
-0.10408921952276494
-0.06140630415204847
-0.06700381968889386
-0.12409586758076892
-0.24470952280456704
-0.28948449034813567
-0.1629477432103103
-0.0850621676810697
-0.0693445728291397
-0.10842141822475529
-0.2150888431393828
-0.30615664031933476
-0.19118513786481112
-0.0986439019418135
-0.07411288152675316
-0.10829334611709848
-0.21202431602356359
-0.3082820991341391
-0.1959995929332214
-0.10201848285623966
-0.07806134146377658
-0.11583245080185785
-0.2249204518008705
-0.30688561275856185
-0.18693422345747762
-0.10124838679888186
-0.08827610434841411
-0.14395484309787032
-0.2683823492738923
-0.2808664523827485
-0.15412548923432257
-0.09233972353667287
-0.10169243091350685
-0.18492517140422005
-0.3064262459042564
-0.22854961590858686
-0.11826846172438171
-0.08011454182850967
-0.10528985835930059
-0.20183067675818772
-0.3098458468329809
-0.2074798343517924
-0.10742785700520874
-0.07852363227015181
-0.11179338430369055
-0.21658931732896095
-0.30915311977556537
-0.19407966469378166
-0.1033106507430277
-0.0849760007796176
-0.1333144985782464
-0.2531901490651357
-0.2936882810009228