0.26
0.26
0.2520579556416404
0.25266027682338227
0.2605840206314414
0.25932423037327806
0.25155407892335746
0.25334756592794583
0.2610611394225895
0.2585740558874655
0.25115983195573216
0.25410429114174643
0.2614188725363101
0.2577684783851781
0.2508839145736363
0.2549131434211351
0.2616478028298623
0.2569275963156404
0.25073239016734983
0.25575535897720447
0.26174188000646226
0.25607204458077665
0.25070858012705666
0.25661109006213656
0.2616986126425967
0.2552224595652016
0.25081300583756033
0.2574598275379977
0.2615191469374554
0.2543989862681234
0.251043379558654
0.2582808755195298
0.2612082305114919
0.2536208361996362
0.2513946444113065
0.2590538722681428
0.260774061988921
0.2529058977041148
0.25185906252454404
0.2597593434956048
0.2602280300209712
0.25227039605504753
0.2524263494584176
0.2603792662951028
0.259584350094448
0.25172859932217106
0.2530838526189846
0.2608976163355535
0.25885961398383606
0.2512925669449452
0.2538167718267556
0.26130086940246006
0.25807227371353986
0.2509719399550856
0.25460842160226627
0.2615784311727526
0.25724208724417424
0.2507737737308471
0.25544053677948364
0.2617229751027516
0.25638955483016745
0.2507024153298344
0.25629362490898944
0.2617306753784702
0.2555353723072367
0.2507594276513397
0.257147369362348
0.26160132799477714
0.2546999211755938
0.2509435621081726
0.25798108496977656
0.2613383571973542
0.2539028071617216
0.25125078046174604
0.25877422293619834
0.2609487071582918
0.25316245125595277
0.2516743252961101
0.2595069142780779
0.26044262130058726
0.25249573181439205
0.25220483754925066
0.26016053278472956
0.2598333156370197
0.2519176739043487
0.25283051888156544
0.26071825180443087
0.2591365584118424
0.25144118228782464
0.2535373367652207
0.26116556598922797
0.25837017538602164
0.25107681619511635
0.25430927123510305
0.2614907503832969
0.2575535063322726
0.2508326061168024
0.25512860412035293
0.2616852342651991
0.2567068415498658
0.2507139143419271
0.2559762536275717
0.26174387408986116
0.25585086615699015
0.25072334152319925
0.2568321582636186
0.2616651165339917
0.2550061347246521
0.25086068123154276
0.25767571304634024
0.26145104756469006
0.25419259102914615
0.25112292356690563
0.2584862569728757
0.2611073265247744
0.253429139578799
0.2515043077380751
0.2592436039643571
0.2606430066115854
0.25273326917120337
0.2519964223898561
0.2599286012903115
0.2600702464216947
0.2521207252062359
0.2525883516244374
0.26052369193513897
0.2594039224471625
0.2516052268230125
0.2532668644573147
0.26101345271404813
0.2586611592267584
0.251198226262345
0.2540166461437673
0.2613850795521893
0.2578608006521974
0.2509087099437492
0.2548205714320066
0.26162879513433446
0.2570228504964125
0.25074304253122426
0.2556600218961394
0.2617381606216987
0.2561679108372764
0.25070485617660154
0.25651525111274903
0.2617102801229944
0.2553166432753077
0.2507949871058691
0.2573658013320657
0.2615458922588666
0.25448927077294986
0.2510114609935303
0.25819097244514394
0.26124934683625256
0.25370512967579434
0.2513495274774537
0.25897033823221727
0.26082846710262975
0.2529822742456666
0.2518017429936596
0.25968429698689205
0.2602943008370014
0.25233713138095437
0.2523581001309115
0.2603146355457291
0.25966076799488347
0.25178420154288284
0.253006201228574
0.26084507980472993
0.2589442189766981
0.2513358026403019
0.2537314742808949
0.2612618027555558
0.2581629246420699
0.25100185557605037
0.25451743051197134
0.2615538634235976
0.2573365248361446
0.25078971215069557
0.2553459649928424
0.2617135558203323
0.2564854643992354
0.2507040272884851
0.25619770360150484
0.2617366540837432
0.25563044342951596
0.2507466778575762
0.25705240029545084
0.2616225462793011
0.25479190251132994
0.25091672985712665
0.2578893869106402
0.26137425372432427
0.25398955552401303
0.25121045475260584
0.25868807294282087
0.26099833544701506
0.2532419748004716
0.2516213945659483
0.25942848546894687
0.26050467986329856
0.2525662276835099
0.25214047424235675
0.26009183110145595
0.2599061894952334
0.2519775607833023
0.25275615911397914
0.26066105488018426
0.25921837027248296
0.2514891282065016
0.25345465528695427
0.2611213673740039
0.2584588439673099
0.25111176167542415
0.25422015172680584
0.26146071202448
0.257646808744723
0.2508537825497044
0.2550351046255757
0.26167014944312583
0.2568024764755574
0.2507208573551457
0.25588056671534243
0.26174414220785225
0.2559465149104936
0.25071589908619235
0.25673656547733475
0.26168073048724516
0.2550995180273818
0.2508390163148477
0.2575825334497958
0.26148159396450765
0.25428152026048734
0.25108751129154894
0.2583977902005992
0.26115199877377465
0.2535115621228584
0.2514559270838969
0.2591620690454507
0.26070063054142373
0.252807308063003
0.2519361426491258
0.25985607344465306
0.2601393177491137
0.25218471352434496
0.2525175138552819
0.2604620402782585
0.25948265462211606
0.2516577372287015
0.25318705817355636
0.260964282130346
0.2587475394453887
0.2512380958756686
0.25392968135088034
0.2613496798169402
0.2579526511168829
0.25093506051246867
0.254728445900786
0.26160809976896954
0.2571178916680525
0.25075529568621996
0.25556488333351074
0.2617327171741079
0.25626382358084243
0.25070274351400734
0.25641935377150815
0.26172023282285806
0.2554111274178198
0.25077855487930584
0.2572714567362661
0.26157097746451335
0.25458009848748814
0.2509810693048239
0.2581004943793003
0.26128890136283006
0.2537901930168223
0.2513058439855409
0.25888598292335235
0.260881449260953
0.2530596268616667
0.2517457312883185
0.259608200341978
0.26035932363470254
0.25240502480010946
0.25229100300871915
0.26024875014603166
0.25973614334947576
0.251841116475943
0.252929519126414
0.26079111485448003
0.25902801101115486
0.25138047557852666
0.2536469390365244
0.26122117018870256
0.2582530093716612
0.25103330072252883
0.2544269744311918
0.26152763291059794
0.2574306530632119
0.25080723852679926
0.2552516849630281
0.2617024206669599
0.25658132459971483
0.25070725076279243
0.25610181981430463
0.26174090922784277
0.25572572187647097
0.2507355278554098
0.25695720916865783
0.26164207897189784
0.25488433870138455
0.2508914505953287
0.25779720814225965
0.26140854708857514
0.25407699190826544
0.2511716009695175
0.2586011913081372
0.2610464848452779
0.2533224006212419
0.25156982184859455
0.2593490888738715
0.2605654216872906
0.25263781721625106
0.2520773241610726
0.26002194731067674
0.2599779414788797
0.25203870644204385
0.25268283942397773
0.2606024899862745
0.2592992816976124
0.25153846886840786
0.2533728154112678
0.26107564926856885
0.25854685333519795
0.251148206351687
0.2541316535806265
0.2614290418304057
0.25773970586639067
0.2508765293072443
0.25494198861038964
0.26165336319572513
0.2568979657171167
0.2507294072583454
0.255785012495022
0.2617426842711482
0.25604227661538076
0.2507100649020186
0.25664084708380935
0.2616946394945143
0.25519326584950663
0.25081892578749326
0.25748896848352354
0.2615105015989951
0.25437105306660407
0.251053604907727
0.25830868345047087
0.26119514141324957
0.25359480999804923
0.25140895038294003
0.25907965169293823
0.26075687351598426
0.2528823725744534
0.25187713325288824
0.25978243995168043
0.2602071915307137
0.25224990267944436
0.2524477834683701
0.2603990858299093
0.2595604016051749
0.25171159554356987
0.25310816979773615
0.2609136438807302
0.2588331691802597
0.2512794297715515
0.25384342184292347
0.2613126850624865
0.258044001142099
0.2509629590198457
0.25463679379242565
0.26158572361490184
0.25721269070094216
0.2507691462631955
0.25546997159589513
0.2617255514762313
0.2563597539250018
0.25070224271987357
0.2563234270688797
0.2617284674289829
0.2555058840192122
0.25076371367804595
0.2571768228144904
0.26159439421999164
0.25467144294691174
0.2509522128732752
0.25800946966759924
0.2613268809998617
0.2538760017889818
0.25126360603088954
0.25880083317932906
0.2609329910328848
0.2531379336037962
0.251691043008519
0.25953107809771625
0.26042307719960145
0.2524740572416805
0.252225076926002
0.26018163157585594
0.25981045183112794
0.25189932826136335
0.25285382805194606
0.2607357392292514
0.25911096339897527
0.2514265733855505
0.25356319035091746
0.2611789851449284
0.25834249964468714
0.2510662667210665
0.2543370796856962
0.2614997483467062
0.2575244428894928
0.2508263480373533
0.25515772456738595
0.2616895733491434
0.2566771063730895
0.25071208486686647
0.2560060023863318
0.26174343939384775
0.2558211792626999
0.2507259807103749
0.25686182511826716
0.2616599195768891
0.25497720265697826
0.25086773128610657
0.2577045773671889
0.2614412259211897
0.2541650910714321
0.25113422985213474
0.2585136055219608
0.2610931394726881
0.2534037057997798
0.25151962147341855
0.25926874997362076
0.2606248268876628
0.25271048023326814
0.252015404976085
0.25995090410942717
0.2600485483303771
0.25210109379526485
0.25261058051618424
0.2605425763243413
0.25937926678304857
0.25158919057908663
0.2532918405111988
0.2610284267680214
0.25863417572060804
0.2511861401577263
0.2540438024121942
0.2613957503078109
0.2578321688591791
0.25090084012655056
0.25484928344187385
0.2616348811073818
0.25699328013968764
0.2507395617012821
0.25568961952270697
0.2617395007652562
0.256138122560049
0.2507058405741905
0.25654503219112074
0.26170683892712404
0.2552873505536865
0.250800415178681
0.25739504709970545
0.26153776087148695
0.2544611634608608
0.2510212137737551
0.2582189647545471
0.26123674018326853
0.2536788593726304
0.251363390659791
0.25899637822465865
0.2608117170670464
0.2529584414664336
0.2518194106661178
0.25970772462747266
0.26027384567856776
0.25231627440169585
0.2523791800833119
0.26033484916467614
0.2596371383840159
0.25176678678542197
0.2530302217602073
0.260861554645995
0.2589180212605617
0.25132221651517017
0.2537578924579758
0.26127410754337377
0.25813482219391587
0.2509923977769846
0.25454564188650786
0.2615616741101056
0.2573072184829654
0.25078459045321155
0.2553753148689919
0.26171666591389814
0.2564556729214372
0.25070335393182647
0.2562274999873293
0.261734981199806
0.25560088497274647
0.25075046758387204
0.25708192866329055
0.2616161347428276
0.2547632774901991
0.25092489965345394
0.2579179267748773
0.26136327317054464
0.25396253130735275
0.25122282530223544
0.25871491604644337
0.2609830754480114
0.2532171722248785
0.2516376933742446
0.25945295508720195
0.2604855407093111
0.2525442092950401
0.2521603403701191
0.2601133016927918
0.25988366942501323
0.2519588206649183
0.2527791494375116
0.26067897112216304
0.25919304967728984
0.2514740832852175
0.25348025222061316
0.2611352615728419
0.25843136733954797
0.25110074447518616
0.25424777239406904
0.2614702189910707
0.2576178653277587
0.25084703542389003
0.25506411153750164
0.2616750181426841
0.2567727806275336
0.2507185282721155
0.25591028008055217
0.2617442437392029
0.2559167870950611
0.25071803904701284
0.2567662772825202
0.2616760621599243
0.25507046711551573
0.25084557846121047
0.2576115233746145
0.261472279383673
0.25425382753877523
0.2510983517254304
0.25842534324946614
0.2611382839312785
0.25348586713560395
0.25147080737913563
0.2591874945131652
0.26068287599850837
0.2527841962298288
0.2519547339982082
0.25987872454329314
0.26011798713506595
0.2521647053954268
0.2525394027726445
0.2604813335198811
0.25945829988271624
0.25164127925152907
0.25321175368105986
0.2609797154537504
0.25872078352359107
0.25122555261126883
0.25395662360922305
0.2613608484965708
0.2579241689655571
0.2509267083122704
0.25475701631762004
0.2616147093252976
0.2570883906046883
0.2507513178923468
0.2555944162516676
0.261734592750282
0.2562340239517865
0.2507032272636877
0.25644914987951545
0.2617173247246634
0.25538174435227556
0.25078348958165464
0.2573007983051167
0.2615633627292437
0.25455182524546055
0.25099034682615
0.25812866228711084
0.26127678132602683
0.25376368615067124
0.251319260538667
0.25891227518999166
0.2608651431705428
0.2530354931897436
0.2517629909817359
0.25963195160621366
0.26033925847711487
0.2523838100719333
0.2523117229825586
0.2602693512544045
0.25971284023659785
0.2518232955899767
0.25295323619555893
0.26080803157178134
0.25900206871778175
0.2513664442635191
0.2536731177865157
0.26123396003186045
0.25822508585148174
0.2510233686677242
0.2544550167705357
0.2615359592464342
0.2574014459288306
0.25080162400836503
0.2552809412099801
0.2617060634452788
0.25655155156849235
0.2507060768444867
0.2561316014527504
0.2617397719664896
0.2556961020460447
0.2507388202392748
0.25698680340250246
0.2616361918055729
0.2548555752667774
0.25089913717201606
0.2578258942753048
0.26139806581767216
0.25404975664161505
0.25118351307917786
0.2586282587694976
0.2610316860033244
0.25329732018387535
0.2515856972221494
0.2593738564301684
0.26054669374183276
0.252615461214026
0.2520968114775813
0.2600437827234957
0.2599557724379496
0.2520195770816781
0.25270550440357703
0.26062082916770357
0.2592742436185303
0.251522992102067
0.25339814837587615
0.2610900139210367
0.2585195844806536
0.25113672446737745
0.25415907846133257
0.26143905464534345
0.2577108914490063
0.2508692949924336
0.2549708734519089
0.2616587598909805
0.256868318246745
0.2507265792075376
0.25581468157571907
0.2617433219960521
0.25601251678059983
0.25071170504829454
0.25667059479249943
0.2616905013503363
0.2551641046475706
0.25082499821937915
0.2575180750306054
0.26150169717228267
0.254343175609959
0.2510639764974399
0.2583364323211627
0.26118190331168967
0.2535688611515166
0.25142339311077044
0.2591053484918605
0.2607395499807079
0.2528589443803474
0.2518953281746074
0.2598054319973331
0.2601862353302435
0.25222952343656824
0.25246932624832574
0.26041878161439114
0.2595363556184414
0.25169472040924173
0.2531325777311897
0.26092953138717817
0.25880664932335357
0.2512664328162367
0.25387014232545396
0.26132434796528603
0.2580156775183296
0.25095412673803985
0.2546652142587873
0.2615928545570513
0.25718326797894797
0.2507646725991818
0.25549943102446193
0.2617279618605121
0.2563299519250482
0.2507022256887029
0.256353229192612
0.261726093396597
0.2554764193146561
0.2507681536525839
0.2572062511515835
0.2615872986670626
0.2546430120178626
0.25096101257767806
0.2580378043547006
0.2613152515913655
0.2538492659776275
0.25127657224066813
0.258827369359908
0.2609171342537949
0.25311350588991127
0.2517078899171106
0.25955514533078533
0.2604034085917883
0.25245249072573994
0.25224543110717534
0.2602026134598453
0.25978748274073543
0.2518811062142134
0.25287723493765385
0.260753092261695
0.25908528479570525
0.251412100767995
0.2535891221656763
0.2611922558128043
0.25831476381693863
0.25105586315041684
0.25436494483332955
0.26150858756644124
0.25749534398947493
0.250820242242725
0.2551868785399874
0.2616937475997155
0.2566473608197807
0.2507104107095391
0.2560357603259987
0.26174283813378285
0.2557915068887711
0.2507287748466557
0.25689147616595626
0.2616545587386817
0.25494830924326967
0.25087493252605864
0.25773340084253193
0.26143124740846124
0.25413765262192417
0.25114568022972417
0.25854088878178855
0.2610788066698491
0.25337835465096903
0.25153506900233497
0.2592938075233204
0.2606065162837117
0.2526877929212835
0.2520345080300938
0.2599730972548929
0.2600267375076781
0.2520815805396257
0.2526329137540498
0.26056133243426394
0.2593545192403307
0.2515732862642025
0.25331690227525183
0.2610432571322969
0.2586071232484223
0.25117419676117686
0.2540710235726731
0.26140626564977104
0.2578034923920881
0.25089312061475044
0.2548780377289105
0.2616408040031092
0.25696369009886827
0.25073623546011237
0.25571923545825176
0.2617406744713461
0.25610833963457635
0.25070698045514217
0.2565748067631239
0.2617032323432739
0.2552580876639704
0.2508059962250056
0.25742426126842993
0.2615294695221443
0.25443310936523594
0.25103111365710196
0.25824690072288853
0.2612239831991537
0.253652664098969
0.251377391816715
0.2590223381535939
0.2607948302295583
0.252934703542996
0.25183720408511256
0.2597310501869014
0.26025327071407806
0.25229552975818875
0.25240037066670545
0.26035494105736295
0.2596134088896809
0.2517494991893947
0.25305433518279946
0.26087789110331616
0.25889174588827707
0.2513087694651236
0.25378438347470106
0.2612862608066592
0.25810666595044945
0.2509830878480447
0.25457390410326836
0.2615693240679346
0.25727788314391853
0.25077962214939087
0.2554046920651643
0.26171961030376784
0.25642587754982293
0.2507028361244847
0.2562572991287102
0.26173314202364784
0.2555713473746675
0.2507544116095436
0.25711143472651865
0.26160956073066427
0.2547346971772888
0.2509332191154944
0.2579464193861722
0.2613521382420784
0.2539355742459966
0.25123533758111743
0.25874168771699646
0.2609676732025624
0.2531924574120724
0.25165412281063976
0.25947733054327615
0.2604662750774989
0.2525222970575971
0.2521803230526959
0.26013465752216036
0.2598610417835834
0.2519402025397928
0.25280223951475206
0.260696754770243
0.2591676429603855
0.2514591733770605
0.25350592967359364
0.2611490086783387
0.2584038279253607
0.2510898722597933
0.25427545225852494
0.26147956815997797
0.2575888836615334
0.25084044003335876
0.25509315463666654
0.261679722476323
0.2567430715928831
0.25071635433589523
0.25594000539452877
0.26174417868065025
0.25588707104041086
0.2507203341676215
0.25679597609226734
0.26167122943315724
0.25504145221033536
0.25085229238156354
0.25764047523987704
0.2614628069391608
0.25422619384487166
0.2511093372079173
0.2584528336950851
0.2611244218990762
0.2534602525127225
0.25148582277520576
0.2592128340305983
0.26066498873803373
0.25276118401268366
0.2519734474506769
0.259901268225254
0.260096541612034
0.25214481370334996
0.25256139797167293
0.2605005004164975
0.2594338508153812
0.2516249518062418
0.25323653710020716
0.2609950066375999
0.25869395598929024
0.25121315100333486
0.2539836331872612
0.26137186287906505
0.2578956393734015
0.25091850572969016
0.2547856316194988
0.26162115645167683
0.25705886704550535
0.2507474943752843
0.2556239702142128
0.2617363020467188
0.256204226888596
0.2507038665660448
0.25647894228423157
0.2617142509016054
0.25535238842298413
0.2507885777068927
0.2573301110789272
0.26155558721114475
0.25452360267172713
0.250999772272183
0.2581567765858103
0.2612645096792746
0.25373725196351227
0.2513328162458637
0.2589384899768774
0.2608486985822285
0.2530114522643943
0.25178037793860597
0.2596556031483616
0.2603190714543997
0.25236270584921316
0.25233255541543337
0.26028983269811606
0.2596894348831861
0.25180560034605237
0.2529770482628955
0.2608248116041233
0.2589760461859322
0.25135255084145863
0.2536993717249817
0.2612465996326532
0.2581971058048771
0.2510135836586732
0.25448311249894956
0.2615441256780625
0.2573722070049731
0.2507961624313453
0.25531022747169146
0.26170954086053055
0.25652177184010916
0.25070505840327667
0.25616138863218973
0.26173846825895275
0.2556665003381472
0.2507422672315863
0.2570163781435238
0.2616301415198581
0.25482685393133636
0.2509069740993729
0.2578545359227884
0.26138742905901474
0.25402258610107126
0.2511955679669854
0.2586552574454637
0.2610167433679144
0.2532723253059412
0.25160170461841325
0.25939853227540494
0.26052783738698343
0.2525932094251199
0.25211641706505455
0.2600655055542886
0.2599334935710396
0.25200056807656607
0.2527282711447141
0.2606390375955901
0.25924911691009384
0.2515076490390012
0.2534235641238418
0.26110423292234314
0.2584922501547289
0.2511253866089242
0.25418656501816733
0.26144891066057063
0.25768203599688605
0.2508622118214574
0.25499979712687365
0.261663992742365
0.25683865477815054
0.2507239060899567
0.25584436536413196
0.2617437931606777
0.25598276593816277
0.25071350052237884
0.2567003323157123
0.2616861983429795
0.2551349767896224
0.2508312229719379
0.25754714631056613
0.2614927339394512
0.25431535467954836
0.2510744940515559
0.2583641212896074
0.2611685166292048
0.25354299037733247
0.2514379722084116
0.25913096187338513
0.26072209193226853
0.25283561376182756
0.25191364679986744
0.2598283189151557
0.26016516207801477
0.25220925887782525
0.2524909772135023
0.2604383530275176
0.2595122128812358
0.2516779743723558
0.2531570757498582
0.2609452783499225
0.25878005522573355
0.25125357642607643
0.2538969325321682
0.2613358577380577
0.25798730369663797
0.25094544334462454
0.2546936822003822
0.2615998237704501
0.25715381995082087
0.25076035285754805
0.2555289142213934
0.2617302061781401
0.2563001496988475
0.25070236423677383
0.25638303041175725
0.26172355335759845
0.2554469790376179
0.2507727474571067
0.2572356535009468
0.26158004156360976
0.25461462918980454
0.2509699609872967
0.2580660881764473
0.2613034693436089
0.25382260047034044
0.2512896787448395
0.2588538306649106
0.2609011373250468
0.2530891687843865
0.2517248655694966
0.2595791152297089
0.2603836160973654
0.2524310328520389
0.25226589954207895
0.2602234777774878
0.25976440908259724
0.25186300825349045
0.25290073889929243
0.26077031035168236
0.259059523393081
0.2513977648223598
0.2536151314927445
0.26120537756944173
0.25828696874448037
0.25104560576026386
0.25439286589707666
0.26151726775926154
0.2574662105007813
0.2508142888950862
0.25521606520823814
0.2616977568828403
0.25661760576248727
0.25070889191435314
0.2560655265850123
0.2617420703289907
0.255761849890574
0.25073172385791176
0.25692111053307226
0.2616490341914843
0.2549194553026884
0.2508822847600285
0.25776218260834804
0.2614211123459683
0.2541102764467819
0.25115727439440283
0.25856810592112184
0.26106432857291334
0.25335308683086205
0.2515506499109601
0.25931877583887186
0.26058807537900336
0.2526652078533717
0.25205373103660045
0.2599951800321837
0.2600048146370517
0.2520621859661629
0.25265535073028705
0.2605799596721407
0.25932968058523054
0.25155751430476475
0.253342049059957
0.2610579433347084
0.2585800026359228
0.25116239639126964
0.25409830886640383
0.2614166252415769
0.2577747721122693
0.2508855516135544
0.2549068334794521
0.2616465636314028
0.2569340812475972
0.25073306389597294
0.2557488688507759
0.26174168170224743
0.2560785629249342
0.25070827578922245
0.2566045739571908
0.26169946048730525
0.2552288554408195
0.25081173009664653
0.2574534429680253
0.261521018476625
0.25440510927370075
0.2510411603800021
0.25827477950401057
0.2612110762911877
0.2536265445799684
0.2513915305738735
0.25904821722066046
0.2607778071259497
0.2529110611246326
0.25185512277200295
0.2597542729383319
0.2602325765907324
0.2522748980122716
0.2524216713064647
0.2603749105909351
0.2595895802500638
0.25173233921939203
0.25307854083578457
0.2608940886578525
0.25886539366629124
0.25129546184945023
0.25381094659637726
0.26129826215714186
0.2580784567625843
0.2509739260369803
0.25460221636711405
0.2615768130517602
0.25724851969073215
0.2507748073711288
0.25543409574150355
0.2617223888953395
0.25639607915444423
0.250702473880195
0.2562871001590058
0.26173113661437414
0.2555418314830166
0.2507585098299256
0.25714091761185653
0.26160282445376
0.254706162379571
0.25094168802201317
0.2579748638867195
0.2613408492950397
0.2539086850899234
0.25124799125530495
0.258768387135611
0.26095212920060923
0.25316783104089996
0.25167068243427526
0.25950161108110215
0.26044688357598955
0.25250049156666454
0.2522004217499591
0.2601558979193797
0.2598383072779578
0.25192170690959464
0.25282542871570723
0.2607144052611905
0.2591421509056598
0.2514443988811748
0.25353168693718675
0.2611626082521504
0.2583762265619694
0.2510791453189444
0.2543031905457193
0.2614887592317365
0.25755986461276187
0.2508339965533246
0.25512223309781895
0.26168426229296915
0.25671335024479364
0.2507143356041549
0.2559697417983261
0.26174394703428616
0.255857367604821
0.25072278438713447
0.25682566103327503
0.26166623246213494
0.2550124741359296
0.250859157897535
0.2576693881793617
0.26145317693435727
0.2541986199516342
0.2511204674462643
0.2584802607013695
0.26111041311910976
0.25343471896094844
0.25150097287008033
0.2592380868156443
0.2606469693263935
0.2527382720392603
0.2519922825021942
0.2599237037859299
0.2600749818528242
0.25212503898566335
0.2525834988544762
0.26051954036295333
0.2594093081781964
0.251608755330888
0.25326140775005307
0.26101015519540355
0.2586670576627298
0.2512008913828213
0.25401070933327596
0.2613827226121259
0.2578670631989478
0.25091045298283976
0.25481429099812314
0.26162744094121926
0.25702932186388583
0.25074382523649796
0.2556535443725531
0.261737845008488
0.25617443325744055
0.250704661404123
0.2565087301152819
0.26171101145244313
0.25532306046881226
0.25079381911994014
0.2573593941862356
0.26154765115954925
0.2544954315599816
0.2510093453920802
0.2581848364253824
0.2612520868145746
0.2537108911881956
0.25134651074489484
0.25896462647910956
0.26083211601818423
0.2529875047439969
0.25179789169158556
0.2596791542324204
0.2602987632022423
0.2523417127040931
0.25235349974299703
0.26031019383274073
0.2596659280183335
0.251788031220079
0.2530009546769281
0.2608414544190079
0.258949944215581
0.25133879568376466
0.2537257001248868
0.26125908858749636
0.25816907007896656
0.2510039459558622
0.2545112608273224
0.26155213194368154
0.2573429371621795
0.25079085394075684
0.2553395429124656
0.2617128528010009
0.2564919862858643
0.25070419546617556
0.2561911804880205
0.261736998147131
0.2556369176039684
0.2507458687408811
0.25704593251812147
0.2616239283089442
0.2547981755074396
0.25091496116905954
0.25788313222402576
0.26137663715294196
0.253995481043729
0.25120776531135836
0.25868218651161967
0.2610016574147062
0.2532474166748876
0.25161784360815037
0.2594231156453107
0.2605088532185345
0.252571062454898
0.25213614039404353
0.260087115122164
0.2599111055751433
0.2519816799393421
0.2527511390269356
0.2606571146937693
0.25922390234873577
0.2514924400902083
0.2534490619546594
0.261118305819388
0.258464851189861
0.25111419307856325
0.2542141124833331
0.26145860956051464
0.25765314037460757
0.2508552799825348
0.2550287588149112
0.26166906158186526
0.2568089761848917
0.25072138797651944
0.25587406300416715
0.2617440977498816
0.2559530249490134
0.2507154512766449
0.25673005878072513
0.2616817306106484
0.2551058831044644
0.2508375998798333
0.25757618145527
0.2614836121876876
0.2542875910547414
0.25108515728991676
0.2583917495151653
0.2611549817928456
0.25351719839030906
0.2514526872857582
0.2591564910481771
0.26070449992395517
0.25281238135601825
0.25193208863538197
0.2598510999907348
0.26014397243592075
0.25218910955135193
0.25251273577599265
0.26045779945198505
0.2594879741432176
0.25166135788250926
0.2531816631815181
0.26096088426834
0.2587533877018662
0.2512408609443347
0.25392379171860213
0.261347214012839
0.2579588805324499
0.25093690907056987
0.2547221968144763
0.26160663103151705
0.2571243474894078
0.2507561871529447
0.255558420341729
0.26173228435699625
0.2562703481144144
0.25070265836041206
0.2564128298573893
0.26172084739360496
0.25541756403095
0.2507774949696791
0.25726502899014886
0.2615726231424129
0.25458629526230575
0.2509790578640672
0.25809432027925805
0.26129153463315863
0.253796006007495
0.25130292519335995
0.2588802162831945
0.26088500075499627
0.2530649229545542
0.25174196950973016
0.2596029870496124
0.2603637003402524
0.25240968420290405
0.2522864816767678
0.2602442238730397
0.25974123157643314
0.25184503486631976
0.2529243392945781
0.2607873929532694
0.25903367998430976
0.25138356593211686
0.25364121761290914
0.2612183499961023
0.2582591152703426
0.2510354948237744
0.25442084209404425
0.26152578864699166
0.25743704329248296
0.25080848815254436
0.2552452837408187
0.26170160106973517
0.2565878420734979
0.25070752852159434
0.2560953003010565
0.2617411360041479
0.2557322091225209
0.2507348276659021
0.2569507273459653
0.2616433461126543
0.25489064165281716
0.2508897877926171
0.25779092180136437
0.2614108210581415
0.254082963310041
0.2511690120370239
0.25859525611029643
0.26104970564306734
0.2533279030353567
0.2515663637817732
0.2593436541480922
0.26056950475675844
0.2526427256446488
0.2520730734769484
0.2600171517499652
0.2599827804052003
0.2520429105983674
0.25267789083411774
0.2605984574491048
0.2593047515864321
0.2515418751235378
0.25336728017316973
0.26107248490758017
0.25855281471046604
0.25115073936271376
0.2541256575324269
0.2614268287516737
0.2577460088818751
0.25087813332414644
0.25493566987821287
0.2616521598073754
0.2569044544595359
0.2507300470930125
0.25577851884727515
0.26174252242558793
0.25604879329449054
0.2507097265420723
0.25663433290143983
0.2616955234803813
0.25519965471753586
0.25081761664133834
0.2574825913287262
0.2615124080058027
0.2543771639719497
0.251051353674944
0.2583026002530165
0.2611980198713594
0.25360050153835645
0.25140580655316574
0.259074014629588
0.2607606482961848
0.2528875148577599
0.2518731662446584
0.25977739215781936
0.2602117639592505
0.25225437972255055
0.25244308142479255
0.2603947571361831
0.2595656532061115
0.25171530733646386
0.2531028380558085
0.26091014679504754
0.2588389654029961
0.25128229402364954
0.2538375810859661
0.26131011121133896
0.258050195482347
0.25096491258756953
0.2546305778810723
0.2615841408213945
0.25721912899544075
0.2507701462462345
0.2554635250569052
0.26172500159933204
0.25636627860490774
0.2507022672085632
0.25631690221098935
0.2617289650364274
0.255512338144407
0.2507627621362521
0.25717037644617846
0.2615959261282488
0.2546776739022922
0.25095030614777475
0.2580032594196638
0.2613294066904105
0.25388186458686124
0.2512607859870197
0.25879501348519707
0.26093644393648685
0.25314329378750083
0.2516873718006961
0.259525795947215
0.26042736681669054
0.2524787934146265
0.2522206359184819
0.26017702221764377
0.25981546661820487
0.25190333427256123
0.25284871640744305
0.26073192203583045
0.25911657429925766
0.25142976019300267
0.2535575233001625
0.261176059860549
0.2583485640880202
0.2510685639384284
0.254330986479162
0.26149779191190564
0.25753080904876463
0.2508277051549513
0.2551513460942287
0.261688637446821
0.2566836174562835
0.2507124721304433
0.2559994884321537
0.2617435488075539
0.2558276776456933
0.2507253896405486
0.2568553312321098
0.2616610714073112
0.25498353371488114
0.2508661748267074
0.2576982613274931
0.26144338967765596
0.25417110662986137
0.2511317421438242
0.2585076234337011
0.26109625803791187
0.2534092671844761
0.25151625725804144
0.2592632520884966
0.2606288183340074
0.25271546093429476
0.25201123864500563
0.2599460305238116
0.2600533085335812
0.2521053817766044
0.2526057048200815
0.26053845275791193
0.2593846727318089
0.25159269025991005
0.2532863649469663
0.26102516064509507
0.2586400893658904
0.25118877407684426
0.2540378512933223
0.2613934273483474
0.25783844130163697
0.25090255028582636
0.2548429936434975
0.26163356259223647
0.25699975593332686
0.25074031057335144
0.25568313787700486
0.26173922158600144
0.25614464392387093
0.25070561175683925
0.2565385125018852
0.2617076064812526
0.2552937613273487
0.25079921368163627
0.257388646755929
0.2615395548289124
0.2544673127020579
0.2510190659310353
0.2582128409569692
0.2612395131286927
0.2536846045552043
0.25136034366974636
0.2589906838937785
0.260815396004837
0.252963651284122
0.2518155317698042
0.25970260412519425
0.2602783343599357
0.25232083120553234
0.2523745553976885
0.26033043401741307
0.2596423203739926
0.251770588684463
0.2530249547833192
0.260857959488151
0.2589237636087511
0.25132517915809865
0.2537521022567894
0.261271426497541
0.2581409795220862
0.25099445581582747
0.25453946096464014
0.261559977786594
0.25731363727139617
0.2507856986775435
0.25536888669527996
0.2617159991602848
0.2564621957767044
0.25070348805607096
0.2562209761549699
0.2617353616782697
0.25560735469365825
0.25074962467158995
0.2570754656527555
0.26161755237223744
0.25476954080581526
0.25092309816872155
0.25791168231918515
0.2613656904447107
0.2539684422244989
0.25122010478686113
0.258709045145231
0.26098642862381916
0.2532225949755138
0.2516341137584978
0.2594476057781234
0.26048974183614065
0.2525490209056754
0.2521559809317614
0.2601086107495206
0.2598886091504028
0.251962913179251
0.2527741074268013
0.26067505989006234
0.25919860071324474
0.25147736566301776
0.2534746411652488
0.261132232163631
0.25843738842001435
0.25110314417464624
0.2542417200869348
0.2614681510345898
0.25762420544745274
0.25084849965985095
0.25505775769410033
0.26167396624672135
0.25677928334044997
0.2507190249340292
0.2559037736388087
0.26174423575387396
0.2559232946733031
0.25071755725934514
0.2567597733145959
0.26167709829683133
0.25507682441946694
0.2508441287736725
0.2576051795971344
0.2614743322092265
0.25425988551291395
0.251095965928443
0.25841931615856917
0.2611412992343116
0.25349148590277515
0.25146753794898685
0.25918193522910626
0.2606867745131576
0.2527892477971363
0.25195065318441284
0.2598737745126659
0.2601226670692804
0.2521690760020151
0.2525346013447664
0.26047712027423103
0.25946364015670326
0.25164487138572744
0.2532063393512109
0.2609763486461708
0.2587266475680537
0.2512282867104633
0.25395071913800915
0.2613584164265144
0.2579304088821976
0.2509285241428593
0.25475075729657437
0.2616132761218446
0.2570948514677618
0.2507521755959294
0.25558794853934386
0.2617341963302972
0.2562405480392273
0.2507031080518159
0.25644262666009277
0.26171797559156346
0.2553881751363006
0.25078239606427705
0.25729437674701805
0.2615650436414067
0.2545580110331405
0.2509883029659465
0.2581224998106166
0.2612794478413969
0.25376948332715593
0.2513163112323847
0.25890652540551484
0.26086872505631986
0.2530407690649897
0.2517592012783071
0.2596267600483382
0.2603436619480583
0.25238844535752003
0.2523071769540449
0.26026485109423814
0.25971795094491334
0.2518271865363595
0.2529480354783408
0.26080433952465976
0.25900775536474235
0.25136950447700757
0.2536673798044993
0.2612311726787326
0.2582312042388681
0.25102553061018584
0.25444887263937666
0.26153414995652846
0.25740784323414906
0.2508028401691458
0.25527453330501537
0.26170528003691346
0.2565580706248332
0.2507063205674266
0.2561250806110675
0.2617400351892829
0.25570258543805946
0.250738086188275
0.2569803257309609
0.26163749468478886
0.254861869109655
0.2508974414243984
0.2578196175590707
0.2614003738743719
0.25405571397361076
0.2511808928445665
0.2586223385212371
0.2610349383460196
0.25330280395775256
0.25158221019359955
0.259368441681217
0.26055080500413585
0.2526203469072249
0.2520925348291101
0.26003901172011146
0.259960635502061
0.2520237549563773
0.25270053345173654
0.2606168251802054
0.25927973301506824
0.25152636913964704
0.25339259492012384
0.2610868813877412
0.25852556030102974
0.25113922598635596
0.25415306880763094
0.26143687585345604
0.257717203563854
0.25087086594369146
0.25496454610829655
0.2616575923513738
0.25687481060835443
0.2507271851312737
0.2558081845937522
0.2617431966143481
0.25601903160589806
0.25071133267521145
0.2566640827236922
0.2616914214489678
0.25517048632605804
0.2508236557027515
0.257511705481236
0.26150363838563556
0.25434927424374343
0.25106169327048006
0.2583303621262943
0.26118481435636093
0.2535745356944299
0.25142021937275155
0.2590997295862243
0.2607433542843978
0.2528640653859322
0.251891334017469
0.2598004071243464
0.2601908334738594
0.25223397544440046
0.25246460044073465
0.2604144800675671
0.25954162850151696
0.25169840399811944
0.25312722617674205
0.2609260650046497
0.2588124619087116
0.25126926633943364
0.2538642862041
0.261321807590573
0.2580218829628613
0.250956047739622
0.25465898784635566
0.26159130714179973
0.25718971193037066
0.25076563889843606
0.2554929791690393
0.2617274483317949
0.256336476770362
0.25070221611507243
0.2563467044168759
0.2617266273595924
0.2554828682043168
0.2507671684156656
0.2571998103565421
0.2615888659754497
0.25464923254896465
0.2509590732635547
0.2580316051291336
0.2613178107940353
0.25385511348227996
0.25127372143466636
0.2588215659504797
0.26092061790891324
0.25311884632530196
0.2517041904618681
0.2595498843907876
0.26040772541527346
0.2524572031907627
0.2522409650115577
0.2601980297535557
0.25979252051742713
0.2518850851234946
0.2528721019541061
0.26074930453907535
0.25909091392955536
0.2514152577042806
0.25358343804879335
0.26118936307444623
0.2583208413435584
0.25105812840012326
0.25435883928035347
0.26150666591108723
0.2575017178374415
0.2508215660053532
0.255180492797717
0.26169284779736063
0.25665387410017765
0.2507107639641929
0.2560292444354112
0.2617429840132539
0.25579800201953096
0.25072814985874914
0.25688498581524327
0.2616557464344012
0.2549546317682459
0.2508733429826282
0.25772709381938125
0.2614334454824486
0.25414365464827376
0.2511431610000615
0.25853492105896997
0.2610819571065895
0.253383897884942
0.25153167552969646
0.2592883290716869
0.2606105363352992
0.25269275131955166
0.2520303153679598
0.25996824774052363
0.2600315223337607
0.25208584260708666
0.2526280152644578
0.26055723700388733
0.2593599452393959
0.2515767570241345
0.25331140800465696
0.261040022509061
0.25861305192245687
0.2511767994086751
0.25406505831125986
0.26140397674523613
0.2578097745417852
0.2508947978487492
0.25487173874396407
0.26163952120825384
0.25697017012740714
0.2507369504791072
0.25571274987683107
0.2617404317350198
0.25611485975278725
0.2507067175989876
0.2565682885728939
0.2617040360974243
0.2552644918348743
0.250804761248748
0.2574178679172863
0.2615312984788026
0.2544392468879036
0.2510289336302915
0.2582407893329155
0.2612267890231424
0.25365839279263036
0.2513743146506441
0.2590166614200097
0.260798539072843
0.25293989253751237
0.25183329769888624
0.2597259520963355
0.26025778557035023
0.2523000619192871
0.2523957218087576
0.2603505526148658
0.2596186126849402
0.251753273208094
0.25304904792491917
0.2608743262875144
0.2588975051694749
0.2513117016283525
0.2537785773888746
0.2612836129686984
0.2581128349837491
0.25098511349114866
0.25456771211802215
0.2615676629552237
0.25728430820393594
0.25078069677857306
0.25539825798182586
0.26171897983729536
0.25643240118318555
0.2507029361917265
0.2562507747671375
0.2617335589049608
0.25557781245629013
0.25075353492404373
0.25710497667399107
0.26161101391435027
0.2547409506355077
0.25093138488200095
0.2579401853493345
0.26135458928447824
0.2539414703960766
0.25123258606421994
0.25873583252529125
0.2609710574798093
0.253197860889943
0.2516505146329861
0.2594720019146339
0.26047050384328746
0.2525270853766942
0.2521759381421093
0.2601299917620885
0.2598660050000713
0.25194426830212807
0.2527971757179132
0.2606928726163114
0.2591732127847232
0.25146242616107395
0.25350030104998766
0.26114601151111905
0.2584098626806355
0.2510922401916278
0.25426938705701585
0.26147753477721686
0.25759523208136303
0.2508418710335499
0.2550867929410108
0.26167870657943787
0.25674957711818697
0.2507168170251742
0.25593349641016117
0.2617442071682202
0.25589357597034995
0.2507198184146148
0.25678947504421
0.2616723015502944
0.25504780156053086
0.2508508094800157
0.25763413986917805
0.26146489430133446
0.254232238829413
0.25110691967914844
0.2584468203819723
0.26112746938992765
0.2534658536245447
0.25148252380057484
0.2592072936312938
0.2606689162613346
0.25276621371646374
0.2519693399467944
0.25989634177259635
0.2601012466468
0.25214915877138827
0.25255657332569764
0.2604963148844718
0.2594392116766231
0.2516285153244445
0.2532311035812758
0.260991670991549
0.2586998356423885
0.25121585406008745
0.2539777140413963
0.2613694646208378
0.25790188960327237
0.25092028878448003
0.25477936284046016
0.26161975882821337
0.2570653327590961
0.25074831829296346
0.25561749796699246
0.2617359420366008
0.25621075034018537
0.2507037132990588
0.25647241995001047
0.2617149380437466
0.2553588131940733
0.250787450610795
0.2573236958996913
0.2615573033036672
0.25452977729825116
0.25099769604692423
0.2581506259191207
0.2612672093544987
0.25374303316504354
0.2513298365042848
0.25893275722457143
0.2608523107459837
0.2530167077774796
0.2517765604121871
0.25965043348649014
0.26032350155204287
0.25236731689190217
0.2523279848134873
0.26028535879234027
0.2596945679136152
0.2518094637437786
0.25297182680255537
0.26082114952823754
0.25898175033182674
0.25135558083302534
0.25369361734342105
0.26124384520799
0.2582032364956637
0.25101571338479334
0.25447695674629367
0.26154235141985716
0.25737861119579813
0.2507973450948685
0.2553038130667624
0.2617087936661919
0.2565282922881991
0.25070526808389004
0.2561548666512786
0.2617387679197746
0.25567297968962877
0.2507414993385719
0.25700990481440716
0.2616314800957138
0.2548331384875767
0.2509052454519277
0.25784826901976693
0.2613897711289907
0.25402852919723684
0.2511929165001495
0.2586493523275046
0.2610200271519709
0.2532777902887169
0.2515981887216282
0.25939313767094435
0.26053197671219547
0.2525980722501741
0.25211211456770927
0.2600607592577442
0.25993838062076313
0.2520047195569519
0.25272327796633703
0.26063506228443967
0.25925462564467283
0.25151099676855726
0.2534179926034606
0.26110113231655
0.2584982402381636
0.2511278565691641
0.2541805419267857
0.261446766225284
0.25768835702190085
0.2508637496653236
0.25499346135123135
0.2616628610889867
0.2568451505676831
0.25072447808668596
0.2558378652352546
0.2617437042468593
0.25598927872104843
0.25071309414603615
0.2566938225515113
0.26168715452482216
0.25514135109691866
0.2508298471204949
0.25754078455676704
0.2614947098971464
0.25432144087086994
0.2510721788912338
0.2583580642815563
0.26117146016755977
0.2535486477660189
0.2514347686470614
0.25912536129857255
0.2607259256388587
0.25284071334981023
0.25190962560136
0.2598233171198568
0.26016978579225275
0.2522136857299376
0.252486227770197
0.2604340787632457
0.2595175068826753
0.2516816296583052
0.253151704529702
0.2609418427807353
0.2587858839956398
0.2512563791447089
0.25389106120910554
0.2613333509209863
0.2579935200583015
0.25094733172896394
0.25468744546238725
0.26159831178309484
0.2571602693680947
0.2507612854473697
0.25552245723437755
0.2617297290141063
0.25630667451945516
0.250702320601077
0.2563765059083517
0.2617241236589864
0.2554534225070501
0.2507717285512145
0.2572292184702192
0.26158164422184993
0.25462083912133127
0.2509679891361407
0.2580599001602721
0.26130606197659717
0.25382843251935994
0.25128679725283665
0.25884804371802833
0.26090465162095905
0.2530944893249891
0.25172113796618384
0.2595738756636576
0.2603879599911388
0.252435721481224
0.2522614084792095
0.26021891986715123
0.259769469691723
0.2518669599537408
0.2528955847169354
0.26076655221994416
0.2590651705871214
0.25140089180302344
0.2536094304668688
0.2612025174694068
0.25829305916999024
0.25104783898198274
0.2543867481688018
0.2615153809449329
0.25747259184723553
0.25081557926758613
0.2552096723786756
0.26169689320935396
0.2566241210490733
0.25070921115071293
0.2560590089467088
0.2617422526695375
0.2557683415819073
0.25073106496850567
0.2569146239090742
0.2616502577143692
0.25492576911552556
0.2508806621748088
0.2577558847908458
0.26142334466710804
0.2541162647734904
0.2511547237105542
0.25856215274559946
0.26106751078080204
0.2533586117614052
0.25154722727198287
0.2593133169901097
0.26059212390866987
0.25267014381380665
0.25204951215651433
0.2599903547408454
0.26000962393609933
0.25206642200468465
0.25265042958052314
0.2605758925072621
0.25933512646663337
0.25156095605075945
0.253336536234185
0.2610547403141535
0.2585859461577866
0.25116496769772995
0.25409232962876327
0.2614143704652187
0.2577810637805542
0.2508871958776918
0.25490052548621545
0.261645316598013
0.25694056531975956
0.2507337450429208
0.2557423795202565
0.26174147541665005
0.2560850816084147
0.2507079789012358
0.2565980574568115
0.2617003004156569
0.25523525282634185
0.25081046167396887
0.2574470567999981
0.2615228823738895
0.2544112349055624
0.2510389482271422
0.25826868070678954
0.26121391490416823
0.25363225662615985
0.25138842331405536
0.259042558258984
0.26078154575706664
0.2529162291540694
0.2518511890009533
0.25974919741836333
0.2602371174799103
0.25227940540789995
0.2524169984022692
0.2603705489914467
0.25959480568875215
0.2517360852563354
0.2530732334417715
0.2608905542973195
0.258871169703769
0.2512983634546413
0.2538051247869615
0.26129564761164953
0.25808463731462045
0.2509759192304425
0.25459601349272987
0.2615751872031203
0.25725495083145544
0.2507758483766327
0.2554276559325191
0.2617217947362635
0.2564026033754532
0.2507025398877788
0.2562805754580077
0.26173158988513834
0.2555482917398446
0.2507575993944722
0.2571344647085143
0.261604313145093
0.2547124058038639
0.25093982108853546
0.2579686404564581
0.2613433340272894
0.25391456630893156
0.2512452088103231
0.25876254783253927
0.26095554447165237
0.25317321509761254
0.25166704579154
0.25949630329820234
0.2604511398472715
0.252505256464115
0.2521960114856769
0.2601512574889438
0.2598432938304909
0.2519257458103918
0.2528203432709169
0.26071055230839135
0.2591477393465649
0.25144762198433035
0.25352604090071396
0.26115964342249487
0.2583822748086324
0.25108148142006137
0.25429711261956245
0.26148676048782765
0.2575662211429202
0.2508353942797306
0.2551158637307093
0.2616832824277847
0.25671985839132727
0.25071476430852396
0.2559632304594574
0.26174401199383796
0.2558638696986245
0.250722234682469
0.25681916309628966
0.2616673405250742
0.2550188153520762
0.2508576418213733
0.2576630614050325
0.26145529876630014
0.254204651777549
0.25111801825013785
0.25847426134896173
0.26111349270062967
0.2534403022629106
0.2514976444392985
0.2592325654721259
0.2606509257339979
0.2527432797423424
0.2519881484189314
0.2599188010652379
0.2600797118405552
0.2521293583977469
0.25257865112156364
0.2605153826767131
0.2594146894605029
0.25161229013749964
0.2532559551913486
0.2610068508170112
0.2586729527447357
0.2512035633250027
0.2540047756775247
0.2613803582424384
0.2578733235540098
0.2509122032144207
0.25480801263819836
0.2616260789425947
0.25703579223677164
0.2507446153464098
0.25564706777631313
0.2617375214198054
0.25618095588359846
0.25070447408608726
0.25650220885684966
0.26171173484774884
0.25532947904341957
0.2507926584750438
0.2573529855766231
0.2615494023774053
0.25450159485174334
0.2510072368570216
0.2581786977544938
0.2612548195634227
0.25371665625453127
0.2513435006476464
0.2589589109350223
0.2608357583452323
0.2529927397510213
0.2517940464447934
0.25967400662744705
0.26030321978710397
0.25234629937889613
0.2523489046914457
0.2603057463221364
0.2596710832110092
0.25179186696525646
0.2529957126163408
0.2608378224305783
0.2589556656850936
0.2513417953724154
0.2537199295031577
0.26125636717925027
0.2581752128875874
0.2510060434089496
0.2545050936260928
0.2615503927740565
0.25734934804788706
0.25079200307562177
0.2553331221906452
0.26171214184469244
0.25649850793497836
0.25070437109890087
0.2561846575572267
0.2617373342363509
0.25564339272865344
0.25074506702622706
0.257039463722683
0.2616253025384788
0.2548044505993288
0.2509131996677417
0.25787687532257497
0.2613790131612623
0.2540014097384997
0.2512050826830312
0.2586762967043088
0.2610049725356054
0.25325286271628467
0.2516142989374127
0.2594177413524495
0.2605130204758869
0.25257590227953514
0.2521318121640217
0.26008239368124686
0.25991601645761536
0.25198580491347317
0.25274612375811345
0.26065316818476686
0.25922943025116857
0.2514957584220744
0.25344347252323157
0.2611152372399057
0.2584708553539769
0.2511166314142282
0.2542080761225453
0.2614564995504915
0.257659470120446
0.25085678467814754
0.25502241478697646
0.2616679658510498
0.25681547521110476
0.25072192603106797
0.2558675599158839
0.2617440453068067
0.25595953550106704
0.25071501090782206
0.25672355151221565
0.26168272284499305
0.25511224985924147
0.25083619073011887
0.25756982768705633
0.261485622826419
0.2542936646331427
0.25108281025790274
0.258385705877857
0.2611579577309916
0.2535228384684866
0.2514494539868005
0.2591509089768103
0.26070836291196203
0.2528174593871613
0.2519280405037959
0.25984612142927455
0.26014862157557817
0.25219351112802013
0.2525079628259511
0.2604535526050931
0.2594932890986693
0.25166498476740534
0.2531762724430575
0.2609574796217238
0.2587592324778511
0.2512436327835779
0.2539179053570123
0.261344740833554
0.25796510762387964
0.25093876478744137
0.25471594992681224
0.2616051545205651
0.25713080218142165
0.2507570860085834
0.25555195840820794
0.26173184357297896
0.2562768727203262
0.2507025806638063
0.25640630581659163
0.26172145401506125
0.25542400189573017
0.2507764424218583
0.25725859991471617
0.26157426109910276
0.25459249441936055
0.2509770535283387
0.25808814365926025
0.2612941606136112
0.2538018224389884
0.25130001309231675
0.2588744459762818
0.26088854558003777
0.2530702234545053
0.2517382138584728
0.259597769020353
0.26036807116740274
0.2524143488690313
0.252281965768201
0.2602396919019229
0.259746314860171
0.25184895925118933
0.252919164054275
0.26078366453158375
0.2590393450646988
0.2513866628735241
0.2536354998357097
0.26121552262566616
0.2582652184100642
0.25103769595803765
0.2544147123620392
0.26152393673415714
0.25744343194711516
0.25080974510064924
0.2552388840060863
0.26170077355286014
0.2565943591753246
0.2507078137311936
0.2560887811038906
0.2617413547999111
0.2557386971874527
0.2507341348924783
0.2569442446399558
0.26164460542342827
0.2548969465746566
0.2508881322087328
0.25778463337844554
0.2614130875549819
0.25408893777001934
0.2511664299670039
0.25858931766357673
0.26105291952074966
0.25333340951033884
0.2515629120681797
0.2593382150710526
0.2605735816364817
0.25264763903283993
0.2520688284927505
0.26001235083274155
0.25998761402659504
0.2520471204936286
0.25267294715816135
0.2605944186783138
0.2593102171816733
0.2515452877633505
0.25336174894397934
0.2610693135917127
0.25855877289888496
0.2511532792595673
0.2541196644853436
0.26142460817565916
0.2577523098799263
0.25087974457472145
0.25492935305531844
0.26165094857548293
0.2569109423840478
0.2507306943498427
0.2557720259544949
0.26174235259735035
0.2560553103542822
0.2507093956301295
0.2566278182818228
0.26169639955595503
0.255206045135356
0.25081631480592537
0.25747621253419845
0.261514306783936
0.25438327754115636
0.2510491094549397
0.2582965142334164
0.26120089118273176
0.25360619677905705
0.25140266928270066
0.2590683736139712
0.2607644165965611
0.2528926617808402
0.2518692051946392
0.25977233936669647
0.26021633073856953
0.25225886223068816
0.25243838460112056
0.26039042251714745
0.2595709001257754
0.2517190252910153
0.2530975106711326
0.2609066430020713
0.25884475801960394
0.25128516499329645
0.253831743714525
0.26130753004186374
0.2580563873664878
0.2509668732783589
0.25462436429219226
0.2615825502889724
0.2572255660259265
0.2507711536004285
0.2554570797065289
0.26172444376674503
0.25637280322321515
0.25070229915473974
0.25631037736048234
0.26172945468207853
0.25551879339118444
0.25076181797500907
0.2571639288831664
0.261597450279467
0.25468390711651084
0.2509484065639673
0.2579970467834932
0.2613319250330631
0.25388773071128684
0.25125797268823313
0.2587891902494964
0.2609398900927243
0.25314865827525695
0.2516837067904942
0.2595205091747953
0.2604316504591757
0.2524835347610023
0.25221620041976195
0.2601724072625427
0.25982047635106414
0.2519073462030327
0.25284360945352496
0.2607280984062402
0.2591221811844236
0.25143295352904127
0.2535518600067525
0.26117312746302174
0.25835462564234135
0.2510708681465935
0.25432489599853325
0.2614958278708833
0.2575371734993136
0.2508290695704453
0.2551449692367928
0.26168769364480826
0.2566901280329275
0.2507128668385318
0.2559929749270954
0.261743650237001
0.2558341767157212
0.25072480599880875
0.25684883659743396
0.2616622153804742
0.2549898666170155
0.25086462561621603
0.25769194333898393
0.26144554591142205
0.2541771251285706
0.25112926134562086
0.25850163822460065
0.26109936961194635
0.2534148325226222
0.2515128994602508
0.2592577499712952
0.26063280350068635
0.2527204465001546
0.25200707809382067
0.2599411516884059
0.26005806332596015
0.25210967541605284
0.25260083413207013
0.260534323048785
0.25939007426842875
0.2515961962601242
0.2532808934983904
0.2610218876395247
0.258645999696695
0.25119141483316565
0.2540319032929414
0.26139109694284135
0.2578447115936504
0.2509042676476654
0.2548367058801694
0.2616322362621634
0.2570062307742583
0.25074106685453046
0.25567665711786514
0.26173893442915425
0.2561511655351502
0.25070539039272266
0.25653199250992204
0.2617083661064823
0.2553001735222051
0.2507980195187577
0.25738224490662814
0.26154134111595495
0.25447346448585534
0.2510169251423023
0.25820671446762816
0.2612422788638914
0.2536903533266176
0.25135730329728534
0.2589849857335256
0.26081906837956087
0.25296886564179755
0.2518116589060313
0.25969747873740207
0.26028281729174335
0.2523253933881559
0.2523699360210668
0.26032601304198416
0.25964749756841987
0.25177439667396423
0.25301969226598614
0.26085435770247756
0.2589295022261151
0.2513281484636603
0.253746315554799
0.26126873819262947
0.258147134262706
0.2509965209400548
0.2545332824881814
0.2615582737613132
0.2573200546612701
0.25078681425324084
0.2553624598399364
0.26171532446484863
0.2564687184361911
0.2507036296362501
0.2562144524637905
0.26173573418508694
0.2556138254055069
0.2507487891565708
0.25706900158223944
0.2616189622113479
0.25477580625599655
0.25092130386036654
0.25790543560748025
0.26136810031536584
0.2539743563527841
0.2512173910686221
0.2587031708285509
0.2609897749760643
0.25322802192583127
0.25163054040888727
0.25944225196342435
0.26049393689401745
0.25255383759828753
0.25215162708599503
0.26010391431230073
0.25989354371206813
0.2519670115359249
0.2527690702042834
0.26067114230813754
0.2592041476128252
0.2514806545083282
0.2534690339769245
0.26112919570827126
0.2584434064820961
0.2511055508207483
0.25423567062547847
0.2614660755174022
0.2576305437246132
0.25084997116723035
0.2550514055939541
0.26167290647365354
0.2567857854121134
0.25071952903212297
0.2558972677788304
0.26174421978322826
0.25592980280627414
0.250717082909724
0.25675326873291543
0.26167812655181155
0.25508318344070585
0.25084268636312
0.25759883400440425
0.2614763774645821
0.25426594630836963
0.2510935870872681
0.2584132860756324
0.2611443074773369
0.25349710851470153
0.25146427499896234
0.25917637183332815
0.26069066666019813
0.25279430413283527
0.2519465782287979
0.2598688193405394
0.26012734148840244
0.2521734521842277
0.2525298050176543
0.26047290097873044
0.2594689759012311
0.25164846977222455
0.2532009292424534
0.2609729750304019
0.25873250817124244
0.2512310275963249
0.2539448179015778
0.2613559769641007
0.25793664651580345
0.2509303471429088
0.25474450043552554
0.26161183513467107
0.25710131124335506
0.2507530406935301
0.2555814818446651
0.26173379194046176
0.2562470722405665
0.25070299629636233
0.2564361032722919
0.26171861851359685
0.2553946072122641
0.2507813099024688
0.25728795381780845
0.2615667168440131
0.2545641992412147
0.25098626619897807
0.25811633477335216
0.2612821070854039
0.2537752839797312
0.25131336860009607
0.25890077191558264
0.26087230029787783
0.25304604937902486
0.25175541768001175
0.2596215637181236
0.2603480595708638
0.25239308593405313
0.2523026363220498
0.2602603452048474
0.25972305674479235
0.25183108350025396
0.25294283932159
0.26080064093129074
0.25901343815716543
0.2513725712963378
0.25366164543418657
0.2612283781281457
0.2582373199078316
0.25102769959838317
0.25444273107564286
0.26153233300454637
0.2574142390065361
0.25080406365947616
0.2552681268475438
0.2617044887032323
0.256564589351006
0.2507065717426998
0.2561185600440589
0.2617402904332302
0.2557090696898209
0.25073735954921444
0.2569738471342209
0.2616387897430264
0.25486816496197956
0.250895752885855
0.25781333871950424
0.26140267447437276
0.2540616744002304
0.2511782794572377
0.25861641498447935
0.2610381837911482
0.2533082918256067
0.25157872949791227
0.2593630225442217
0.2605549101050285
0.2526252375894154
0.2520882638553789
0.2600342353273829
0.2599654932944738
0.2520279385947868
0.25269556738423027
0.2606128149312331
0.2592852181551093
0.2515297525818265
0.2533870454398482
0.2610837418775801
0.25853153297437187
0.25114173440587684
0.2541470621183611
0.26143468954886695
0.25772351370267277
0.2508724441378807
0.2549582206347295
0.2616564169598631
0.256881302193937
0.2507277984808125
0.25580168832576605
0.2617430632489277
0.25602554685319606
0.25071096774808915
0.25665757017581337
0.26169233364362204
0.25517686959415103
0.2508223204891764
0.25750533425048705
0.26150557198378566
0.254355375578867
0.2510594170430972
0.25832428906890137
0.26118771827449416
0.2535802139721485
0.25141705217555743
0.25909410669035365
0.26074715213454663
0.25286919106200345
0.2518873457950948
0.2597953772196746
0.2601954259997863
0.252238432943732
0.25245987982504753
0.2604101725656229
0.2595468967391009
0.2517020937704164
0.2531218789474798
0.2609225918905738
0.258818270926877
0.25127210659685767
0.25385843343270637
0.2613192598796096
0.258028085992234
0.2509579758755748
0.2546527637180176
0.2615897519766129
0.25719615465961077
0.2507666125745804
0.25548652846179154
0.2617269268436207
0.25634300159571966
0.2507022139989937
0.25634017960689637
0.26172715336439534
0.2554893182560356
0.2507661905536912
0.2571933683249622
0.26159042553765527
0.25465545537734
0.2509571410799439
0.25802540347434993
0.26132036266657893
0.2538609643491063
0.2512708773571888
0.2588157589604871
0.26092409484078344
0.2531241910968965
0.2517004971825961
0.2595446187930047
0.26041203629384807
0.25246192085731506
0.25223650439837386
0.2601934404187386
0.2597975532742301
0.2518890699756043
0.25286697363052063
0.26074551035387245
0.2590965390861882
0.25141842118775387
0.25357775765491974
0.2611864632025928
0.2583269160215028
0.2510604006539578
0.2543527364158657
0.2615047366358797
0.2575080900183179
0.2508228970736942
0.2551741086313962
0.26169194008883206
0.25666038691585663
0.2507111246655303
0.2560227289526483
0.261743121909336
0.2558044978783414
0.2507275322954182
0.25687849467413115
0.26165692628105724
0.25496095617674047
0.25087176067897327
0.25772078480598837
0.26143563604899833
0.2541496596516551
0.2511406486659117
0.2585289501754449
0.26108510057398454
0.25338944510587774
0.25152828845484193
0.2592828463508177
0.26061455013494916
0.2526977146123172
0.25202612846105243
0.2599633929430352
0.26003630178174814
0.25209011035794854
0.2526231217538531
0.2605531354023551
0.2593653668630267
0.25158023412393715
0.25330591781669026
0.26103678098049826
0.25861897732158107
0.25117940890868956
0.2540590961319829
0.26140168037847517
0.25781605458232176
0.2508964822951906
0.2548654417550753
0.26163823058930163
0.25697664924512015
0.25073767291148563
0.2557062651411382
0.26174018101923646
0.2561213801598865
0.2507064621946613
0.2565617700381563
0.2617048319281744
0.25527089746700027
0.25080353359959434
0.25741147301889533
0.2615331197777661
0.2544453869909507
0.2510267606448732
0.25823467521060106
0.2612295876563807
0.25366412510992087
0.25137124408424916
0.259010980818757
0.26080224137870206
0.25294508610317235
0.2518293973222903
0.25972084908538
0.2602622947080515
0.25230459948614103
0.252391078232296
0.2603461583138251
0.25962381172000937
0.2517570533395633
0.25304376509495474
0.2608707548189648
0.25890326075848785
0.25131464047147867
0.2537727747670466
0.26128095785299466
0.2581190014702791
0.25098714623155577
0.2545615225400842
0.26156599412892845
0.2572907319071838
0.2507817787654862
0.255391825176605
0.2617183414244084
0.25643892466248275
0.2507030437156042
0.2562442505052028
0.2617339678174042
0.25558427856950217
0.25075266563083143
0.2570985175196147
0.2616124593177947
0.25474720626699626
0.25092955781431975
0.25793394901534955
0.2613570329403876
0.2539473697932736
0.2512298413284872
0.25872997387884167
0.2609744349569348
0.2532032686000683
0.25164691270037
0.25946666874409646
0.26047472656923676
0.25253187880634836
0.25217155879825287
0.26012532047590253
0.2598709630866968
0.25194833993089055
0.25279211667909346
0.2606889840855102
0.2591787785102424
0.2514656854317714
0.25349467625947036
0.2611430072766866
0.25841589445764745
0.25109461508403336
0.25426332466407614
0.2614754938193387
0.25760157870020367
0.25084330931360127
0.2550804329490604
0.26167768279814885
0.25675608204410094
0.25071728715344027
0.2559269879663869
0.2617442276705166
0.25590008149617405
0.25071931009677806
0.2567829733405291
0.2616733657928887
0.25505415266753784
0.2508493338469432
0.2576278026416928
0.2614669741078017
0.254238286672345
0.25110450909219684
0.2584408040367197
0.2611305098419097
0.253471458615031
0.2514792312868315
0.2592017490827493
0.2606728374441377
0.252771248218759
0.2519652382769475
0.25989141014462563
0.2601059461986934
0.2521535094408567
0.25255175375185474
0.2604921232735422
0.2594445680447226
0.2516320851159848
0.2532256742508163
0.26098832851393816
0.25870571189351854
0.25121856391941394
0.2539717980942965
0.26136705895331136
0.2579081375912589
0.25092207901922897
0.25477309618268273
0.2616183534110555
0.2570717974270775
0.2507491496095678
0.25561102669674346
0.2617355740539419
0.2562172739472062
0.2507035674877209
0.25646589740568615
0.26171561724569964
0.2553652392973321
0.25078633086383245
0.2573172793075594
0.26155901169853246
0.25453595438324117
0.25099562690291505
0.25814447265089574
0.2612699017771029
0.2537488178778257
0.25132686341937155
0.25892702072819934
0.26085591629050947
0.2530219677609487
0.25177274896853186
0.25964525901696367
0.2603279258319867
0.25237193325300195
0.252323419581036
0.26028087912640696
0.25969969607053284
0.2518133331818705
0.2529666098714766
0.26081748088053053
0.2589874506615156
0.2513586174482808
0.253687866538732
0.2612410835664691
0.25820936450862847
0.25101785016917955
0.25447080352324974
0.2615405694869703
0.2573850138954242
0.2507985350949369
0.25529740006927376
0.26170803854112584
0.2565348124478981
0.25070548521817526
0.25614834490359667
0.26173905960370314
0.25567945994167723
0.2507407388531547
0.25700343051820784
0.2616328108598464
0.25483942509223
0.25090352400361016
0.25784199995214013
0.2613921057585331
0.2540344754243477
0.2511902718652185
0.25864344388150534
0.2610233040612184
0.2532832593984566
0.2515946791371642
0.25938773864177217
0.2605361099045206
0.2526029400932758
0.2521078177197548
0.26005600753917696
0.2599432624321712
0.25200887682566186
0.25271828964257853
0.26063108068415064
0.2592601301599552
0.2515143509224568
0.2534124250249982
0.26109802471212085
0.2585042272144583
0.251130333444478
0.2541745217630467
0.2614446142621142
0.25769467611233027
0.2508652947611879
0.2549871274063192
0.26166172157559453
0.2568516456230714
0.2507250575126616
0.2558313657793238
0.2617436073485428
0.25599579196721933
0.25071269521341444
0.2566873122664001
0.26168810280925825
0.2551477270335716
0.25082847856422025
0.25753442107996166
0.26149667825335443
0.2543275298009176
0.2510698707170979
0.25835200437066375
0.261174396599802
0.2535543089238077
0.25143157160787183
0.25911975669565956
0.2607297529183908
0.25284581763885616
0.2519056103140028
0.2598183102585904
0.2601744039204988
0.2522181180998635
0.252481483490642
0.2604297985142193
0.25952279627453606
0.251685291149267
0.25314633760253097
0.260938400455954
0.25879170923738215
0.25125918861406615
0.25388519320033504
0.2613308367499729
0.2579997340458072
0.2509492272587897
0.2546812109700186
0.2615967920350311
0.25716671760503096
0.2507622254196213
0.25551600135503866
0.261729243887102
0.2563131993617278
0.2507022844227991
0.25636998132904903
0.2617246860060391
0.2554598671789624
0.2507707170144634
0.2572227821611238
0.2615832391450149
0.25462705138848457
0.2509660244041257
0.2580537096739464
0.26130864729746245
0.25383426796607406
0.2512839224726159
0.25884225315167414
0.26090815921795
0.25309981423381933
0.25171741651701973
0.2595686314040821
0.26039229796987545
0.252440415339891
0.2522569228722505
0.26021435629681344
0.25977452531543455
0.251870917620211
0.2528904351637783
0.2607627875994062
0.25907081384195074
0.2514040253492995
0.25360373312954754
0.2611996502157529
0.2582991467872283
0.2510500792209682
0.2543806330915024
0.26151348649736195
0.2574789715682604
0.2508168769534223
0.25520328108522244
0.2616960216234651
0.2566306359127645
0.2507095378357318
0.256052491674897
0.2617424270278229
0.2557748340422647
0.2507304134999681
0.25690813645279376
0.2616514733966395
0.25493208485109553
0.25087904682004
0.2577495849417077
0.26142556949631274
0.25412225611388367
0.2511521799074388
0.25855619636957966
0.2610706860414088
0.2533641407123023
0.251543811010812
0.25930785383506805
0.2605961662143187
0.25267508469826155
0.2520452990068259
0.25998552413321235
0.26001442788994
0.2520706637517407
0.2526455133804975
0.2605718191429572
0.25934056800942856
0.2515644041569321
0.2533310274578872
0.261051530365805
0.258591886444388
0.2511675458718356
0.254086353436801
0.2614121082106886
0.2577873533810033
0.25088884736396
0.25489421944996843
0.26164406173160853
0.25694704852298067
0.2507344336073303
0.2557358909945824
0.26174126114998825
0.2560916006221824
0.25070768946347427
0.25659154057013006
0.26170113242636195
0.25524165171305047
0.25080920057113887
0.25744066904302265
0.26152473862639236
0.2544173631554914
0.2510367431028918
0.25826257913671
0.26121674634610054
0.2536379723306549
0.25138532263582697
0.2590368953914447
0.26078527787660083
0.25292140178567046
0.251847261216458
0.25974411694326993
0.26024165268167676
0.25228391823609875
0.25241233075189456
0.2603661815032135
0.25960002640274327
0.25173983742818995
0.25306793044390336
0.26088701325932717
0.25887694208779655
0.2513012717568132
0.2537993064062362
0.2612930257699812
0.25809081536072226
0.2509779195329374
0.25458981298746763
0.2615735536293289
0.25726138065721205
0.25077689674603876
0.25542121736134443
0.2617211926264384
0.25640912748409084
0.2507026133525035
0.2562740508150808
0.26173203519006744
0.25555475306886094
0.2507566963461364
0.2571280106614662
0.2616057940664925
0.2547186514400484
0.2509379613101155
0.25796241468796416
0.2613458113903035
0.25392045081092657
0.2512424331303546
0.2587567050355356
0.2609589529662267
0.25317860341902276
0.2516634153725747
0.2594909909372617
0.26045539010800944
0.25251002650055426
0.2521916067621096
0.26014661150039425
0.25984827528716997
0.2519297906015381
0.2528152625538361
0.26070669295187565
0.259153323726315
0.2514508515931666
0.2535203986632624
0.2611566715047874
0.25838832011722146
0.2510838244954917
0.25429103746477427
0.2614847541546354
0.2575725759136614
0.2508367992942457
0.2551094960276903
0.2616822946711529
0.2567263659803242
0.2507152004544917
0.2559567196199761
0.261744068968418
0.2558703724294249
0.25072169240990183
0.2568126644618135
0.2616684407211081
0.25502515836448336
0.2508561330049858
0.2576567327324182
0.2614574130572682
0.25421068649882655
0.25111557598165
0.25846825892439074
0.26111656526463806
0.25344588947732094
0.2514943224499948
0.25922703994196283
0.2606548758284069
0.2527482922739191
0.25198402014540056
0.2599138931355731
0.2600844363777913
0.25213368343690556
0.25257380843200794
0.2605112188827038
0.2594200662861034
0.25161583123831294
0.2532505067883741
0.26100353958390476
0.25867884446415856
0.25120624208547987
0.2539988451844213
0.26137798644674765
0.25787958170837677
0.25091396063626675
0.25480173636072506
0.2616247091405536
0.25704226160591936
0.2507454128599575
0.25564059211632584
0.2617371898561493
0.25618747870668584
0.25070429422273266
0.2564956873465771
0.2617124503077999
0.255335898990361
0.250791505172655
0.25734657551235385
0.26155114590974843
0.2545077606399484
0.25100513539104036
0.2581725564413676
0.2612575450786208
0.2537224248671596
0.25134049718955864
0.2589531916083606
0.2608393940782415
0.25299797925988493
0.251790207258231
0.2596688541796437
0.26030767058487386
0.2523508913994173
0.25234431498221704
0.26030129302061744
0.2596762335652304
0.25179570877348195
0.2529904750536793
0.26083418384496027
0.2589613833768249
0.2513448017024189
0.25371416242335987
0.26125363853497835
0.2581813530590395
0.25100814793264226
0.25449892891657816
0.2615486459173922
0.2573557574841411
0.25079315955383136
0.25532670283615677
0.2617114229525009
0.25650502933745467
0.2507045541864388
0.2561781348181925
0.2617376623508866
0.2556498687946686
0.25074427271463234
0.2570329939182882
0.26162666896579445
0.2548107277785108
0.2509114453554146
0.257870616215294
0.26138138174564757
0.25400734160042554
0.25120240687104983
0.25867040352950266
0.26100828080466354
0.25325831291749973
0.2516107605582852
0.25941236259833567
0.26051718162905674
0.2525807471511241
0.25212748955788694
0.26007766678579197
0.25992092213530055
0.25198993570037476
0.25274111331405685
0.2606492153591568
0.2592349539716113
0.2514990831978477
0.2534378870000476
0.2611121616402389
0.2584768564509129
0.25111907667930944
0.25420204265251756
0.26145438199764515
0.2576657979731689
0.25085829663462966
0.25501607255038944
0.2616668622523635
0.25682197354504455
0.25072247151810817
0.2558610574594759
0.26174398487870826
0.2559660465576455
0.25071457798028296
0.25671704368095405
0.261683707188754
0.25511861828305027
0.25083478886749583
0.2575634721542434
0.26148762587761887
0.25429974098755465
0.25108047019849916
0.25837965929746304
0.2611609265836699
0.2535284823499383
0.2514462271911651
0.2591453228395895
0.2607122194995866
0.2528225421497996
0.2519239982595859
0.2598411377677148
0.2601532651611001
0.2521979182486548
0.2525031950113623
0.2604492997439971
0.25949859948057696
0.25166861787873185
0.25317088596525755
0.2609540681956801
0.25876507376478236
0.25124641138985776
0.253912022273944
0.2613422602828707
0.2579713323821939
0.25094062766072156
0.2547097052462303
0.26160367023838155
0.25713725573494534
0.2507579922519948
0.25554549754181793
0.2617313948227344
0.25628339738949096
0.2507025104242891
0.2563997816582274
0.26172205268629445
0.2554304410033471
0.25077539723718084
0.25725216951910623
0.26157589133206877
0.2545986959503017
0.250975056300191
0.2580819645282364
0.261296779300172
0.2538076423035796
0.2512971076861346
0.258868672011087
0.2608920837306878
0.253075528354569
0.25173446433937563
0.2595925462619665
0.26037243610956196
0.25241901879243644
0.2522774552888703
0.260235154239503
0.25975139319310475
0.25185288962549923
0.25291399341227694
0.26077992959508456
0.259045006243979
0.25138976639878574
0.2536297857124982
0.2612126880817149
0.25827131878197324
0.25103990412251453
0.25440858524340915
0.2615220771749364
0.25744981901799485
0.2508110093695172
0.2552324857675629
0.26169993811760794
0.25660087589605873
0.2507081063912287
0.25608226223185426
0.2617415656147962
0.25574518606232766
0.25073344953601867
0.2569377610597854
0.26164585690228515
0.2549032534583593
0.25088648384578205
0.25777834288253904
0.2614153465756241
0.25409491528022593
0.2511638547627534
0.25858337597664993
0.2610561264734258
0.2533389200389346
0.2515594667122421
0.25933277165081003
0.2605776523202907
0.25265255737442316
0.2520645892139624
0.2600075445662044
0.2599924423358202
0.2520513361223912
0.25266800840255255
0.26059037368001586
0.2593156784752444
0.25154870678346936
0.25335622173098726
0.26106613532580225
0.2585647278917606
0.2511558260390066
0.2541136744473818
0.2614223801057648
0.25775860885149776
0.25088136305692
0.25492303815027284
0.26164972950190907
0.25691742948149676
0.250731349028014
0.25576553382563416
0.26174217478669676
0.25606182778571895
0.25070907216661026
0.2566213032340991
0.26169726771988844
0.2552124370942549
0.2508150202829088
0.25746983210904795
0.261516197930482
0.25438939376601954
0.2510468722505743
0.258290425400506
0.26120375534298035
0.25361189571261356
0.2513995385755609
0.2590627286544018
0.2607681784113935
0.25289781333696293
0.25186525010793304
0.25976728158585605
0.2602208918618002
0.25226335019805135
0.25243369300345436
0.26038608197934326
0.25957614235636156
0.25172274940244527
0.25309218765069974
0.2609031325071316
0.25885054702158344
0.2512880426768228
0.2538259097363572
0.26130494155801004
0.2580625767855766
0.25096884108971745
0.2546181530341632
0.261580952020078
0.25723200178325684
0.2507721683244979
0.2554506355535979
0.2617238779793284
0.2563793277708181
0.2507023385583628
0.2563038525264548
0.26172993636518327
0.25552524975068963
0.2507608811955164
0.25715748013460177
0.2615989666713059
0.25469014258115535
0.25094651412427127
0.2579908317680533
0.2613344360239656
0.2538936001544569
0.2512551661381254
0.25878336348076436
0.2609433294963528
0.25315402706001966
0.2516800479826229
0.2595152177883159
0.26043592812058947
0.25248828127464645
0.25221177043558474
0.2601677867174921
0.25982548102222014
0.2519113640476076
0.25283850719686723
0.2607242683462824
0.259127784046202
0.2514361533895773
0.2535462004781773
0.26117018795682545
0.2583606842988416
0.2510731793426249
0.2543188082519769
0.26149385622665255
0.25754353623204235
0.25083044128210163
0.25513859400376393
0.261686741944557
0.25669663809387594
0.25071326899063173
0.2559864618801801
0.26174374368203396
0.25584067646381203
0.2507242297858974
0.2568423412233958
0.2616633514946204
0.254996201354784
0.2508630836566038
0.2576856234107244
0.2614476946191838
0.25418314655951346
0.25112678746069117
0.25849564990338647
0.26110247419004556
0.2534204018068767
0.2515095480843531
0.25925224363015725
0.2606367823816634
0.25272543692434507
0.2520029233279019
0.25993626761051863
0.26006281270037956
0.252113974708061
0.25259596845849414
0.2605301872032087
0.25939547138489927
0.25159970857522984
0.2532754261726755
0.2610186077562996
0.25865190670438204
0.25119406242331915
0.2540259584189861
0.2613887590948633
0.25785097972619875
0.2509059922098827
0.2548304201604038
0.26163090211920137
0.25701270465332576
0.2507418305438592
0.2556701772542098
0.26173863929515734
0.25615768738482486
0.25070517648212276
0.25652547222436495
0.2617091178016458
0.2553065871294966
0.2507968326915642
0.2573758415609295
0.2615431197298738
0.2544796188039822
0.25101479141028543
0.2582005852954058
0.2612450373846372
0.2536961056792499
0.2513542695463003
0.2589792837522882
0.26082273418563867
0.2529740845326311
0.25180779207978665
0.25969234847174194
0.26028729446723786
0.2523299609436507
0.25236532195944333
0.26032158624505664
0.25965266995958447
0.2517782107490267
0.25301443421510933
0.2608507492944526
0.258935237104218
0.2513311244280577
0.25374053235968685
0.26126604263275277
0.258153286406866
0.2509985931470367
0.2545271064654523
0.2615565620368811
0.2573264706434526
0.25078793717888676
0.25535603431175574
0.2617146418286287
0.2564752408907736
0.25070377867218513
0.2562079289228722
0.26173609871968545
0.2556202970993969
0.2507479610398774
0.25706253646090016
0.2616203642579934
0.2547820738322692
0.2509195167306743
0.2578991866487651
0.26137050277881957
0.2539802736843274
0.2512146841509868
0.2586972931050046
0.26099311449964907
0.2532334530686917
0.2516269733300043
0.2594368936510553
0.2604981258765991
0.2525586593666077
0.25214727883845434
0.2600992123881889
0.2598984731026236
0.2519711157296517
0.2527640377765378
0.26066721838233015
0.2592096903678325
0.25148394981693295
0.2534634306630491
0.2611261522113996
0.25844942151702843
0.2511079644104222
0.25422962401780264
0.2614639924426922
0.2576368801501588
0.2508514499441569
0.25504505524570315
0.2616718388251113
0.25679228683336797
0.2507200405657572
0.2558907625096164
0.26174419582729097
0.25593631148496854
0.2507166159987528
0.25674676354663495
0.26167914692328414
0.25508954417057983
0.25084125123138873
0.2575924866055129
0.26147841514660275
0.25427200991702187
0.2510912152049415
0.258407253009436
0.2611473086557607
0.2535027349639518
0.2514610185332456
0.2591708043340522
0.2606945524337264
0.2527993652303193
0.2519425091366218
0.2598638590343292
0.26013201038540645
0.25217783393640025
0.2525250137975506
0.2604686756397585
0.2594743071083734
0.25165207440639675
0.2531955233619041
0.2609695946115839
0.25873836532457195
0.2512337752653508
0.2539389199077919
0.2613535301130668
0.2579428818573806
0.25093217731009754
0.2547382457429344
0.26161038636599204
0.2571077699223113
0.2507539131840497
0.25557501617652
0.2617333795813983
0.25625359654671676
0.25070289199746937
0.256429579725236
0.2617192534897744
0.2554010405713594
0.2507802310976109
0.25728152952662914
0.2615683823344932
0.25457038986134534
0.25098423652784096
0.2581101671842415
0.26128475905397913
0.2537810881006931
0.25131043264556713
0.2588950147286535
0.2608758688897789
0.25305133412492253
0.2517516401917205
0.2596163626233134
0.26035245133889773
0.25239773179550684
0.25229810109246387
0.2602558335930223
0.25972815762861523
0.2518349864766408
0.25293764773211463
0.2607969357972965
0.25901911708668096
0.25137564471758395
0.25365591468318177
0.2612255763843748
0.25824343284950085
0.251029875629552
0.2544365920875943
0.2615305083932793
0.2574206332368672
0.25080529447780153
0.255261721846319
0.2617036894454546
0.2565711077378716
0.2507068303699886
0.25611203976078756
0.26174053769793987
0.25571555479239444
0.2507366403230179
0.256967367621446
0.2616400769782954
0.25487446281521825
0.2508940715585371
0.257807057765641
0.26140496761414916
0.2540676379135163
0.2511756729205316
0.25861048816788657
0.2610414223337611
0.2533137837802063
0.2515752551395589
0.25935759902722166
0.2605590090382966
0.2526301332542234
0.2520839985619128
0.2600294535524815
0.25997034580790634
0.25203212799150215
0.25269060620754114
0.26060879842686624
0.25929069903053165
0.2515331424242645
0.25338149994237547
0.26108059539534695
0.2585375024919632
0.25114424972273786
0.2541410584015593
0.26143249573493094
0.25772982185640125
0.25087402957299343
0.25495189703980053
0.2616552337182576
0.25688779299433034
0.2507284192553758
0.25579519278073365
0.2617429218999976
0.2560320625134575
0.25071061026739266
0.25665105715801684
0.26169323793289645
0.25518325444314466
0.2508209925803541
0.2574989613474712
0.2615074979637654
0.25436147960713823
0.25105714781819716
0.25831821315781556
0.2611906150616512
0.253585895977154
0.2514138915232492
0.2590884798125494
0.2607509435253869
0.2528743214018538
0.2518833635126308
0.2597903422908398
0.26020001290111167
0.2522428959287858
0.25245516440740595
0.2604058591150683
0.2595521603233532
0.2517057897213865
0.25311653605043255
0.26091911205024193
0.2588240763693226
0.25127495358487617
0.2538525840190648
0.2613167048362997
0.25803428659748334
0.25095991114344196
0.2546465418821809
0.2615881890638828
0.2572025961575142
0.2507675936263778
0.2554800789115747
0.26172639739679365
0.2563495263920109
0.25070221934047054
0.2563336547717869
0.261727671410197
0.2554957694609603
0.25076522006790597
0.257186925066001
0.2615919773512832
0.2546616804945856
0.25095521602931026
0.25801919939931633
0.26132290720508855
0.25386681857031995
0.25126804001187675
0.25880994839845917
0.2609275650441108
0.2531295401976706
0.25169681008404926
0.2595393485452776
0.2604163412209991
0.2524666437192612
0.2522320492734097
0.26018884546230653
0.2598025810036197
0.25189306076540263
0.25286184997361366
0.2607417097118527
0.25910216025730076
0.25142159121436036
0.25357208099158285
0.26118355620168043
0.2583329878419384
0.25106267990902154
0.2543466362480662
0.26150279974378343
0.2575144605229903
0.2508242354460552
0.2551677260497385
0.2616910244755289
0.2566668992576631
0.2507114928130944
0.25601621388675444
0.2617432518218182
0.2558109944562291
0.2507269221574499
0.25687200275178984
0.26165809827683584
0.2549672824601612
0.2508701856171113
0.2577144738114215
0.2614378191047506
0.25415566762403313
0.2511381432304875
0.2585229761399364
0.2610882370672353
0.2533949963064519
0.25152490778212333
0.2592773593688398
0.26061855767657655
0.2527026827930998
0.25202194731478794
0.25995853286971327
0.26004107584446295
0.2520943837866894
0.252618233228622
0.26054902763588356
0.25937078410317826
0.2515837175591431
0.25330043171859556
0.26103353255155826
0.25862489943712663
0.25118202525788497
0.25405313704281246
0.2613993765530127
0.2578223325046566
0.25089817395192954
0.25485914677078936
0.26163693214824
0.25698312744283824
0.2507384027563301
0.2556997812601197
0.2617399223243837
0.25612790084680664
0.2507062142424897
0.25655525116806227
0.2617056198343
0.2552773045515906
0.25080231327910946
0.25740507658239287
0.26153493341623724
0.25445152966611406
0.2510245947036228
0.25822855836482717
0.26123237909458635
0.25366986104323375
0.2513681801214686
0.2590052963582148
0.2608059371415051
0.2529502842331665
0.2518255029603579
0.25971574116166196
0.2602667981203829
0.25230914245285957
0.2523864399433613
0.26034175816088023
0.25962900598713556
0.2517608395789332
0.25303848669984863
0.2608671767031088
0.25890901264684774
0.25131758599073867
0.2537669756169372
0.2612782954636177
0.25812516540110575
0.25098918606667403
0.2545553353778085
0.26156431759161725
0.2572971542445109
0.2507828681087547
0.2553853936583245
0.26171769506609266
0.25644544797858165
0.2507031586959829
0.25623772635200887
0.2617343687603497
0.25559074570540613
0.25075180373101524
0.25709205727256107
0.26161389693877535
0.25475346406328575
0.2509277379147833
0.25792771039322504
0.26135946920606024
0.2539532724297177
0.251227103377435
0.2587241117862451
0.2609778056287881
0.25320868053532625
0.25164331701742987
0.2594613310396008
0.2604789432489561
0.2525366773403134
0.25216718502680724
0.2601206436706362
0.25987591603603205
0.2519524174208199
0.25278706240491694
0.26068508918374916
0.25918434012870883
0.2514689511849694
0.25348905530949173
0.26113999597963855
0.2584219232476034
0.25109699693397636
0.25425726508784585
0.2614734452894816
0.25760792350895334
0.250844754871682
0.255074074669488
0.26167665113403515
0.25676258636145627
0.2507177647200973
0.2559204800722315
0.26174424018750975
0.2559065876088718
0.2507188092147603
0.25677647099039974
0.2616744221593027
0.2550605055227047
0.2508478654842291
0.2576214635665208
0.2614690463553688
0.2542443373655547
0.25110210545014683
0.25843478466810876
0.2611335432503739
0.2534770674767634
0.2514759452382076
0.2591962003931777
0.2606767522804881
0.2527762875129823
0.2519611424464425
0.2598864733487394
0.2601106402606426
0.2521578657061156
0.252546939256433
0.26048792559006045
0.25944991991171334
0.2516356611762684
0.2532202491159893
0.2609849792098714
0.2587115847340622
0.2512212805778457
0.253965885353865
0.2613646458801791
0.25791438332834166
0.25092387643165404
0.2547668316546634
0.26161694020236875
0.2570782610402751
0.25074998832404016
0.2556045564123849
0.2617351980993112
0.256223797700561
0.2507034291322182
0.25645937466040536
0.26171628850641876
0.2553716667239506
0.2507852184674333
0.2573108613116882
0.2615607123931131
0.25454213391836245
0.2509935648428
0.2581383167900655
0.26127258694296174
0.25375460609416406
0.2513238969949387
0.25892128049621566
0.2608595152103135
0.2530272322078899
0.2517689436125591
0.25964007974751147
0.2603323442875473
0.25237655492650723
0.2523188597240171
0.2602763937070817
0.25970481934627454
0.25181720865533436
0.2529613974765121
0.2608138056665909
0.258993147166591
0.25136166068333005
0.2536821193185605
0.2612383147123237
0.2582154898348696
0.2510199940091028
0.25446465283811515
0.26153877988214497
0.2573914150947043
0.25079973243003506
0.2552909884880113
0.26170727548649797
0.25654133231005194
0.250705709805857
0.2561418233982321
0.26173934331028964
0.2556859410853506
0.2507399857763045
0.25699695526410726
0.2616341338102072
0.25484571373676285
0.25090180975661835
0.2578357287289522
0.261394432944058
0.2540404247744521
0.2511876340655805
0.2586375321161276
0.2610265740906518
0.25328873262794127
0.2515911758695408
0.2593823351959165
0.26054023695769235
0.2526078129480691
0.2521035265267635
0.2600512504057375
0.2599481389979349
0.252013039877315
0.2527133061799666
0.2606270928007716
0.25926563044777823
0.2515177114963873
0.25340686139582325
0.26109491011381
0.25851021107486294
0.2511328172316971
0.25416850453502554
0.2614424547743696
0.2577009932590876
0.2508668471070801
0.25498079530076356
0.2616605742039456
0.2568581399351352
0.2507256443671465
0.25582486700534024
0.2617435024658785
0.25600230566762877
0.2507123037250228
0.2566808014695529
0.261689043194827
0.2551541045908734
0.25082711730486074
0.25752805588927485
0.26149863900504955
0.2543336214615042
0.2510675695321021
0.2583459415657642
0.2611773259214365
0.2535599738431909
0.2514283810949524
0.25911414807294014
0.2607335737650442
0.2528509266222747
0.25190160094299
0.25981329833886196
0.2601790164557919
0.2522225559818484
0.2524767443810255
0.26042551228692196
0.2595280810489358
0.25168895884052295
0.2531409749754194
0.26093495138083467
0.2587975309423981
0.25126200483054817
0.2538793285136896
0.26132831522887834
0.25800594565016316
0.25095112993168256
0.25467497873172107
0.2615952645286018
0.2571731646524554
0.2507631727731068
0.2555095465922643
0.26172875079787766
0.25631972421654264
0.2507022557019881
0.2563634566829872
0.2617252403978908
0.2554663130444971
0.2507697128481448
0.2572163445828341
0.26158482633065006
0.25463326598286246
0.25096406679376404
0.2580475167264442
0.2613112253022393
0.2538401068027038
0.25128105440786697
0.25883645897437424
0.2609116601106696
0.2531051435038664
0.25171370122680725
0.2595633824588105
0.26039663002701124
0.2524451144219236
0.2522524427270352
0.26020978707336406
0.2597795759461616
0.2518748812477863
0.25288529024658263
0.26075901649580235
0.2590764531492269
0.25140716545716335
0.25359803948835036
0.2611967758128756
0.25830523158732954
0.2510523264743559
0.25437452067341654
0.26151158441946576
0.2574853496547179
0.2508181819509407
0.25519689133662504
0.2616951421265195
0.25663715034438994
0.25070987196899486
0.25604597477864793
0.2617425934035791
0.2557813272626637
0.2507297694531306
0.2569016481734192
0.261652681236422
0.25493840250080385
0.25087743869778567
0.2577432830700113
0.26142778683016343
0.2541282504599311
0.2511496429883168
0.25855023680178535
0.2610738543498775
0.25336967367623997
0.2515404011318471
0.2593023863818637
0.26060020228981146
0.2526800305002731
0.2520410915929979
0.2599806882165494
0.260019226491348
0.2520749112018318
0.2526406021366413
0.260567739585412
0.2593460052055293
0.2515678586188432
0.25332552273834974
0.26104831349457347
0.25859782348702454
0.25117013091028423
0.25408038029852625
0.2614098384814652
0.2577936409045491
0.25089050607025104
0.25488791537929056
0.2616427990341255
0.25695353084807315
0.25073512958832495
0.2557294032827286
0.26174103890259404
0.2560981199571589
0.25070740747630804
0.2565850233063187
0.26170195651813805
0.2552480520921839
0.25080794678976714
0.2574342797062474
0.26152658723127714
0.25442349401522757
0.2510345450100739
0.2582564748026574
0.2612195706126449
0.25364369168585627
0.2513822285431742
0.2590312286264147
0.2607890034788672
0.2529265790126416
0.25184333942359693
0.25973903152066147
0.2602461821891828
0.2522884364909978
0.25240766836142636
0.2603618081328476
0.25960524238424026
0.25174359573011235
0.25306263184916516
0.2608834655492806
0.25888271080986874
0.2513041867522335
0.2537934914619609
0.2612903966361625
0.25809699089192667
0.25097992694190835
0.25458361485971626
0.2615719123329039
0.2572678091588294
0.25077795247801066
0.25541478003683155
0.26172058256679465
0.25641565147121104
0.2507026942742765
0.2562675262393503
0.2617324725284751
0.2555612154611621
0.25075580068607123
0.2571215554798979
0.26160726721567684
0.2547248992796569
0.2509361086891318
0.2579561865902507
0.2613482813802777
0.25392633858804653
0.2512396642189619
0.2587508587531931
0.2609623546791259
0.25318399599802227
0.25165979118206383
0.25948567400620215
0.2604596343517613
0.2525148016697557
0.25218720758498275
0.26014195996074024
0.2598532516405217
0.25193384127779817
0.2528101865711316
0.26070282719751936
0.25915890403663755
0.2514540877035302
0.25351476023232206
0.26115369250358333
0.25839436247891273
0.2510861745422363
0.25428496508953047
0.26148274023524937
0.25757892891586087
0.2508382115950773
0.255103129997465
0.26168129902459925
0.2567328730026007
0.2507156440415032
0.2559502092889317
0.2617441179579396
0.2558768757882034
0.25072115757012575
0.256806165139038
0.26166953304854074
0.2550315031644994
0.2508546314503013
0.2576504021706264
0.26145951980401
0.25421672410736085
0.25111314064393175
0.2584622534364367
0.26111963080643075
0.25345148059677475
0.2514910069064478
0.25922151023335704
0.26065881960361387
0.2527533096274224
0.25197989768695395
0.2599089800043124
0.2600891554574144
0.25213801409752407
0.2525689707921418
0.2605070489872469
0.25942543864699186
0.25161937862876316
0.25324506254833123
0.2610002215011496
0.25868473281234766
0.25120892766081776
0.2539929178619064
0.2613756072287014
0.25788583765300477
0.25091572524613287
0.254795462174233
0.2616233315372102
0.257048729962138
0.2507462177761252
0.2556341174015374
0.26173685031803345
0.2561940017175961
0.25070412181429036
0.256489165593631
0.26171315783149324
0.2553423203008248
0.25079035921424797
0.2573401640025964
0.2615528817538935
0.2545139289162669
0.25100304099682774
0.2581664124949365
0.26126026335598684
0.25372819701839694
0.25133750037449326
0.2589474685075719
0.26084302321166625
0.25300322326369284
0.25178637413686333
0.25966369689672236
0.26031211558881945
0.25235548875967373
0.25233973062129333
0.26029683393492276
0.25968137907329036
0.2517995566397893
0.25298524199583866
0.2608305386677067
0.25896709728233175
0.25134781466991224
0.25370839889317826
0.2612509026588706
0.25818749058439344
0.25101025952424755
0.2544927667071105
0.261546891376382
0.25736216546177476
0.2507943233739101
0.2553202848578153
0.2617106961255377
0.2565115504841271
0.250704744728557
0.2561716122800289
0.2617379824902324
0.2556563457930676
0.2507434858071122
0.2570265231141337
0.2616280275887847
0.2548170070364549
0.25090969823432313
0.25786435491123355
0.26138374290245686
0.25401327662156364
0.2511997378788496
0.2586645069958596
0.2610115822168211
0.2532637672713285
0.251607228475334
0.259406979390984
0.26052133667172683
0.2525855970633293
0.252123172581257
0.2600729344429266
0.25992582260082503
0.2519940722946916
0.25273610770133736
0.26064525622295565
0.25924047350186347
0.2515024144132467
0.25343230539251693
0.2611090790251018
0.2584828544718886
0.25112152887067335
0.2541960120813618
0.2614522569052369
0.2576721239236672
0.25085981585005
0.2550097321138087
0.26166575078751153
0.25682847117751645
0.25072302443694544
0.25585455564396997
0.26174391646568107
0.2559725581096949
0.2507141524945814
0.256710535296133
0.2616846836404127
0.2551249883671826
0.25083339429375695
0.25755711486596583
0.2614896213382033
0.2543058201097959
0.25107813711470656
0.25837360978281815
0.2611638883463292
0.25353413002716807
0.25144300690300797
0.2591397326447988
0.2607160696809553
0.25282762963726
0.2519199619079915
0.25983614901354074
0.2601579031854775
0.25220233090752403
0.2524984323384582
0.26044504087515075
0.2595039052810168
0.2516722572117984
0.25316550375523345
0.26095064999542683
0.2587709115540635
0.2512491967596069
0.2539061424772678
0.26133977236460454
0.2579775547983747
0.2509424976880282
0.2547034627812081
0.26160217818725784
0.2571437081407865
0.25075890588202315
0.25553903775147363
0.2617309381069574
0.2562899221127756
0.25070244764195165
0.25639325739145497
0.261722643406381
0.2554368813449402
0.25077435941698323
0.2572457378125047
0.261577513838798
0.254604899846731
0.2509730661821826
0.2580757828951632
0.2612993906888181
0.2538134655934995
0.2512942089785495
0.25886289439612936
0.2608956152015419
0.25308083764775063
0.2517307209572874
0.2595873187822639
0.2603767951601162
0.2524236939670246
0.2522729502446529
0.26023061089264277
0.2597564665676204
0.25185682598416104
0.2529088273753867
0.26077618814947
0.2590506635137721
0.25139287650390846
0.2536240752508826
0.2612098463686007
0.2582774163771764
0.2510421193143763
0.2544024607464263
0.26152020997219694
0.2574562044959639
0.2508122809575335
0.25522608903402355
0.26169909476527026
0.25660739222651713
0.2507084065013271
0.25607574369404074
0.2617417684484784
0.25575167573815877
0.2507327715973993
0.2569312766146572
0.2616471005472938
0.2549095622953331
0.2508848427058746
0.2577720503227286
0.2614175981165918
0.2541008958326388
0.2511612864275786
0.2585774310582351
0.2610593264961846
0.25334443461384526
0.251556027718406
0.259327323895468
0.26058171680199643
0.25265748066295574
0.25206035564609214
0.2600027329575959
0.25999726532560535
0.252055557479182
0.2526630745737656
0.2605863224603654
0.259321135459021
0.2515521321794858
0.25335069854152015
0.2610629501147197
0.25857067968036024
0.2511583796977643
0.254107687426587
0.26142014454542256
0.25776490578749967
0.250882988768673
0.2549167251716872
0.26164850258853783
0.2569239157426808
0.25073201112669186
0.2557590424696935
0.2617419889939035
0.25606834557971525
0.2507087561519289
0.25661478776745905
0.26169812797084147
0.255218830585471
0.25081373307394517
0.25746345006243304
0.26151808144252664
0.2543955126382855
0.2510446420647173
0.2582843337631711
0.2612066123477094
0.25361759833144126
0.25139641443577904
0.25905707975924264
0.2607719337349447
0.2529029695193525
0.2518613009896658
0.2597622188228891
0.26022544732204655
0.2522678436187942
0.25242900663792406
0.2603817355293543
0.2595813798900327
0.25172647966593953
0.2530868690015369
0.2608996153155967
0.2588563324003964
0.25129092707052975
0.2538200791592605
0.26130234576375927
0.258068763730625
0.25097081601912613
0.25461194411540794
0.26157934601717914
0.2572384362582417
0.2507731904171474
0.25544419260699264
0.26172330423795853
0.2563858522385607
0.2507023854193838
0.25629732771805375
0.26173041008499853
0.25553170721401636
0.2507599517989728
0.257151030209684
0.26160047530142627
0.2546963802877619
0.25094462883111196
0.2579846143823617
0.2613369396592569
0.2538994729085194
0.2512523663403057
0.2587775331875887
0.26094676214211193
0.2531594001346965
0.25167639538181324
0.25950992179568366
0.26044019979444005
0.2524930329493537
0.2522073459717207
0.26016316058947603
0.2598304806241554
0.25191538780107686
0.25283340964417905
0.2607204318617984
0.2591333828762832
0.2514393597704885
0.25354054472196585
0.2611672413464731
0.25836674004866755
0.25107549752355857
0.2543127232477034
0.26149187698225385
0.25754989723780475
0.2508318202881665
0.2551322204038748
0.261685782347539
0.2567031476299313
0.25071367858623006
0.2559799493004804
0.26174382914250877
0.2558471768809408
0.25072366100255133
0.25683584511920204
0.26166447974799517
0.25500253791953564
0.25086154894984464
0.25767930155182817
0.26144983579763115
0.25418917091459087
0.2511243204922115
0.2584896584788354
0.2611055717674492
0.25342597502984804
0.25150620313467204
0.25924673307327123
0.2606407549708795
0.25273043220031666
0.25199877435264517
0.259931378297503
0.26006755664967474
0.2521182796470377
0.2525911078057278
0.2605260452274719
0.25940086407317475
0.25160322720069156
0.25326996297706245
0.2610153210004446
0.25865781038026936
0.2511967168439039
0.25402001667943264
0.261386413808014
0.2578572456902148
0.25090772397027117
0.254824136492761
0.261629560165412
0.2570191775613228
0.2507426016403625
0.2556636982950092
0.26173833618446796
0.25616420946378027
0.2507049700253134
0.25651895165439725
0.26170986156558146
0.2553130021404105
0.2507956532015741
0.25736943672800977
0.2615448906679252
0.2544857756481142
0.25101266473772066
0.2581944534492335
0.2612477886866913
0.25370186160542946
0.25135124242069745
0.2589735779585027
0.2608263934174718
0.25297930794974594
0.2518039312960791
0.2596872133359054
0.2602917658796391
0.2523345338660576
0.25236071321884257
0.26031715363333957
0.25965783753973887
0.2517820309047128
0.2530091806376229
0.2608471342695906
0.25894096823458307
0.2513341070474606
0.2537347526791731
0.2612633398220548
0.258159435945611
0.2510006724341169
0.2545209329048152
0.26155484261593936
0.2573328852087594
0.25078906745304536
0.25534961011957785
0.2617139512526808
0.25648176313127646
0.25070393516368583
0.2562014055413439
0.2617364552815015
0.2556267697663795
0.25074714032256823
0.2570560702979437
0.26162175851000874
0.25478834352610724
0.2509177367819338
0.2578929354520909
0.26137289783137363
0.25398619421119717
0.2512119840374344
0.2586914119832415
0.26099644718945963
0.25323888839690784
0.2516234125264578
0.2594315308490124
0.26050230877751956
0.252563486204323
0.2521429361947985
0.2600945049842846
0.25990339731465306
0.25197522575510384
0.2527590101501747
0.2606632881186199
0.2592152289700311
0.2514872515845823
0.25345783123106713
0.26112310167768593
0.25845543351600386
0.25111038494057
0.2542235802720499
0.26146190181367085
0.2576432147149616
0.25085293598873837
0.2550387066580311
0.26167076330274475
0.2567987875950083
0.2507205595342783
0.255884257840212
0.2617441638860994
0.25594282070032937
0.250716156527028
0.25674025776495807
0.2616801594096721
0.2550959066003846
0.25083982338031485
0.2575861374095971
0.2614804452521471
0.25427807633069976
0.2510888502845071
0.2584012169688074
0.26115030276497686
0.25350836524304626
0.25145776855603497
0.2591652327395456
0.26069843182781854
0.2528044310829371
0.25193844591316467
0.25985889360149417
0.2601366737532397
0.2521822212528279
0.2525202276907254
0.260464444263734
0.2594796337701697
0.251655685283585
0.25319012171671296
0.26096620739489185
0.2587442190194173
0.25123652971400856
0.2539330251645522
0.2613510758771787
0.25794911489789085
0.25093401464208126
0.25473199322730367
0.26160892981804496
0.2571142274954267
0.25075479306637316
0.25556855154384234
0.26173295925374507
0.2562601209485414
0.2507027951552705
0.2564230560280955
0.26171988051911466
0.2554074752047295
0.2507791596510832
0.25727510388266966
0.2615700401102767
0.25457658288514434
0.2509822139551369
0.2581039970522564
0.26128740374304515
0.25378689568228896
0.25130750337257635
0.25888925385323214
0.2608794308265678
0.25305662329570955
0.2517478688183225
0.25961115677169444
0.2603568372455012
0.2524023829358127
0.2522935712712023
0.26025131626559245
0.25973325358873006
0.2518388954604624
0.2529324607167522
0.26079322412833406
0.25902479214488056
0.25137872473678724
0.2536501875591233
0.2612227674517242
0.25824954305496073
0.25103205870090106
0.25443045568352873
0.2615286761255416
0.2574270259159712
0.2508065326225472
0.2552553183101357
0.2617028822648154
0.25657762577624177
0.250707096448962
0.2561055197703591