0.3220338983050847
0.3220338983050847
-0.17892099984229587
-0.6149917586753679
-0.5170790947890282
-0.5556952552204937
-0.709939164713562
-0.15312874344793648
0.1520530520365007
0.7087421356407628
0.5468707176467625
0.5470639633513926
0.7092127193824164
0.15259596659672736
-0.1493686032111166
-0.7054295025631354
-0.5199711394271693
-0.6382328968987496
-0.977388851791429
-1.250559048804588
-1.7350593555788285
-1.9633072180450282
-2.0694022041293394
-2.396544154055184
-2.408983736078744
-2.0971233109832434
-2.1060569765063906
-2.4573658711585757
-2.233008642547227
-1.702141950280497
-1.698200892900653
-2.2272468900431734
-2.4752185599140994
-2.1528931645784883
-2.3405485823015595
-2.6813159120642447
-2.939029551272586
-2.993471033944301
-3.0251311085050094
-3.1438495262519988
-3.6449040931098136
-3.1453369486192737
-3.035024018069755
-3.0465602690378892
-3.2182183229287644
-3.771672207137622
-3.9093455000913075
-3.7341923379878033
-3.2253777831007007
-2.9229583376043684
-2.437577061001703
-2.990571656010618
-3.546564773679872
-3.0240550189485154
-2.5365734683555625
-2.949841753179317
-3.458528386655333
-2.9085278309936933
-2.398895970895773
-2.6756683357580173
-2.119406384831788
-1.7325880834821548
-1.376385108502141
-1.3302551389399657
-1.8385770560670098
-2.3005455745261085
-2.4519761909442717
-2.1480772465930524
-2.340833459837113
-2.6764964434270495
-2.9249062143771183
-2.919559074400823
-2.6451844261469173
-2.4297013840105177
-2.404919439982342
-2.7384361971061337
-3.1592122835504237
-3.6936603901905394
-3.6556987971751154
-3.2158834282999944
-2.7883027989493825
-2.3396490823684033
-2.3000608189963336
-2.840682124794098
-3.245362098830909
-3.639783295461757
-3.6906996467230626
-3.1555149838750873
-2.7280574243758515
-2.4330153474882295
-2.5092685957961156
-2.401028072254405
-2.170687413381967
-2.506095911612704
-2.153903102330043
-1.598672147992938
-2.0244914178340507
-2.3902323729789345
-1.8407405300903064
-1.4672056437553427
-1.7482905922715586
-1.2643759270506756
-1.5828055817096114
-1.0792975827731306
-0.5231358537067355
-1.0688963667978952
-1.5175234886148479
-1.1078952555323225
-1.0256015050663767
-1.0326105129766252
-1.1528037656686343
-1.6673323794637476
-1.2266453314734445
-1.4992695390871997
-1.2288776937881694
-0.7103647093515131
-0.6408732755168306
-1.1126564896171256
-1.6636702528427318
-1.4492278794832865
-1.814090189492818
-2.344326292424486
-2.18975374002992
-1.6353494469136396
-2.0417651426319123
-2.335442793692845
-1.7784953983176892
-1.6894282362588027
-2.233044231088669
-2.41172419257868
-1.981967679387084
-1.5148978191626157
-1.951550491779281
-2.4717987366240526
-1.9246027651439357
-1.3900988064560027
-1.7022482851797818
-1.1692364609648251
-1.0516703173736122
-1.1139291468668007
-1.5241746858688487
-1.0616354522631681
-0.5161210017415182
-1.0702393462746866
-1.595612137855911
-1.2668819763492916
-1.7488611602504809
-1.4661486968179132
-1.8438089135938955
-2.394122793588151
-2.0144350367618737
-1.599390536445035
-2.153327297119251
-2.5177154258129177
-2.202383269988864
-2.548239876286255
-2.087811905258114
-1.5313612247029578
-2.0820687235780495
-2.5198610967118964
-2.128343751325949
-2.143388200457213
-2.5892393379355285
-2.03407531175381
-1.4818758509843852
-2.0388271021364477
-2.5768541420469964
-2.167351678423964
-2.2919748952263372
-2.7836370102269714
-3.142798608402751
-3.699635615951109
-3.5407225396047908
-3.5593417661273157
-3.7448056260984264
-3.213772247463473
-3.2578222510936126
-3.810285441135385
-4.080807041566413
-4.553950702310129
-4.009971599632246
-3.4595508106069914
-3.9707604920431514
-4.43294425139915
-4.138343036149797
-3.5870899040981303
-4.099527409473808
-4.387136344770279
-3.8582165625338294
-3.3897659252136667
-3.557804205767686
-3.21205052821512
-2.7059939070549994
-2.6201696460245167
-3.0598662403646166
-3.594452472531212
-3.0637169560939306
-2.6408773805645094
-2.627921625027905
-3.0378568050470727
-3.5251179913372512
-3.001485401472718
-2.4761022392337315
-2.967881932923104
-3.397242010663035
-3.2678498411999684
-2.7439292030376947
-2.574828818543632
-2.9660299298291775
-3.2643537765102684
-3.7059975901221636
-3.912031652229851
-3.815676527351794
-3.2744426132740116
-3.48745157668085
-3.3156439064299734
-2.899065184033552
-2.3443684574782853
-2.6966800313503088
-2.173355543008583
-2.100119407393531
-2.3658166678909454
-2.5546703243083577
-2.5533439467525127
-2.371369322830656
-2.1164036409886973
-2.257434594387272
-2.78915484482899
-3.079693349976063
-3.562724557704218
-3.010187141261359
-2.4542589351806776
-2.97740386338457
-3.4682089686962003
-3.039437649103488
-2.5365462367370766
-3.080768193176368
-3.6141471891966575
-3.317750761658077
-3.8696964857104046
-4.191859393414295
-4.731392385382809
-4.806075550097242
-4.313744758066213
-4.745668587009566
-4.382281434026191
-4.9352866784070635
-5.469680020001458
-4.974726213015442
-4.5264144135192845
-5.023187116323442
-5.551283541276585
-4.994241923250083
-4.437596375832428
-4.943966285052796
-5.33922679458802
-5.461485684658823
-5.212555636624873
-5.639127665838295
-5.090653798702887
-4.681260708783884
-4.509572342947732
-4.712803220775636
-4.16119128679238
-3.934938989492768
-3.524992253175035
-3.8709143410389997
-4.425716537095979
-3.9077985957815824
-3.586657171056033
-4.0971183445521735
-4.6432384817502275
-4.389745642506418
-4.901593267528279
-5.446081172369799
-4.971623879757657
-4.5564501327538
-5.0747622936979795
-5.6293114173188625
-5.2861705739660705
-5.791007658161352
-5.69197341965089
-5.2151490997840595
-4.830462096624895
-4.291678601305321
-4.294536338611046
-4.8291146926110144
-5.2216830858805245
-5.6801263321584585
-5.771678391855946
-5.239732040362341
-5.3704086069312265
-5.674491940337541
-5.950750656577609
-6.066584243263639
-6.393786938540565
-6.415797022581236
-6.115862757991687
-6.204280628967533
-6.756775694270873
-6.709323820131777
-6.184330428906088
-5.803213199520842
-5.294386714860363
-5.2165226523251365
-5.739681186948619
-5.514873325903831
-5.691140480639191
-6.120120587540479
-6.676059674335369
-6.458299049124445
-6.801434541834495
-7.32650025206469
-7.248664540820175
-6.696453361936661
-6.8096554321143845
-7.358650787865149
-6.939108338678905
-6.686702268187527
-7.242279259922875
-7.228890338475942
-6.675129548841284
-6.979946588499444
-7.340938212876953
-6.78886283607382
-6.727411617867011
-7.284179592258228
-7.1826052924710995
-6.641539779126761
-7.085248577413205
-7.294928262593504
-6.740874501331112
-6.830154546130679
-7.354813441732646
-6.885712053321912
-6.730097316850291
-7.280194568731819
-7.090341721502321
-6.648706176176649
-7.184211739221678
-7.2588429433179815
-6.703530079181354
-6.905380056854178
-7.363395531692122
-6.824062291428057
-6.706569524385453
-7.262597284451155
-7.252132209377851
-6.695378397084284
-6.865846060590994
-7.375183760110535
-6.8553107972947585
-6.693722419477174
-7.249785949132959
-7.283540990408829
-6.7327628511951385
-6.709481921961484
-7.25396199301105
-7.358005924895279
-6.866702960193063
-6.342822450192308
-6.473299974519166
-6.435079029418237
-6.249710493035393
-6.774667237527165
-6.671613976592794
-6.237978438333812
-5.85660069739404
-5.301537861542714
-5.433674262723696
-5.53189013987673
-5.544772467684473
-5.37779293710031
-5.128795660480888
-5.317625506538734
-5.717243872754337
-6.015460302923445
-6.35790259085582
-6.485304726173007
-6.308446224576316
-6.864945931425302
-7.251267586102076
-7.649490516821339
-7.728772982816934
-7.171755497764491
-6.913445746321309
-6.437038544941431
-6.987894271532672
-7.543448381099139
-7.0194385347097485
-6.5223549393289835
-6.979346812483533
-7.473713925315561
-6.943869228281904
-6.387248429426003
-6.795837372988055
-6.548869659022011
-6.6333694368772305
-6.986098399021156
-7.299872365817289
-7.641000262313779
-7.766283628136927
-7.2391469180136445
-7.382873720577168
-7.637608882405632
-7.849217772920897
-7.554398224732504
-7.6737492720764156
-8.101576939402255
-8.657720799558442
-8.326573940316635
-8.87689660663125
-9.210377923856322
-9.724979408003739
-9.855046064762371
-9.506907546999667
-9.83585099335636
-10.390523062760174
-9.994571588095251
-9.612211708886004
-10.165935597298764
-10.49743572721633
-10.158766249014937
-10.346656112239629
-10.670064103774422
-10.91190808085961
-10.853861076620243
-10.378440642326943
-10.922586793593407
-11.347918271161134
-11.396186495241238
-11.020975010288062
-10.703120706248564
-10.357643912634042
-10.233117739533185
-10.759826854270788
-10.61136191649017
-10.37918614967654
-10.199116542511401
-10.642945228764699
-10.10311936072285
-9.755630059633068
-9.308242352643232
-9.158433954317175
-9.527069974506208
-9.093064658569562
-8.538418484473356
-9.089321419010265
-9.511823631079107
-9.117431218598433
-9.090238041363214
-9.36612450191818
-9.542946770313437
-9.513339336486991
-9.496275720484796
-9.500306992735315
-9.495201282215046
-9.48351240995818
-9.552729337641289
-9.667067243344544
-9.13732199807779
-8.661983681700418
-8.664522055621674
-9.14183442475158
-9.665192319679214
-9.56364574777556
-9.443944138410972
-9.368622591845039
-9.825298411383983
-10.31732183394927
-10.353499403713364
-9.889183227209648
-9.33556708615521
-9.566092310788447
-9.150575503798771
-8.60662513281075
-8.95845392905372
-9.409823687934768
-8.85376855351256
-8.49001944906024
-8.82661495633903
-8.589056374024995
-8.522937026518608
-8.667807324034666
-8.128544947306901
-7.654919409795085
-7.678905914504895
-8.170462634255061
-8.636017434824078
-8.561102143060625
-8.423816818449733
-8.297011729929459
-8.852851128797646
-9.216778572095548
-9.70476499504944
-9.82578797425288
-9.398019630277611
-9.954236835390066
-10.496213452344083
-9.957451330983135
-9.475216234104876
-9.9083720576472
-10.081018401072766
-10.48988145504573
-10.105880661534322
-9.554678219048547
-10.100768366681388
-10.475973836953505
-10.04311711131346
-9.719876524837366
-9.335129133264484
-9.184690781642898
-9.616493394182509
-9.060096370586287
-8.552778074293167
-8.95755838258305
-9.448876652923161
-8.899813700993247
-8.400681051221305
-8.661231332115795
-8.105593228940515
-7.643482484423494
-7.686236147463924
-8.180979857153654
-8.621153975200999
-8.53796551561321
-8.488651673502218
-8.498310530836232
-8.494564359745116
-8.479287733771672
-8.5666964688178
-8.710708148916135
-8.153725390046976
-7.843674591299833
-7.286633109755458
-7.412789488041842
-7.587753169639024
-7.715758763131567
-7.158794352402633
-6.864631043743993
-6.3150548186107685
-6.616899429922913
-6.079103415741938
-5.537163227305643
-6.03458665232958
-6.46625108767851
-5.970154314376551
-5.435523910565001
-5.988527742699027
-6.535273484049681
-5.97846637348542
-5.424564752964638
-5.890444680799074
-6.056246425284737
-6.395853583429278
-6.395150569344743
-6.054708141699441
-5.882770914280481
-5.399480558166578
-5.953085893446656
-6.464864202214995
-6.013670890524877
-5.536114693475511
-6.065943915882063
-6.620177006387685
-6.254873736135127
-6.686396309485673
-6.193999462477667
-6.268802839320847
-6.808135124257615
-7.130938440565329
-7.6832820385350304
-7.3925135740604775
-7.916494407282762
-8.464693848467249
-7.951679260116577
-7.527019330161122
-8.006481953762606
-8.497092822922987
-8.011382420886607
-7.507425219684221
-8.021902226543562
-8.560812387505383
-8.008203443434775
-7.459942038223343
-8.015463989535437
-8.572355562627033
-8.077719452312683
-7.761085735332853
-7.281859796917465
-7.098853596506337
-7.256200602557704
-7.784024102152419
-8.06999229908332
-8.532266805735093
-8.01687932455858
-7.482013944274533
-7.995919241373048
-8.504145233074258
-7.990152906532242
-7.4904210276663665
-7.974445242962465
-8.408163813463071
-8.235358655903728
-7.692162556245044
-7.769879725035316
-8.326858805668987
-8.075649380207873
-7.6247658239379135
-8.175017651264422
-8.3475066401886
-7.814987148743886
-7.453516362627937
-7.67764459084453
-7.121059876747082
-6.702311209011433
-6.474933141397529
-6.619735382894939
-6.146454056689132
-5.626045991345541
-5.850199331036101
-6.394364767247886
-5.892364243774013
-5.6519727270496105
-6.201012121290916
-6.457013203917339
-6.078287880856182
-5.937393814067516
-5.600689137739111
-5.609839711096891
-5.9573750289368315
-6.177318205874063
-6.733642511428639
-6.648441380727875
-6.257029969439518
-5.878349924168943
-5.3222752286424395
-5.595701107427192
-5.095679837030505
-4.544463418697367
-5.052151067201897
-5.459048267113911
-4.968734518514762
-4.436251154767535
-4.990369855960324
-5.540027859478482
-4.985165355734134
-4.42812924263145
-4.928182250736476
-5.271147657193982
-5.660783895208175
-5.790798609218385
-5.299806117842595
-5.7012856101469165
-5.212109409671966
-5.355694099611649
-5.691029732503393
-5.984218667504065
-6.229079473646118
-6.757196088027835
-6.9580546546195965
-7.016624896641167
-7.132635317849391
-7.613922250586566
-7.066712500966898
-6.609284958567918
-6.761515010731318
-7.306955329001685
-7.221835487575281
-6.664947714535098
-6.9598748104847825
-7.363359648806776
-6.808979706166166
-6.658911529791564
-7.191147737490519
-7.536772175697879
-7.300369426723658
-7.853284444684822
-8.13351627055248
-8.678924078263744
-8.341223018164877
-8.896565033226016
-9.312380993549429
-9.496099024670556
-9.2995479977213
-9.855913672967837
-10.177841442749601
-10.72751849519099
-10.739516676883648
-10.183021570389696
-9.933148555829286
-9.501972577488258
-9.928744406648713
-10.468432037912432
-9.912140522625466
-9.42331989127542
-9.732721962740076
-9.238712576662747
-9.460451677977959
-9.37120032208973
-9.034815825445955
-8.80280333868769
-8.24842442482662
-8.18853182142436
-8.678990998140318
-8.229112196825675
-8.495902870382492
-8.241787485882355
-7.733637520084284
-7.558782798107204
-7.91277609951146
-7.990835997548667
-8.037026552905399
-8.209957539101682
-8.765857021854657
-8.856637852330161
-8.482237263240386
-8.900245843490707
-9.454758145782025
-8.907626787988129
-8.507455217770568
-8.925332829374089
-9.131524213533897
-9.65182479126179
-9.188557101362417
-9.300673697295936
-9.783795416684336
-10.156675309826278
-10.707708708547578
-10.64173758446124
-10.25322012525445
-9.861974967160068
-9.306504897584464
-9.460382621806051
-9.443141012361911
-9.264587183036111
-9.806364875261979
-9.872776642750383
-9.522572303660938
-9.808028686102025
-10.356714557520087
-10.091084424392495
-9.602613335328469
-10.153944476890342
-10.401349816334893
-9.910048175791452
-9.354548549911526
-9.660965231193668
-9.104070718143062
-8.669856978760663
-8.573761359493682
-8.905008269674948
-8.92727478751402
-8.701680935087557
-8.283099176916972
-8.009904623322342
-7.767430182939183
-7.2424326119325055
-7.031481556601914
-6.925959095998809
-6.586279271305151
-6.649472636771726
-7.058826342420322
-7.5770145905089334
-7.023229371738475
-6.484080313668197
-7.034519942797045
-7.5536608285691536
-7.130559856118824
-7.107010762742524
-7.4352255989147435
-7.311982705741845
-6.85621606354544
-6.322574268128029
-6.414133687364758
-6.617850709147026
-6.817248540760834
-6.424629368987945
-6.954254951350809
-7.51108474550621
-6.956675610461621
-6.40813590603889
-6.814902626857424
-6.62685431818172
-6.383206392131876
-6.228656958909381
-6.7383621003871035
-6.477009686081079
-6.806453083951208
-7.342091944818414
-7.177196420730282
-6.626997934270796
-7.073454282728845
-7.324853311124723
-6.767812219803005
-6.704446100659133
-7.253247724900892
-7.33749127167307
-6.823968593373496
-6.40085078185048
-6.533095175612619
-6.291987254929866
-5.8700745464142825
-5.316094035208054
-5.486229019765508
-5.3625685795938285
-5.0300630479215345
-4.787389898010368
-4.24327130590891
-4.101086608400891
-4.306173019396881
-4.721271967959047
-5.012184937793814
-5.338579607175842
-5.549428679027183
-5.5062332128643146
-5.527650561192766
-5.602775282006252
-5.210610451916943
-4.7309903298311635
-4.506855959350274
-4.752743321952578
-4.257220171208316
-4.533896370717165
-4.161279299127369
-3.6127747752533472
-3.9660212877052543
-4.402505612406738
-3.8463942581719066
-3.5033306732848275
-3.8555027245558797
-3.732042659224562
-3.2062083944625033
-2.8864257435701863
-2.346115274044145
-2.7644732247371744
-2.4361907150557887
-2.9140738662711985
-3.471116149679787
-2.923247207318588
-2.4845524899515357
-2.8879158644345537
-2.9465785946294014
-2.819504187972539
-2.2743031166632868
-2.470148305236976
-2.37497609541835
-2.054107735977107
-1.903442813742486
-1.473906051264683
-1.9555725147939125
-2.4956915621616718
-1.9520821290998474
-1.3968671770561119
-1.812323140646499
-1.6279036578330075
-1.3775128778158863
-1.211085507925726
-1.6865851580590094
-1.234661601719831
-1.5153344987756092
-1.189675149032413
-0.6493193033279846
-0.8596637466747804
-1.3915253725526098
-0.8741665564893173
-0.6570287614173814
-1.204694927801326
-1.4561748119458064
-1.0790247830259565
-0.9427056473057056
-0.6248640904501572
-0.5266046440041227
-0.7147243257770598
-0.16187960655500921
0.0707581224633704
0.49846299529742477
0.07422452331540658
-0.4670280912029819
0.0897379316985773
0.5696966882048287
0.2549207777531884
0.7240102138499322
0.3513267758147596
0.9057902355602183
1.336044957083777
1.4179453149861507
1.0750389423270692
0.9689377635156873
0.7587997341434489
0.23208960668688572
-0.007219437953326219
-0.26909193820499266
-0.725869489167928
-0.9720485995563437
-1.1271335514273046
-1.6186678551082856
-1.0797447743303796
-0.6747570518946554
-0.5186530287141824
-0.7362124440662463
-0.20651171300784332
-0.22954830673223145
-0.7844772814736352
-0.8564085841300852
-0.46754585340257726
-0.929121145762507
-1.4800065680914738
-0.9231140992241997
-0.4239487378365347
-0.7535022548247164
-0.3117625581156302
-0.7930381999120999
-0.6513142426094951
-0.2952409732191997
0.01608768269419364
0.37243951527590685
0.4321235174650179
0.14868085059604075
0.36578714858243333
0.6045270583770432
0.7227375637938238
0.16619926064990687
-0.09300241593089087
-0.5811969011970104
-0.024171216203322077
0.5257919442718353
-0.031248671737313383
-0.5778540865715195
-0.14578468654546317
-0.16151860520905048
-0.6427862413572677
-0.12333109571191125
0.10707325647467633
0.6033082919912363
0.05501788610145286
-0.42751008369259264
-0.11660192609119413
0.42366735048070214
-0.11824648359651857
-0.4301232081266963
0.04836936856417218
0.5902829408309068
0.06396358973334348
-0.34905585744817275
-0.4119674715996472
-0.0676677563427982
0.06535712098618762
0.40326331985051267
0.3787768387116669
0.012437801104026092
-0.320022609171955
-0.5828124532190095
-0.5989872845013497
-0.2614311137286891
0.15631889398339427
0.6947304960545916
0.6458249084268685
0.23539180353885197
-0.17725957853315744
-0.6951407155822189
-0.713248696157198
-0.16713402245852693
0.19977917333064182
0.7120828706164066
0.8037307529972602
0.3156506628414108
0.7572681832854118
0.43826814850883977
0.9062880876690244
1.4632622458003497
0.9230541717812378
0.5079370138277284
0.9410544334344373
1.2180133355846707
1.7468852383538584
1.9114038399095221
1.7698947219248935
1.2176872847341418
1.0346141726898361
0.9693737448262325
0.7995390963924456
0.24249737642517744
0.21705149018976344
0.75640014390619
0.6389150356020965
0.29724029492050347
-0.02353660766499699
-0.40791525139917645
-0.3065709472887337
0.17166740097426442
0.6493842343998917
0.5982269531620803
0.31892829859023625
-0.001321656101438251
-0.325345424298358
-0.580888134707309
-0.5985145301094686
-0.26111939263199396
0.15748509593494597
0.6944931334851497