0.02
0.02
-0.009921105483175107
-0.02502934423496997
-0.002636636010509334
0.02369033683775835
0.014537703805602266
-0.016337007650211358
-0.022792141710106385
0.004877820950003338
0.02526850688169813
0.0077969408092073735
-0.021313047524782427
-0.018526150832231195
0.01196650979132486
0.024587045539055156
0.00037460106958494416
-0.02439678003851473
-0.01262243706082724
0.01800569083947357
0.021709783237804058
-0.007080405301495545
-0.025302490860692042
-0.005610977770707969
0.022454348731170918
0.016903702930782596
-0.013916735403767182
-0.023945380841423884
0.0018903952816255246
0.024905476055038223
0.010606705962369742
-0.019530064883351204
-0.020452357262733267
0.00922689599659237
0.025131005691655984
0.003380597750534807
-0.023414330922632894
-0.015145996396814278
0.015756034149791168
0.02310980253378062
-0.004140444913486623
-0.025212092821344647
-0.008506721422845857
0.020897537322418808
0.019030367128055347
-0.01130017877909106
-0.02475551656266082
-0.0011234795152372488
0.024184897073444102
0.013267382784792139
-0.017469456123634833
-0.022087381331742432
0.0063577384702365285
0.025314012994489703
0.006339279609220618
-0.022096734598221427
-0.017455612947833855
0.01328364172534096
0.024179226565369607
-0.0011425208176015743
-0.02475951671103576
-0.01128309697619194
0.01904297831339634
0.02088672530166049
-0.00852468444563556
-0.025210365520197207
-0.004121636893252484
0.023117618510486212
0.015741072678525758
-0.015161301044899073
-0.023407038215394797
0.0033994884979435674
0.02513330139410856
0.009209128573288188
-0.020463632153725195
-0.01951788433445051
0.010624029822694857
0.02490203621051125
0.0018713871132614718
-0.0239515935401539
-0.01390077766048349
0.01691792874720509
0.022445495495753028
-0.005629568403263851
-0.025303062512235915
-0.007062094245048747
0.021719627948339232
0.017992242734155117
-0.012638982831088403
-0.02439165698724479
0.0003936590497009389
0.02459160226403197
0.011949685048242915
-0.018539181250423902
-0.02130270823918792
0.007815083764805004
0.025267349595606087
0.004859111944621623
-0.02280047374097796
-0.01632240269564737
0.01455333801576392
0.02368357414329436
-0.0026555931374907527
-0.025032206194946276
-0.009903549180024434
0.020011727496248702
0.01998826112695612
-0.009938656214423906
-0.02502646790219689
-0.0026176774085295944
0.023697085965126
0.014522061391405218
-0.016351603363614277
-0.022783796649193586
0.004896527224639239
0.02526964965042529
0.007778793481727716
-0.02132337465907306
-0.018513109900757732
0.011983327800911225
0.024582474708107496
0.0003555428799697363
-0.02440188909838439
-0.012605884183103268
0.018019128735046665
0.021699926140933492
-0.0070987123896461765
-0.025301904671224354
-0.005592383995927923
0.022463189137840626
0.01688946754502558
-0.013932685299335463
-0.023939154422609833
0.001909402392609453
0.024908901601563706
0.010589376141513224
-0.01954223433143852
-0.02044107072869199
0.009244658240820353
0.025128695554979066
0.0033617051115737914
-0.023421610228089945
-0.0151306831948679
0.01577098671555871
0.02310197333739988
-0.004159250616441335
-0.02521380563924636
-0.008488753627823916
0.020908337437515433
0.01901774513468781
-0.01131725422763689
-0.024751502206762692
-0.0011044375845255736
0.024190553717558662
0.013251116368314135
-0.0174832894016965
-0.022078015454781785
0.006376193769466083
0.025313998449594793
0.0063208171967968525
-0.022106075248660106
-0.017441759882340504
0.013299893180660376
0.024173542196744724
-0.0011615614809668967
-0.024763502649475647
-0.011266008828650649
0.019055578683330507
0.020875901381626812
-0.00854264268605328
-0.02520862373685001
-0.004102826566280689
0.023125421262847327
0.015726102310397373
-0.015176597130311206
-0.02339973211074177
0.003418377343219977
0.025135582660951162
0.009191355980954056
-0.020474895395024846
-0.019505692691882893
0.010641347712659312
0.024898582070060356
0.0018523778981538591
-0.023957792515070447
-0.013884812078632085
0.016932144986044367
0.02243662943685904
-0.0056481558831557865
-0.02530361962551095
-0.007043779230613625
0.021729460266700723
0.01797878442692586
-0.01265552148444327
-0.024386519947658607
0.0004127168096582541
0.02459614488029291
0.011932853581249129
-0.018552201147727352
-0.021292356808409577
0.0078332223382938
0.025266177792850255
0.0048404002189903345
-0.022808792736839112
-0.016307788508371023
0.014568964012909174
0.023676797885788928
-0.002674548778863129
-0.025035053780398556
-0.009885987314914286
0.020023443608808096
0.019976510884019808
-0.009956201363831105
-0.025023577198365968
-0.002598717342163999
0.02370382152135325
0.014506410782158821
-0.016366189827414553
-0.022775438563217922
0.004915230758036574
0.025270777901097753
0.007760641792593732
-0.021333689635949754
-0.018500058463618112
0.012000139067424444
0.024577889773943984
0.000336484491513335
-0.02440698416378037
-0.012589324207363344
0.018032556413047348
0.021690056663573536
-0.007117015499197233
-0.025301303944188877
-0.005573787089363819
0.02247201671050059
0.01687522259818697
-0.013948627338047616
-0.023932914287450043
0.0019284084355801027
0.024912312848022488
0.010572040369957287
-0.019554392671575944
-0.02042977255825316
0.009262415295931064
0.025126370985476616
0.003342810591641928
-0.023428876127411687
-0.015115361447876884
0.015785930367200843
0.023094130926022947
-0.004178053991576974
-0.025215503972868484
-0.008470781070711118
0.02091912564057427
0.01900511234068012
-0.01133432331212507
-0.02474747364576304
-0.001085395036115648
0.02419619649431476
0.01323484248520836
-0.017497112773981603
-0.022068636972904267
0.006394645496536015
0.025313969359814784
0.006302351243341681
-0.022115403277509847
-0.017427896935203708
0.01331613714145696
0.024167843970986563
-0.0011806014946838042
-0.024767474375577473
-0.011248914346179646
0.019068168230483767
0.020865065568709512
-0.008560596133962654
-0.02520686747235692
-0.00408401394311356
0.023133210786203055
0.015711123054044568
-0.015191884644244483
-0.023392412613046774
0.003437264275785362
0.025137849490805445
0.009173578229636926
-0.02048614697999594
-0.019493489962799416
0.010658659622438723
0.02489511363577121
0.0018333676469375025
-0.023963977762453594
-0.013868838667363121
0.01694635163905878
0.022427750559767208
-0.005666740199947149
-0.02530416220018082
-0.007025460268497503
0.021739280187058476
0.017965315925625124
-0.01267205301145316
-0.024381368922848347
0.00043177433879946006
0.024600673385102093
0.011916015399929135
-0.018565210516539768
-0.021281993238573313
0.007851356519450514
0.025264991474139888
0.004821685783605263
-0.022817098692728327
-0.01629316509683484
0.014584581788061223
0.023670008069303777
-0.0026935029240147713
-0.025037886989606413
-0.009868419897791114
0.020035148330788774
0.019964749278098867
-0.009973740921459067
-0.025020672125223006
-0.002579755822025659
0.02371054350240146
0.014490751986852892
-0.01638076703317315
-0.022767067457163805
0.004933931539701862
0.025271891633032235
0.007742485752036787
-0.021343992449306258
-0.018486996528432234
0.01201694358128726
0.024573290739326195
0.00031742591487469995
-0.024412065231635312
-0.01257275714305783
0.018045973865652036
0.02168017481157594
-0.007135314619844759
-0.02530068867994783
-0.005555187061458897
0.022480831443893068
0.016860968098525116
-0.013964561510763349
-0.023926660439689378
0.0019474133999014334
0.024915709792353167
0.01055469865753731
-0.019566539896628033
-0.020418462758072877
0.009280167151882176
0.025124031984552254
0.0033239142013219494
-0.023436128616247626
-0.015100031164661883
0.015800865096091216
0.02308627530433464
-0.004196855028352785
-0.02521718782118273
-0.008452803761653124
0.02092990192522204
0.018992468753425924
-0.011351386022849748
-0.0247434308820913
-0.0010663518806609228
0.024201825400319222
0.013218561144783118
-0.017510926232453705
-0.022059245891682903
0.006413093641070958
0.025313925725166248
0.006283881759237459
-0.022124718679225126
-0.017414024114480033
0.013332373598437027
0.02416213189151898
-0.001199640848100668
-0.024771431886943973
-0.011231813538495455
0.0190807469474849
0.020854217869305768
-0.008578544779226503
-0.02520509672777775
-0.004065199034295669
0.023140987075896232
0.015696134918110265
-0.015207163577893576
-0.023385079726688553
0.003456149285059471
0.02514010188229975
0.009155795329387883
-0.02049738690200567
-0.01948127615435708
0.0106759655422081
0.024891630909736007
0.0018143563702488277
-0.023970149278588763
-0.013852857435830533
0.01696054869800969
0.02241885886976197
-0.005685321343201006
-0.02530469023591582
-0.007007137369011117
0.021749087703587366
0.01795183723809665
-0.01268857740268151
-0.0243762039159127
0.0004508316264663602
0.02460518777572995
0.011899170513871184
-0.018578209349263484
-0.021271617535810375
0.007869486298053053
0.025263790640192074
0.004802968648963676
-0.022825391603690622
-0.01627853246949592
0.014600191332247277
0.023663204697908113
-0.002712455562336319
-0.025040705820858367
-0.009850846938602335
0.020046841655308734
0.019952976316107505
-0.00999127487737389
-0.025017752684523137
-0.002560792858727765
0.02371725190424255
0.01447508501448202
-0.01639533497245814
-0.022758683336024904
0.004952629559144526
0.02527299084555645
0.007724325370289352
-0.021354283093045903
-0.01847392410282666
0.01203374133292837
0.024568677607026235
0.00029836716071312414
-0.024417132298892197
-0.01255618299964181
0.01805938108504436
0.021670280590801783
-0.007153609741288494
-0.02530005887887542
-0.0055365839226568965
0.022489633332771514
0.016846704054304253
-0.013980487808349696
-0.023920392883083383
0.0019664172749405545
0.024919092432507763
0.010537351014091555
-0.019578675999470312
-0.020407141334816102
0.009297913798637317
0.025121678553621435
0.0033050159511970705
-0.023443367690258447
-0.01508469235404922
0.015815790893611376
0.02307840647702995
-0.00421565371623105
-0.02521885718317305
-0.008434821710796892
0.02094066628509546
0.018979814380324762
-0.011368442350111568
-0.02473937391818706
-0.0010473081288126553
0.024207440432189697
0.013202272356349028
-0.017524729769084948
-0.02204984221669813
0.006431538192699763
0.025313867545677472
0.006265408754866118
-0.022134021448271635
-0.01740014142823107
0.013348602542314632
0.02415640596177724
-0.0012186795305682008
-0.024775375181190662
-0.011214706415318354
0.019093314826972983
0.020843358289823154
-0.008596488611712843
-0.025203311504186275
-0.004046381850372833
0.023148750127282337
0.01568113791124432
-0.015222433922461295
-0.023377733456057946
0.003475032360464949
0.025142339834074594
0.00913800729026066
-0.020508615154431142
-0.01946905127372125
0.010693265462147147
0.02488813389405877
0.0017953440787264498
-0.023976307059771853
-0.013836868393195072
0.016974736154663557
0.022409954372138673
-0.00570389930248099
-0.0253052037323981
-0.006988810542468485
0.021758882810470167
0.017938348372192863
-0.012705094648694511
-0.0243710249299615
0.00046988866199847504
0.024609688049456502
0.011882318932670569
-0.018591197638305804
-0.021261229706262225
0.007887611663879593
0.025262575291733636
0.00478424882556679
-0.02283367146477819
-0.016263890634817986
0.014615792636496875
0.023656387775680063
-0.002731406683216836
-0.025043510272451407
-0.009833268447300087
0.020058523575489963
0.019941192004966576
-0.01000880322164193
-0.025014818878029213
-0.0025418284628859894
0.02372394672285254
0.014459409874044116
-0.016409893636839097
-0.022750286204799824
0.004971324805873187
0.025274075538003718
0.0077061606575863015
-0.021364561561075558
-0.01846084119443197
0.012050532312777244
0.024564050379821546
0.00027930823968767143
-0.024422185362499405
-0.012539601786572055
0.01807277806341107
0.021660374007116102
-0.007171900853228632
-0.025299414541350845
-0.005517977683403064
0.0224984223718928
0.01683243047379207
-0.013996406221674567
-0.02391411162139248
0.0019854200500629728
0.024922460766442122
0.010519997449460533
-0.019590800972979994
-0.020395808295151408
0.009315655226159986
0.025119310694104707
0.003286115851851526
-0.02345059334510902
-0.015069345024867717
0.01583070775114407
0.023070524448808208
-0.004234450044673661
-0.025220512057828017
-0.008416834928290897
0.020951418713834713
0.018967149228779193
-0.011385492284212508
-0.02473530275649466
-0.0010282637912223357
0.02421304158654904
0.013185976129218749
-0.017538523375850636
-0.02204042595353481
0.006449979141052383
0.025313794821381783
0.006246932240610421
-0.022143311579118953
-0.017386248884521817
0.013364823963804381
0.02415066618520107
-0.0012377175314361444
-0.024779304255937124
-0.01119759298637001
0.01910587186158891
0.02083248683667116
-0.00861442762129077
-0.025201511802659626
-0.004027562401889562
0.023156499935720037
0.01566613204209672
-0.015237695669152677
-0.023370373805547934
0.0034939134914248535
0.025144563344775165
0.009120214122309067
-0.020519831730653124
-0.019456815328058787
0.010710559372439168
0.024884622590847907
0.0017763307830057258
-0.02398245110230457
-0.013820871548616666
0.016988914000792853
0.022401037072194943
-0.005722474067355605
-0.0253057026893152
-0.006970479799181275
0.021768665501896628
0.017924849335766636
-0.012721604740064407
-0.024365831968109094
0.0004889454347403212
0.024614174203569764
0.011865460665919715
-0.018604175376082444
-0.021250829756072308
0.007905732606714705
0.02526134542949876
0.004765526323911758
-0.022841938271052083
-0.01624923960126563
0.014631385691847656
0.023649557306704164
-0.002750356276049644
-0.025046300342691435
-0.009815684433835953
0.020070194084464095
0.01992939635160158
-0.0100263259443364
-0.02501187070751321
-0.0025228626451129083
0.02373062795421951
0.014443726574540378
-0.016424443017894894
-0.022741876068496085
0.0049900172694011605
0.02527514570971888
0.007687991624163174
-0.021374827847312462
-0.018447747810884933
0.01206731651126999
0.02455940906050058
0.0002602491624559
-0.024427224419417057
-0.012523013513308501
0.018086164792947702
0.021650455066392283
-0.007190187945369381
-0.025298755667764475
-0.005499368354142969
0.022507198556023907
0.016818147365260744
-0.014012316741612834
-0.023907816658386136
0.0020044217146379315
0.024925814792123333
0.010502637973486446
-0.01960291481004366
-0.020384463645754226
0.009333391424418889
0.025116928407433063
0.0032672139138689577
-0.02345780557647454
-0.015053989185949733
0.015845615660079568
0.023062629224376636
-0.004253244003145185
-0.025222152444145957
-0.008398843424285603
0.020962159205088222
0.018954473306199246
-0.011402535815458456
-0.024731217399468913
-0.0010092188785423353
0.024218628860029522
0.013169672472710852
-0.01755230704473145
-0.022030997107787182
0.00646841647575995
0.025313707552323084
0.006228452226855891
-0.022152589066245128
-0.017372346491423163
0.013381037853626262
0.024144912565239474
-0.0012567548400560374
-0.024783219108813336
-0.011180473261375558
0.019118418043981872
0.020821603516268303
-0.008632361797831646
-0.02519969762428601
-0.004008740699394012
0.023164236496578037
0.015651117319325787
-0.015252948809177595
-0.023363000779563336
0.0035127926673628497
0.025146772413057798
0.009102415835591852
-0.020531036624060108
-0.01944456832454633
0.010727847263268853
0.02488109700222331
0.001757316493725205
-0.023988581402498283
-0.013804866911262726
0.017003082228174482
0.022392106975239707
-0.005741045627391857
-0.025306187106365903
-0.006952145149466977
0.021778435772063336
0.017911340136680803
-0.01273810766736451
-0.02436062503348142
0.0005080019340317626
0.024618646235366255
0.011848595723220334
-0.018617142555011873
-0.021240417691395414
0.00792384911634041
0.025260101054231723
0.0047468011545026625
-0.022850192017579336
-0.01623457937731271
0.01464697048933715
0.023642713295074225
-0.0027693043302248234
-0.025049076029892304
-0.009798094908167836
0.020081853175365785
0.019917589362946363
-0.010043843035528941
-0.025008908174755637
-0.002503895416026098
0.023737295594336297
0.014428035124978625
-0.016438983107204853
-0.022733452932128917
0.005008706939239473
0.02527620136005342
0.007669818280259574
-0.021385081945677557
-0.01843464395982776
0.012084093918842076
0.024554753651858247
0.00024118993967857036
-0.02443224946661007
-0.012506418189317246
0.018099541265851345
0.021640523774511176
-0.0072084710074139
-0.025298082258514407
-0.005480755945326012
0.02251596187993756
0.016803854736989875
-0.01402821935904051
-0.023901507997842866
0.0020234222580309998
0.024929154507526384
0.010485272596017501
-0.019615017503551747
-0.02037310739330847
0.00935112238338235
0.025114531695046783
0.0032483101478359075
-0.02346500438003762
-0.015038624846135055
0.01586051461181158
0.023054720808453277
-0.004272035581110594
-0.02522377834113675
-0.008380847208935054
0.02097288775251213
0.018941786620001563
-0.011419572934159076
-0.02472711784957421
-0.0009901734014243942
0.0242242022492731
0.013153361396146087
-0.017566080767715583
-0.022021555685056274
0.006486850186456974
0.025313605738554686
0.006209968723987956
-0.02216185390413694
-0.01735843425701109
0.013397244202505834
0.024139145105350486
-0.0012757914457801889
-0.024787119737458806
-0.011163347250062761
0.019130953366807694
0.020810708335038987
-0.00865029113121156
-0.025197868970162816
-0.003989916753432302
0.02317195980523359
0.015636093751591338
-0.015268193333752816
-0.02335561438251485
0.0035316698777060236
0.02514896703758775
0.00908461244016713
-0.02054222982804889
-0.01943231027036431
0.010745129124827005
0.024877557130312606
0.0017383012215212088
-0.023994697956672986
-0.013788854490302021
0.017017240828592548
0.022383164086586825
-0.005759613972161966
-0.02530665698325719
-0.0069338066036412245
0.0217881936151761
0.017897820782799875
-0.012754603421175775
-0.024355404129210972
0.0005270581492181521
0.024623104142152033
0.011831724114172144
-0.01863009916752209
-0.021229993518389743
0.007941961182546649
0.025258842166685273
0.004728073327838991
-0.02285843269943725
-0.01621990997143366
0.014662547020012347
0.023635855744890962
-0.002788250835138204
-0.02505183733237803
-0.009780499880251795
0.020093500841339575
0.01990577104593865
-0.010061354485298674
-0.025005931281545643
-0.0024849267862389335
0.023743949639206362
0.014412335534367526
-0.01645351389635747
-0.022725016800719915
0.005027393804904287
0.025277242488369534
0.007651640636114655
-0.021395323850101913
-0.01842152964890839
0.012100864525937303
0.02455008415669961
0.00022213058201244265
-0.024437260501055522
-0.012489815824064372
0.01811290747432962
0.021630580137359707
-0.007226750029071936
-0.025297394314008965
-0.005462140467399481
0.0225247123384165
0.016789552597261462
-0.014044114064841563
-0.023895185643548613
0.0020424216696131037
0.02493247991063596
0.010467901326901043
-0.01962710904640381
-0.020361739544502218
0.009368848093024913
0.025112120558394225
0.0032294045643376304
-0.023472189751489216
-0.015023252014264807
0.015875404597739305
0.023046799205760544
-0.004290824768036085
-0.02522538974781577
-0.0083628462923944
0.020983604349767516
0.018929089177607262
-0.011436603630626145
-0.024723004109281493
-0.0009711273705216433
0.024229761750928083
0.013137042908849721
-0.017579844536794287
-0.02201210169094991
0.0065052802627779335
0.025313489380137392
0.006191481742396688
-0.022171106087285612
-0.017344512189368277
0.013413443001168642
0.024133363809000264
-0.001294827337958552
-0.024791006139520153
-0.011146214962164228
0.019143477822725782
0.020799801299415534
-0.008668215611305319
-0.025196025841395644
-0.003971090574554706
0.023179669857069703
0.015621061347560885
-0.015283429234095973
-0.02334821461882234
0.003550545111878644
0.02515114721703762
0.009066803946099454
-0.020553411336019407
-0.019420041172701116
0.010762404947303239
0.02487400297725191
0.001719284977034559
-0.02400080076115467
-0.013772834294910313
0.017031389793831866
0.022374208411559435
-0.005778179091234025
-0.025307112319703926
-0.006915464172025928
0.021797939025443525
0.017884291281996943
-0.012771091992076891
-0.02435016925843876
0.000546114069638854
0.02462754792123927
0.01181484584838309
-0.01864304520604197
-0.021219557243222855
0.007960068795118382
0.025257568767620437
0.00470934285442768
-0.022866660311707036
-0.016205231392111778
0.014678115274918423
0.023628984660264554
-0.0028071957801801863
-0.025054584248479683
-0.009762899360052263
0.020105137075532437
0.019893941407525925
-0.01007886028372185
-0.025002940029681682
-0.0024659567663711697
0.023750590084839297
0.01439662781172376
-0.016468035376942285
-0.022716567679300137
0.005046077855908961
0.02527826909403744
0.007633458701972681
-0.02140555355452118
-0.018408404885781517
0.012117628322998394
0.02454540057783726
0.0002030711001185445
-0.02444225751973581
-0.012473206427022857
0.018126263410590544
0.02162062416083301
-0.007245025000049452
-0.02529669183466356
-0.005443521930816823
0.02253344992624772
0.016775240954365445
-0.014060000849899373
-0.023888849599297993
0.0020614199387506
0.02493579099944394
0.01045052417599138
-0.019639189431502092
-0.020350360106032372
0.00938656854331936
0.025109694998932914
0.0032104971739631352
-0.02347936168652714
-0.015007870699187836
0.01589028560926529
0.023038864421031358
-0.004309611553388576
-0.025226986663209758
-0.00834484068482241
0.020994308990524166
0.018916380986445408
-0.011453627895175546
-0.024718876181072783
-0.0009520807964867942
0.024235307361653108
0.013120717020151839
-0.01759359834396565
-0.022002635131084983
0.006523706694359876
0.02531335847714356
0.006172991292471886
-0.022180345610193306