0.6610169491525424
0.6610169491525424
1.1332408853499158
1.6688839723854305
1.541030339192596
1.5264295003107757
1.6328765317138683
1.1561400362874734
0.6515455964443329
0.7519209721338177
1.3010167270059332
1.2169834831899538
0.66081485296518
0.9828333752173593
1.3519119380578637
0.7968295669413263
0.6805299447535409
1.2233863025198128
1.4369096574637337
1.041294227857923
0.7595306731748135
0.26300303693897475
0.0518663618127459
0.016871679416487817
0.040897360150038545
0.2055730876077742
0.7624929466795072
0.8178066560512611
0.3359255713953229
0.8233254781401991
0.7984407486349505
0.2600740479348872
0.4368713630751274
0.47787569696549215
0.36029040518156225
0.8543103784886898
1.3594499090108423
1.2202403436418263
0.6643961987767937
0.9177969148869871
1.3831198584979632
0.8325292434552796
0.6330682039814811
1.1527150620764082
1.6152632691562683
1.4744602015999375
1.6995700587581568
2.113594705750523
2.670535012917453
2.3945111472959306
2.909817644469631
3.458149855405767
2.9541706391337286
2.538326897261635
3.030565250451401
3.56352566312286
3.0094947012454454
2.4598980266400803
3.0147709230730593
3.5718075225129344
3.071610686875618
2.7278174533092234
2.341534808046519
2.2148695024727014
2.7164258397630636
2.3744188747696757
2.92741067162047
3.4534092675512555
3.002701754287422
2.5465024550312365
3.0754409790562662
3.625804719726204
3.299728828340911
3.8297271428975335
3.9338678109059435
3.8082519789000244
3.2565473903378797
3.356101837624149
3.7252685170664184
4.080254668117749
4.598466044702615
4.0578013170353975
3.6000341663544173
3.7836972324183615
4.336443739754619
4.109878623870269
3.6111204621416393
4.152637045567653
4.356716732561446
3.8238061465870934
3.4403864609255894
3.649381521214479
3.109327933600685
2.6051821591818207
2.857754756487697
3.4029684338735855
2.8905996162672394
2.6332734367233805
3.172551936309877
3.5480936525052083
3.312007202182614
3.868406375598763
4.225518064244504
4.7026992891395425
4.837752909329523
4.448164357292311
4.94466353098153
5.497506030854811
4.943661595570612
4.403495580528953
4.769819788112198
4.398924660500976
4.944061836784177
5.4953104051792305
4.946661918195023
4.460221623187788
4.8644127995319835
4.842131360386327
4.364027503856376
4.893579754635668
5.201951455908169
5.736559896176106
5.847402595636945
5.4642598561698055
5.927822618634203
6.4798523381752915
5.922826391157377
5.4280229346664255
5.761274515797476
5.339619264252567
5.872510297679991
6.1268760243562035
6.659137507170747
6.233264046136473
6.54564573743405
6.115554518389051
5.55890154670716
6.070334726270179
6.43822203579481
5.939390664088787
5.3841488413060405
5.828445615008503
5.742668054549287
5.196803853459314
4.912843054538257
4.420891231779246
4.977911994214658
5.528899401926239
4.972179105255033
4.420649302854108
4.867658212323413
4.923210229784408
4.715251905706193
4.255794704193882
3.9577755074166214
3.5467859284533434
3.831196525021805
4.388055191539306
3.9726080315440506
3.626849939538571
4.180874656440094
4.466535165308936
4.087352240647401
3.976751726778405
3.7878634131705664
3.2340695201564635
3.1189608007058993
3.405026759641844
3.4369968079716435
3.193056312166674
3.5767031658048403
3.0495611392595126
2.492606394990415
3.0485016304073644
3.589503889600684
3.2025806125045024
3.472073811833335
3.29182208476337
2.829665162381407
2.335045515485968
2.366449076856572
2.7592810582689022
3.1764465616976794
3.692871065955785
3.7069569537780143
3.1665707556950613
2.7790503143279564
2.3152013163135163
2.217031794720829
2.7334431854627437
2.4721040362484032
2.8152220655681757
3.3544187262735337
3.13632936528558
2.606169650309738
3.1284502660406153
3.3497638857260315
2.805937124066541
2.505468643097812
2.821873641986117
2.5474545133254223
2.667359491632209
3.0801433828148945
3.6221795090489453
3.1429836562038957
3.066704444308839
3.221582132946452
3.7756610968883915
3.921247761330266
3.794044447140871
3.2376004406779324
3.2200248517561527
3.763653618898707
3.6891734830329197
3.2047385950550225
2.804877822046408
2.304721744157661
2.2424391451411076
2.7924063834551713
2.8518392884296464
2.4430341965988687
2.9584918055436917
3.5109740618997045
2.964705319605108
2.407833884227365
2.866361385787619
2.937056266570939
2.7894245386607452
2.2324995236690133
2.1600227801385876
2.5875673069688845
2.036420814439734
1.4813061757505346
2.038021979714437
2.583438964006902
2.1679450122109367
2.2858932065056328
2.7901438705353114
3.1451987215725516
3.701944606404224
3.5537308069139857
3.5157233066284386
3.6083595419607484
3.1906303579620654
2.6952284258065773
2.622602999215538
3.059325159273038
3.5919861481261144
3.0567929210911027
2.609276647103737
2.745116620311277
3.2809205253293516
3.3269616046432735
2.814069038847573
2.413163995388223
2.5551667485746012
2.2386214277358567
1.7588192228775776
1.449685360557568
1.599432646627358
1.164152412705867
0.6423354035802297
0.8170046164233741
1.3711484664127243
0.9478172987730833
0.6636314372315222
1.2206589440683313
1.3267601607855488
0.7930822227568333
0.49655287162582906
0.7828000331247963
0.3736190135803996
0.9300117646748346
1.4220198200986969
1.1108146404304002
0.5757349254147958
1.1223152202688198
1.4405821074756848
0.9774996318164058
0.4754137677537724
1.0086422406848512
1.5323394770617114
1.0577249655495797
0.7174499952603057
0.3547178211789673
0.24202984036201092
0.7812301356390342
0.7491866516551121
0.1932377712744625
-0.033553137862171484
-0.36179231698211844
-0.4932555300491793
-0.33897835955629263
-0.8745662387268655
-1.3608081407771475
-1.2574960430616722
-0.715589105517008
-0.7058778413096499
-1.2442275421309397
-1.4067481988506798
-0.9767117990586147
-0.4996467551253101
-0.9773489190048785
-1.4908622861184346
-0.9658078696282497
-0.41316064555479615
-0.9218065351981434
-1.2631475123783389
-1.6736881229930267
-1.8183417878665786
-1.3894695026238137
-1.946510216565334
-2.4719474660702567
-1.987084214236946
-1.5260468813054984
-2.031860779074936
-2.5739739339588334
-2.031952075447224
-1.5264385003492884
-1.986301509470406
-2.471485830431663
-1.9452996643635556
-1.388281409795334
-1.810270368128968
-1.628421240299769
-1.3739893915626893
-1.200135778321614
-1.650008116859387
-1.1198279575124899
-0.8498021482763084
-0.29683263484113664
-0.5215575394786741
-0.23006290592002143
0.27732340300914193
0.41716662140720684
0.027706441202092313
-0.28688464277279635
-0.6620428675249946
-0.8155753422314701
-0.3864049234612111
-0.9433064622124661
-1.4608806539799812
-1.0089742113358326
-0.5394309184491604
-1.0681332978747262
-1.6219456137936787
-1.2644336366951205
-1.7222345373917054
-1.3302347936226235
-1.8661211784789575
-2.109982278261293
-2.617094096370545
-2.0864500808167477
-1.719764467014794
-1.3772215295960952
-1.316546223106936
-1.8472090796663034
-2.2903132870840235
-2.506073714545391
-2.3100642294844
-2.8670180796869107
-3.247967998443355
-3.6592136609886965
-3.7533852439962403
-3.206487880981258
-3.1607214882405317
-3.606454014580823
-3.049595156494337
-2.5239376009644165
-3.0160400475706535
-3.479383698253854
-2.9799804783793666
-2.4535651048345493
-3.0101304318969997
-3.5641026984091173
-3.0773516621695274
-2.7734898409389315
-2.2670146066659873
-2.0904777516771653
-2.226137645751311
-2.7806108764507362
-2.9390506480927163
-2.8864641621487324
-2.4838089709282465
-2.923473448932865
-3.4714836570657903
-2.9144417249672236
-2.4356417262056436
-2.763817334532509
-2.3438602931799797
-2.8815677281281737
-3.1786021966172067
-3.7320405054187877
-3.7325817150346388
-3.1788132544392216
-2.8849284381859124
-2.3514705393588766
-2.797869625182789
-2.6118751682421535
-2.414341763776247
-2.3169675949602584
-2.8573668277978994
-3.3004382031982282
-3.483164401577064
-3.245899172447732
-3.7436045748069002
-3.4736414362189176
-3.820239142044458
-4.36258227474262
-4.106767223446796
-3.5987807877037534
-4.144957398927924
-4.393335274230831
-3.8889801419843817
-3.350534396120328
-3.553295809853506
-3.191286848390126
-2.665857694925519
-2.771150211849322
-3.3272791245768145
-3.0959331529406358
-2.618080276691104
-3.16377685790208
-3.3493233589063403
-2.8146707628100938
-2.459738661065752
-2.69592323508292
-2.1415580951647826
-1.8347588411917501
-1.2784330196201
-1.3494985976745413
-1.7559037381620617
-2.1516741298959423
-2.7004599216147938
-2.6233455129050123
-2.292417930925128
-1.9473084556816653
-1.4788065779350894
-1.9831686133612725
-2.5096734293818375
-1.9951900878809914
-1.4744888862055157
-2.02010188377381
-2.547227316163569
-2.0958004492590847
-1.908510871225584
-1.4660892125891203
-1.970078071880239
-2.509529554943708
-1.9793555127822788
-1.4315277620359876
-1.9715162414705731
-2.4785311719686756
-2.0071502840219724
-1.522914865291556
-2.0416460976501867
-2.5952374702930414
-2.102963240894213
-1.8672941088350212
-1.3351555340056436
-1.7481620747352613
-1.3696240051995419
-1.9266607389746961
-2.4267032731253693
-2.0878504422606223
-1.5674820631810982
-2.1235514105532536
-2.4972568406761804
-2.1164874047265605
-2.1049512525977203
-2.437040871629306
-2.302935824693502
-1.835694140885984
-1.335723307888267
-1.3813440695583519
-1.7244349033420256
-2.102756292063389
-2.6509438059175867
-2.250985747922995
-2.6411792021950444
-2.0865090322600537
-1.6383383428809273
-1.6749201954300852
-2.153426340811577
-2.66055754866904
-2.5853440813313906
-2.368013204233648
-2.1365575870487548
-2.3685267767687286
-2.5836806583757546
-2.6554646541385107
-2.1575076496468104
-1.6754555558849829
-1.6439906274402372
-2.100709372752406
-2.6576015763766803
-2.362964131263049
-2.91354728139404
-3.4285985057576864
-3.0565422660792905
-2.563514803142955
-3.1185434738689928
-3.5586786413688496
-3.271170537098283
-3.7821982907725005
-3.667710007717668
-3.250412460375931
-2.882498022085638
-2.328887180160973
-2.646497736990222
-2.089984987265564
-1.6070678348864358
-1.8117626194669294
-2.368766259334803
-1.9858112478226626
-1.6403930575167809
-2.1973259594274515
-2.38874257540704
-1.905598022030858
-1.350006160968463
-1.6440931523045268
-1.0903721446279788
-0.5908799060273027
-0.8778537391288955
-1.4158693460923502
-0.878490075410949
-0.5916951158381004
-1.09235237812493
-1.644947555420389
-1.3616063439619919
-1.9108411334543165
-2.425506955347953
-2.0623383235277566
-1.5654320042321321
-2.1215432069567184
-2.5454854576100616
-2.2406086061504458
-2.6880215674432626
-2.2111648970259905
-2.375360234694044
-2.6345293240921106
-2.831462089697612
-2.473624984037026
-2.89698282688156
-3.4530163457331575
-2.9112867314069595
-2.52017282634483
-2.958289119752183
-3.292314027898691
-3.634671931909781
-3.7367494733307445
-3.1825479222201043
-3.0058523700471187
-2.848697375195403
-2.322461128464794
-2.7179278467744012
-2.254408317857012
-2.5760698571723784
-2.081267845022334
-1.5245358856140245
-2.0718103650071575
-2.5190293569227147
-2.114616378709715
-2.06325650469227
-2.230596357362309
-2.7783166252852247
-2.9751331379885713
-3.0884626622224616
-3.47250612946436
-3.1635356954868117
-2.6070494629715872
-3.026828140200105
-3.3792246834040904
-2.826669325067033
-2.508134540607124
-2.84959987189555
-2.692906614065589
-2.247396678049402
-1.9057639385358267
-1.3767312715589046
-1.8768420054889345
-2.063089574103992
-2.437592611724462
-2.24909652294389
-1.7238542904195788
-1.626732875171368
-2.0867115402092793
-2.6429286514361023
-2.272623169875311
-2.7370233146121112
-2.3926047030839963
-2.9350496864968374
-3.4832254363467996
-2.9485058733937555
-2.491164068933579
-2.930154724424476
-3.1818470367296556
-3.7384301677969374
-3.7205579352001736
-3.1765890819301106
-2.8270468611666866
-2.2804793245386943
-2.2789602360693526
-2.8270788749750606
-3.170164947813326
-3.7199210866702055
-3.7048418479384644
-3.1744896732237944
-2.780657322198029
-2.31860497912185
-2.228993362697399
-2.762205118958404
-2.642341898912056
-2.2931673980606773
-1.9685634478339957
-1.561435284581368
-1.7954679511244658
-2.346428049103003
-2.1001462454563233
-1.6069801072705052
-2.154146600846132
-2.378068575964112
-1.8630663438170387
-1.366269609792245
-1.5100988138421885
-1.332434659978523
-0.9616948772446647
-0.5025423561192548
-0.956598334438321
-1.4807869519410541
-0.9377160399394304
-0.3884141634805327
-0.7484542902003768
-0.31992800612804306
-0.8243022707321735
-0.8401750742529026
-0.3788879790957648
-0.9282836399002898
-1.3827812689992143
-1.2624153559129576
-0.7295668298389536
-0.6367414269183582
-1.1133132774550811
-1.6625349869440256
-1.4549886948402972
-1.7985451975636961
-2.319959677434833
-2.275455275384192
-1.7343682867178343
-1.655697832042476
-2.157087229305522
-2.6359541485884095
-2.536019716607939
-2.5104381225195733
-2.5724334452109328
-2.273414169125701
-1.8523402466407055
-1.3080069201737246
-1.391496884667436
-1.6737236767706414
-1.9697304110758886
-2.1711920836545273
-2.72388026479611
-2.5650045343719214
-2.498758439556177
-2.560687939436848
-2.2971937807826324
-1.9048242085756348
-1.3579371379371623
-1.783495383643681
-1.520889704240851
-1.7169420625711926
-2.186706887173422
-2.644638010142184
-2.613315230451894
-2.273669609943851
-1.8873529118200647
-1.3329107664828914
-1.6554838853931702
-1.0985985463776713
-0.6528817267184752
-0.6344800147946229
-1.0631047343555606
-1.595873978407297
-1.0647251898840928
-0.6432966967622729
-0.6197165345029365
-1.0171911623563727
-1.4544224201042244
-1.132491963128447
-0.57959932850028
-1.0973169601179484
-1.4032115011134363
-0.8861793457659524
-0.3598899592952627
-0.5543601594737941
-0.19628036011664762
0.3249265102571487
0.26370379667198385
-0.2826477826781245
-0.27769054211069827
0.27006210619782073
0.3017019004443069
-0.23545203886037747
-0.43138646757507837
-0.035477403691155374
0.2640083414630785
0.705549814908765
0.910283144475889
0.8065312688124221
0.25731727439388863
0.3755203206322102
0.6753231626545813
0.9585026209711298
1.1084499710557727
1.56283568041133
1.0194674491330373
0.4651920855439674
0.9942330393247722
1.5166091141298725
0.9769244532608052
0.46283678283200547
0.9133405789631287
1.1289867983471575
1.6497625897461021
1.1832540170172714
1.2713267973520597
1.8046651958883675
2.135648648978285
2.6908080362070197
2.4464298902203025
2.84242058191425
3.387218881395075
3.049166206065124
2.592510522769055
3.1493266466013967
3.4913192385693477
3.1258645582941247
3.1677371520660316
3.671334153011731
3.2228394765719885
3.4722501717899665
3.3130267007442593
2.881955839102523
2.325780677664538
2.5530930224310895
2.1717915172104845
1.6338360475352172
1.8847936501804785
2.402184224358467
1.8604534636629504
1.613658393799607
2.1272330836421958
2.6399199243500435
2.48069054611523
2.703353873023646
3.1278554857333978
3.6821681683892296
3.5031585208550116
3.671665152508491
4.059956285395966
4.56794909313101
4.010911574964975
3.4553408250501794
4.000388234483298
4.545714488258385
3.9905335894996656
3.4336297164538676
3.9478372864589484
4.365716136583788
4.363156355426059
3.942748519696001
3.4206056972547314
3.971962765623292
4.500874707944286
3.9710101722769444
3.481044542938628
3.936051019836435
4.2291467705171675
4.737078751028275
4.923828103743272
4.847900909921543
4.3533962167113405
4.856729405633772
4.9825624537124575
5.0483060247815414
5.276368132805341
5.740013709337305
6.019087227689198
6.353834503470866
6.504407075405381
6.3687408921134505
6.857578320447147
7.3717666433694
7.170191369300292
6.617935225767066
7.074569235589362
7.337925058113412
6.781885527790706
6.638489956026696
7.1424075566938505
7.642901898817357
7.522193530824094
7.566144030422179
7.7501308756266996
7.224502008892144
7.3227089890365455
7.771474710415847
8.15885166764477
8.705196065613364
8.65778647827966
8.219305567274015
7.798077489947376
7.324760405515477
7.277106506046772
7.832153635533017
8.147073563951846
8.703530277046088
8.518901354607088
8.639961096309664
8.98163717972156
9.270394362344026
9.705944542484678
9.920958642858803
9.865154254811694
9.412823462334464
9.968281352929587
10.521056712851626
9.964034299682233
9.420119418814002
9.83911501842856
9.750638976958326
9.200317182900614
8.949203754471146
8.554755287822973
8.793423497373217
9.342441029804641
9.119950042727522
8.608245765613049
9.144526579337814
9.355704819138296
8.819643622455702
8.455314160146186
8.6886154103636
8.132174102065605
7.775937865571294
7.295569563148361
7.160687148581563
7.546482011176696
7.0613318771734175
6.508869835417625
7.06444496581989
7.591009526678646
7.246562222982332
7.67680152342838
7.168772552247096
7.119964518182569
7.464142477213112
7.226509663311192
6.693228991963569
6.7286160724752735
7.274782665064259
7.298291025406592
6.760144141993845
6.582305024326701
6.997875961106791
7.408459564079364
7.26871872216494
6.749611816767262
6.548828672973923
6.897159690803741
6.913523161078089
6.639659824641552
6.441584711515745
6.439637480409684
6.647685205058229
6.936546482989042
7.017849866892001
7.1603184635446135
7.691676156746581
7.345187940780962
7.900737343249335
8.327891959387468
8.442653319339675
8.143076233166704
8.3241876202525
8.713366529840409
9.012607490586245
9.348089736906664
9.51704169979973
9.405785108134642
9.802675630854575
10.301299677482294
10.378894942004607
9.94231381364914
9.411428328590818
9.951311994324561
10.42481194253286
10.136692347554343
9.587522436274291
10.104496838023813
10.387360536217507
9.860453965759687
9.384503924862706
9.54845960543543
9.232442974522261
8.741714819461865
8.504011972349042
8.754337204212113
8.26371507982718
8.568754667622244
8.096590080113485
7.540178604092194
8.0723340058001
8.478190241950832
8.024017252415128
7.623491955631256
7.638235293576352
8.053808321808456
8.568890182780061
8.012344487244341
7.459294189459663
8.011195115622417
8.567038186372331
8.04484253422771
7.597157185491949
7.773970666803087
8.322756273384735
8.166272681140057
7.6253719998954965
8.101305707808503
8.311984384527879
7.754942794974138
7.736756069408209
8.293086547612345
8.171435771030241
7.635093777607651
8.102454283454215
8.294357494525958
7.738798930808031
7.818395525856654
8.352754245410168
7.905558374142916
7.720533009816973
8.27103048262916
8.114103277431628
7.644613444264532
8.169702645210968
8.26074384993866
7.706302203260026
7.908375439816606
8.360483167094687
7.821137170300618
7.713621235174072
8.270335060892124
8.218368756454627
7.6644130080465445
7.9984499650871435
8.336812485186838
7.7829772992719795
7.727452382344483
8.284007483017247
8.188751146932058
7.644296137511592
8.072615780941083
8.300207216329813
7.746257761120543
7.8178839490823995
8.3504423892402
7.904344292516904
7.725070663840826
8.273985957926234
8.097841617280334
7.649152665163638
8.180844161133631
8.253977525470015
7.70010180352023
7.92734177650497
8.355510200995528
7.811148657320986
7.716672790899878
8.273292067589123
8.21359516051923
7.660650260781205
8.012111075955568
8.329700011998574
7.775778319713929
7.744561011150776
8.301469779912555
8.112927622506207
7.628401538965437
8.162054704331558
8.30621018001999
7.7514936473957565
7.695440310987133
8.236249236894798
8.415916732019348
7.994960458919211
7.562665408400198
7.827104919446623
8.384118344392503