0.37241379310344824
0.37241379310344824
0.31523713022013705
0.38878597229803796
0.3520198955928587
0.31744089130524256
0.3969919293696707
0.3347656360593801
0.3236299271773507
0.3991115642714364
0.32336782700824496
0.33520600559780195
0.39684830741561133
0.3173240161000674
0.3526216454158193
0.3884080404823576
0.3152121317905698
0.373010582631023
0.37181297992321627
0.31526399075781847
0.38915571021028206
0.35142154455850017
0.31756151083985673
0.397130017756395
0.33433091911015395
0.3238970328443296
0.3991078278558939
0.3231107197629939
0.33565199049543787
0.39669906287139256
0.31721084382827425
0.3532265928484606
0.388021935036015
0.3151889486341704
0.37360306434674684
0.3712084321319211
0.31529276191887123
0.3895172441392125
0.3508267865108088
0.31768591449718814
0.3972626621130042
0.3339018877522181
0.32416915542792846
0.3991003526630463
0.32285859103951026
0.3361035503682218
0.39654410706722787
0.3171013312159182
0.3538345314837812
0.3876276856218159
0.3151675357310424
0.3741909611775857
0.37060044136718157
0.3153234937798985
0.38987057483268783
0.350235806991946
0.3178141407946397
0.39738995256014986
0.33347856978094204
0.324446305919218
0.3990891339061305
0.32261142401438114
0.33656064280189507
0.39638335144244397
0.3169954328966848
0.3544452514479468
0.3872253303598392
0.31514785002487633
0.3747740051830861
0.36998929957243293
0.31535623787674316
0.39021571430323176
0.3496487813563885
0.31794622734091704
0.39751197977360136
0.3330609869409418
0.32472849563603867
0.39907416424988396
0.32236919894976007
0.3370232244778582
0.3962167072332595
0.3168931012639335
0.3550585411000594
0.38681491480965985
0.315129850582605
0.3753519393771427
0.3693752967821784
0.31539104711936006
0.39055268604656956
0.34906587344135487
0.31808221122971586
0.3976288348582958
0.3326491542500898
0.325015736974291
0.39905543363259005
0.32213189281611937
0.33749125225157023
0.3960440851105774
0.31679428639208596
0.35567418860282735
0.3863964909171928
0.31511349876193673
0.3759245192680966
0.36875871905892527
0.315427975722667
0.3908815250311225
0.34848723448951935
0.31822212944437556
0.3977406091289179
0.33224307951712884
0.3253080441250985
0.3990329290420774
0.32189947904130556
0.3379646841348343
0.39586539478955973
0.31669893602722643
0.35629198330197986
0.38597011597845765
0.3150987583832443
0.37649151407294296
0.36813984665146365
0.31546707915136163
0.3912022774579581
0.3479130023629899
0.3183660192569485
0.39784739380532574
0.33184276306977867
0.3256054337274479
0.3990066342562573
0.3216719273906112
0.338443480136205
0.3956805446352313
0.3166069956438824
0.35691171686038053
0.3855358516726279
0.31508559590206986
0.3770527075757633
0.3675189524345906
0.3155084140755721
0.3915150003001376
0.347343301075327
0.3185139186046609
0.3979492796345421
0.3314481977013925
0.3259079254273788
0.39897652956057655
0.32144920397720533
0.33892760291842866
0.3954894412899991
0.31651840856252106
0.3575331841033041
0.38509376321450717
0.3150739805784908
0.3776078986157673
0.36689630067826035
0.3155520383332931
0.3918197606391133
0.3467782406552827
0.31866586642706307
0.3980463564537854
0.3310593688352256
0.3262155423177665
0.3989425914559327
0.32123127139686597
0.3394170182382007
0.3952919893494554
0.31643311612016056
0.35815618354355083
0.3846439186721354
0.3150638846398434
0.3781569012058727
0.36627214618025256
0.3155980108949095
0.39211663482344206
0.34621791734271107
0.3188219029483994
0.39813871271116397
0.3306762548969547
0.32652831123674825
0.39890479237136584
0.32101808897629214
0.33991169514180863
0.3950880911122598
0.3163510578850223
0.3587805175692185
0.3841863884880749
0.3150552834334944
0.3786995442979201
0.3656467337807523
0.3156463918244567
0.3924057074810915
0.3456624141040057
0.3189820698913631
0.3982264349616762
0.3302988278780651
0.32684626290765567
0.3988631003957603
0.32080961311999845
0.3404116058990181
0.3948776464280017
0.3162721719049232
0.35940599229096737
0.38372124523447665
0.3150481555666217
0.37923567122403873
0.365020298261732
0.3156972422320679
0.39268707042084927
0.34511180144280157
0.31914641061074084
0.39830960735649545
0.3299270540661261
0.3271694319088872
0.39881747904243425
0.32060579773768966
0.34091672566740344
0.39466055266432176
0.31619639497878643
0.36003241706010874
0.3832485636219171
0.3150424830305262
0.3797651388558684
0.3643930646184481
0.3157506242121915
0.39296082146117844
0.34456613847107836
0.319314970138737
0.3983883111434422
0.3295608949123887
0.3274978564685385
0.39876788705943733
0.3204065947315081
0.3414270318900344
0.39443670481057946
0.31612366294059174
0.3606596036834181
0.38276842077029527
0.31503825130725344
0.38028781653328014
0.3637652486751158
0.3158066007624623
0.39322706322576334
0.34402547419661167
0.31948779513660497
0.3984626241949457
0.32920030800264344
0.32783157808471786
0.3987142782966783
0.3202119545209625
0.34194250343905824
0.3942059957307803
0.3160539109455744
0.3612873653724701
0.3822808967388755
0.31503544945672446
0.38080358482075133
0.3631370580042592
0.3158652356788285
0.3934859019440543
0.3434898489767473
0.31966493375137306
0.39853262057865146
0.32884524809508864
0.3281706409791605
0.39865660163928285
0.32002182658313216
0.34246311952818315
0.3939683165731718
0.315987073749581
0.36191551547782014
0.3817860753000959
0.31503407018314084
0.38131233415506655
0.36250869309712347
0.3159265934236966
0.3937374462934147
0.34295929608280173
0.3198464353800612
0.3985983701833668
0.32849566818695564
0.32851509139842017
0.3985948010141427
0.3198361599858373
0.3429888584265833
0.3937235573377709
0.3159230859736548
0.3625438660673278
0.38128404492989326
0.31503410987951536
0.38181396344922225
0.3618803487232931
0.31599073896483565
0.3939818063155275
0.3424338433173236
0.3200323503475736
0.3986599384104656
0.3281515205721614
0.32886497678216986
0.3985288154735962
0.3196549038925369
0.34351969601385635
0.39347160759705346
0.31586188234733764
0.3631722264142917
0.3807748999776895
0.3150355686498249
0.38230837871600054
0.36125221541246605
0.3160577375848047
0.39421909243555975
0.3419135146266322
0.3202227295084027
0.398717385938313
0.32781275785385094
0.3292203448244474
0.3984585793581526
0.31947800802037796
0.3440556042242226
0.3932123573587029
0.3158033979263561
0.36380040146714426
0.38025874196812176
0.31503845030829725
0.38279549177210576
0.3606244809856356
0.3161276546616905
0.39444941460689903
0.3413983316518491
0.3204176237856047
0.39877076856405574
0.3274793338780062
0.3295812424577607
0.3983840225363511
0.31930542303458853
0.34459654943243756
0.39294569805289403
0.3157475682816644
0.36442819037299284
0.379735680980059
0.3150427623561322
0.38327521907747053
0.35999733206336476
0.31620055542443454
0.39467288159883884
0.34088831516584206
0.3206170836635704
0.3988201371240723
0.3271512045580627
0.32994771479371665
0.3983050707170563
0.31913710086582964
0.34514249083748516
0.3926715236208137
0.3156943296587265
0.3650553851262084
0.37920583704228633
0.315048515935581
0.38374748075553344
0.3593709554810743
0.31627650468729823
0.3948896004377428
0.34038348634983256
0.3208211586540414
0.39886553749189957
0.3268283285660724
0.33031980405713224
0.3982216458271246
0.31897299494115305
0.3456933789031283
0.39238973167585817
0.31564361910794336
0.36568176941092556
0.37866934148133924
0.31505572576250856
0.3842121998329035
0.35874553954395016
0.3163555665698595
0.3950996760063621
0.33988386786831953
0.32102989675609894
0.39890701064864903
0.3265106678697845
0.330697548550858
0.39813366644342146
0.3188130603218547
0.3462491539118989
0.3921002247042609
0.3155953745880024
0.3663071176972521
0.3781263381570049
0.31506441003798924
0.3846693017233662
0.35812127506404395
0.31643780421071926
0.39530321079952035
0.33938948471195196
0.3212433439328198
0.3989445928194246
0.3261981881028366
0.33108098168984523
0.39804104826685904
0.3186572537465657
0.3468097446886754
0.39180291126875577
0.3155495350458827
0.36693119464405866
0.3775769845223134
0.31507459034077856
0.3851187139717954
0.3574983561293161
0.31652327948399345
0.3955003048285105
0.3389003647850323
0.3214615436267657
0.3989783156658221
0.3258908587601652
0.33147013114038587
0.3979437046229729
0.31850553358078854
0.3473750675429618
0.39149770717661386
0.31550604047761105
0.36755375484767294
0.37702145244960783
0.31508629150197903
0.3855603662598626
0.3568769805675755
0.3166120527287372
0.3956910556610766
0.3384165392260606
0.32168453633659455
0.3990082065235468
0.3255886532184573
0.331865018098322
0.39784154697269486
0.3183578596784924
0.3479450254738188
0.3911845365730717
0.3154648319751873
0.36817454296364527
0.3764599287722699
0.3150995414644503
0.3859941906644608
0.35625735008060266
0.3167041825021984
0.3958755585796153
0.3379380424591105
0.3219123592751678
0.39903428867215746
0.3252915485871004
0.33226565673577557
0.39773448541554834
0.3182141931642865
0.3485195076717618
0.3908633329218145
0.31542585176506915
0.3687932942139163
0.37589261550038255
0.3151143711294861
0.3864201221489023
0.35563967003718877
0.31679972536740514
0.3960539068361702
0.33746491198383566
0.3221450461273471
0.39905658162303453
0.3249995254012204
0.33267205384001347
0.39762242916699775
0.3180744961475455
0.3490983893413315
0.3905340398370152
0.31538904324356576
0.36940973527512966
0.3753197296816698
0.3151308141935943
0.3868380992556583
0.3550241489293704
0.31689873572527444
0.39622619198000475
0.33699718792269023
0.3223826269219341
0.3990751014113232
0.32471256717464525
0.33308420866119287
0.3975052869925385
0.3179387313826305
0.3496815318562354
0.390196611736122
0.31535435101473847
0.37002358552926384
0.3747415028923071
0.3151489069787979
0.38724806496185865
0.35441099750990745
0.3170012657003223
0.3963925042320048
0.3365349123521566
0.32262512802849536
0.399089860877466
0.3244306598345799