0.8181818181818182
0.8181818181818182
0.9339997609459907
1.0613117542126962
1.1786373548549212
1.1849302394859293
1.0707447843192124
0.9434329308171432
0.8246889208320463
0.8119681282372189
0.9243441906464116
1.051655536046387
1.1717486395766104
1.19115742959712
1.080837761647193
0.9535278137539349
0.8321502814927664
0.8056906544059619
0.9136169663421305
1.0409236036352991
1.163510853396912
1.1974480543260118
1.092362860135681
0.9650635218641538
0.8413640518907292
0.7995182128508223
0.9011851795988286
1.0284688976012633
1.153152250311196
1.2032612988656681
1.1057281337532185
0.9784771371778602
0.8529689654986287
0.7944122443340749
0.8869694919150083
1.0141543633224985
1.1403081634149175
1.2072420097276093
1.1205830693104586
0.9935242430196036
0.8669046363636895
0.7919644299699667
0.8718094238180433
0.9986459972169811
1.1255726659385914
1.207867638575453
1.135629932582593
1.0091516579305373
0.8820404623370486
0.7932398731712264
0.8573090542791281
0.9832608005321248
1.1104736899205323
1.2048497881234284
1.1492148996173337
1.0239718140567275
0.8967067704890187
0.7976576447417731
0.844883495178311
0.9692438303108233
1.0965343017539353
1.1994547757568768
1.1603841588690877
1.037055683738943
0.9097531725736729
0.8036291336350405
0.834935732881141
0.9571151264897461
1.0844232201228596
1.1932200634910626
1.169239790971352
1.0482978939296395
0.9209873139769205
0.8099248716636533
0.8269891166308141
0.946623856038432
1.0739354433773056
1.186959913555836
1.17648086325776
1.0582178452805246
0.9309059186269868
0.816140077573204
0.8202526815615683
0.9370695243262295
1.0643815288030036
1.1807317535787158
1.1828965780913299
1.0676256416162364
0.9403136742661967
0.8224898093477645
0.8140004781116369
0.9275846344795188
1.054896373371645
1.1741132533968783
1.1891069558801404
1.0774085455164248
0.9500975439491837
0.8295536480840392
0.807756763311516
0.9172937093023024
1.0446028057443602
1.1664071894299775
1.195397515993144
1.0883948953110711
0.9610901708281868
0.8381066024474699
0.8014867434586653
0.9054644504917455
1.0327596624445237
1.1568148440530848
1.201478979085118
1.1011508344035814
0.9738758407700969
0.8488885096321607
0.7958735124336703
0.8917900234341595
1.0190230872965818
1.1447748243437461
1.206245403445758
1.1156176396583055
0.9884678302436386
0.862133594702331
0.7923794116660401
0.8767865956290416
1.0037816317196773
1.1305235246839866
1.2080878577428487
1.1307883439325137
1.004058136709063
0.8770559949198793
0.7924132514939992
0.8618810312601294
0.9881977684492271
1.1153515313457325
1.2061820086005397
1.1450090937787734
1.0192812967330338
0.8920461919266478
0.7959593746585276
0.8486760220624889
0.9736331328758401
1.1009091251984304
1.2013784534313152
1.1570047405975779
1.032985242331546
0.9056895565761576
0.8015951215637949
0.8379379252874319
0.9608814749948662
1.0881864198844007
1.1952862176131336
1.1665574395714806
1.0447963406861926
0.917487145258602
0.8078680896489685
0.8294183272898898
0.9499164142490288
1.0772274565811895
1.1889967004190596
1.1742373176313832
1.055068500089365
0.9277567471133666
0.8141099816745263
0.82237349321379
0.940146785852728
1.067458756682803
1.1827864376022112
1.1808434581640448
1.0645471136290856
0.937235109733808
0.820365652727664
0.816030368590428
0.9307376676242273
1.0580495883003436
1.1763622498272865
1.1870695674344363
1.0741102443819739
0.9467986779245864
0.8271166555267321
0.8098142188148242
0.9208023179413316
1.0481128417156034
1.1690997328367547
1.193331587681509
1.0846215878783205
0.9573136255649783
0.8350919697436979
0.803518415478516
0.9095390668481935
1.0368412902680464
1.1602084185877144
1.1995611056772584
1.0967652388979736
0.9694753817654694
0.8450811286818393
0.7975613325458378
0.8964597101527968
1.0237234698177589
1.1489946734007472
1.2049287850330546
1.1107339188538339
0.9835236121795445
0.8575501710727296
0.7931859765041845
0.8817723794947899
1.0088786894965174
1.1353723478175177
1.2078900859558
1.1258413967600476
0.9989232535072635
0.8720767336370435
0.7919763425512697
0.8666432352129576
0.9932492661568048
1.1203139520106409
1.2071973019164244
1.1405549780735313
1.0144208676958832
0.88723282570873
0.7944842737115897
0.8527419597315832
0.978223966807853
1.1054765659197554
1.203169516236327
1.1533569076801584
1.028705776989563
0.9014212849360421
0.7996221331933397
0.8411817219282357
0.9648438808476185
1.0921435837851987
1.1973382164753792
1.1636728064198303
1.0411268111026637
0.9138200056340473
0.8058021910049226
0.8320055968611163
0.9533389113242551
1.0806489330881408
1.1910464285313846
1.1718796633634023
1.0518331509212748
0.9245217765428064
0.812078027398505
0.824567911661226
0.943263049242131
1.0705749118999976
1.1848207185200987
1.1787517484916243
1.0614777438271847
0.9341657488106909
0.8182926530519826
0.8180710673132134
0.9338337028841704
1.061145694249576
1.1785227810240173
1.1850397498917509
1.0709148652520284
0.9436030213371582
0.8248102239274909
0.8118581959109188
0.9241662651731151
1.0514775805316734
1.1716171959347883
1.1912684679389605
1.0810270461131026
0.953717174379411
0.8322955162656275
0.8055791288155291
0.9134133808637637
1.0407198452205262
1.1633482285498873
1.1975577672244397
1.0925827311857153
0.9652837675255379
0.8415471467541569
0.7994146045429964
0.9009484915646051
1.028231414941103
1.1529467898924382
1.2033525181173275
1.10598019463527
0.9787308412109162
0.8531967308498632
0.7943410575515056
0.8867058395220656
1.0138874666187545
1.1400607294481901
1.2072856331632162
1.1208522583208054
0.9937994112973895
0.8671664288404954
0.791953731635871
0.871542325376674
0.9983687815928182
1.1253038224155196
1.2078440052126422
1.135887039220239
1.009424360352686
0.8823083818593507
0.7932947798351732
0.8570686161915233
0.982998437706161
1.1102138491021767
1.2047700445532274
1.1494343406789962
1.0242195923980684
0.8969532972959791
0.7977544279140226
0.8446866595326193
0.9690128897764421
1.0963039594683108
1.199348206559776
1.1605591615923085
1.037269485683546
0.9099666944823562
0.8037399293114116
0.8347801279103229
0.9569171499774234
1.0842253712320968
1.1931085517431548
1.1693793437476434
1.0484825263352726
0.9211718919745148
0.8100354834291803
0.8268619531582301
0.9464493305103172
1.073760937935065
1.1868502816590483
1.1765992236898348
1.058385940651999
0.9310740083218632
0.8162498195100499
0.8201398551646067
0.9369039607711425
1.0642159657084151
1.1806199340805503
1.1830066627964797
1.0677926449542827
0.9404806812991164
0.8226063431903184
0.8138909662271264
0.9274122669685608
1.0547239911742963
1.1739888528369202
1.1892172509990646
1.077590016322611
0.950279056917972
0.8296894337289735
0.8076454097369574
0.9170997826324012
1.0444087771400514
1.1662563453246368
1.1955087720483932
1.0886039393017806
0.9612994413607898
0.8382759880183334
0.8013785465901125
0.9052387460420579
1.0325334713750696
1.1566241617959925
1.2015791120418193
1.1013931048114287
0.9741191360754581
0.8491017956249547
0.7957883095874333
0.8915334126500489
1.0187643851173123
1.1445398326491314
1.2063078641148728
1.1158839882029248
0.9887382206290758
0.8623867073438858
0.7923467170069526
0.8765172207064647
1.0035050137131205
1.1302584070958472
1.2080866346081063
1.1310528550963108
1.0043345205220195
0.8773254085938778
0.7924482309709836
0.8616290246572796
0.9879280420792671
1.1150856716654014
1.2061176886632727
1.145242636587553
1.0195390088426246
0.8923019124600694
0.7960458863317792
0.8484643338690886
0.9733910144054899
1.1006679798424714
1.201277543676612
1.1571938532259753
1.0332102113841355
0.9059140643156942
0.801703674733824
0.8377699529746203
0.9606733516607361
1.0879785109792424
1.1951748804910671
1.1667071001724345
1.0449893854476997
0.9176800939081747
0.8079793874180776
0.829283466725178
0.9497356635390553
1.0770467452763093
1.188886484180637
1.1743610499427184
1.0552403760486893
0.9279286095717946
0.8142194786777023
0.8222573908565708
0.9399800111311802
1.067291985234481
1.1826762385704186
1.1809550511190114
1.0647127251564774
0.9374007219653361
0.8204787721887384
0.8159206901167194
0.9305692504477835
1.057881164834017
1.1762433792822184
1.187179244642047
1.0742853455246983
0.9469738007690898
0.8272445743586836
0.8097035250027866
0.9206168998649914
1.0479273656427561
1.1689591647325925
1.1934431222591924
1.0848204775023917
0.9575126503038149
0.835248842713033
0.8034077792963988
0.9093243758833145
1.0366263036445238
1.160031937682315
1.1996671892553181
1.0969967700656686
0.9697075437215539
0.8452795609959066
0.7974655005630529
0.8962121199616755
1.0234745625805173
1.1487736641167223
1.2050070253497651
1.110994529217042
0.9837868672201702
0.857791961007904
0.7931330979882897
0.8815041424526444
1.0086054624732324
1.135114293471588
1.207911343600102
1.12611000475264
0.9992005421450989
0.8723442447801234
0.7919894673607374
0.8663822345957294
0.9929744885472913
1.1200449160409685
1.2071515167708577
1.140801166832799
1.0146869736064577
0.8874958333610726
0.7945571360063636
0.8525157167033445
0.9779713338031804
1.105225495752694
1.2030771798931046
1.1535607620967216
1.0289420519524033
0.9016568059120991
0.7997263577427942
0.8410001543469908
0.9646248434238991
1.0919249013380146
1.1972282589348087
1.163834091570473
1.04132947032729
0.9140225013224217
0.8059137358581793
0.8318614578178238
0.9531504632850081
1.0804605566895322
1.1909354654083384
1.1720102718776686
1.0520104296208863
0.9246990272966302
0.8121878943323663
0.8244471921522724
0.9430933717977331
1.0704052431951483
1.1847111848568226
1.1788659656609872
1.0616436680516068
0.9343316714322208
0.8184035749691843
0.8179603974289142
0.9336675696739773
1.0609795589816124
1.1784080232501428
1.1851492518382054
1.0710851594888797
0.9437733256081857
0.82493182522581
0.8117482295311614
0.9239879957065809
1.0512992799298762
1.1714853278494546
1.191379542824987
1.081216790200227
0.953906996975463
0.8324413057225709
0.8054676170703934
0.913209246667844
1.0405155332022296
1.1631849279619237
1.1976673498153774
1.0928031976558616
0.965504618814761
0.8417310089697314
0.799311316180855
0.9007112225955032
1.0279933302489164
1.1527405264295856
1.2034431642893615
1.1062327438400934
0.9789850751134572
0.8534252525071022
0.7942707229960729
0.8864418761651879
1.0136201837933163
1.1398126828772708
1.2073281653248764
1.1211215093749851
0.9940747631118935
0.8674286033708808
0.791944249364049
0.8712754483457907
0.998091614944676
1.1250348763142437
1.2078191898111001
1.1361436592690248
1.009696789394908
0.8825761290079586
0.7933506882312372
0.8568288622535833
0.9827365290459207
1.1099544029820598
1.204689564267905
1.1496529946175384
1.0244668020339414
0.8971992870060874
0.7978516728841143
0.8444906207002203
0.9687825604999458
1.096074212784797
1.1992414050616318
1.1607334298795025
1.0374826977901666
0.9101796340640917
0.8038507981439723
0.8346251505909239
0.9567196928854151
1.0840280381577359
1.1929970544162374
1.1695183957804418
1.0486667430083654
0.9213560559634499
0.8101460540507253
0.8267351606060924
0.9462750967261412
1.0735867234652625
1.18674067035246
1.1767173352218203
1.0585538792982794
0.9312419415811135
0.8163595968794397
0.8200271700348969
0.9367384140964802
1.0640504193745577
1.1805079963611746
1.1831166944455416
1.0679597716118703
0.9406478118748023
0.8227230986931261
0.8137814442996694
0.9272396398903221
1.0545513487871188
1.173864111536495
1.1893275861566603
1.0777718732181276
0.9504609574125218
0.8298256888474093
0.8075340303279501
0.9169053618802527
1.044214251427404
1.1661049028496828
1.1956199821086961
1.0888135538393002
0.9615092887372264
0.8384460855178397
0.8012705372225626
0.9050124432906929
1.0323066688509277
1.1564326921107029
1.201678843632964
1.1016359336720005
0.9743630166893027
0.8493158789750237
0.7957037760631146
0.8912763653479888
1.0185051948678627
1.1443041231856017
1.2063693816035987
1.1161505684987327
0.9890089327062712
0.8626403614447472
0.792315172865883
0.87624788016235
1.0032282908725243
1.1299930009555617
1.2080841885469986
1.1313170484750772
1.0046107750249185
0.877594826693444
0.7924843444090396
0.8613775824321859
0.9876586579001123
1.114820068935341
1.2060524527942245
1.1454754485276262
1.0197962191303427
0.8925571794735871
0.796133037539066
0.8482534458932595
0.9731494872822781
1.1004274008791632
1.2011762583436008
1.1573821838144522
1.0334345700254142
0.9061379738139609
0.80181239689
0.8376026819007707
0.9604657985708507
1.0877711664941083
1.195063508122607
1.1668561756728484
1.0451819435467513
0.9178725586955003
0.8080906553584233
0.8291490617704054
0.9495552875198846
1.0768664073393943
1.1887763066758623
1.1744844547201632
1.055412005981633
0.9281002265677536
0.8143289709232664
0.8221414983643152
0.9398133451699628
1.067125322347351
1.182565978206677
1.1810665356999992
1.0648783683539245
0.9375663659915376
0.820592043494416
0.8158110397408246
0.9304006622384764
1.0577125700103422
1.1761242474886648
1.1872889464810368
1.07446075136647
0.9471492291581954
0.8273728776488681
0.8095927904075907
0.9204310557721692
1.0477414616865601
1.1688180820517102
1.1935546650914117
1.085019891953963
0.9577122037644811
0.8354063559780341
0.8032972296344064
0.909109098324436
1.0364107223046486
1.159854713144411
1.199773019336084
1.0972288943305606
0.9699403156785914
0.845478792980268
0.7973701580867262
0.8959640036969105
1.0232250953358248
1.1485518739725138
1.2050844991575531
1.1112555142242142
0.9840505601425791
0.8580344184002113
0.7930812456637726
0.8812357603950516
1.0083319843362912
1.134855778174484
1.2079314079467567
1.1263784797879162
0.9994778548051688
0.8726119471756895
0.792003802176362
0.8661216436520467
0.9926999179876841
1.1197759709717352
1.2071046614717613
1.1410467232153263
1.0149526749990248
0.8877585074241867
0.7946308214986846
0.8522902394451378
0.9777192417746073
1.104974927761731
1.2029842994593154
1.1537638137603723
1.0291777214220637
0.9018917409602826
0.7998308787555908
0.8408193465600372
0.964406408472547
1.091706811922959
1.1971181868736196
1.163994712834686
1.041531584061783
0.9142244560412599
0.8060252862935259
0.8317178598007042
0.9529624658007252
1.080272628673416
1.1908245408298028
1.1721404696955668
1.0521873766267549
0.9248759473598838
0.8122977300250742
0.8243267580581265
0.9429238936613598
1.0702357733968093
1.1846016363221854
1.178980010067803
1.06180953184677
0.9344975337671149
0.8185145870069226
0.8178498055400938
0.9335013563669675
1.060813343455058
1.1782930777627774
1.185258747388825
1.0712556718112154
0.9439438484276794
0.825053729020537
0.8116382282591085
0.9238093778487875
1.051120629811333
1.171353030726523
1.1914906534573797
1.0814069975903589
0.9540972852858213
0.8325876543958379
0.8053561220903568
0.913004561275769
1.0403106649734546
1.1630209477521662
1.1977767966504733
1.0930242601902265
0.9657260766451661
0.8419156409190107
0.7992083557576733
0.9004733745521728
1.0277546448511108
1.1525334600324173
1.2035332276440638
1.1064857765340035
0.9792398350009004
0.8536545270684538
0.7942012502510002
0.8861776095715936
1.0133525211300198
1.1395640305175878
1.2073695994601508
1.1213908127614505
0.9943502905465571
0.8676911506195979
0.791935984764698
0.8710088027349607
0.9978145055719396
1.1247658377517722
1.2077931965027928
1.136399784354605
1.009968937745165
0.8828436947973347
0.7934075899875658
0.8565897977875906
0.9824750798109727
1.1096953580409883
1.204608357222857
1.1498708595834826
1.0247134402479845
0.8974447361583149
0.7979493705337548
0.8442953775458915
0.9685528427382665
1.0958450623567377
1.1991343781476973
1.1609069669078718
1.03769532180842
0.9103919928751687
0.8039617358596747
0.8344707966582348
0.9565227520298311
1.0838312178077714
1.1928855734124904
1.1696569516875488
1.0488505480497894
0.9215398099991645
0.8102565835264611
0.8266087344816501
0.9461011500583004
1.0734127953638464
1.1866310782004712
1.176835201933937
1.058721666108775
0.9314097232832707
0.8164694121930285
0.8199146226947023
0.9365728793296993
1.0638848848298572
1.1803959370865138
1.183226675735315
1.0681270264991924
0.9408150709121954
0.8228400798275256
0.8136719106489091
0.9270667485664097
1.0543784415111954
1.1737390250681348
1.1894379616788646
1.0779541203987142
0.9506432496682363
0.8299624180629448
0.8074226265591715
0.9167104437160674
1.0440192251974156
1.1659528576176534
1.195731142415962
1.0890237408458525
0.9617197150458252
0.8386168984169045
0.8011627217129839
0.9047855423860323
1.0320792546761939
1.1562404333637495
1.2017781651192407
1.10187931813143
0.9746074804189641
0.8495307585030032
0.7956199218142581
0.8910188874074783
1.0182455213090087
1.1440677005676179
1.2064299469909585
1.1164173719857202
0.9892799595113366
0.8628945491663818
0.7922847844187678
0.8759785840296194
1.0029514714031693
1.1297273160905006
1.208080519976169
1.1315809144157272
1.0048868921114535
0.8778642392908256
0.7925215859547667
0.8611267120202141
0.9873896226099016
1.1145547313900068
1.2059863102263284
1.145707525480825
1.020052923190564
0.8928119875132585
0.7962208183846303
0.8480433588653804
0.9729085533401931
1.1001873907494482
1.2010746058799773
1.1575697343175562
1.033658318752932
0.9063612852569014
0.801921282046613
0.8374361084141257
0.9602588134161704
1.0875643842694167
1.194952103916859
1.1670046705286035
1.0453740185362874
0.9180645431019624
0.8082018922797573
0.8290151078084657
0.9493752818716962
1.0766864384867634
1.188666167362475
1.1746075363396522
1.0555833946306548
0.9282716028251102
0.814438460253081
0.8220258118455244
0.9396467830336833
1.066958763093337
1.182455653691456
1.1811779151370134
1.065044048188847
0.9377320467821488
0.820705470217842
0.8157014150856323
0.9302318981440731
1.0575437989646745
1.1760048502953373
1.187398674208399
1.0746364664531736
0.947324967663644
0.8275015699285366
0.8094820152699267
0.9202447817148331
1.04755512584899
1.1686764801917773
1.1936662139673728
1.0852198341460049
0.957912288961908
0.835564513700361
0.8031867711297959
0.9088932328860027
1.0361945447482077
1.1596767420242988
1.199878588675663
1.0974616106735338
0.9701736970536758
0.8456788254003617
0.7972753144648346
0.8957153652470976
1.0229750711662535
1.1483293052959065
1.205161196559886
1.1115168669890094
0.9843146853526316
0.8582775374456321
0.7930304274534898
0.8809672425692139
1.0080582626131351
1.1345968106372926
1.207950275627851
1.1266468117384631
0.9997551831569108
0.8728798307363681
0.7920193445742495
0.8658614714526417
0.9924255622316285
1.1195071263220846
1.2070567433365034
1.1412916408583222
1.0152179658962859
0.8880208405453066
0.7947053204301571
0.8520655308653153
0.9774676942415019
1.1047248663487033
1.2028908845156268
1.1539660629713968
1.0294127844160175
0.9021260886104251
0.7999356885730248
0.8406392959145736
0.9641885748056099
1.0914893145950095
1.1970080053684276
1.1641546742311493
1.0417331551058038
0.9144258724747023
0.8061368397201185
0.8315747982390695
0.9527749150065494
1.0800851452310594
1.1907136553335533
1.1722702613863667
1.052363996436856
0.9250525412016817
0.8124075355109805
0.824206605147799
0.9427546100026263
1.0700664976889167
1.184492070706249