-0.6363636363636364
-0.6363636363636364
-0.7325886607620973
-0.6392017460517292
-0.6326813648955583
-0.7312108118005274
-0.6395238706303153
-0.630275948909831
-0.729315489405609
-0.6371388841444623
-0.6305015635794966
-0.7279926638958787
-0.6334410614848563
-0.6332525000145846
-0.7279554949907188
-0.6305909256618583
-0.6369605677021191
-0.7292236182687609
-0.6302166886565963
-0.6394601520003078
-0.7311148191718699
-0.6325073246021757
-0.6392898782975731
-0.7325461608298639
-0.6361732730906728
-0.636551588365133
-0.7326271803517638
-0.639106375936839
-0.6328590854717556
-0.7313053449329205
-0.6395798117792362
-0.6303427401228932
-0.7294090180275593
-0.6373134243912545
-0.6304194576667819
-0.7280335089516645
-0.6336320722587196
-0.6330667033425492
-0.7279220578987555
-0.6306874042127245
-0.6367787750132716
-0.7291335479290202
-0.6301650562243392
-0.6393887630300634
-0.7310175336681468
-0.632337245194689
-0.6393706232769553
-0.7324997622253587
-0.6359808200168301
-0.6367368111745
-0.7326616453457886
-0.6390039298058051
-0.6330401991333188
-0.7313982534227574
-0.639627881263684
-0.6304169538517465
-0.7295040576384129
-0.637483894990943
-0.6303447354370252
-0.7280779689459769
-0.6338252122654002
-0.6328839818177383
-0.7278924026627126
-0.6307908474935832
-0.6365938120213435
-0.7290454183449684
-0.6301211367422676
-0.6393098236356387
-0.7309191230707686
-0.6321714002946789
-0.639443844290098
-0.7324495538065744
-0.6357866015620399
-0.6369189910185286
-0.7326919891192191
-0.6388945816987736
-0.6332244124924294
-0.7314893739194483
-0.6396679980219475
-0.6304984702281055
-0.7296004587329966
-0.63765000947753
-0.6302775120885792
-0.72812597719384
-0.634020157438638
-0.6327046400867595
-0.7278665736416677
-0.6309010919028916
-0.6364059901465581
-0.7289593659581826
-0.6300850034681724
-0.6392234663083893
-0.7308197560134356
-0.632010056171764
-0.6395094175510386
-0.7323956313725023
-0.6355909444940687
-0.6370978188639084
-0.7327181528663559
-0.6387785175491159
-0.6334114263917091
-0.7315785451942546
-0.6397000942600551
-0.6305871581272791
-0.7296980689785711
-0.6378114888432239
-0.6302178904000539
-0.728177461619992
-0.6342165803065696
-0.6325289765516016
-0.7278446094539991
-0.6310179621747682
-0.636215625754687
-0.7288755235351458
-0.6300567176588313
-0.6391298358975549
-0.7307196016814365
-0.6318534713893763
-0.639567232377964
-0.7323380974004954
-0.635394177327629
-0.6372729910028602
-0.7327400857708429
-0.6386559348633946
-0.6336009363422518
-0.731665608471125
-0.6397241155791781
-0.6306828753456096
-0.7297967334027989
-0.6379680619950904
-0.6301659606473435
-0.7282323448473337
-0.6344141505892412
-0.6323572828434303
-0.7278265429273572
-0.631141271602694
-0.6360230396126326
-0.7287940200142558
-0.6300363284505929
-0.6390290893755818
-0.7306188295187059
-0.6317018964665488
-0.6396171913579489
-0.7322770607693234
-0.6351966297263824
-0.6374442096297699
-0.7327577451538427
-0.6385270423762218
-0.6337926329781567
-0.7317504077610352
-0.6397400210839953
-0.6307854687874342
-0.7298962945885817
-0.6381194661955771
-0.6301218005414979
-0.7282905442909591
-0.6346125358018562
-0.6321898433139103
-0.7278124010558096
-0.6312708222882879
-0.6358285563321076
-0.7287149803580011
-0.6300238727507808
-0.6389213955861095
-0.7305176089427794
-0.6315555735550252
-0.6396592104863715
-0.7322126364692654
-0.6349986319093323
-0.6376111834070635
-0.73277109659913
-0.638392059679659
-0.6339862025280911
-0.7318327901990348
-0.6397477834712858
-0.630894774662119
-0.7299965928760238
-0.6382654474862938
-0.6300854751866414
-0.7283519722574433
-0.6348114018616383
-0.6320269345458286
-0.7278022049644935
-0.6314064054154417
-0.6356325038021347
-0.7286385254098924
-0.6300193751400982
-0.6388069349751009
-0.7304161090682095
-0.6314147361315047
-0.6396932192814997
-0.7321449453008522
-0.6348005140633639
-0.6377736280186469
-0.7327801140547858
-0.6382512168289642
-0.6341813273025483
-0.7319126063828847
-0.6397473890992489
-0.6310106186905591
-0.7300974665717421
-0.6384057610955789
-0.6300570370564693
-0.7284165360493229
-0.6350104136973653
-0.6318688248833756
-0.7277959698816165
-0.6315478015499747
-0.6354352126114039
-0.7285647717562799
-0.6300228477873506
-0.6386858993045013
-0.7303144984383182
-0.6312796087043749
-0.639719160874348
-0.7320741135638006
-0.6346026057640454
-0.6379312667083216
-0.7327847799100349
-0.63810475392387
-0.6343776861971794
-0.7319897107118856
-0.6397388380353819
-0.6311328163230264
-0.7301987521659081
-0.638540171828453
-0.6300365259896571
-0.7284841380746409
-0.6352092358586404
-0.6317157739846467
-0.7277937051184893
-0.6316947809645099
-0.635237015461984
-0.7284938315926521
-0.6300342903761089
-0.6385584913494471
-0.7302129447654987
-0.6311504065339578
-0.6397369920750546
-0.7320002727376703
-0.6344052354052279
-0.6380838308031186
-0.7327850850478642
-0.6379529206678941
-0.6345749552109818
-0.7320639617249847
-0.6397221440841342
-0.631261172967332
-0.730300284557453
-0.6386684544408552
-0.6300239692011046
-0.7285546759611226
-0.6354075331246557
-0.6315680323955971
-0.7277954140569923
-0.631847103988658
-0.6350382465751215
-0.7284258125946637
-0.6300536900452933
-0.6384249245777082
-0.7301116146798747
-0.6310273353661852
-0.6397466834152816
-0.7319235591553974
-0.6342087296392951
-0.6382310602184059
-0.7327810288719248
-0.6377959759050676
-0.6347728079789631
-0.7321352224365034
-0.6396973347921333
-0.6313954842289774
-0.7304018972871028
-0.6387903939955658
-0.6300193813107944
-0.7286280426754647
-0.6356049711094035
-0.6314258411482809
-0.7278010941452474
-0.6320045213837164
-0.6348392410911677
-0.7283608177938738
-0.6300810213439175
-0.6382854228125918
-0.7300106734867625
-0.6309105911791788
-0.6397482191680935
-0.73184411367221
-0.6340134128305043
-0.6383727039434941
-0.7327726193082839
-0.6376341871369682
-0.6349709163174359
-0.7322033606681515
-0.6396644514316943
-0.6315355361630335
-0.7305034227790387
-0.6389057862020611
-0.6300227643868004
-0.7287041266467779
-0.6358012168623266
-0.6312894313827334
-0.7278107369009151
-0.632166774741283
-0.6346403344649676
-0.7282989454580532
-0.6301162462006119
-0.6381402198790236
-0.7299102849323628
-0.6308003599417961
-0.6397415973451591
-0.7317620813298661
-0.6338196065198388
-0.6385085205080839
-0.7327598727819971
-0.6374678300198756
-0.6351689507822119
-0.7322682493762427
-0.6396235489615686
-0.6316811055383308
-0.7306046925906906
-0.6390144377389576
-0.6300341080029278
-0.7287828118950792
-0.6359959394635893
-0.631159023993224
-0.7278243279224689
-0.6323335969057915
-0.6344418618574681
-0.7282402889759972
-0.6301593139091337
-0.6379895592320649
-0.729810610977247
-0.6306968173828209
-0.6397268296732336
-0.7316776110192432
-0.6336276289049778
-0.6386382784263298
-0.7327428141683252
-0.6372971878444362
-0.6353665812373022
-0.7323297669720471
-0.6395746959640958
-0.6318319601154987
-0.7307055376715774
-0.6391161665598785
-0.6300533893097838
-0.7288639781642202
-0.6361888106117877
-0.6310348292996178
-0.727841846908131
-0.6325047124192748
-0.6342441575262554
-0.7281849367474638
-0.6302101611311957
-0.6378336935691717
-0.7297118115786594
-0.630600128773017
-0.6397039415479833
-0.7315908551412755
-0.633437794335187
-0.638761756618086
-0.7327214767189518
-0.637122550999089
-0.6355634774329144
-0.7323877976341345
-0.6395179745586492
-0.6319878589379527
-0.7308057886300059
-0.6392108021815206
-0.6300805731187699
-0.7289475010593017
-0.6363795052021681
-0.6309170467448243
-0.7278632676829604
-0.6326798379878787
-0.6340475542163228
-0.7281329720781611
-0.6302687119173597
-0.6376728844248203
-0.7296140444797373
-0.6305104487162447
-0.6396729719681667
-0.7315019692682774
-0.633250412821383
-0.6388787448069996
-0.7326959019638385
-0.6369442164183357
-0.6357593095921308
-0.7324422316110051
-0.6394534802900025
-0.6321485526383276
-0.7309052760088353
-0.6392981859551763
-0.630115611998134
-0.7290332521895008
-0.6365677018963967
-0.6308058646164632
-0.727888558232935
-0.6328586829686718
-0.6338523825523587
-0.7280844730795046
-0.6303348777463054
-0.6375074017490643
-0.7295174650066409
-0.6304279209513217
-0.6396339734496063
-0.7314111118065526
-0.633065789562402
-0.6389890438943866
-0.7326661395892373
-0.636762487018592
-0.6359537490037275
-0.7324929655128709
-0.6393813219931594
-0.6323137837585366
-0.7310038305691168
-0.6393781713210228
-0.6301584463797308
-0.7291210993146444
-0.6367530836796939
-0.6307014597951152
-0.7279176807468832
-0.6330409498752021
-0.6336589704355625
-0.7280395125739778
-0.6304085575837498
-0.6373375234699509
-0.7294222258730196
-0.6303526781638135
-0.6395870119197317
-0.7313184436618386
-0.6328842244884005
-0.639092466308026
-0.7326322472930372
-0.6365776711234107
-0.6361464686192774
-0.7325399025903337
-0.6393016216319216
-0.6324832870857929
-0.7311012835819932
-0.6394506240455331
-0.630209004676914
-0.72921090649791
-0.6369353384079169
-0.6306039975264467
-0.7279505916656414
-0.6332263349026681
-0.6334676424438295
-0.7279981580055928
-0.6304896379631292
-0.637163535037772
-0.7293284769903914
-0.6302848418067784
-0.6395321665925281
-0.7312241279075077
-0.6327060118197027
-0.6391888363258802
-0.732594290617397
-0.6363900818783359
-0.6363371436543608
-0.7325829529991519
-0.6392145141116615
-0.6326567900055371
-0.7311974671286683
-0.6395154224411217
-0.6302672034132123
-0.7293025342631012
-0.6371141593401538
-0.6305136312194467
-0.727987241737747
-0.633414528466356
-0.6332787192421581
-0.7279604713568594
-0.6305779930867257
-0.6369857289561053
-0.7292363652867945
-0.6302245219324425
-0.6394695298250873
-0.7311283294581281
-0.6325314396446953
-0.6392779903732173
-0.7325523427604268
-0.6362000366596815
-0.6365254521895692
-0.7326220340493453
-0.6391201470676249
-0.632834012868121
-0.7312922144066595
-0.639572457568259
-0.6303329473598467
-0.7293958397572072
-0.6372892456579438
-0.6304305022690481
-0.7280275760829049
-0.6336052157576374
-0.6330925169999256
-0.7279265090710315
-0.6306734849497952
-0.6368044042949347
-0.7291460345298529
-0.6301718170312307
-0.6393992069564242
-0.7310312147476612
-0.6323607895124446
-0.6393597772952242
-0.7325064843683193
-0.6360078564775883
-0.6367110757715824
-0.7326570704371118
-0.6390186806258519
-0.6330146693747668
-0.7313853600442953
-0.6396216334207786
-0.6304061296837029
-0.7294906769189796
-0.6374603029710804
-0.6303547399015799
-0.7280715342606748
-0.6337980773108244
-0.6329093468199914
-0.7278963219811133
-0.6307759634878739
-0.6366198661900845
-0.7290576251573718
-0.6301268138823857
-0.6393213161268854
-0.7309329514139382
-0.6321943360441433
-0.6394340586019498
-0.7324568033079039
-0.6358138653755544
-0.6368937000111021
-0.7326879944583351
-0.6389102871386185
-0.6331984669786221
-0.7314767404201873
-0.6396628670919996
-0.6304866321049195
-0.7295868966535666
-0.6376270438077193
-0.6302864610449441
-0.7281190503469938
-0.63399278958372
-0.6327295141793359
-0.7278699552447865
-0.6308852667477154
-0.6364324253269203
-0.7289712741124463
-0.6300895874124325
-0.6392359880812543
-0.7308337079896157
-0.632032346559378
-0.639500708689027
-0.7324033944227576
-0.6356183898291783
-0.6370730151764417
-0.7327147462028502
-0.6387951508943386
-0.6333851073034323
-0.7315661939889311
-0.6396960889238719
-0.6305743250628756
-0.7296843470124448
-0.6377891880885745
-0.6302257702208127
-0.7281700530154719
-0.6341890255448822
-0.632553318385772
-0.7278474482867143
-0.6310012210821379
-0.6362423974121841
-0.7288871146851278
-0.6300602005644437
-0.639143365953822
-0.7307336536006549
-0.6318750807203599
-0.6395596150308175
-0.7323463592721033
-0.6354217581444923
-0.6372487167799165
-0.7327372737270031
-0.6386734678002552
-0.6335742865795962
-0.7316535616114118
-0.6397212426363587
-0.6306690678933065
-0.7297828733813096
-0.6379464635868641
-0.6301727594583664
-0.7282244656252397
-0.634386455271188
-0.6323810520485336
-0.7278288347474074
-0.6311236413709997
-0.6360501026299612
-0.7288052763582606
-0.6300387041772705
-0.6390436050355319
-0.7306329576720011
-0.6317227901911903
-0.6396106783492571
-0.7322858058564601
-0.6352242998604615
-0.6374205061560025
-0.7327555332056904
-0.6385454450422979
-0.6337656960951724
-0.731738686888449
-0.639738285439585
-0.6307707090122603
-0.7298823186728451
-0.6380986063702164
-0.6301275082292983
-0.7282822063140191
-0.6345847465497166
-0.6322130005676184
-0.7278141424392739
-0.631252331265407
-0.635855865088131
-0.728725884659192
-0.6300251368747427
-0.6389368725255776
-0.7305317896419188
-0.6315757183130715
-0.6396538127566892
-0.7322218483291725
-0.6350263451540996
-0.6375880910285421
-0.7327694890602479
-0.6384113007172173
-0.6339590226659584
-0.7318214164978135
-0.639747188124829
-0.6308790861125709
-0.7299825235284563
-0.6382453612275427
-0.6300900834026698
-0.7283431880966499
-0.6347835654846615
-0.6320494416410256
-0.7278033933101409
-0.631387083458937
-0.6356600122518341
-0.7286490610160498
-0.6300195249673279
-0.6388233472636339
-0.7304303186836232
-0.6314340997940453
-0.639688945873724
-0.7321546066963119
-0.634828224251433
-0.637751186066679
-0.7327791140632385
-0.638271263440441
-0.6341539491211757
-0.7319016005323378
-0.6397479351347809
-0.6309940263704179
-0.7300833265264706
-0.6383864820775027
-0.6300605392206508
-0.7284073189695458
-0.6349825771063466
-0.6318906447933833
-0.7277966034148226
-0.6315276799842209
-0.6354628743671091
-0.7285749226190024
-0.6300218823652962
-0.6387032194461995
-0.7303287134361377
-0.6312981604145868
-0.6397160189221963
-0.7320842065074181
-0.6346302668484639
-0.6379095134244273
-0.7327843894193606
-0.6381255719330671
-0.6343501548029241
-0.7319790928391989
-0.6397405246175851
-0.6311153466588992
-0.7301845643977722
-0.6385217323629993
-0.6300389172886013
-0.7284745020184928
-0.6351814459807178
-0.6317368709239229
-0.7277937828932746
-0.6316738925333015
-0.6352647838760683
-0.728503582285717
-0.6300322105027535
-0.6385766903265048
-0.7302271417433497
-0.6311681167449298
-0.6397349867955867
-0.7320107785368042
-0.6344328015381113
-0.6380628032673507
-0.7327853048211821
-0.6379744745823359
-0.6345473160837249
-0.7320537513578417
-0.6397249684549056
-0.6312428537766357
-0.7302860722500182
-0.6386508854259128
-0.6300252465862444
-0.728544635533015
-0.6353798368185191
-0.6315883718779591
-0.727794935957275
-0.6318254828047472
-0.6350660748231044
-0.7284351483314618
-0.630050498276162
-0.6384439718967114
-0.7301257704016586
-0.6310441758774814
-0.6397458181044331
-0.7319344584583157
-0.6342361552495276
-0.6382107942797821
-0.7327818584796647
-0.6378182289820562
-0.6347451068970899
-0.7321254384566551
-0.6397012922714681
-0.631376344685634
-0.7303876837996435
-0.6387737248662384
-0.6300195434933571
-0.7286176131244352
-0.6355774150803774
-0.6314453900419267
-0.7278000608848711
-0.6319822028745526
-0.6348670822568863
-0.7283697244451245
-0.6300767219982523
-0.6383052865523454
-0.7300247649160286
-0.6309265351716995
-0.6397484951991198
-0.7318553865147449
-0.6340406526995945
-0.6383532341531738
-0.7327740571295929
-0.6376571014527617
-0.6349431992801234
-0.7321940212649392
-0.6396695354215549
-0.6315156067611056
-0.7304892316122444
-0.6388900448848169
-0.6300218118302457
-0.7286933238490597
-0.6357738475796566
-0.631308157960858
-0.7278091500228504
-0.6321437955927658
-0.6346681416239003
-0.7283074095673628
-0.6301108453639087
-0.6381608667410061
-0.7299242892642546
-0.6308153820101117
-0.6397430141708084
-0.7317737071824211
-0.6338466158556024
-0.6384898800556347
-0.7327619160095012
-0.637491366540702
-0.6351412639312564
-0.7322593720012559
-0.6396297509522598
-0.6316604180547732
-0.7305905473510159
-0.6389996506064266
-0.6300320429150427
-0.7287716523356789
-0.6359688030759842
-0.6311768979835853
-0.727822189796869
-0.6323099950006098
-0.63446958816393
-0.728248297776906
-0.6301528194352408
-0.6380109545938287
-0.7298245056705972
-0.6307108935686199
-0.6397293848290001
-0.7316895688341858
-0.6336543634144935
-0.6386204990778519
-0.7327454588161787
-0.6373213065008778
-0.6353389707760615
-0.7323213682946282
-0.6395820055448529
-0.6318105475699815
-0.7306914620345909
-0.6391023583896993
-0.6300502156315742
-0.7288524789184735
-0.6361619528674521
-0.631051821927537
-0.7278391607291953
-0.6324805267747667
-0.6342717562965703
-0.7281924781774747
-0.6302025826402329
-0.6378558015386195
-0.7297255743848255
-0.6306132365929759
-0.6397076306612132
-0.7316031234002348
-0.6334642102929084
-0.6387448686602708
-0.7327247176350001
-0.6371472107610252
-0.6355359895464314
-0.7323798934987026
-0.639526379431129
-0.6319657555518989
-0.7307918063028173
-0.6391979961172795
-0.6300762965114975
-0.7289356797726603
-0.636352971366875
-0.630933130774868
-0.7278600374645139
-0.6326551086880766
-0.6340749790159859
-0.7281400347938778
-0.6302600607916984
-0.6376956678991426
-0.7296276534725772
-0.630522567191872
-0.6396777887675076
-0.7315145260295125
-0.6332764671379824
-0.638862776991499
-0.732699732844384
-0.6369693753736377
-0.635731990363248
-0.7324348369946556
-0.6394629662849856
-0.632125793790701
-0.7308914106906151
-0.6392864034686363
-0.6301102398302857
-0.729021127058088
-0.6365415366756043
-0.6308210143894513
-0.7278847888033213
-0.6328334510957204
-0.6338795872794973
-0.7280910464696861
-0.6303251671234551
-0.6375308224742909
-0.7295308986099348
-0.6304390306352143
-0.6396399097792809
-0.731423934752261
-0.6330914398493493
-0.6389740233882074
-0.732670552998163
-0.6367881024530319
-0.6359266443304834
-0.732486094485922
-0.6393918730917488
-0.63229040594027
-0.7309901059113821
-0.6393674321789223
-0.6301519877100118
-0.7291086890638085
-0.6367273311410667
-0.6307156512614933
-0.727913377742675
-0.6330152574381099
-0.63368590940498
-0.7280455867728052
-0.6303978023480573
-0.637361542102296
-0.7294354628873152
-0.6303627611658671
-0.6395940577543817
-0.7313315101443931
-0.6329094291211199
-0.6390784186452944
-0.7326372346828073
-0.6366036996011847
-0.636119624130888
-0.732533568277686
-0.6393132199888907
-0.6324593278520168
-0.7310877231469681
-0.6394409462761318
-0.6302014702383192
-0.729198230360874
-0.6369100419051663
-0.6306172082773254
-0.7279457615241447
-0.6332002247614047
-0.6334942704717721
-0.7280037239049408
-0.6304778547319781
-0.6371881112099947
-0.7293414966198202
-0.6302938818190015
-0.6395403100564884
-0.7312374149960654
-0.6327307299986794
-0.6391757853643496
-0.7325998423539284
-0.6364164793245215
-0.6363106046270454
-0.7325771675444332
-0.6392271400837689
-0.6326322879246467
-0.7311840943467318
-0.6395068223049033
-0.6302586055938446
-0.729289611958487
-0.6370893614392548
-0.6305258405132329
-0.7279818916891776
-0.6333880442568396
-0.6333049917270459
-0.7279655206172476
-0.6305652001955651
-0.6370108213427976
-0.7292491471632087
-0.6302325042509325
-0.6394787572138692
-0.7311418139837207
-0.6325556314525328
-0.6392659582549336
-0.7325584481510072
-0.6362267584435283
-0.6364992634628277
-0.73261680858118
-0.6391337792449302
-0.6328090074698884
-0.7312790525334538
-0.6395649495312625
-0.6303233001828811
-0.7293826914659232
-0.637264988065986
-0.6304416910542215
-0.7280217141406085
-0.63357840181238
-0.633118390004008
-0.7279310341325865
-0.630659702433889
-0.6368299706816325
-0.7291585587377775
-0.6301787285795113
-0.639409502758784
-0.731044873347596
-0.6323844159705728
-0.6393487844086716
-0.7325131316910183
-0.6360348574953629
-0.6366852816640577
-0.7326524150373466
-0.6390332958656118
-0.6329892010960299
-0.7313724321164035
-0.6396152301292076
-0.6303954487869807
-0.7294773232608637
-0.6374366264665476
-0.6303648908373457
-0.7280651692118618
-0.6337709785803576
-0.6329347771472613
-0.7279003160725577
-0.6307612130601162
-0.6366458635438409
-0.7290698722567424
-0.6301326432304394
-0.6393326630526092
-0.7309467605757913
-0.6322173591653593
-0.6394241235508256
-0.7324639798452982
-0.6358411001355311
-0.6368683442373194
-0.7326839181337721
-0.6389258606048
-0.6331725771054495
-0.7314640692099005
-0.6396575793501909
-0.6304749347174039
-0.7295733586617552
-0.637603988171813
-0.6302955585178707