0.16
0.16
0.15328105185329144
0.1459440853832163
0.14392757179278617
0.1487316219487766
0.15668881136672663
0.16101285014377448
0.15764334790011578
0.14976690815997676
0.1442109499950446
0.14526817488401225
0.152154998769022
0.15938427465204455
0.16048004958409215
0.154396749382732
0.14672623314160785
0.14377902584347815
0.14776064317032225
0.15566268501499872
0.1608566336765836
0.15850829372033146
0.1508502016596621
0.14462522848947643
0.1447082465101428
0.15103780966851693
0.15864514292029125
0.16081474376179639
0.15548255671049097
0.14760313773795
0.14376736206667534
0.1468688985990424
0.15458390089228008
0.16054739808525223
0.15926700860270376
0.1519640155342356
0.14516460841344875
0.14427225026918103
0.14994806728626395
0.15779711855973755
0.16099727437056374
0.15651898531046887
0.14856166523954567
0.14389274109563635
0.14606979306493184
0.15347190127071933
0.16009144105777534
0.15990463534095092
0.15308990417613066
0.1458214492805581
0.14396630006441485
0.14890343870507255
0.15685656815074786
0.16102390778892064
0.15748698719813312
0.14958713799208784
0.14415343372846298
0.1453750944460245
0.1523462394457177
0.15949797218120382
0.16040849732658308
0.15420873471998542
0.14658630758503036
0.14379464640111655
0.14792043999429708
0.15584129168278354
0.16089409801245083
0.15836837301232437
0.1506634771561176
0.14454582698073348
0.14479484726751768
0.15122621233275166
0.15877884359390182
0.16076845303232265
0.15530100161246077
0.14744799271957096
0.14375965971011886
0.14701424276909147
0.15477009308122386
0.1606105032918928
0.1591462411205095
0.15177338256816597
0.14506443775286193
0.14433730987687032
0.15013053174038773
0.15794821425065078
0.1609771897110551
0.1563471814843882
0.14839364480706216
0.143861821875573
0.14619851944772258
0.15366235681406581
0.16017890537449422
0.15980540238816732
0.15289855358546778
0.14570193618491237
0.14400891043777939
0.1490770381285913
0.15702216493521778
0.16103044074314485
0.15732812251547784
0.14940883941809255
0.14409972458561904
0.14548532288212548
0.1525376442007542
0.15960803598028606
0.16033278325561137
0.15401995310534328
0.1464491817352432
0.14381421752416662
0.14808245791406766
0.15601828229302492
0.1609271146024423
0.15822545930443385
0.15047772420263106
0.14447007422195127
0.14488499545372516
0.15141532003311925
0.1589093202713459
0.16071778882795953
0.15511811492813032
0.14729527584611635
0.14375592183676209
0.1471622030948922
0.15495522987035376
0.16066932810456253
0.15902204111662735
0.1515831921187584
0.14496770411524515
0.144406102589148
0.15031421692646857
0.1580965512428864
0.16095260807773867
0.15617349210519665
0.14822763570775443
0.14383482646365414
0.14633021021363835
0.153852322649942
0.16026234202254114
0.15970235857098755
0.15270709511130706
0.14558559606469257
0.14405538587159836
0.1492523417133448
0.15718551182894205
0.16103244512831616
0.15716684098797987
0.14923209404967944
0.14404984412225877
0.14559881448325654
0.15272911917694987
0.15971440276930668
0.16025295168286002
0.15383050072052554
0.14631491400285004
0.14383773142179074
0.1482466253792653
0.1561935629061818
0.16095566389636257
0.15807963253547128
0.15029303000395713
0.14439800090978877
0.14497865423307615
0.15160504241798212
0.15903649908924591
0.16066278104015846
0.15493399217097306
0.14714505353980464
0.1437561499328079
0.1473127156653378
0.1551392153237383
0.16072383789456024
0.15889447927142364
0.15139353581404863
0.1448744472017674
0.14447860062519258
0.1504990373140749
0.15824204706365866
0.1609235440432879
0.15599801004338748
0.14806371180260797
0.14381176561815182
0.1464648096153859
0.15404170277594512
0.16034170232926562
0.15959556339311726
0.15251562342030708
0.1454724774197827
0.14410570775784148
0.14942926985215219
0.15734651983803083
0.16102991975447006
0.15700323076432018
0.14905698244698565
0.14400381233130183
0.14571552205624458
0.15292057006769774
0.15981701124947842
0.1601690492510305
0.15364047367503814
0.14618356139075134
0.14386517872849505
0.14841286960464506
0.15636704012338504
0.1609797289779959
0.15793097401516512
0.15010948089109913
0.1443296361956279
0.14507578524726367
0.15179528844129994
0.15916030784787527
0.1606034620859606
0.1547487291035764
0.14699739089765948
0.14376034390756798
0.14746571523016594
0.15532195370455673
0.1607740005339445
0.15876362797886487
0.15120450462217402
0.14478470519587977
0.14455477465569508
0.15068490647001986
0.1583846205578677
0.16089001482768292
0.15582082876305536
0.14790194573586074
0.14379264852348617
0.14660226048754102
0.15423040107161254
0.16041693991809983
0.15948507838379192
0.15232423276966361
0.14536262727305332
0.14415985592371786
0.14960774186254616
0.15750510092718084
0.16102286612086356
0.1568373809447144
0.14888358409183272
0.14396164764066793
0.14583539693185388
0.15311190216218107
0.15991580215323034
0.160081124894265
0.15344996795441954
0.146055179482396
0.1438965485050478
0.14858111659062048
0.15653862114626976
0.16099929558003245
0.15777956636398818
0.1499271622885946
0.1442650076819612
0.14517634862092083
0.15198596640167947
0.15928067606754925
0.1605398668798193
0.15456242168117923
0.14685235167577615
0.14376850209347095
0.14762113521577616
0.15550334953164013
0.16081978642346956
0.1586295612900283
0.15101618881244577
0.14469851475779955
0.1446345938065027
0.15087173709119456
0.1585241919482247
0.1608520402830192
0.15564204226211223
0.1477424089145675
0.1437774827893259
0.14674250425836707
0.1544183213502769
0.16048801074793237
0.15937096704760845
0.15213301696201204
0.1452560911623647
0.1442178086338736
0.1497876760136487
0.15766116808099181
0.16101128841464554
0.15666938151963905
0.14871197736193112
0.14392336691131202
0.14595838897332666
0.1533030203916058
0.160010718292887
0.1599892297968322
0.15325907936939295
0.1459298224306386
0.14393182823956455
0.1487512911446687
0.1567082138371966
0.16101435209667736
0.15762549345261717
0.14974615868283864
0.14420414141905435
0.14528030296755945
0.15217698398248528
0.15939753504411877
0.16047203280335615
0.15437516599592452
0.14670999827431705
0.14378062124622118
0.14777890774180039
0.15568330763668442
0.16086116851840468
0.1584923548558013
0.15082867791748317
0.14461591101935584
0.14471802566255185
0.15105944103844732
0.15866068289492685
0.16080964287602614
0.15546174501294874
0.14758517148901037
0.14376627444984888
0.1468854809622619
0.15460536741179626
0.16055487315067551
0.1592532948130979
0.15194206930135898
0.1451529131330358
0.14427954259280762
0.1499689895540301
0.15781463536525053
0.16099519350714353
0.15649932330866337
0.14854223950603634
0.14388898543545775
0.14608444658543132
0.15349382937643558
0.16010170460793505
0.15989341735014126
0.15306790350594773
0.14580754294718043
0.14397100384876518
0.1489233169036234
0.15687572677980527
0.1610248895939211
0.15746884034109712
0.149566553591435
0.14414706190186935
0.14538760539590675
0.15236824829300932
0.15951081790349164
0.16039999967310015
0.1541870582218652
0.146570391723215
0.14379669654510913
0.14793896363844616
0.15586173322209093
0.16089812235219292
0.15835208586884553
0.1506420606964096
0.14453692757918077
0.14480503627210473
0.15124792937151563
0.15879401655480802
0.16076284766832635
0.1552800319035946
0.1474303023339392
0.1437590279631613
0.14703112925285486
0.15479144309613108
0.16061748786696742
0.15913212898011472
0.15175148255005358
0.1450531357307605
0.14434503294751594
0.15015159874056472
0.15796541798811467
0.16097459094777267
0.15632729789944888
0.14837444662004037
0.14385851693502102
0.14621351672403773
0.15368423347461202
0.1601887082108055
0.15979374310814853
0.1528765356763717
0.1456883922925735
0.14401405967940806
0.14909711635687303
0.15704106933984255
0.16103090181745303
0.15730969321778113
0.1493884295335639
0.14409379206723574
0.14549821151665562
0.15255966591069184
0.15962045965510216
0.1603238097062609
0.1539981945607576
0.14643359166856212
0.14381672159347278
0.14810123246463153
0.15603853191938857
0.1609306260579098
0.15820883300490224
0.15045642509910787
0.14446159649822968
0.1448955901513028
0.15143711238501337
0.15892411763988776
0.16071168229446667
0.15509699817942538
0.14727786903061957
0.14375574621086992
0.1471793864167723
0.15497645233773347
0.1606758180799503
0.15900753866611766
0.15156134888680775
0.1449567999949539
0.1444142532903758
0.150335418868295
0.1581134323611268
0.16094949295557873
0.15615339758697983
0.1482086736239838
0.1438319735602171
0.14634554490624044
0.1538741368307421
0.16027167843110238
0.15969026474122786
0.1526850708712563
0.14557242026676828
0.14406097850990895
0.14927261087048194
0.15720415172620564
0.16103238519820562
0.15714813933811803
0.14921186800135766
0.14404435329126036
0.14561207544964944
0.15275114292438954
0.15972639724425655
0.16024350748459307
0.15380867118867797
0.14629965635966535
0.14384068841931547
0.14826564252693397
0.15621360984819274
0.16095866038748763
0.15806267636351518
0.15027185823153205
0.14438994829561627
0.14498965028905372
0.15162689964547865
0.1590509124752448
0.16065617693775947
0.15491273938546354
0.14712793784967054
0.14375643049780765
0.14733018838809586
0.1551602992207182
0.1607298294470726
0.15887959475141947
0.15137175986577114
0.1448639454525096
0.14448717566228184
0.15052036430131638
0.15825859615998894
0.16091991440842857
0.15597771531308174
0.14804499423996936
0.1438093658883443
0.14648047522105048
0.15406344342623315
0.16035056685821092
0.15958304198857345
0.15249360371249182
0.14545967520018488
0.1441117415521534
0.14944972071225274
0.1573648850521413
0.16102933885552084
0.1569842669633552
0.1490369494322691
0.14399876538696268
0.14572914983151897
0.15294258497868232
0.15982856960327743
0.160159139916408
0.15361858420349073
0.14616864263674592
0.14386858747608175
0.14843212089937308
0.15638687367565124
0.1609822087286725
0.15791369740824523
0.15008844632206894
0.14432201194474736
0.14508717815226793
0.1518172000294848
0.15917432905613868
0.16059636430397278
0.15472735130931606
0.14698057373466875
0.14376108055190948
0.14748346976353338
0.1553428880347789
0.16077949012986195
0.1587483698234791
0.15118280637666318
0.14477461011194975
0.1445637705560459
0.15070634850469256
0.15840082838502526
0.16088587282986577
0.15580034460628406
0.14788348097095802
0.14379070292273738
0.14661825034067605
0.15425205713035176
0.16042532738221799
0.15947213660920534
0.15230222840726632
0.14535020394528572
0.14416632845350827
0.14962836507774346
0.15752318139653526
0.16102176459793066
0.15681816529922354
0.14886375318241948
0.14395704660212608
0.14584938582378984
0.15313389731920693
0.1599269177013727
0.160070756196793
0.15342802957319754
0.14604060591926124
0.14390040764359452
0.14860059344404467
0.1565582306763245
0.16100125711968508
0.1577619789064513
0.14990627468894324
0.1442578148697428
0.14518813369145941
0.15200792176281178
0.15929429710430054
0.16053227959291202
0.15454092992479165
0.14683584028649957
0.1437696945242377
0.14763916381832187
0.15552412333180837
0.16082477082162008
0.15861393812031518
0.15099457860596743
0.14468883045795147
0.14464400692007334
0.1508932840774085
0.15854004942125888
0.16084738837365417
0.15562137952208413
0.147724205080431
0.1437759920918859
0.1467588115324119
0.15443988175218043
0.16049591623308052
0.1593576123316521
0.15211103870308595
0.1452440518686331
0.14422471729904388
0.14980846211725518
0.15767895386522773
0.1610096669215529
0.15664992443467257
0.14869235750091306
0.14391921361735568
0.1459727331214797
0.1533249848390046
0.16002138459315546
0.15997840776610162
0.15323710308519567
0.14591560019483077
0.14393613622915982
0.14877098483262655
0.1567275887924472
0.16101579426156176
0.15760760486871292
0.14972542770866015
0.14419738294212864
0.14529247534672918
0.15219897246067896
0.15941074812331937
0.1604639604679422
0.15435357133623917
0.1466937997484359
0.14378226898915866
0.14779720252288586
0.15570390998318595
0.16086564477299561
0.15847637547311735
0.15080716599918872
0.1446066414462337
0.14472785216233053
0.15108108278637092
0.15867618109803092
0.1608044838060359
0.15544091458366446
0.14756723657289783
0.14376523924871443
0.1469020986711607
0.15462682109344758
0.16056229201798206
0.1592395348023843
0.1519201278438259
0.14514126284341083
0.1442868846139756
0.1499899289638054
0.15783211665228986
0.16099305300610417
0.15647963528071832
0.14852283950510178
0.14388528154433453
0.14609913996220664
0.15351575212587087
0.16011191546574347
0.15988214826677874
0.15304590029646706
0.14579367800874227
0.14397575896884346
0.1489432185687747
0.15689485669451647
0.1610258115281545
0.1574506604879644
0.1495459887854733
0.14414074047778924
0.14540016005414813
0.15239025916903545
0.1595236154530456
0.16039144702349772
0.1541653717236415
0.14655451299192065
0.1437987989446696
0.14795751656027023
0.15588215323768695
0.1609020878153917
0.1583357592481305
0.15062065722417062
0.14452807649878635
0.1448152721546165
0.1512696556014605
0.15880914674808497
0.1607571844857317
0.1552590447231129
0.14741264417523006
0.14375844867001839
0.14704805025260476
0.1548127790021984
0.16062441575681574
0.15911797153307206
0.15172958852682214
0.14504187924239112
0.14435280536633524
0.15017268176209886
0.15798258510119134
0.16097193270853646
0.15630738950946718
0.14835527515678412
0.14385526392426878
0.14622855313582636
0.1537061035106879
0.1601984576843666
0.1597820334985881
0.1528545164847224
0.14567489045402027
0.14401926002892668
0.1491172170114271
0.15705994384214808
0.16103130297377286
0.15729123207841453
0.1493680403218699
0.14408791023416714
0.14551114325255726
0.1525816884069026
0.15963283432293607
0.16031478175063374
0.15397642728850272
0.14641803950303406
0.1438192778128789
0.14812003534436854
0.1560587587799698
0.16093407838216986
0.15819216828788954
0.1504351401354729
0.1444531674994281
0.14490623123715476
0.151458912731642
0.15893887126604328
0.16070551834171906
0.15507586522319572
0.1472604953188015
0.14375562305605494
0.14719660340705143
0.15499765942727695
0.1606822509157387
0.1589929918467436
0.15153951286101242
0.1449459419313287
0.14442245296988376
0.1503566356985091
0.15813027576579097
0.16094631855430847
0.1561332794933755
0.14818973923932072
0.143829172726515
0.1463609179946197
0.15389594311672206
0.1602809608364124
0.15967812137230947
0.1526630466005186
0.14555928716203426
0.1440666220075467
0.1492929013990324
0.15722276054514092
0.161032265338455
0.15712940701432
0.14919166369006037
0.1440389134076986
0.14562537889080313
0.15277316620976186
0.15973834190426472
0.160234009500674
0.15378683420056027
0.1462844373696237
0.14384369744064124
0.1482846870389665
0.1562336327895932
0.16096159752761457
0.15804568285187937
0.1502507017398037
0.14438194478967625
0.14500069222351936
0.1516487636621342
0.15906528116619728
0.1606495158488232
0.15489147165972908
0.14711085612241434
0.14375676353028521
0.1473476939139716
0.15518136647358452
0.160735763438743
0.15886466682292052
0.15134999232613217
0.14485349026276406
0.1444957992872768
0.15054170503208095
0.15827510647107865
0.16091622572630637
0.155957398244805
0.14802630533565078
0.1438070183473839
0.14649617846405144
0.15408517490986665
0.16035937677384354
0.15957047186197712
0.15247158522036855
0.14544691629362866
0.14411782593653136
0.14947019187472108
0.1573832180246895
0.16102869805085956
0.15696527366868304
0.14901693920446038
0.14399376963147448
0.14574281943542783
0.15296459817398017
0.1598400773611241
0.16014917744701332
0.15359668854535335
0.14615376326907678
0.14387204810035195
0.14845139857762146
0.1564066820005145
0.16098462894362778
0.15789638455669625
0.15006742816250174
0.14431443716491493
0.14509861640591212
0.1518391171926421
0.15918830463953704
0.16058921000116252
0.15470595984459304
0.14696379137599083
0.14376186963926763
0.14750125621725357
0.1553638044580781
0.16078492177719167
0.1587330692418054
0.15116111773296934
0.14476456207021776
0.1445728146334956
0.15072780312656459
0.15841699637359744
0.16088167205143258
0.15577983935592937
0.14786504580718884
0.14378880960911278
0.14663427705411924
0.15427370274980462
0.1604336596539195
0.15945914695572966
0.15228022650085749
0.14533782453075256
0.14417285128343468
0.14964900751243343
0.15754122847467963
0.16102060322877226
0.15679892135193918
0.14884394609515092
0.14395249697311596
0.14586341587883184
0.1531558895022607
0.15993798190014286
0.16006033504513484
0.15340608627267566
0.14602607245671279
0.14390431849090324
0.1486200956843959
0.15657781376101648
0.161003158974124
0.15774435631578393
0.1498854046150616
0.14425067187084764
0.14519996356080717
0.1520298814766514
0.15930787160994275
0.16052463628349162
0.1545194257694301
0.1468193645250094
0.14377093935270077
0.14765722344119242
0.1555448779664704
0.16082969691727234
0.15859827352759903
0.15097297918468067
0.1446791936627594
0.14465346777955637
0.15091484248348896
0.15855586602147154
0.1608426779848849
0.15560069693904724
0.14770603177358507
0.14377455375900308
0.1467751548713154
0.15446143044206798
0.1605037659781603
0.15934421060534526
0.15208906413378076
0.14523205706857134
0.1442316759537835
0.14982926634401988
0.157696705123003
0.16100798567722696
0.15663044025070158
0.14867276248230268
0.1439151119328553
0.14598711774792894
0.15334694505010674
0.16003199881884575
0.15996753399090533
0.15321512314593896
0.14590141875477686
0.14394049573880824
0.14879070289546462
0.15674693609400966
0.16101717662710313
0.15758968227881903
0.1497047153636943
0.14419067460022036
0.14530469195497894
0.1522209640617824
0.15942391378946114
0.1604558326404888
0.15433196555006817
0.14667763765566505
0.143783969063617
0.14781552740723577
0.15572449191059023
0.16087006240532278
0.15846035569102426
0.15078566603917098
0.1445974198199343
0.14473772595651163
0.15110273477628255
0.15869163741396738
0.1607992665921531
0.15542006556735494
0.14754933309332918
0.1437642564687181
0.1469187516312211
0.15464826179096497
0.1605696546294898
0.1592257286745359
0.15189819130231447
0.14512965760804075
0.14429427629354497
0.15001088538732832
0.15784956229282426
0.1609908528842453
0.15645992136662665
0.14850346535154949
0.1438816294418145
0.14611387311331436
0.15353766937328506
0.16012207355258531
0.1598708281772134
0.15302389469247174
0.14577985454201217
0.14398056539949816
0.14896314358161414
0.1569139577576538
0.1610266735843797
0.15743244777081722
0.14952544369891305
0.14413446948980288
0.14541275835193218
0.1524122719312017
0.1595363647325912
0.1603828394440381
0.15414367537170437
0.14653867148073194
0.14380095358872697
0.14797609865150718
0.15590255158636088
0.1609059943709868
0.15831939327113173
0.15059926687253294
0.14451927378703167
0.14482555485975832
0.15129139088544732
0.15882423406051238
0.16075146352876243
0.15523804021622828
0.14739501834517837
0.1437579218337375
0.1470650056717553
0.15483410065334682
0.16063128690750053
0.15910376888607514
0.15170770063822767
0.14503066834892395
0.14436062709182548
0.15019378067529093
0.1579997154637325
0.1609692150142007
0.1562874564554617
0.14833613053029318
0.1438520628604717
0.1462436285989645
0.15372796677627076
0.1602081537199731
0.15977027364901736
0.15283249615477393
0.14566143074379134
0.1440245114587989
0.14913733997165288
0.15707878830624183
0.16103164420895336
0.15727273923103263
0.14934767190613468
0.14408207911761672
0.14552411801875187
0.15260371154608598
0.15964515988950326
0.16030569945855921
0.15395465143488515
0.14640252532610792
0.14382188616891775
0.1481388664431278
0.15607896273235133
0.16093747154816276
0.15817546527646448
0.15041386944354546
0.14444478727067867
0.14491691865366715
0.15148072093479092
0.15895358103909615
0.16069929701779767
0.15505471620506134
0.1472431548103883
0.1437555523729652
0.14721385396709863
0.15501885099318088
0.1606886265617822
0.15897840076783445
0.15151768418014364
0.14493512998323307
0.14443070158381144
0.15037786728602243
0.15814708133270636
0.16094308489881795
0.1561131379663352
0.1481708326649236
0.14382642397730902
0.14637632939248912
0.1539177413616547
0.1602901891667415
0.15966592855687076
0.15264102244274722
0.14554619682278552
0.14407231633459344
0.14931321317674687
0.15724133815128433
0.1610320855500061
0.15711064415171855
0.14917148123728347
0.14403352450039653
0.1456387247333894
0.15279518888912932
0.15975023665811375
0.16022445780443934
0.15376498990231527
0.1462692571180193
0.1438467584699058
0.14830375880335442
0.15625363158885067
0.16096447529370825
0.15802865212565687
0.15022956065922732
0.1443739904347454
0.14501177997654816
0.15167063432871822
0.15907960505397709
0.1606427978252454
0.15487018913970993
0.14709380845572861
0.14375714902848902
0.14736523214231279
0.1552024169368953
0.16074163982326084
0.15884969559780568
0.1513282333328578
0.14484308168907853
0.14450447145396458
0.15056305937394043
0.15829157787482273
0.160912478025825
0.15593705898135013
0.14800764519893714
0.14380472300763564
0.14651191925595614
0.15410689708049224
0.1603681320079689
0.15955785310899756
0.15244956808692023
0.14543420077015265
0.14412396087867851
0.14949068321569953
0.15740151862273394
0.16102799734551979
0.15694625101682108
0.14899695188338702
0.14398882509127656
0.1457565307924059
0.1529866095090865
0.1598515344349427
0.16013916191962782
0.15357478684652717
0.146138923370866
0.14387556058304984
0.14847070252555622
0.1564264649574183
0.16098698960387142
0.15787903558754351
0.15004642654144004
0.1443069118965467
0.14511009994596935
0.15186103979058582
0.15920223449261944
0.1605819992331957
0.15468455485558288
0.14694704391726182
0.1437627111654917
0.14751907448867824
0.15538470282946087
0.1607902954334986
0.1587177263481855
0.15113943882771533
0.14475456112490803
0.144581906839485
0.15074927020191944
0.15843312440363796
0.16087741252527535
0.15575931315553487
0.1478466403519346
0.1437869685925805
0.1466503405373115
0.15429533778357205
0.1604419366686034
0.15944610952198748
0.15225822719268192
0.14532548909722431
0.14417942437882522
0.14966966904119222
0.15755924203028815
0.161019382022509
0.1567796492406698
0.14882416294814774
0.14394799877769035
0.14587748701919126
0.153177878566342
0.15994899466467943
0.16004986151945183
0.15338413819843633
0.14601157917568391
0.14390828102632627
0.14863962319604826
0.1565973702608575
0.16100500112842037
0.15772669872085068
0.14986455219453182
0.14424357872332616
0.14521183816444452
0.15205184540211883
0.1593213994817836
0.16051693701094552
0.15449790936142077
0.14680292448486268
0.14377223657231034
0.1476753139797693
0.15556561329116872
0.1608345646719037
0.15858256762859607
0.15095139068404814
0.1446696044241161
0.1446629763340522
0.15093641217448334
0.15857164163116502
0.1608379091535622
0.1555799946572056
0.1476878890994782
0.14377316779824714
0.14679153418241098
0.1544829672735751
0.16051155992221905
0.159330761970184
0.15206709339553712
0.1452201068276708
0.14423868456104938
0.149850088566996
0.15771442172470035
0.16100624469486743
0.156610929106733
0.14865319242247724
0.14391106187947472
0.1460015427726766
0.15336890087948882
0.1600425608883813
0.15995660855471783
0.153193139696812
0.1458872781892062
0.14394490674547258
0.14881044521579978
0.15676625560355628
0.16101849918244715
0.15757172581354675
0.1496840217740174
0.14418401642900988
0.14531695272550657
0.1522429586438862
0.1594370319426921
0.1604476493840537
0.15431034878380567
0.14666151208746153
0.143785721460648
0.1478338822882884
0.15574505327506413
0.16087442138080946
0.15844429562852372
0.15076417817167775
0.1445882461900123
0.14474764699186218
0.1511243968720479
0.15870705172737684
0.16079399127515537
0.1553991981087961
0.14753146115379265
0.1437633261150309
0.14693543974769002
0.15466968935810135
0.1605769609279471
0.15921187653384125
0.15187625981739694
0.14511809749012758
0.1443017175921059
0.1500318586961742
0.15786697215903822
0.16098859315883401
0.15644018170650095
0.14848411715997772
0.14387802914717035
0.14612864595656275
0.15355958097290623
0.16013217879023683
0.15985945716816338
0.1530018868386842
0.1457660726235009
0.143985423115305
0.14898309182303793
0.156933029832143
0.1610274757558267
0.15741420232192047
0.14950491845628086
0.14412824897121673
0.1454254002201851
0.15243428643683432
0.15954906564519725
0.16037417700139558
0.15412196931243421
0.14652286727898595
0.14380316046593558
0.1479947098036807
0.1559229281249937
0.16090984198837793
0.15830298805904636
0.15057788977447595
0.1445105194911267
0.1448358843319711
0.15131313508621605
0.15883927837915746
0.16074568484208696
0.1552170185282001
0.14737742494528527
0.14375744745709024
0.14708199541348846
0.1548554079035302
0.16063810126552033
0.15908952114612193
0.15168581902391096
0.14501950311126174
0.14436849808221447
0.15021489535028457
0.15801680894981668
0.16096643788608428
0.15626749887855837
0.1483170128533528
0.14384891376050937
0.14625874302908243
0.15374982312531596
0.16021779624281957
0.15975846364932614
0.1528104748307097
0.14564801323616505
0.1440298139412159
0.14915748511676327
0.15709760259639582
0.1610319255203146
0.1572542148094605
0.14932732440929242
0.14407629874851313
0.145537135743905
0.1526257351848705
0.15965743626087137
0.1602965629002709
0.15393286714619117
0.14638704922498177
0.14382454664784716
0.1481577256505477
0.15609914363421798
0.16094080552929146
0.15815872409392912
0.15039261315498517
0.14443645585684067
0.14492765234296226
0.1515025368561312
0.15896824684862704
0.1606930183712227
0.15503355127067808
0.14722584760486904
0.14375553416197256
0.1472311379980533
0.15504002688968402
0.1606949449683754
0.15896376553901334
0.15149586298284984
0.14492436420926152
0.14443899908802904
0.15039911349959445
0.15816384893793717
0.16093979201445896
0.15609297314790682
0.14815195401173212
0.14382372732708373
0.146391779013317
0.15393953141929886
0.16029936335076514
0.15965368638789945
0.15261899854151645
0.14553314932105488
0.14407806146085822
0.14933354608119315
0.15725988441034647
0.16103184583427116
0.1570918508856061
0.14915132076432822
0.14402818659790184
0.14565211290382488
0.15281721081849037
0.15976208141494627
0.1602148524696226
0.15374313844005685
0.14625411568989374
0.1438498714909719
0.1483228577078815
0.15627360610454427
0.16096729366319823
0.1580115843101637
0.15020843512009335
0.14436608527332714
0.14502291348795218
0.15169251150589178
0.1590938840307644
0.16063602291935639
0.1548488919713731
0.14707679494706688
0.1437575869903915
0.14738280297224
0.15522345046526007
0.16074745855476044
0.1588346811882382
0.15130648302354535
0.1448327197877315
0.14451319211586366
0.15058442719432
0.15830801024936292
0.1609086713363472
0.15591669766559635
0.14798901393889186
0.14380247988118827
0.14652769750808933
0.15412860979175144
0.16037683249280435
0.15954518582564492
0.1524275524550435
0.14542152869953237
0.1441301463460256
0.14951119461115192
0.1574197867135177
0.16102723674500496
0.1569271991444359
0.148976987588678
0.14398393179253266
0.1457702838266339
0.15300861883943995
0.1598629407370256
0.16012909341142276
0.15355287925287583
0.14612412302498154
0.14387912490564478
0.1484900326291389
0.1564462224059279
0.1609892906908795
0.15786165062802468
0.1500254415877562
0.14429943617978488
0.14512162870995016
0.15188296768302756
0.15921611851025014
0.16057473205616685
0.1546631364884782
0.14693033145387607
0.14376360512615446
0.1475369244749337
0.1554055830039939
0.16079561105679616
0.15870234125723534
0.15111776979738892
0.14474460732997452
0.14459104712518614
0.1507707495968986
0.1584492123554566
0.16087309428474145
0.15573876614872054
0.14782826471235205
0.14378517988283182
0.1466664406994521
0.15431696208525741
0.16045015836208618
0.15943302440693335
0.15223623062489133
0.14531319771220755
0.14418604770473564
0.14969034953842125
0.15757722193222912
0.16101810098873073
0.15676034910336334
0.14880440385932878
0.14394355203962644
0.14589159916682642
0.1531998643664009
0.15995995591049675
0.16003933570028822
0.15336218549601727
0.14599712615685295
0.14391229522894142
0.14865917586317443
0.1566169000364905
0.16100678356811324
0.157709006250719
0.1498437175547618
0.14423653546495496
0.14522375743759014
0.15207381339803844
0.15933488061745466
0.1605091818350845
0.15447638084709864
0.1467865202593733
0.1437735861762404
0.1476934353292109
0.15558632916151527
0.1608393740474439
0.15856682054028748
0.15092981323939242
0.1446600627936443
0.14467253253239346
0.15095799301530274
0.15858737613290783
0.16083308191698933
0.1555592728208308
0.1476697771633323
0.1437718342169116
0.1468079493727928
0.154504492100349
0.1605192980047279
0.15931726652798792
0.15204512662969616
0.14520820121115838
0.14424574308352658
0.1498709286590666
0.15773210354090703
0.16100444398814212
0.15659139114190312
0.1486336474376087
0.1439070634786022
0.14601600811547324
0.15339085218168594
0.16005307072056882
0.15994563154138894
0.1531711528829514
0.14587317857659196
0.14394936922584128
0.1488302116760512
0.15678554718290072
0.16101976191720882
0.15755373560370023
0.1496633470655274
0.1441774084639039
0.1453292575912493
0.15226495606499196
0.15945010248349348
0.16043941076211266
0.154288721183846
0.1466454231350378
0.1437875261710277
0.1478522670592622
0.15576559393285425
0.16087872166533532
0.1584281954048728
0.1507427025308112
0.14457912060575193
0.14475761521488217
0.15114606893740237
0.15872242392317581
0.16078865789626878
0.1553783123528215
0.1475136208575471
0.1437624481925475
0.1469521629255772
0.15469110364863028
0.1605842108565316
0.15919797848490322
0.15185433352953925
0.145106582552608
0.1443092084699769
0.15005284876175284
0.1578843461233307
0.16098627384760383
0.15642041644057303
0.14846479504477597
0.14387448067939904
0.14614345840950982
0.153581486778929
0.1601422311008648
0.159848035326714
0.15297987687976622
0.1457523323294616
0.14399033209056525
0.14900306317374798
0.15695207278106107
0.16102821803619533
0.15739592427372118
0.14948441318192007
0.1441220789550629
0.1454380855895729
0.15245630254317713
0.15956171809427397
0.16036545976265565
0.1541002536922027
0.14650710047577314
0.14380541956467385
0.14801334990809714
0.15594328271055527
0.160913630637424
0.15828654373331696
0.1505565260628282
0.1445018136580105
0.14484626051542904
0.15133488806638173
0.1588542795913726
0.16073984847081801
0.15519597980433608
0.1473598640768204
0.14375702554257183
0.14709901938075082
0.15487670060673156
0.160644858777808
0.15907522842051552
0.15166394382340015
0.14500838359004134
0.14437641829545864
0.15023602565706257
0.15803386543374665
0.16096360134597057
0.15624751691999253
0.14829792223853627
0.14384581664098542
0.14627389634156118
0.15377167241175294
0.16022738517849794
0.15974660358976356
0.1527884526566453
0.14563463800516102
0.14403516744809433
0.1491776523257803
0.15711638657704302
0.16103214690564682
0.15723565894769564
0.14930699795409041
0.1440705691575108
0.14555019635642305
0.15264775917980908
0.15966966334345803
0.1602873721464075
0.15391107456869038
0.14637161128660595
0.14382725923564937
0.14817661285605233
0.15611930134335333
0.16094408029942092
0.15814194486382122
0.15037137140129592
0.1444281733025024
0.1449384322468966
0.1515243603572153
0.15898286858451166
0.16068668245095463
0.1550123705657413
0.1472085738014993
0.14375556842317289
0.1472484554008218
0.15506118697106394
0.16070120608625268
0.1589490862701995
0.1514740494076609
0.1449136446677424
0.14444734543813634
0.1504203742078294
0.15818057845778252
0.16093643992704587
0.15607278518023798
0.14813310339047125
0.14382108279004827
0.146407266770325
0.1539613131433969
0.1603084833175637
0.15964139495873464
0.15259697504032554
0.1455201447286159
0.14408385735587678
0.14935389998975343
0.15727839918821032
0.1610315461931332
0.15707302735143708
0.14913118239230472
0.14402289972848784
0.14566554332826878
0.15283923185377618
0.1597738760842638
0.16020519357035556
0.15372127995987314
0.1462390131700388
0.14385303648742684
0.1483419836401208
0.15629355619536253
0.16097005261397845
0.15799447953094087
0.1501873252525306
0.1443582293476532
0.14503409269727846
0.1517143950542041
0.15910811798904412
0.16062919118392122
0.15482758030071486
0.14705981569364604
0.14375807741368882
0.14740040630264337
0.15524446691333685
0.1607532195878202
0.1588196237066672
0.1512847415356665
0.14482240461473395
0.14452196122622232
0.1506058083604949
0.1583244034730859
0.16090480568769508
0.15589631444051205
0.14797041166435992
0.1438002889798546
0.14654351313153066
0.15415031289727774
0.16038547816097845
0.15953247010827162
0.15240553846755212
0.14540890015128247
0.14413638230573003
0.14953172593686057
0.1574380221644663
0.16102641625528885
0.1569081181883456
0.14895704643976684
0.14397908976113188
0.14578407846203648
0.15303062602041967
0.1598742961800321
0.16011897199996025
0.15353096591022877
0.14610936231403973
0.1438827410493307
0.14850938877412367
0.1564659542057279
0.1609915321865946
0.15784422980559237
0.1500044734301561
0.14429201005449974
0.14513320263510116
0.15190490072957394
0.15922995658760764
0.1605674085266004
0.154641704889492
0.14691365408098966
0.14376455151655299
0.14755480607291901
0.1554264448368027
0.1608008686055468
0.1586869140838474
0.15109611077834653
0.14473470073910352
0.14460023544150216
0.15079224117749992
0.15846526010961876
0.16086871736363498
0.15571819847918567
0.14780991899537674
0.14378344348928238
0.14668257744949761
0.1543385755084656
0.16045832467060223
0.15941989170985532
0.15221423693954717
0.14530095044294694
0.14419272122594895
0.14971104887834552
0.15759516804956422
0.16101676013749672
0.15674102107810858
0.14878466894641323
0.14393915678242653
0.14590575224344107
0.15322184675733636
0.15997086555348422
0.16002875766857144
0.15334022831091307
0.1459827134806447
0.14391636107755118
0.14867875356974353
0.15663640294868844
0.1610085062792096
0.1576912790346602
0.14982290082298746
0.14422954213323788
0.14523572131519952
0.15209578532313664
0.15934831491491117
0.1605013708161433
0.15445484037280918
0.1467701519416141
0.14377498815738887
0.1477115873844511
0.15560702543319044
0.16084412500627504
0.15855103237992035
0.15090824698589794
0.1446505688226976
0.1446821363231437
0.15097958487071989
0.15860306940953353
0.16082819631292217
0.1555385315742631
0.14765169607014447
0.14377055302201355
0.14682440034931366
0.15452600477604672
0.16052698016558128
0.15930372438090062
0.15202316397750143
0.14519634028399775
0.14425285148362724
0.14989178649294227
0.1577497504424132
0.16100258357118677
0.15657182649547877
0.14861412764366558
0.14390311675135056
0.1460305136958157
0.15341279881118927
0.16006352823459727
0.15993460303514384
0.1531491628494428
0.14585911999515241
0.14395388315632734
0.14885000215843758
0.15680481069399613
0.16102096482147196
0.15753571178027706
0.1496426913639454
0.14417085074003555
0.14534160648488129
0.1522869561830092
0.15946312531267814
0.16043111683855885
0.15426708289658508
0.14662937088936304
0.14378938318525541
0.14787068161315248
0.15578611374028384
0.1608829632252351
0.15841205513958456
0.15072123925053008
0.1445700431161677
0.14476763057180234
0.1511677508359476
0.15873775388655503
0.16078326649716826
0.15535740844432452
0.14749581230762457
0.14376162270588605
0.14696892106965212
0.15471250451634316
0.16059140435884936
0.15918403463263986
0.15183241257910357
0.1450951128581549
0.14431674888720358
0.15007385545530544
0.15790168405831295
0.1609838949687545
0.15640062570919577
0.14844549912012753
0.14387098405722204
0.14615831038946056
0.1536033866455111
0.1601522304070253
0.1598365627403187
0.15295786496032182
0.14573863373589196
0.14399529229930488
0.14902305751424874
0.1569710864676341
0.16102890041965526
0.1573776137588511
0.14946392799999442
0.1441159594741006
0.14545081439049964
0.15247832010738863
0.15957432198357216
0.16035668779531617
0.15407852865737576
0.14649137115994018
0.14380773087304405
0.14803201885584255
0.15596361520010213
0.1609173602884427
0.15827006041563316
0.1505351758702704
0.1444931563343526
0.14485668335403795
0.15135664968843168
0.15886923758479432
0.16073395446051347
0.15517492418999504
0.14734233584082468
0.1437566560924014
0.147116077476251
0.15489797861696106
0.16065155939173043
0.15906089081686567
0.15164207517611406
0.14499730984563564
0.1443843876892422
0.15025717146544418
0.15805088479004817
0.16096070541610785
0.15622751072111127
0.14827885879820804
0.14384277151822847
0.1462890884515308
0.15379351448948314
0.16023692045299706
0.15973469356093917
0.15276642977663135
0.14562130512454266
0.1440405719510763
0.14919784147753307
0.15713514011277632
0.16103230836321097
0.1572170717799099
0.14928669266309189
0.14406489037499093
0.14556329978445168
0.15266978338737694
0.1596818410440301
0.16027812726801352
0.15388927384863774
0.14635621159768486
0.14383002391803051
0.1481955279488487
0.15613943571763778
0.16094729583287765
0.15812512770991521
0.15035014431382815
0.144419939651982
0.14494925830705882
0.15154619129947422
0.15899744613691927
0.1606802893063941
0.15499117423598754
0.1471913334993032
0.14375565515638564
0.14726580607607487
0.15508233109163466
0.16070740986658733
0.15893436307160924
0.15145224359299073
0.14490297141673913
0.14445574058946106
0.15044164927917306
0.15819726976877457
0.1609330286628554
0.15605257420557772
0.14811428091165357
0.14381849038013625
0.1464227925764849
0.1539830863876711
0.16031754899662096
0.1596290543630671
0.15257495208260105
0.14550718311698424
0.14408970398890977
0.14937427477962034
0.1572968823509284
0.16103118662894564
0.15705417368483013
0.14911106624213505
0.14401766392015436
0.1456790159326204
0.15286125185084726
0.15978562057592532
0.16019548118116905
0.15369941460782965
0.14622394964299906
0.14385625344258204
0.14836113648743143
0.15631348172010062
0.16097275212440712
0.15797733791375645
0.15016623118650985
0.144350422699685
0.1450453175438072
0.15173628483408932
0.1591223068216043
0.16062230267214092
0.1548062542737642
0.14704287079245
0.14375862029580114
0.14741804203217995
0.15526546613582964
0.16075892287746238
0.15880452326582967
0.15126300900657114
0.14481213622583153
0.14453077873801745
0.15062720273958738
0.15834075742462186
0.16090088111015083
0.15587590944915755
0.14795183848397114
0.1437981503151721
0.14655936603711187
0.15417200625069358
0.16039406894553018
0.1595197060535738
0.15238352626718035
0.1453963151946593
0.144142668724675
0.14955227706842328
0.1574562248431859
0.16102553588281562
0.15688900828552246
0.1489371285558953
0.14397429902268996
0.1457979146222801
0.15305263090734259
0.15988560067698793
0.1601087977631948
0.15350904696438453
0.1460946413204084
0.14388640899502622
0.148528770846055
0.15648566021662066
0.1609937140734259
0.1578267732479159
0.14998352219718242
0.14428463356029092
0.14514482165840345
0.15192683878972416
0.1592437486201838
0.1605600287014514
0.15462026020486005
0.1468970118935227
0.1437655503317083
0.1475727191793033
0.15544728818306902
0.16080606803866115
0.15867144494319183
0.15107446190681587
0.1447248414057149
0.14460947173906544
0.15081374480957466
0.15848126754694408
0.16086428179621687
0.15569761029071094
0.1477916033077255
0.14378175942107252
0.14669875069615967
0.15436017790680057
0.16046643553080336
0.15940671153037603
0.15219224627862346
0.14528874735642736
0.1441994449069747
0.14973176693501108
0.15761308025154708
0.16101535947933623
0.15672166530313766
0.14876495832692396
0.14393481302931932
0.14591994617048318
0.1532438255939944
0.1599817235099066
0.16001812750561373
0.15331826678857854
0.14596834122723357
0.1439204785506835
0.14869835619952004
0.15665587885835375
0.16101016924818543
0.1576735172021517
0.14980210212627595
0.14422259876540794
0.14524772973196487
0.15211776103604113
0.15936170227243227
0.1604935040147816
0.1544332880849108
0.14675381962441947
0.14377644250837848
0.14772977004019838
0.15562770196194287
0.16084881751123276
0.15853520326500928
0.1508866920586138
0.14464112256236275
0.14469178765459798
0.15100118760536915
0.158618721344142
0.16082325237957026
0.1555177710619133
0.14763364592468942
0.1437693242202953
0.14684088701858547
0.15454750515433596
0.16053460634509828
0.15929013563139066
0.1520012055801004
0.1451845241108912
0.14426000972349165
0.1499126619411622
0.15776736230021385
0.16100066345860617
0.1565522353068582
0.14859463315641458
0.1438992217185589
0.14604505943294838
0.153434740622448
0.16007393335004014
0.15992352312058394
0.15312716974132165
0.14584510252285254
0.14395844851307005
0.14886981654497908
0.15682404599893793
0.1610221078857909
0.15751765447446897
0.14962205479481713
0.14416434329226646
0.1453539993388162
0.1523089588557587
0.15947610033139387
0.16042276767770408
0.15424543406842062
0.1466133554411644
0.14379129249355602
0.147889125842735
0.15580661255375752
0.16088714602730156
0.1583958749524279
0.15069978846464957
0.1445610137700058
0.1447776930085872
0.15118944243115606
0.1587530415029836
0.16077781711997793
0.15533648652825663
0.14747803560682962
0.14376084965938984
0.146985714084448
0.15473389181505423
0.16059854137893792
0.15917004508228338
0.1518104971063466
0.1450836884691775
0.14432433880356108
0.15009487864790957
0.15791898583681402
0.16098145654095325
0.1563808096528407
0.14842622950000775
0.1438675392990865
0.14617320181347115
0.15362528042677973
0.16016217663166774
0.15982503949679766
0.15293585122489414
0.1457249769185332
0.14400030371527706
0.14904307472485295
0.15699007075524338
0.16102952290084746
0.1573592709101227
0.1494434630344843
0.14410989056081597
0.1454635865531113
0.15250033898654858
0.15958687721718776
0.16034786116728567
0.15405679435430888
0.1464756794200872
0.143810094378874
0.14805071653778862
0.15598392545078438
0.16092103091221283
0.15825353822792768
0.15051383932933088
0.1444845475665522
0.14486715279143908
0.15137841981473263
0.1588841522473488
0.16072800285717515
0.1551538518305813
0.1473248403381065
0.14375633910852276
0.14713316960246536
0.15491924178826336
0.16065820305509187
0.15904650844308474
0.15162021322135616
0.14498628193815122
0.14439240622097993
0.1502783326450923
0.1580678668934765
0.160957750119209
0.15620748042336735
0.1482598226445186
0.14383977840829185
0.14630431927387538
0.1538153492123877
0.1602464019927068
0.1597227336538192
0.15274440633464695
0.14560801466781373
0.1440460274215314
0.1492180524506646
0.1571538630683557
0.16103240989173917
0.1571984534404434
0.14926640865867016
0.1440592624310606
0.1455764459558806
0.15269180766397986
0.15969396926970922
0.1602688283365363
0.15386746513226685
0.14634085024467317
0.14383284068042246
0.14821447081793418
0.156159546615057
0.16095045210445225
0.15810827275621706
0.1503289320237727
0.14441175494932607
0.1449601304647749
0.1515680295442268
0.15901197939632003
0.16067383898738066
0.15496996242718764
0.14717412679706848
0.1437557943611553
0.14728318992425518
0.1551034591057562
0.16071355626099534
0.15891959605375042
0.1514304456771292
0.14489234451404706
0.14446418449706286
0.15046293858192206
0.15821392274768667
0.16092955824862593
0.15603234036626873
0.1480954866855727
0.14381595011100587
0.1464383563445261
0.15400485100583455
0.16032656031782966
0.1596166646949349
0.15255292981168847
0.14549426455741382
0.14409560132894664
0.14939467032780715
0.15731533376473275
0.16103076714453307
0.1570352900215598
0.14909097243454508
0.14401247920062638
0.14569253064252577
0.1528832706655046
0.15979731480015408
0.16018571537698872
0.1536775425299594
0.1462089251930659
0.143859522339475
0.14838031613696806
0.15633338253767107
0.1609753921733087
0.15796015958459753
0.15014515305183454
0.14434266537111093
0.14505658796655738
0.15175818070587785
0.15913645042154434
0.1606153574376489
0.15478491403657205
0.14702596034022153
0.14375921563387312
0.14743571005928247
0.1552864479874996
0.16076456837915654
0.15878937997874262
0.1512412855734766
0.14480191467649997
0.1445396446039589
0.15064861019857773
0.15835707198285334
0.1608968976344547
0.15585548283467454
0.14793329450613135
0.14379606389840216
0.14657525613542516
0.1541936897056222
0.16040260477991405
0.15950689375858432
0.15236151599657152
0.14538377389865448
0.1441490055694724
0.14957284788126354
0.15747439461747295
0.16102459563449933
0.15686986957308227
0.14891723405610283
0.14396955960254645
0.14581179223077925
0.15307463335547422
0.15989685414129082
0.16009857077946696
0.15348712256109878
0.14607996012619884
0.14389012872337553
0.1485481787302763
0.15650534029853588
0.16099583633424983
0.15780928108287165
0.14996258801720364
0.14427730673648345
0.14515648571657727
0.15194878172287982
0.15925749450379048
0.1605525926381009
0.15459880258082986
0.14688040498615124
0.14376660156636542
0.14759066369053359
0.15546811289804094
0.16081120931550072
0.158655933950708
0.15105282331888525
0.1447150293829572
0.14461875596824122
0.15083526035883665
0.15849723454851364
0.16085978761720196
0.15567700172714774
0.14777331775588748
0.1437801276870655
0.1467149603479108
0.15438176913387425
0.16047449087976173
0.1593934839684453
0.15217025878399584
0.14527658851936756
0.14420621871205044
0.1497525035822926
0.1576309584076303
0.16101389902524646
0.15670228191681568
0.14874527211817765
0.14393052080325647
0.14593418086914836
0.15326580073117532
0.1599925296964067
0.16000744529310534
0.1532963010744178
0.14595400947653595
0.14392464762659077
0.14871798363606864
0.15667532762652392
0.16101177246198412
0.1576557208828679
0.1497813215915161
0.1442157053984227
0.14525978262231642
0.15213974039528597
0.15937504258862384
0.16048558149207912
0.15441172412976542
0.14673752340037813
0.14377794922155482
0.14774798319093907
0.15564835860359397
0.16085345152560543
0.15851933331332876
0.15086514859244507
0.14463172406345454
0.1447014864747827
0.15102280108374996
0.15863433182010175
0.16081825015559312
0.15549699142825488
0.14761562683151283
0.14376814781822156
0.14685740928698038
0.154568993088898
0.16054217648402258
0.15927650038224586
0.1519792515785377
0.14517275275627506
0.14426721776498688
0.1499335548760954
0.15778493898551016
0.1609986836654716
0.1565326177155648
0.1485751640914152
0.14389537840078945
0.14605964524586257
0.15345667746987032
0.16008428598685506
0.1599123918826825
0.15310517370356802
0.14583112623740016
0.14396306527193292
0.14888965471749716
0.15684325295996424
0.1610231911011885
0.1574995638176569
0.1496014374835084
0.14415788615518363
0.14536643608520522
0.15233096394097181
0.15948902744112245
0.1604143633442752
0.15422377484574784
0.14659737688092386
0.14379325408587706
0.14790759964056352
0.15582709022975957
0.160891270038783
0.15837965496342385
0.15067835030683813
0.14455203261574126
0.14478780247093181
0.15121114358636803
0.15876828665820691
0.16077230980726873
0.15531554674962522
0.14746029085773782
0.1437601290571248
0.14700254187425815
0.1547552653985976
0.16060562186126404
0.15915600993937798
0.1517885872514183
0.14507230944781985
0.1443319781785509
0.15011591821047485
0.1579362513318771
0.1609789585833323
0.15636096841209715
0.14840698629818405
0.14386414642316322
0.1461881325983444
0.15364716797682648
0.16017206969813177
0.15981346568433646
0.15291383581796586
0.14571136195286982
0.14400536631195868
0.1490631146856757
0.15700902550742055
0.16103008547488196
0.15734089586052985
0.14942301840918853
0.1441038722474209
0.1454764020072906
0.1525223590376513
0.15959938369955765
0.16033897994688256
0.15403505092934927
0.1464600253445693
0.1438125100697138
0.1480694428445852
0.15600421331983869
0.16092464247997126
0.1582369772923776
0.1504925165723888
0.14447598740073803
0.1448776687710034
0.1514001983075221
0.15889902346724616
0.16072199370724805
0.15513276287154845
0.1473073776692451
0.14375607459260223
0.14715029566163004
0.15494048997470897
0.1606647897161297
0.1590320814073896
0.15159835809831976
0.14497529992743027
0.1444004738478121
0.15029950906550368
0.15808481161900875
0.16095473547845013
0.15618742616832396
0.14824081388940963
0.14383683732695265
0.1463195887232249
0.1538371764343174
0.16025582972441293
0.15971072395972893
0.15272238247460637
0.145594766708222
0.1440515338305522
0.14923828512362128
0.1571725553086989
0.161032451490433
0.15717980406381013
0.1492461460630158
0.14405368535555327
0.14558963479833542
0.15271383186594237
0.15970604792796483
0.160259475423828
0.15384564856579772
0.146325527313781
0.1438357095079792
0.14823344135208485
0.15617963389369047
0.16095354908939563
0.15809138012696922
0.15030773466216882
0.14440361923831121
0.14497104866109944
0.15158987495266563
0.15902646825347536
0.1606673315441932
0.1549487352851551
0.14715695379335358
0.14375598603674844
0.14730060684556465
0.1551245708678206
0.16071964522153004
0.15890478532742827
0.1514086557982532
0.14488176401719796
0.14447267711572592
0.15048424198420893
0.15823053727152192
0.1609260287115576
0.15601208380475728
0.14807672082231313
0.14381346199603917
0.14645395798692287
0.15402660685157488
0.16033551721148384
0.1596042260487285
0.1525309083708643
0.1454813891209032
0.1441015493446989
0.1494150865111313
0.1573337532960208
0.1610302877431896
0.1570163764975672
0.14907090109007684
0.14400734559735573
0.14570608738336593
0.1529052881534723
0.15980895866752798
0.16017589623313994
0.1536556638722771
0.14619393990428695
0.14386284316086503
0.14839952247566462
0.15635325850708764
0.16097797273997042
0.15794294466968076
0.15012409097815493
0.14433495740335048
0.14506790390427626
0.15178008252977768
0.159150548682263
0.16060835553451483
0.15476355973522657
0.14700908443347488
0.14375986342477212
0.14745341028214357
0.15530741232314735
0.1607701560488142
0.15877419395871362
0.15121957137348427
0.14479174002195244
0.14454855877648096
0.15067003060428535
0.15837334702690153
0.16089285529180702
0.15583503474030144
0.14791477983903692
0.14379402974053088
0.14659118333680837
0.1542153631156687
0.16041108559799253
0.15949403332068224
0.15233950779829591
0.14537127633200542
0.1441553928064569
0.14959343825061247
0.15749253135529903
0.16102359551772424
0.15685070218829977
0.1488973630592437
0.14396487152576884
0.14582571121068458
0.15309663322001027
0.15990805648670167
0.1600882911275117
0.15346519284610313
0.14606531881327917
0.14389390021474557
0.14856761231191357
0.15652499431151484
0.16099789895240887
0.15779175343855756
0.14994167101843248
0.1442700296221346
0.14516819474607257
0.15197072938832737
0.15927119413454907
0.16054510039436237
0.15457733216367858
0.14686383345332193
0.14376770521499296
0.14760863950282005
0.15548891883701646
0.16081629239587422
0.15864038122211757
0.15103119515052224
0.14470526472371684
0.1446280880791207
0.15085678769084593
0.15851316099565874
0.16085523486176354
0.15565637293243553
0.1477550624461405
0.14377854829585046
0.14673120631297287
0.1544033490432915
0.16048249065496561
0.15938020912435155
0.1521482745974605
0.1452644739982319
0.14421304260513826
0.1497732586938794
0.15764880238745457
0.16101237878669553
0.15668287105765685
0.14872561043730206
0.14392628012691838
0.14594845626037203
0.15328777202362073
0.16000328403000108
0.15999671111312444
0.15327433131380222
0.14593971830822347
0.14392886828324994
0.14873763576274346
0.15669474911436182
0.1610133159080184
0.15763789020669403
0.14976055934543517
0.14420886206897213
0.14527187992041773
0.15216172325930094
0.15938833576241385
0.1604776033095428
0.15439014865375422
0.14672126336184635
0.1437795082889884
0.14776622673092904
0.1556689952140291
0.1608580270131347
0.15850342264292455
0.150843616722168
0.14462237337652453
0.14471123273145314
0.15104442517021788
0.15864990072104498
0.1608131896801053
0.1554761928178369
0.14759763889494382
0.14376702382198298
0.1468739670606251
0.15459046843342023
0.16054969052352178
0.15926281873658177
0.15195730211376796
0.1451610262843284
0.1442744755697064
0.14995446516993416
0.1578024803697053
0.16099664420732404
0.15651297386125765
0.14855572056403088
0.1438915868183322
0.1460742710532932
0.15347860920781775
0.1600945860653829
0.15990120940679092
0.15308317488111717
0.14581719121625406
0.1439677334085044
0.14890951655760948
0.15686243143945175
0.16102421445915796
0.15748143994141897
0.14958083955521476
0.1441514793631042
0.1453789166559351
0.1523529712962858
0.15950190654367866
0.16040590390341888
0.15420210537496865
0.14658143529888593
0.1437952679518912
0.1479261028989672
0.15584754662485156
0.1608953352273853
0.1583633952928522
0.15065692491062632
0.1445430997015837
0.1447979589042623
0.15123285416478968
0.1587834892382468
0.16076674460206206
0.15529458925350045
0.1474425781627025
0.1437594609028825
0.14701940434313535
0.15477662512082635
0.16061264575072529
0.1591419293097842
0.15176668315436848
0.14506097585596595
0.14433966697140246
0.15013697401374257
0.15795348041676072
0.1609764011154919
0.1563411021276767
0.14838776962822092
0.14386080544734983
0.14620310266063058
0.15366904914970816
0.1601819095301494
0.15980184139148895
0.15289181888396336
0.14569778891413362
0.1440104800625525
0.14908317727663567
0.15702795058784969
0.1610305881373403
0.15732248874325053
0.14940259424772798
0.14409790456585642
0.14548926068265922
0.1525443801176084
0.15961184133546302
0.16033004420283753
0.15401329852883838
0.14644440902149974
0.14381497793283934
0.14808819766666426
0.15602447866459304
0.16092819496341654
0.158220377731406
0.1504712077316761
0.1444674758827713
0.14488823123583555
0.1514219850289139
0.15891385113298573
0.1607159270576226
0.15511165745839967
0.14728994793459194
0.14375586254603212
0.14716745555574648
0.15496172303040132
0.1606713193235195
0.1590176098183021
0.15157650994608762
0.14496436387305228
0.1444085905266092
0.15032070059601652
0.1581017188418516
0.16095166151747337
0.15616734809765304
0.1482218326446134
0.14383394828971469
0.14633489671396208
0.15385899600910175
0.1602652035753034
0.1596986645703519
0.15270035834035603
0.14558156131875913
0.1440570911489594
0.14925853937466232
0.15719121669889144
0.16103243315896654
0.1571611237846942
0.14922590499813285
0.14404815917803032
0.1456028662391854
0.15273585584951926
0.1597180769266225
0.1602500686021447
0.1538238242954311
0.14631024289097144
0.14383863038558123
0.14825243943986652
0.15619969741172393
0.16095658676342398
0.1580744499466463
0.15028655235989838
0.14439553256244445
0.1449820128368242
0.15161172738587114
0.15904091259944897
0.16066076702754983
0.15492749295573857
0.14713981458648265
0.14375623018215763
0.14731805673997694
0.15514566623226717
0.16072567670068894
0.15888993100373972
0.151386874094417
0.14487122998345733
0.14448121839996694
0.15050555935401774
0.15824711321752688
0.16092244007931286
0.1559918046635835
0.14805798343174206
0.14381102604834406
0.14646959741590762
0.15404835377857215
0.16034441960828844
0.15959173851918526
0.15250888790332448
0.14546855687819052
0.14410754800460757
0.14943552320623182
0.15735214081137192
0.16102974842868137
0.15699743324894877
0.14905085232907705
0.1440022631375205
0.1457196860802694
0.15292730417041672
0.15982055208899154
0.16016602382534237
0.15363377878076445
0.14617899386045755
0.14386621588923845
0.14841875539025182
0.1563731094874842
0.16098049380414703
0.15792569329544043
0.15010304509495395
0.1443272988375509
0.14507926529545082
0.15180199016589516
0.15916460149747325
0.1606012970172405
0.15474219151583685
0.1469922431684838
0.14376056366509107
0.14747114259873317
0.15532835899763375
0.16077568584279597
0.1587589653193286
0.1511978665435622
0.14478161231713269
0.14455752120775192
0.15069146382339013
0.15838958243614354
0.16088875411386627
0.15581456530935625
0.14789629459065992
0.14379204785226898
0.14660714755136128
0.15423702633444225
0.16041951133404603
0.15948112483758184
0.1523175018148315
0.14535882256318522
0.14416183040169306
0.1496140480515297
0.15751063492483017
0.16102253554034518
0.156831506268591
0.14887751568396912
0.14396023481714929
0.14583967148489682
0.15311863035609918
0.15991920762735704
0.16007795888644882
0.15344325796508404
0.14605071746326076
0.14389772344923019
0.1485870714758951
0.156544622115731
0.16099990191171415
0.15777419044327576
0.14992077132890566
0.1442628022560272
0.1451799486830806
0.15199268164526014
0.1592848474089052
0.1605375520284741
0.1545558490996916
0.14684729738923594
0.14376886127178437
0.14762664651215388
0.1555097058553649
0.16082131724004323
0.15862478687340803
0.1510095775375519
0.1446955474806083
0.14463746802152969
0.15087832667102952
0.15852904676997695
0.16085062356552798
0.1556357240505804
0.1477368374845324
0.14377702125573977
0.14674748849933164
0.1544249174886704
0.16049043479432645
0.15936688709870697
0.1521262938607112
0.14525240385921723
0.14421991654992974
0.14979403214329362
0.1576666120608648
0.16101079877561972
0.15666343286430423
0.14870597340121616
0.14392209102270861
0.14596277226484056
0.15330973932603234
0.1600139864280886
0.15998592504812473
0.15325235765204823
0.1459254678017083
0.1439331404983641
0.14875731246270368
0.1567141431831717
0.16101479957416986
0.15762002530370803
0.1497398155145785
0.14420206881347034
0.14528402156017348
0.15218370948642845
0.1594015816930622
0.16046956952909758
0.15436856180325673
0.14670503960093226
0.14378111970247387
0.14778450055420697
0.15568961164921358
0.16086254393801774
0.15848747137209804
0.15082209658241055
0.1446130705518516
0.14472102637209916
0.1510660597290003
0.15866542793087915
0.16080807099267055
0.15545537537526571
0.14757968221907933
0.1437659522374936
0.14689056024541194
0.15461193104161178
0.16055714840519228
0.15924909079782926
0.15193535732663757
0.1451493447589627
0.14428178309897363
0.14997539269470817
0.15781998632441654
0.1609945451001714
0.1564933038837151
0.14853630268941337
0.14388784699120055
0.1460889367737276
0.15350053569061967
0.16010483350635424
0.1598899757786287
0.15306117341884207
0.14580329753661267
0.14397245289809954
0.1489294019467424
0.15688158129992874
0.1610251779516625
0.1574632829775161
0.14956026113494592
0.1441451229500699
0.14539144098263507
0.1523749807792575
0.15951473754121798
0.16039738942069376
0.1541804258024747
0.14656553078504533
0.1437973340809951
0.1479446355100603
0.15586798159568394
0.1608993415612726
0.1583470960612382
0.1506355124093907
0.14453421507546935
0.1448081622537395
0.15125457402950399
0.1587986491294091
0.16076112154782385
0.15527361418499988
0.14742489762384214
0.14375884520017748
0.14703630139489898
0.15479797083562305
0.16061961299265268
0.15912780329966855
0.1517447849551321
0.14504968775523125
0.14434740514107475
0.1501580459282949
0.1579706729649464
0.16097378415749675
0.15632121094040036
0.14836857960346825
0.14385751638926716
0.14621811191663286
0.1536909237994563
0.16019169605184885
0.15979016670716956
0.1528698005672442
0.1456842578772957
0.14401564493998797
0.1491032623774631
0.15704684586037543
0.16103103088427442
0.15730404969163592
0.14938219067353434
0.14409198754778804
0.14550216250858175
0.1525664020832571
0.15962425003003367
0.16032105400428714
0.15399153729909984
0.14642883053874106
0.14381749795525056
0.14810698089424476
0.156044721342473
0.160931688334708
0.15820373966767215
0.1504499129392666
0.14445901305824013
0.14489884012877507
0.15144377984090346
0.15892863513335945
0.16070980295562945
0.155090535736677
0.14727255123426206
0.14375570296992748
0.1471846491865838
0.1549829408094809
0.16067779182637418
0.15900309378464078
0.15155466890362215
0.1449534738343278
0.14441675621397085
0.15034190710581308
0.15811858843744328
0.16094852826038275
0.1561472463531268
0.14820287902164506
0.1438311113118046
0.14635024316022266
0.15388080779055122
0.1602745234729679
0.1596865555777239
0.15267833407566675
0.14556839857215512
0.14406269934729918
0.14927881508185986
0.15720984710418698
0.16103235489748347
0.15714241273794366
0.1492056855858333
0.1440426839277774
0.14561614020554173
0.15275787947089542
0.15973005617386302
0.160240607944142
0.15380199246734347
0.14629499706195673
0.14384160329783297
0.14827146496963317
0.15621973702744843
0.16095956510271642
0.1580574823399507
0.1502653852476823
0.1443874949649601
0.14499302293247554
0.15163358670480978
0.1590553123256056
0.16065414548860515
0.1549062355848188
0.14712270927454324
0.14375652679609874
0.1473355395072346
0.15516674505358008
0.1607316506514117
0.15887503319407084
0.1513651007035511
0.1448607424698228
0.14448980830403205
0.15052689055918062
0.1582636504631888
0.16091879238001427
0.15597150308537971
0.14803927462350855
0.1438086422807519
0.14648527454346658
0.15407009164049457
0.16035326743935643
0.15957920220138755
0.15248686855218402
0.14545576789975267
0.14411359727683967
0.1494559802895641
0.15737049617754334
0.1610291492052445
0.1569784604119562
0.14903082627169809
0.14399723184802368
0.1457333266581076
0.15294931857194125
0.1598320949758526
0.16015609822970933
0.1536118874013721
0.14616408714512177
0.14386964050680592
0.14843801476725133
0.15639293533810958
0.16098295534605864
0.1579084055885296
0.15008201553154954
0.1443196897145871
0.14509067207830323
0.1518239034742284
0.15917860876119788
0.1605941819407594
0.15472080952453574
0.14697543664128404
0.1437613163511463
0.14748890690679198
0.15534928786587357
0.16078115771790893
0.15874369417445364
0.1511761712205492
0.14477153161671638
0.14456653184966994
0.15071290972242476
0.15840577809020684
0.16088459413274825
0.15579407468524
0.14787783886875197
0.14379011824405086
0.14662314868893894
0.15425867921554834
0.16042788192276933
0.1594681684073343
0.152295498188569
0.1453464126604053
0.14416831832097188
0.14963467715889517
0.1575287051944201
0.16102141571068646
0.15681228195151764
0.14885769204873275
0.14395564950120487
0.14585367297606067
0.15314062461883346
0.1599303074777645
0.1600675741357849
0.1534213180636894
0.14603615615750282
0.1439015984066477
0.14860655610694307
0.15656422357148234
0.16100184519644403
0.15775659222553753
0.14989988907649096
0.1442556246766718
0.14519174746352848
0.15201463835276943
0.15929845422362338
0.1605299475991012
0.15453435353517
0.1468307968878552
0.14377006973065698
0.14764468461429958
0.1555304738085188
0.16082628380872002
0.15860915102083814
0.15098797061566505
0.14468587770597813
0.14464689574502462
0.150899877164673
0.15854489175332642
0.16084595376457642
0.1556150552256627
0.1477186429768888
0.1437755465747703
0.14676380681473078
0.15444647432363498
0.16049832323617705
0.1593535179924529
0.15210431671534852
0.1452403781682588
0.14422684050984397
0.14981482380388328
0.15768438729790485
0.16100915900442442
0.15664396747553672
0.148686361126638
0.14391795351275616
0.14597712880298638
0.15333170249306494
0.16002463680844778
0.15997508718093942
0.15323038023442553
0.145911258036149
0.14393746424936146
0.148777013618907
0.1567335096943935
0.16101622344878913
0.15760212630418638
0.1497190902253174
0.14419532566805898
0.14529620747522598
0.15220569893491692
0.15941478028015774
0.16046148021308934
0.15434696372465845
0.14668885220950217
0.1437827834535299
0.1478028045545882
0.15571020776518632
0.16086700226490627
0.15847147961941116
0.15080058830765963
0.14460381563944547
0.1447308673439419
0.15108770462418955
0.1586809133337825
0.1608028941333031
0.15543453924521106
0.1475617569077901
0.1437649330703912
0.1469071887469928
0.1546333807671965
0.160564550071057
0.15923531666973795
0.15191341735789138
0.1451377082438257
0.14428914031383908
0.14999633732227707
0.15783745672146998
0.16099238636048854
0.1564736079228403
0.14851691058250915
0.14388415893913262
0.14610364232540013
0.1535224567725662
0.1601150282308865
0.15987869108428673
0.1530391694615608
0.14578944527541948
0.14397722371575858
0.14894931076612436
0.15690070240406917
0.16102608157113515
0.15744509305789753
0.14953970234753305
0.1441388169498494
0.1454040089966726
0.15239699224735662
0.1595275203362334
0.16038881996207324
0.15415873627465485
0.14654966342915324
0.1437994524623097
0.14796319736573682
0.15588839499899104
0.16090328900906722
0.15833075738935803
0.15061411293636165
0.14452537878506524
0.1448184124642564
0.1512763030434651
0.15881376621828064
0.16075544068846695
0.15525262168929538
0.14740724934304703
0.14375828195224857
0.14705323293313105
0.15481930239689498
0.16062652353280968
0.15911363201550746
0.1517228927935364
0.1450384452069672
0.14435519264625496
0.1501791338245499
0.1579878288501356
0.1609711077298773
0.156301294991204
0.14834941633706733
0.14385427926626101
0.1462331602824039
0.1537127917800725
0.160201429187753
0.15977844172065572
0.15284778101210258
0.1456707689170703
0.14402086091691996
0.14912336986769462
0.1570657111889989
0.16103141371220647
0.15728557883921454
0.14936180780985558
0.1440861212246078
0.1455151074141623
0.15258842479135518
0.15963660968874588
0.1603120094207761
0.1539697673864453
0.14641328998391015
0.14382007012367187
0.1481257924173291
0.15606494121099854
0.16093512256646625
0.15818706322407577
0.15042863232708198
0.14445059897246257
0.1449094953923948
0.1514655826053643
0.15894337535745057
0.16070362144904168
0.1550693978519668
0.14725518766813928
0.14375559586512765
0.1472018764556765
0.155004143166123
0.16068420717424473
0.15898853341552455
0.15153283510977092
0.14494262987030238
0.14442497086622574
0.15036312846391753
0.15813542028145283
0.1609453357317459
0.15612712107662155
0.14818395313180735
0.1438283264081737
0.14636562797589378
0.1539026116324554
0.160283789345398
0.15967439707423547
0.15265630982423806
0.14555527854088193
0.14406835839584406
0.14929911212309782
0.15722844639000724
0.16103221670659842
0.1571236710585731
0.14918548794774072
0.1440372596338063
0.14562945662425705
0.15277990258618476
0.15974198557822278
0.16023109352287657
0.15378015322768954
0.14627978991220067
0.14384462822906313
0.14829051782952574
0.1562397525992599
0.16096248408391556
0.15804047743181407
0.15024423345608273
0.14437950648882122
0.14500407888831368
0.1516554527703324
0.15906966732361047
0.16064746697895044
0.15488496331831003
0.14710563795538814
0.14375687587701103
0.14735305504684745
0.15518780718628733
0.16073756702708009
0.1588600920100975
0.15134333576346362
0.14485030153302517
0.14449844678189613
0.15054823546737614
0.15828014888623534
0.16091508564224485
0.15595117921287194
0.14802059450704547
0.14380631070581815
0.14650098928133867
0.15409182029099758
0.16036206063620911
0.15956661719076365
0.15246485046047903
0.14544302225580696
0.144119697129288
0.14947645763739856
0.15738881926146966
0.16102849007758518
0.15695945812299736
0.14901082303789964
0.14399225175549396
0.14574700904149396
0.15297133121358503
0.1598435872397822
0.16014611952274796
0.15358998988002076
0.1461492198415738
0.1438731169955021
0.14845730049297431
0.15641273591832666
0.16098535734639077
0.15789108167582067
0.1500610024170966
0.14431213007506258
0.1451021241907901
0.15184582231466603
0.1591925703677695
0.16058701036043704
0.15469941390748118
0.14695866494767507
0.14376212147897796
0.1475067031038303
0.15537019878283453
0.1607865716314068
0.15872838063823566
0.15115448554115657
0.1447614979751124
0.14457559065386258
0.15073436816777375
0.1584219338689693
0.16088037538102662
0.1557735630114383
0.14785941278084627
0.14378824092603526
0.14663918665915102
0.1542803216125884
0.16043619729927194
0.15945516412832836
0.15227349706181345
0.1453340466916168
0.14417485652981046
0.14965532544740826
0.1575467420326104
0.16102023603754215
0.15679302937478776
0.1488378922717922
0.1439511156021785
0.14586771560656417
0.15316261586324936
0.15994135595280304
0.1600571369554133
0.15339937328752917
0.14602163497711332
0.14390552506654078
0.1486260660895727
0.1565837985391913
0.16100372879134417
0.15773895891406345
0.1498790243888882
0.1442484969223072
0.1452035910230786
0.15203659936984387
0.1593120144757872
0.16052228716533515
0.15451284561643058
0.14681433204290298
0.1437713305852517
0.14766275370479387
0.1555512225519734
0.1608311920630674
0.15859347378093738
0.15096637452041886
0.14467625545190507
0.1446563711988916
0.15092143903691915
0.15856069582782553
0.16084122549544422
0.15559436660183715
0.14770047902881348
0.14377412426070257
0.14678016116666975
0.15446801940181323
0.16050615591927037
0.15934010190685888
0.15208234330288012
0.14522839699103024
0.14423381444802588
0.14983563354881957
0.15770212796881594
0.1610074594859835
0.15662447503026947
0.14866677373008588
0.14391386761891523
0.14599152579498595
0.15335366137932407
0.16003523508923595
0.15996419759478128
0.15320839920615856
0.145897089090452
0.1439418395133947
0.14879673911410718
0.15675284850960136
0.1610175875206955
0.15758419333860527
0.1496983836038513
0.14418863266860776
0.14530843759895323
0.15222769146291826
0.15942793142361691
0.16045333542428508
0.15432535456435267
0.14667270127918264
0.1437844995333991
0.1478211386256629
0.15573078341805863
0.16087140195890648
0.15845544750368756
0.15077909203226372
0.14459460868904822
0.14474075559393293
0.15110935971974082
0.15869635681420352
0.16079765914246827
0.15541368457240817
0.14754386306472336
0.14376396632603797
0.14692385247077808
0.15465481746391194
0.1605718954635655
0.15922149645637762
0.1518914823481754
0.1451261168023035
0.14429654717508034
0.15001729892432947
0.15785489143290024
0.1609901680052182
0.15645388611866298
0.14849754435806187
0.1438805226815921
0.1461183876262914
0.15354437230790738
0.16012517016048408
0.1598673554102278
0.1530171631540381
0.14577563450936423
0.14398204583624657
0.14896924289678443
0.15691979461469224
0.161026925310479
0.15742687031470154
0.1495191633176305
0.14413256139593933
0.14541662062915273
0.15241900555796453
0.15954025483155557
0.16038019559394587
0.15413703693789646
0.14653383332071884
0.1438016230846803
0.1479817883576695
0.1559087866915904
0.16090717753984968
0.15831437939823914
0.15059272662462475
0.1445165908777699
0.1448287094804378
0.15129804106949743
0.1588288403917293
0.16074970206835118
0.15523161191161378
0.1473896334219803
0.14375777116205882
0.14707019886117492
0.1548406196585734
0.1606333773173924
0.15909941556408758
0.15170100680930187
0.145027248272262
0.14436302944535795
0.1502002375727604
0.15800494794624945
0.16096837185362983
0.1562813544211388
0.14833027994195203
0.1438510940954022
0.14624824767374447
0.15373465294552718
0.16021110886277923
0.1597666665215883
0.15282576036277076
0.14565732210791626
0.1440261279657287
0.14914349962667262
0.1570845464378779
0.16103173661812953
0.15726707631969308
0.14934144577975758
0.14408030562743496
0.14552809532824404
0.15261044809858035
0.1596489202174227
0.16030291052225723
0.1539479889371748
0.1463977874443788
0.14382269442455173
0.14814463212570175
0.15608513812778335
0.16093849763177293
0.15817034852375686
0.15040736602689248
0.14444223367048706
0.14492019696899994
0.15148739318404683
0.15895807169463322
0.1606973825860744
0.1550482439498999
0.14723785733587708
0.14375554123219605
0.1472191372643232
0.15502532995453683
0.1606905653171201
0.15897392882037267
0.15151100870326767
0.1449318320397572
0.14443323443943099
0.15038436453919476
0.15815221424978002
0.16094208395659426
0.15610697241011856
0.14816505508619188
0.14382559359349864
0.1463810510746137
0.15392440738858282
0.16029300112098796
0.15966218915263203
0.15263428572969925
0.14554220129715448
0.1440740682645925
0.14931943037607096
0.15724701442194186
0.16103201858739719
0.15710489888176435
0.14916531220529158
0.14403188632485608
0.14564281542192534
0.15280192505143037
0.1597538650485945
0.16022152541180643
0.15375830672260327
0.14626462152692019
0.14384770516332543
0.14830959790747233
0.15625974398566
0.16096534368412851
0.15802343534739768
0.15022309711550452
0.14437156717672098
0.1450151806443334
0.15167732544317553
0.1590839774854312
0.16064073155061454
0.15486367630216083
0.14708860072663696
0.14375727742305885
0.14737060325809426
0.1552088524849631
0.16074342578151982
0.15884510756378567
0.1513215794118413
0.14483990722953
0.14450713378726457
0.15056959394613179
0.15829660836463727
0.16091131989504884
0.15593083318887938
0.1480019431915699
0.14380403133582353
0.14651674154101754
0.15411353958372678
0.16037079913077815
0.1595539835830871
0.15244283377116577
0.14543032001631143
0.14412584752957264
0.14949695512582342
0.15740710993026635
0.16102777105088087
0.15694042651863513
0.14899084274744834
0.14398732288628646
0.14576073315478602
0.15299334195082662
0.1598550287928176
0.16013608778135893
0.15356808636259978
0.14613439203285777
0.14387664533698732
0.14847661245352486
0.15643251108761677
0.16098769978629585
0.15787372168440358
0.15004000588058508
0.1443046199593094
0.14511362157060448
0.15186774654699117
0.15920648621183375
0.16057978233207024
0.1546780048108534
0.1469419281832185
0.14376297904435067
0.14752453108713134
0.15539109160354198
0.16079192754099175
0.1587130248250999
0.1511328096419653
0.14475151144646192
0.14458469757168851
0.15075583902567746
0.15843804965256314
0.16087609789173252
0.15575303043151753
0.14784101643425498
0.14378641590810554
0.1466552613713648
0.15430195337916447
0.16044445739908073
0.15944211209928794
0.1522514985767808
0.1453217247245092
0.14418144499345384
0.14967599279159213
0.15756474530813497
0.16101899653017643
0.15677374867625218
0.14881811647120602
0.14394663314403855
0.14588179929854167
0.1531846039443318
0.15995235296772647
0.16004664742561234
0.1533774237821717
0.14600715400294728
0.143909503408178
0.14864560130809715
0.1566033468794103
0.16100555268162886
0.15772129063777976
0.14985817739362567
0.14424141903089985
0.1452154792971317
0.1520585645553752
0.15932552806280378
0.16051457078669282
0.15449132548980177
0.1467979029478616
0.14377264382893443
0.1476808536789506
0.15557195194129306
0.16083604196470125
0.1585777552705027
0.15094478938723258
0.14466668077019906
0.1446658943321495
0.15094301215277436
0.15857645887585844
0.16083643879512052
0.15557365832332792
0.14768234574568515
0.14377275432102193
0.14679655146240955
0.1544895525768452
0.16051393278278378
0.1593266389435197
0.15206037376471557
0.14521646039294164
0.14424083832734966
0.14985646125110455
0.15771983394404415
0.16100570023363997
0.15660495566754842
0.14864721132787367
0.1439098333627653
0.1460059631607652
0.1533756158393746
0.16004578118899415
0.15995325637323926
0.15318641471241953
0.14588296104326762
0.14394626626734275
0.1488164888308614
0.15677215949051138
0.1610188917791782
0.15756622653763422
0.14967769577620105
0.14418198985071304
0.14532071186447384
0.1522496869284967
0.15944103502369011
0.16044513522587006
0.15430373446873272
0.14665658690135513
0.14378626793304894
0.1478395026608028
0.15575133846402245
0.1608757429855814
0.15843937514400652
0.1507576078904252
0.14458544975013135
0.14475069106875793
0.15113102487948069
0.15871175825686762
0.16079236606108063
0.15539281150164982
0.14752600079329636
0.14376305200952016
0.14694055132194267
0.15467624098551797
0.16057918452559763
0.15920763026213247
0.15186955243802858
0.14511457049751647
0.1443040036432047
0.1500382773723907
0.15787229033095784
0.16098789005176997
0.1564341386113315
0.14847820413060514
0.1438769382377671
0.1461331725941335
0.1535662821508616
0.16013525921704283
0.15985596884328193
0.15299515464097702
0.1457618653148783
0.14398691923405527
0.1489891982195598
0.15693885779477024
0.1610277091630675
0.15740861488024804
0.14949864416970784
0.14412635632156173
0.14542927581092202
0.15244102056838255
0.15955294093035757
0.16037151638311123
0.1541153279385765
0.146518040549003
0.14380384593667644
0.14800040837731548
0.15592915653039005
0.16091100712315984
0.1582979622091533
0.15057135360711266
0.14450785140070999
0.1448390532466428
0.15131978797030254
0.1588438715369092
0.16074390573228056
0.15521058499722884
0.14737204996207187
0.14375731283229498
0.14708719908214032
0.15486192247462077
0.1606401742930319
0.15908515405249993
0.1516791271420346
0.14501609701193677
0.14437091549652836
0.1502213570430207
0.1580220301274348
0.1609655765502152
0.15626138937136413
0.14831117053084258
0.14384796089348578
0.14626337400620854
0.15375650714976766
0.16022073500224351
0.159754841199967
0.1528037387634113
0.14564391752403258
0.1440314460585211
0.1491636515335513
0.1571033514713332
0.16103199959950723
0.1572485422669493
0.14932110470611729
0.14407454078711418
0.14554112617941303
0.15263247186153764
0.15966118152223852
0.16029375737908805
0.15392620209756971
0.14638232300726942
0.14382537084406358
0.14816349990893538
0.15610531195054214
0.16094181350417208
0.15815359569008966
0.1503861141703102
0.14443391719708998
0.14493094480063126
0.1515092114385855
0.15897272403457804
0.16069108641538257
0.15502707417614456
0.1472205603368933
0.1437555390714201
0.14723643151359175
0.15504650102897266
0.16069686620542922
0.1589592801088991
0.15148918982272488
0.14492108040120552
0.14444154688937394
0.1504056152003564
0.1581689702185604
0.160938772960421
0.15608680049569645
0.14814618499567284
0.14382291288217972
0.1463965123697749
0.1539461949126868
0.1603021587285368
0.15964993190600893
0.15261226193560196
0.1455291669129263
0.14407982892326965
0.14933976971828974
0.1572655510657536
0.1610317605414358
0.15708609634285964
0.14914515847972892
0.14402656402939032
0.14565621652488395
0.1528239467226093
0.15976569449423011
0.16021190368478708
0.1537364530981912
0.1462494919910807
0.1438508340843981
0.14832870509119156
0.15627971104526053
0.16096814388092653
0.15800635621208675
0.15020197635618907
0.14436367707107967
0.1450263281402652
0.15169920458396507
0.15909824270334047
0.16063393925606076
0.15484237468234766
0.1470715976856711
0.14375773143212978
0.1473881840400241
0.15522988080423056
0.16074922686900042
0.1588300799673864
0.15129983178624354
0.14482955961553398
0.1445158692735724
0.15059096586282555
0.15831302877661013
0.16090749516792935
0.1559104651563093
0.147983320786079
0.14380180418277216
0.1465325312337519
0.1541352493723198
0.16037948285540587
0.1595413014744732
0.15242081862711657
0.14541766125096225
0.14413204844504027
0.1495174726307458
0.15742536805123103
0.16102699213077873
0.15692136573558335
0.14897088551991422
0.1439824452664809
0.1457744989220852
0.1530153506390849
0.15986641954736236
0.16012600308283337
0.15354617699496337
0.14611960380176517
0.1438802255126462
0.14849595053479958
0.15645226070558005
0.16098998264739225
0.15785632574158273
0.15001902605083753
0.14429715940738685
0.14512516415517526
0.1518896760308817
0.1592203561883499
0.1605724979118854
0.1546565823808526
0.14692522644323683
0.14376388904275275
0.1475423907537506
0.15541196618307898
0.16079722540481406
0.15869762684974792
0.15111114365942432
0.14474157208463767
0.14459385255423693
0.150777322162232
0.15845412532137512
0.16087176169835327
0.15573247708912344
0.14782264993606847
0.14378464319986872
0.14667137273470424
0.15432357436887878
0.16045266215813928
0.1594290124192705
0.1522295028755966
0.1453094468265097
0.14418808367687375
0.1496966790657927
0.15758271488991982
0.16101769719832276
0.15675443999390334
0.14879836476483332
0.14394220215047834
0.14589592397387252
0.15320658871701354
0.15996329843816287
0.16003610562704426
0.15335546969314312
0.14599271331560643
0.14391353341055252
0.14866516164662516
0.1566228684528204
0.1610073168529801
0.15770358752581767
0.14983734821806027
0.14423439104014343
0.145227412220825
0.15208053376815606
0.15933899488240263
0.16050679852311528
0.15446979330162341
0.14678150969597242
0.14377400945479452
0.14769898443185805
0.1555926618321089
0.16084083347568923
0.15856199560659787
0.1509232153513882
0.14465715371240123
0.14467546509354784
0.15096459637710566
0.15859218078007337
0.16083159370104744
0.15555293053442928
0.14766424323265837
0.14377143676293738
0.14681297760896905
0.15451107370237913
0.16052165376631702
0.15931312920435514
0.15203840824216788
0.14520456843914026
0.14424791211041615
0.1498773067835666
0.15773750509423698
0.16100388126120474
0.1565854095265514
0.14862767403611257
0.1439058507656106
0.14602044081999574
0.15339756572773605
0.16005627502664488
0.15994226360027886
0.15316442689833137
0.14586887397299228
0.14395074448780945
0.14883626265152583
0.15679144249897822
0.16102013621399555
0.1575482260321382
0.14965702686821228
0.14417539724969836
0.14533303020464353
0.1522716851896237
0.15945409098095878
0.1604368796814485
0.15428210358419536
0.14664050916715907
0.14378808864317064
0.14785789655315645
0.15577187275934581
0.16088002531094936
0.15842326265970483
0.15073613601620423
0.1445763388718974
0.14476067371483367
0.15115269996710173
0.1587271175467738
0.16078701493050412
0.15537192017778984
0.14750817019670026
0.1437621901256481
0.14695728520542142
0.1546976511857918
0.16058641720046146
0.15919371819170317
0.15184762776788707
0.14510306939232162
0.14431150967844666
0.15005927253781734
0.15788965328810528
0.16098555251802033
0.15641436554111657
0.1484588900144671
0.14387340562657072
0.146147997146406
0.15358818615561048
0.16014529532284782
0.15984453147064814
0.1529731440670236
0.14574813776813791
0.14399184388340153
0.14900917661509058
0.15695789180742434
0.16102843312274434
0.15739032688704235
0.14947814502805545
0.14412020175966603
0.1454419744725658
0.15246303713582696
0.15956557853615314
0.16036278239678198
0.1540936094230668
0.14650228520302314
0.14380612100659237
0.1480190573159129
0.1559495043723854
0.160914777728997
0.1582815059436201
0.1505499940166104
0.14449916040074298
0.14484944370696332
0.1513415436084555
0.15885885954125908
0.1607380517255047
0.1551895410914655
0.14735449906452275
0.1437569069653682
0.1471042334989005
0.1548832106990276
0.16064691440679374
0.1590708475881426
0.15165725393123078
0.1450049914865485
0.1443788507576393
0.15024249210526275
0.15803907526806196
0.16096272184155935
0.15624139998315076
0.14829208821624956
0.14384487967703163
0.14627853919509987
0.15377835424671393
0.1602303075318589
0.15974296584615194
0.15278171635812113
0.14563055523936133
0.14403681516713
0.14918382546729309
0.15712212615384616
0.16103220265427404
0.15722997681503506
0.14930078471162672
0.14406882673421673
0.1455541998959956
0.1526544959367555
0.15967339350971738
0.16028455006203193
0.1539044070138961
0.14636689675945774
0.14382809936810523
0.14818239565638702
0.15612546253708737
0.16094507015766985
0.15813680484668513
0.150364876888793
0.14442564959677734
0.14494173882906308
0.1515310372304949
0.15898733226724998
0.16068473298606156
0.15500588867640944
0.14720329677037325
0.14375558938281108
0.14725375910431587
0.15506765624371843
0.1607031097900404
0.1589445873911144
0.15146737860663764
0.14491037501289492
0.1444499081715708
0.15042688031595736
0.15818568806416372
0.160935402769182
0.15606660547553458
0.14812734297091082
0.1438202842883418
0.14641201177452207
0.15396797405850263
0.16031126209724778
0.15963762542781326
0.15259023858542395
0.1455161754598925
0.14408564034132693
0.14936013002707763
0.15728405618737648
0.16103144257074123
0.1570672635773644
0.14912502689210608
0.1440212927755989
0.14566965985921218
0.15284596745563034
0.15977747382473995
0.16020222841607273
0.1537145925005353
0.14623440138939892
0.1438540149757841
0.1483478392681905
0.15629965363678194
0.1609708846523456
0.15798924015149252
0.1501808713082177
0.1443558362140467
0.1450375213155742
0.15172109005321446
0.1591124628699154
0.1606270901481879
0.1548210586048776
0.1470546289296368
0.14375823790183564
0.14740579729145548
0.15525089199876124
0.160754970244236
0.15881500933343753
0.15127809302410558
0.14481925874696736
0.1445246531939849
0.1506123510846855
0.1583294100006147
0.16090361149084953
0.15589007525815887
0.14796472739935254
0.1437996292583928
0.14654835827054527
0.1541569495104062
0.16038811174284623
0.15952857096137998
0.15239880517112142
0.1454050460291954
0.1441382998427643
0.14953801002789108
0.157443593491844
0.16102615332339648
0.15690227591070788
0.1489509514746727
0.143977618921883
0.14578830626723688
0.1530373571337195
0.15987775941618765
0.1601158655048538
0.1535242619229322
0.14610485523083683
0.14388385750358856
0.14851531462248832
0.15647198463193682
0.16099220591176536
0.15783889397487755
0.14999806305651045
0.1442897484590827
0.14513675188166777
0.15191161062591105
0.15923418019259208
0.16056515715653896
0.15463514676369922
0.14690855982281426
0.1437648514693968
0.14756028200051655
0.15543282237658787
0.16080246518147312
0.15868218682715746
0.15108948772985115
0.14473167994324454
0.14460305555232794
0.1507988174433899
0.158470160756048
0.16086736683483277
0.15571190312798056
0.14780431339315556
0.14378292281065616
0.14668752065805055
0.15434518443533538
0.16046081151280936
0.15941586518766662
0.15220751010029593
0.14529721306478363
0.14419477254476937
0.14971738414417968
0.15760065064708473
0.16101633805218407
0.1567351034658742
0.1487786372703335
0.14393782264491636
0.14591008955418167
0.1532285700361765
0.15997419228011597
0.16002551164075435
0.1533335111659263
0.1459783129954392
0.14391761505238262
0.14868474698906264
0.15664236312023339
0.1610090212915481
0.15768584970751193
0.1498165369893767
0.1442274129874589
0.1452393897290329
0.15210250686688165
0.15935241483263718
0.16049897043496725
0.15444824919824549
0.14676515238023563
0.14377542745564542
0.14771714585838028
0.15561335208012117
0.1608455665585518
0.15854619490655233
0.1509016525480294
0.14464767432978368
0.1446850834315675
0.15098619157464235
0.15860786142338446
0.1608266902511196
0.15553218337950375
0.14764617159466267
0.1437701715933818
0.14682943951312655
0.15453258263207417
0.16052931880989396
0.15929957279160875
0.1520164468764521
0.1451927211945102
0.14425503575955395
0.14989817001886285
0.15775514129024631
0.16100200258295705
0.1565658367465863
0.14860816197071022
0.14390191984848033
0.1460349586920964
0.15341951089888564
0.16006671652149415
0.1599312193602409
0.1531424359089653
0.14585482795776727
0.14395527415112375
0.14885606045825728
0.15681069739699732
0.161021320815375
0.15753019195317502
0.14963637700555343
0.14416885490061404
0.14534539255205606
0.15229368610418037
0.15946709919633736
0.160428568855042
0.15426046205713811
0.1466244681674903
0.14378996165417934
0.147876320195651
0.1557923861603758
0.160884248901485
0.1584071101703747
0.15071467654351672
0.14456727610327913
0.14477070347830887
0.15117438484616483
0.1587424345691969
0.16078160579255124
0.15535101074574037
0.14749037137789825
0.14376138067895572
0.1469740540259106
0.15471904791853042
0.16059359343189444
0.15917976035010453
0.15182570847808188
0.14509161354931166
0.14431906524076848
0.15008028429179912
0.15790698017701915
0.16098315542231198
0.15639456704840846
0.1484396021237685
0.14386992486664066
0.1461628612003368
0.15361008417630098
0.16015527840057472
0.1598330433798928
0.1529511315767646
0.14573445194506307
0.14399681975822745
0.1490291779638212
0.1569768965159267
0.1610290971838232
0.15737200646777258
0.1494576660167821
0.14411409774292808
0.14545471654440809
0.15248505511743046
0.15957816755279747
0.16035399370258202
0.15407188153773144
0.14648656737155125
0.1438084482824459
0.14803773506448054
0.15596983007465967
0.16091848932781933
0.15826501072340454
0.15052864798575344
0.14449051792445608
0.14485988080522308
0.15136330784640462
0.15887380429250242
0.1607321400937175
0.15516848033969796
0.14733698083030386
0.14375655356341308
0.14712130201409132
0.1549044841858124
0.16065359760617767
0.15905649627871887
0.1516353873162755
0.14499393175638925
0.14438683518629156
0.15026364262925584
0.15805608324272508
0.16095980775005272
0.15622138639787972
0.14827303311047343
0.14384185046228423
0.1462937431554717
0.153800194090259
0.16023982637773573
0.1597310405508628
0.1527596932909309
0.14561723532758755
0.14404223526311338
0.14920402130666807
0.15714087035005872
0.16103234578083483
0.15721138009817545
0.14928048591879284
0.1440631634990404
0.14556731640605783
0.1526765201806857
0.15968555608673338
0.16027528864225746
0.15388260383240454
0.14635150878757325
0.1438308799822986
0.14820131925719773
0.15614558974532955
0.1609482675667343
0.15811997611739026
0.15034365431364455
0.14441743091378503
0.1449525789958027
0.15155287042116955
0.15900189628290884
0.16067832234764695
0.15498468759644377
0.14718606673527043
0.14375569216610432
0.14727111993709482
0.15508879545310003
0.16070929602226172
0.1589298507773256
0.15144557519338403
0.14489971593280776
0.14445831824126645
0.15044815975439568
0.15820236766319412
0.16093197340929558
0.15604638749191269
0.14810852912235323
0.1438177078258344
0.1464275492017512
0.15398974467974752
0.16032031115672885
0.15962526981184338
0.15256821582256924
0.14550322700949
0.14409150248794142
0.14938051117957032
0.15730252965291602
0.161031064677811
0.15704840072094692
0.14910491756328706
0.14401607259139806
0.14568314535073046
0.15286798710633354
0.15978920295009316
0.1601924996803161
0.15369272507569343
0.14621934980634343
0.14385724782071058
0.14836700032576375
0.1563195716190532
0.16097356597688617
0.1579720872914518
0.15015978210151207
0.14434804464750073
0.14504876010945958
0.15174298171132378
0.1591266378780377
0.1606201842803299
0.15479972821578855
0.14703769455544582
0.1437587968295122
0.1474234429109749
0.15527188592327434
0.16076065586238497
0.15879989577476328
0.15125636326273897
0.14480900467949423
0.14453348550139625
0.15063374947878816
0.15834575191535658
0.16089966889423207
0.1558696636375155
0.1479461631399537
0.14379750657413864
0.14656422256215454
0.15417863985160646
0.16039668572626437
0.15951579214060796
0.15237679354588907
0.14539247442018743
0.14414460168954424
0.14955856719280153
0.15746178611976755
0.16102525463532205
0.15688315718102686
0.1489310407309056
0.14397284387802434
0.145802155113829
0.15305936129002923
0.15988904831243167
0.1601056751254939
0.15350234129229395
0.14609014640236348
0.14388754129064854
0.14853470460207174
0.156491682726526
0.16099436956196686
0.1578214265120225
0.14997711702609534
0.14428238715391323
0.14514838468698188
0.15193355019154597
0.15924795812014828
0.16055776012311695
0.15461369810563497
0.14689192841679796
0.14376586631921923
0.14757820472402827
0.1554536600392682
0.16080764683001683
0.1586667048725828
0.15106784198943318
0.14472183507562045
0.1446123065165111
0.15082032473495785
0.1584861558374794
0.1608629133355713
0.15569130869189352
0.14778600691216545
0.1437812547495236
0.14670370505004032
0.15436678343213805
0.16046890539987038
0.1594026705042007
0.15218552039282526
0.14528502350623584
0.14420151156156621
0.1497381079007443
0.1576185524489421
0.16101491910243296
0.15671573923043983
0.14875893410516858
0.14393349465049712
0.14592429596083836
0.15325054775665026
0.15998503440996487
0.16001486554817174
0.15331154834596306
0.14596395312254265
0.1439217483121115
0.14870435721911077
0.1566618307425908
0.1610106659839517
0.15766807731240234
0.1497957438345899
0.1442204849099959
0.14525141175636627
0.15212448371014875
0.15936578781188515
0.160491086583038
0.15442669332603004
0.14674883109341233
0.14377689782402506
0.14773533785315598
0.15563402254109854
0.16085024117626257
0.15853035328796194
0.15088010111216354
0.14463824267335096
0.14469474929442042
0.15100779760997535
0.15862350068897207
0.1608217284836848
0.15551141700298365
0.14762813093640467
0.14376895881901272
0.1468459370814189
0.15455407921959993
0.1605369278539627
0.1592859698078482
0.1519944898086865
0.14518091872367356
0.14426220923681896
0.14991905082947823
0.15777274240312825
0.16100006421364454
0.15654623746709168
0.14858867524737182
0.14389804063212913
0.14604951669623256
0.15344145120725758
0.1600771055932317
0.1599201237378417
0.15312044188934223
0.14584082307548035
0.14395985523334004
0.1488758821330131
0.15682992404670573
0.1610224455740142
0.1575121244319963
0.14961574631371732
0.14416236283823836
0.14535779883904348
0.15231568952995783
0.15948005957107442
0.16042020281109032
0.15423881003396034
0.14660846399300279
0.14379188695621503
0.14789477348099245
0.1558128785235392
0.16088841372411994
0.15839091779586395
0.1506932296061353
0.1445582614929408
0.14478078030506464
0.15119607938009982
0.15875770920968904
0.16077613868948354
0.15533008335047238
0.14747260443962681
0.14376062367370163
0.14699085768786835
0.15474043103755203
0.16060071316406474
0.15916575684266582
0.15180379470883945
0.14508020303081598
0.14432667028986104
0.15010131250536027
0.15792427087059233
0.1609806987834548
0.15637474327371687
0.14842034057242304
0.14386649597633988
0.14617776467290317
0.15363197606704723
0.16016520837329126
0.15982150465894895
0.15292911731472678
0.14572080792131772
0.14400184683220127
0.14904920214600212
0.15699587178370283
0.16102970134108854
0.1573536537553086
0.14943720725981466
0.1441080443037508
0.1454675019565133
0.15250707437024474
0.15959070788448973
0.16034515036854627
0.15405014442892553
0.14647088714311413
0.14381082775197992
0.1480564415138208
0.1559901334943878
0.1609221418905456
0.15824847667051586
0.15050731564702655
0.14448192401816673
0.14487036448498006
0.1513850805464756
0.1588887056786513
0.16072617088305716
0.1551474028873478
0.14731949536015523
0.14375625262828895
0.14713840453011465
0.15492574278902638
0.1606602238391202
0.15904210023223583
0.1516135274364406
0.14498291788148593
0.14439486873981572
0.15028480848461084
0.15807305392624624
0.1609568342985504
0.15620134875703937
0.14825400532560246
0.1438388732652129
0.14630898580212973
0.15382202653427354
0.1602492914663847
0.15971906540517686
0.15273766970580174
0.1456039578621379
0.14404770631775612
0.1492242389302582
0.15715958392477822
0.1610324289780657
0.1571927522507653
0.14926020844993462
0.14405755111160914
0.1455804756374081
0.1526985444497081
0.15969766916051403
0.16026597319133673
0.153860792699326
0.14633615917799686
0.14383371267199066
0.1482202706002964
0.1561656934332822
0.16095140570629693
0.1581031096262845
0.1503224465760106
0.14440926119207764
0.1449634652420927
0.15157471087188878
0.1590164159721133
0.1606718545501133
0.1549634710820328
0.14716887033030357
0.14375584742075956
0.1472885139122971
0.1551099185114866
0.16071542485384294
0.1589150703781326
0.15142377972122073
0.14488910321865964
0.14446677705343636
0.15046945338391732
0.15821900889249488
0.16092848490764186
0.15602614668720638
0.14808974356023083
0.1438151835082318
0.14644312456411354
0.1540115066301264
0.1603293058369955
0.159612865152246
0.1525461937903633
0.14549032163289527
0.14409741533201778
0.149400913052721
0.15732097132865464
0.1610306268656137
0.1570295079094336
0.14908483061394243
0.1440109035044297
0.14569667292500388
0.15289000553049617
0.1598008817806215
0.1601827175525656
0.1536708509696938
0.14620433732613167
0.1438605326021303
0.14838618815099844
0.15633946485101766
0.1609761878335145
0.15795489775802254
0.1501387088658294
0.14434030241304824
0.14506004446085735
0.15176487941858602
0.15914076762089852
0.16061322170625414
0.15477838366114352
0.1470207946597717
0.14375940821221977
0.14744112079694205
0.15529286243254337
0.1607662836790525
0.15878473940447013
0.1512346426393261
0.14479879746851043
0.14454236614843252
0.15065516091206502
0.15836205439979162
0.16089566740895836
0.15584923043755083
0.1479276281162245
0.14379543614118726
0.14658012401909454
0.15420032024953867
0.16040520473923994
0.15950296510929624
0.1523547838940407
0.14537994649285252
0.1441509539519077
0.14957914400084252
0.15747994580285235
0.16102429607361374
0.15686400968370487
0.14891115340759586
0.1439681201601616
0.14581604538519602
0.15308136296325905
0.1599002861496038
0.16009543202321508
0.15348041524879694
0.14607547739838217
0.1438912768543861
0.14855412035882787
0.15651135484931247
0.16099647358101632
0.15780392348096176
0.1499561880879129
0.14427507553112176
0.1451600625077561
0.15195549458715413
0.15926168986692593
0.16055030686913296
0.15459223655291604
0.1468753323197936
0.14376693358688103
0.14759615882066163
0.15547447902638467
0.16081277030994412
0.15865118110154947
0.15104620657422127
0.14471203753483375
0.14462160539706886
0.1508418439026043
0.15850211044682827
0.16085840123542422
0.15567069392474017
0.14776773059952222
0.14377963902525095
0.1467199258190711
0.15438837121289856
0.16047694375652286
0.15938942846892593
0.15216353389503515
0.14527287821750712
0.14420830069141885
0.14975885020930674
0.157636420165004
0.1610134403602112
0.1566963474260102
0.14873925538659663
0.14392921819008966
0.1459385431149606
0.1532725217332197
0.1599958247444683
0.1600041674311052
0.1532895813786463
0.14594963377675774
0.14392593316790844
0.1487239922202724
0.156681271180971
0.16101225091727864
0.15765027047022678
0.14977496888053793
0.14421360684463005
0.14526347823717575
0.15214646415646252
0.159379113718853
0.16048314702853772
0.15440512583134308
0.14673254592801893
0.1437784205521957
0.14775356031060377
0.15565467307088504
0.16085485729224977
0.15851447086868306
0.15085856117865437
0.14462885879383688
0.14470446263005193
0.15102941434756337
0.15863909846028793
0.16081670843754184
0.15549063154936352
0.14761012136236207
0.14376779844621154
0.14686247022014612
0.15457556331864308
0.1605444808393982
0.1592723203559604
0.15197253717988574
0.14516916109098693
0.1442694325039963
0.14993994908773137
0.15779030830414892
0.16099806616848256
0.15652661182763028
0.1485692139815947
0.14389421313703615
0.1460641147513202
0.15346338650724994
0.16008744216193468
0.15990897681816912
0.15309844498442554
0.14582685940376142
0.143964487710239
0.14889572755755612
0.15684912231038747
0.1610235104810804
0.15749402360004072
0.14959513491801457
0.14415592109707503
0.14537024899767867
0.1523376953246628
0.15949297200675613
0.16041178161444758
0.1542171476610558
0.14659249673410318
0.1437938645391417
0.14791325630166935
0.1558333497053477
0.16089251974624338
0.15837468565627016
0.15067179533768263
0.1445492950892748
0.14479090414071588
0.1512177834322101
0.15877294135408304
0.16077061366400894
0.15530913813700886
0.14745486948439046
0.14375991911386793
0.14700769609551775
0.15476180039670062
0.16060777634157236
0.15915170777502566
0.15178188660027522
0.1450688378988971
0.14433432478514419
0.15012235704936297
0.1579415252419372
0.16097818262072391
0.15635489435766503
0.14840110547413257
0.14386311897375517
0.1461927074808337
0.15365386168193448
0.1601750851644592
0.15980991539611306
0.15290710142537178
0.14570720577230675
0.14400692507871718
0.14906924904169228
0.15701481747433466
0.16103024558979487
0.1573352688826973
0.14941676888089375
0.14410204147426217
0.1454803306386869
0.15252909475124315
0.15960319943577456
0.1603362524631177
0.1540283982429905
0.14645524460598988
0.14381325940266115
0.1480751765545206
0.15601041448883834
0.16092573538855467
0.15823190390720338
0.15048599713275979
0.14447337872792013
0.14488089468952578
0.15140686157087227
0.15890356358800703
0.16072014414010377
0.1551263088798796
0.14730204275458292
0.14375600416157813
0.14715554094913802
0.15494698636275406
0.16066679305399395
0.15902765955700085
0.15159167443088134
0.14497194992159812
0.14440295137527098
0.15030598954077995
0.15808998719367592
0.1609538015103705
0.15618128720222235
0.1482350049735106
0.14383594810151054
0.14632426704963106
0.15384385143260576
0.16025870272471618
0.15970704050052664
0.15271564574662289
0.1455907229161791
0.14405322830206857
0.14924447821645634
0.15717826674297705
0.1610324522453126
0.15717409340736707
0.14923995242718158
0.14405198960167206
0.14559367751759608
0.15272056860012992
0.15970973263863986
0.16025660378124365
0.1538389737608705
0.14632084801686018
0.1438365974222522
0.14823924957439827
0.15618577345906093
0.16095448455175146
0.1580862054976782
0.15030125380687834
0.14440114047534783
0.14497439750890934
0.15159655844381492
0.15903089122571984
0.16066532964387262
0.15494223927899678
0.14715170765395608
0.14375605514595954
0.14730594093005803
0.15513102527328837
0.16072149623697424
0.15890024630442703
0.15140199232828286
0.14487853692789862
0.14447528456278416
0.150490761072613
0.1582356116291463
0.16092493729156154
0.15600588320388675