0.0771186440677966
0.0771186440677966
-0.18235770671782525
0.15971820116406488
-0.027256901947085438
-0.12207084245816069
0.19059498106121542
-0.12466637952448523
-0.024002466439280543
0.15783152715100496
-0.18333206396751184
0.0801752654266717
0.07404248696828859
-0.18132469205149826
0.16155415962787717
-0.030506076408156835
-0.11943737473395688
0.190531080238093
-0.12722293088438597
-0.02074345810317403
0.15589467011964137
-0.184247251194796
0.08321121194917447
0.07094791105438729
-0.1802335377522894
0.16333888391152535
-0.03374927965331445
-0.11676706353835853
0.1904033287172276
-0.1297394766725628
-0.017480544717057983
0.15390817957671624
-0.18510276415374696
0.086225325108957
0.0678360086351421
-0.179084763908544
0.16507186627666554
-0.0369857782500104
-0.11406102474076273
0.19021182616029492
-0.13221503472238033
-0.014214375396308002
0.15187262512095268
-0.18589811037198478
0.08921642990303258
0.06470784531975182
-0.17787889042511915
0.16675260697050628
-0.040214814319513625
-0.11132039915795557
0.18995672060809782
-0.13464866245258383
-0.010945582693454012
0.14978859956994278
-0.18663281272433596
0.09218333795291278
0.06156445836065285
-0.17661643499234908
0.16838061146014788
-0.04343560442849001
-0.10854634866346168
0.18963820679507531
-0.13703945805767004
-0.007674785053629396
0.14765672205996172
-0.18730641310134982
0.09512485070159526
0.058406855460635385
-0.175297911572397
0.16995538786031406
-0.046647338522375514
-0.10574005225149731
0.18925652398996007
-0.13938656097160457
-0.004402589626083059
0.14547764106754962
-0.18791847611470203
0.0980397626766038
0.05523601405358294
-0.1739238294462601
0.17147644461723224
-0.04984917889697807
-0.10290270214068722
0.18881195342656085
-0.14168915161358145
-0.0011295953969349126
0.1432520372851694
-0.1884685927869823
0.10092686481140528
0.05205288103766462
-0.1724946928432163
0.17294328851905902
-0.053040259235317855
-0.10003549997327348
0.18830481539272886
-0.14394645046073218
0.0021436034257694414
0.14098062626657593
-0.18895638417595645
0.10378494783585951
0.04885837291159078
-0.17101100115076598
0.17435542310563487
-0.05621968376396125
-0.09713965313594897
0.18773546604489555
-0.14615771652221465
0.0054164138714792864
0.13866416074414611
-0.18938150488264577
0.10661280575711857
0.045653376243171485
-0.16947324967966101
0.17571234754611617
-0.05938652660273139
-0.09421637120322751
0.18710429401155754
-0.14832224530923527
0.008688240625335575
0.13630343251359328
-0.18974364638891295
0.10940923945309194
0.04243874838818508
-0.16788193093800885
0.17701355604186952
-0.06253983139062674
-0.09126686248711252
0.1864117168436154
-0.15043936640507033
0.011958482524132508
0.13389927378380284
-0.19004254016491684
0.11217306039043584
0.03921531837823347
-0.16623753635289118
0.1782585377947089
-0.06567861126768956
-0.08829233067000215
0.18565817736449586
-0.1525084407384279
0.01522652924020576
0.13145255790236027
-0.19027796048156997
0.11490309445905572
0.03598388790875666
-0.16454055836889375
0.17944677755880617
-0.06880184927792032
-0.08529397150175999
0.18484413997013505
-0.15452885765430902
0.018491758242336565
0.12896419939058365
-0.19044972685996867
0.11759818588808721
0.032745232380756356
-0.16279149285083583
0.1805777567707722
-0.07190849923442938
-0.0822729695553199
0.1839700869291819
-0.15650003186175734
0.021753532092500638
0.12643515325381682
-0.1905577060904428
0.12025720117826683
0.02950010197855936
-0.16099084172219713
0.18165095522911345
-0.07499748705851944
-0.079230495055151
0.18303651473735755
-0.15842140032089846
0.02501119610218927
0.1238664135702762
-0.1906018137596077
0.12287903295719452
0.02624922279657163
-0.1591391157795971
0.182665853273959
-0.07806771257379141
-0.07616770081531565
0.18204393058604473
-0.1602924191158251
0.028264076337136623
0.12125901140071785
-0.190582015234984
0.12546260364179565
0.0229932980555594
-0.15723683763482416
0.18362193440253954
-0.08111805170919789
-0.07308571934429489
0.18099284901243498
-0.16211256034796936
0.03151147792952805
0.11861401209707803
-0.19049832607287484
0.12800686878006665
0.019733009469039414
-0.1552845447465849
0.18451868824645165
-0.08414735904516316
-0.06998566018806299
0.1798837888049447
-0.16388130907842458
0.034752683636297965
0.11593251211671504
-0.19035081183487
0.13051081994430005
0.016469018829479307
-0.15328279251173604
0.18535561383336419
-0.08715447062705356
-0.06686860758799297
0.17871727024108086
-0.16559816034783204
0.03798695257364723
0.11321563546659597
-0.19013958731958758
0.13297348706100998
0.013201969880429654
-0.15123215738821483
0.18613222305768368
-0.09013820697136571
-0.0637356185244842
0.17749381273369785
-0.1672626163082827
0.04121351906230361
0.11046452990682937
-0.1898648152368021
0.13539394008749495
0.009932490524574594
-0.1491332400181148
0.18684804429020896
-0.09309737620109809
-0.06058772120096313
0.17621393295448795
-0.1688741835114706
0.04443159153425985
0.10768036303522521
-0.18952670436878127
0.13777128997850513
0.006661195391045288
-0.14698666830946738
0.1875026260639706
-0.0960307772653255
-0.057425913998136346
0.17487814349032765
-0.17043237040862969
0.047640351476931075
0.10486431835577935
-0.18912550727683036
0.14010468892482625
0.0033886887518399522
-0.14479310042066
0.18809554078022514
-0.09893720322017627
-0.05425116489857096
0.1734869520694771
-0.17193668512781837
0.05083895242069794
0.10201759140743902
-0.18866151761885427
0.14239332988418954
0.00011556774157645
-0.14255322757449213
0.18862638838324808
-0.10181544456981595
-0.051064411351200704
0.172040861372193
-0.17338663360033385
0.05402651900586572
0.09914138599949698
-0.18813506714623915
0.14463644545943097
-0.0031575741978738525
-0.14026777661284606
0.18909479995414008
-0.10466429268238053
-0.04786656051884296
0.17054036941639267
-0.17478171810847148
0.05720214619035657
0.09623691057127791
-0.1875465224464773
0.14683330620565788
-0.006430143751329692
-0.13793751219126574
0.18950044117212564
-0.10748254330364712
-0.04465848983327651
0.1689859704861521
-0.17612143632044402
0.06036489867603734
0.09330537467070728
-0.18689628149327459
0.14898321846506923
-0.009701544160016201
-0.1355632385085138
0.18984301558748404
-0.11026900018855448
-0.04144104777479583
0.16737815655158889
-0.17740528086507917
0.06351381063685368
0.09034798553225556
-0.18618477006037296
0.15108552183431054
-0.01297117176473081
-0.13314580047167346
0.19012226764475793
-0.11302247885729966
-0.038215054797577516
0.16571741911502835
-0.1786327394800113
0.06664788582513959
0.08736594473129725
-0.1854124380508381
0.15313958636564282
-0.01623841276729182
-0.13068608421349662
0.19033798539007654
-0.11574181046021112
-0.034981304338044694
0.16400425141146321
-0.17980329574441598
0.06976609811463208
0.08436044489908091
-0.1845797557916231
0.15514480959195964
-0.01950264029078455
-0.12818501690490047
0.19049000279429718
-0.11842584570716885
-0.03174056386820666
0.16223915089128405
-0.18091643038339134
0.07286739251264346
0.08133266649833673
-0.18368721034453553
0.15710061344984652
-0.02276321178684529
-0.1256435658395765
0.19057820162580744
-0.12107345878727974
-0.028493575985823208
0.16042262191912288
-0.1819716231084752
0.07595068664350557
0.07828377468073117
-0.1827353018892286
0.15900644115791407
-0.026019466802645608
-0.12306273680613306
0.1906025128142625
-0.12368355117757679
-0.025241059563439278
0.1585551786325009
-0.182968354939828
0.07901487267539042
0.07521491626965558
-0.18172454024050538
0.160861754092738
-0.029270725086419147
-0.12044357180170255
0.1905629172593355
-0.12625505522004926
-0.021983711004028184
0.15663734791525913
-0.1839061109419714
0.08205881963735934
0.07212721693077605
-0.18065544156942803
0.16266602869446983
-0.03251628498312045
-0.11778714617495518
0.19045944605597415
-0.12878693733774815
-0.018722205667934005
0.15466967245073698
-0.18478438329744584
0.08508137605656713
0.06902177860450003
-0.17952852540342468
0.16441875342995615
-0.03575542205483123
-0.11509456531191185
0.19029218012804688
-0.13127820076482838
-0.015457199541102765
0.15265271382584528
-0.18560267464111807
0.0880813728390743
0.06589967727636208
-0.17834431198276457
0.16611942584324474
-0.03898738785604183
-0.11236696099186043
0.19006124928353774
-0.13372788768227173
-0.012189331206998458
0.15058705565776226
-0.18636050158106526
0.09105762632210163
0.06276196115224536
-0.17710332004779716
0.16776754973064179
-0.04221140880219382
-0.10960548754170311
0.189766830724306
-0.136135080678836
-0.008919224164923967
0.148473306709254
-0.18705739833820276
0.09400894143929114
0.059609649286201424
-0.1758060651223467
0.16936263248801842
-0.04542668508923159
-0.10681131790565915
0.18940914705985676
-0.13849890349227154
-0.005647489508239345
0.14631210394706073
-0.18769292044408725
0.09693411496068632
0.05644373068185201
-0.1744530583436324
0.17090418268927332
-0.04863238964911548
-0.10398563972563593
0.18898846388612786
-0.1408185210247592
-0.0023747289412768824
0.14410411548213886
-0.1882666484425941
0.0998319387915485
0.05326516385786283
-0.17304480586906956
0.17239170796395292
-0.05182766715679982
-0.10112965149948008
0.18850508699641863
-0.14309313866429954
0.0008984619214953138
0.14185004331354018
-0.18877819154496317
0.10270120333440363
0.050074876838244804
-0.17158180886714425
0.17382471324663634
-0.05501163313326027
-0.09824455885421057
0.18795935929258245
-0.1453220009762432
0.004171490061274596
0.13955062578266308
-0.189227191188225
0.105540700932727
0.04687376750380654
-0.17006456407567852
0.1752026994690659
-0.05818337321210501
-0.09533157094397154
0.18735165746166926
-0.14750438985308
0.007443761474734745
0.13720663963493762
-0.18961332444436452
0.10834922941939229
0.04366270422569066
-0.16849356488881997
0.17652516275744598
-0.06134194265059009
-0.0923918969618511
0.18668238847804622
-0.14963962222419644
0.010714677626652735
0.13481890158460683
-0.18993630722270613
0.11112559578696093
0.04044252669798096
-0.16686930291640606
0.17779159418220702
-0.0644863661673806
-0.08942674274381712
0.18595198598564927
-0.15172704743033888
0.013983632050425493
0.13238826928702344
-0.19019589720250415
0.11386861998041256
0.03721404689448485
-0.16519226994771713
0.1790014800872209
-0.0676156381789785
-0.08643730744295026
0.18516090661119416
-0.153766044361266
0.017250007194865247
0.1299156416422807
-0.19039189642854754
0.11657713878815879
0.03397805009375916
-0.16346296024691032
0.1801543030021131
-0.07072872348598397
-0.08342478026227669
0.18430962625820257
-0.15575601844204773
0.020513171588439377
0.12740195838293134
-0.19052415350162294
0.1192500097777458
0.030735295943284488
-0.161681873109373
0.18124954311750818
-0.07382455843248803
-0.0803903372524058
0.1833986364340554
-0.15769639853691364
0.02377247735829452
0.12484819893438955
-0.19059256529939456
0.12188611519306697
0.02748651956417704
-0.1598495156155677
0.1822866802813407
-0.07690205253116639
-0.07733513820217208
0.18242844066758884
-0.15958663382290716
0.027027258105823238
0.12225538057557954
-0.19059707817238425
0.12448436570483323
0.024232432727149866
-0.15796640552953606
0.18326519645691214
-0.07996009051765351
-0.07426032367219874
0.18139955108179356
-0.16142619067191366
0.030276827108270205
0.11962455596498477
-0.19053768857409648
0.12704370388967612
0.02097372515381224
-0.15603307430039817
0.18418457857158757
-0.08299753477478447
-0.07116701223836246
0.18031248519312865
-0.16321454957113357
0.033520475791472076
0.11695681012900387
-0.1904144431028662
0.12956310730850334
0.017711066010980048
-0.15405007013423305
0.18504432167939344
-0.08601322805345529
-0.06805629802102783
0.17916776301378298
-0.16495120210982891
0.03675747240557392
0.1142532570316461
-0.1902274379539228
0.13204159106289445
0.014445105667009336
-0.15201796110832405
0.18584393236079677
-0.08900599641378515
-0.0649292485744074
0.17796590453394354
-0.1666356480639913
0.03998706083507936
0.11151503585458533
-0.18997681780123066
0.13447820972883867
0.01117647776767175
-0.14993733829840278
0.18658293228728778
-0.0919746523177768
-0.06178690319802102
0.17670742765633757
-0.16826739261912627
0.04320845948656138
0.10874330711361894
-0.18966277414766292
0.13687205859773294
0.007905801666078432
-0.14780881888187228
0.1872608618851793
-0.09491799782078061
-0.05863027171037332
0.17539284664440288
-0.16984594378238396
0.0464208602195601
0.10593924872270842
-0.18928554319710034
0.13922227419157457
0.004633685209774224
-0.1456330491669338
0.1878772840401778
-0.0978348278303687
-0.05546033369658709
0.17402267112871753
-0.1713708100461052
0.049623427314948954
0.10310405209270264
-0.18884540331194116
0.1415280340583387
0.001360727852696142
-0.14341070748113094
0.18843178778992176
-0.10072393342345881
-0.05227803821096578
0.1725974056950988
-0.17284149837279228
0.052815296505673265
0.10023891832261374
-0.18834267212396288
0.1437885558900706
-0.0019124759746890485
-0.1411425068360619
0.18892399195450787
-0.10358410523126238
-0.04908430388690914
0.171117550054124
-0.1742575125743282
0.05599557412239739
0.09734505451157516
-0.18777770336609872
0.14600309603631895
-0.005185333332172776
-0.13882919727127174
0.18935354865449927
-0.10641413691301532
-0.04588001938463171
0.16958359976825496
-0.17561835215451746
0.059163336426879404
0.09442367019394626
-0.18715088348886022
0.14817094750638826
-0.008457249186986593
-0.13647156777295558
0.18972014666244194
-0.10921282874092528
-0.04266604409510007
0.16799604749186647
-0.17692351167334242
0.06231762921566447
0.09147597388221404
-0.18646262811970396
0.1502914375641525
-0.01172762290047849
-0.13407044766471093
0.1900235145286437
-0.11197899130934608
-0.03944320901842539
0.16635538466351585
-0.17817248067440467
0.06545746777444991
0.0885031696947523
-0.18571337841857044
0.15236392501912943
-0.01499584489550096
-0.13162670737964882
0.19026342341667674
-0.11471144936186123
-0.036212317746633735
0.16466210358025501
-0.17936474419551945
0.06858183724959782
0.0855064540487463
-0.18490359737977646
0.15438779730884217
-0.01826129359543091
-0.12914125854572223
0.1904396895806864
-0.1174090457032918
-0.03297414750253812
0.1629166997812092
-0.18049978385865256
0.07168969347989673
0.08248701241145526
-0.18403376613049413
0.15636246745301494
-0.021523332696001873
-0.12661505334754697
0.19055217641695188
-0.12007064513367
-0.029729450214884157
0.1611196746714396
-0.18157707951198174
0.07477996430245201
0.07944601612258594
-0.18310438027939546
0.15828737094320267
-0.024781308796210988
-0.12404908316525465
0.1906007960274962
-0.12269513831253276
-0.02647895364060432
0.15927153832571705
-0.1825961113762663
0.07785155131588656
0.07638461932295106
-0.18211594637505224
0.16016196261542864
-0.028034549379481688
-0.12144437652994294
0.19058551024434794
-0.12528144543911768
-0.023223362572968934
0.15737281242289913
-0.18355636263190755
0.08090333205649908
0.0733039560452939
-0.18106897854090687
0.16198571354114005
-0.031282361105998024
-0.11880199647153736
0.19050633107886947
-0.1278285196210248
-0.019963360195126706
0.1554240332723999
-0.18445732237319679
0.08393416252258973
0.07020513753802629
-0.17996399536014748
0.16375810796517068
-0.034524028355891884
-0.116123037364002
0.19036332058005295
-0.13033534980310352
-0.016699609648497427
0.15342575490212762
-0.1852984888524602
0.08694287997157457
0.067089249898448
-0.1788015170875609
0.16547864031911605
-0.03775881195358749
-0.11340862139139735
0.19015659010689245
-0.13280096314045609
-0.013432755882819863
0.15137855218013274
-0.1860793729383432
0.08992830591482914
0.06395735208709873
-0.17758206326457382
0.16714681234400297
-0.04098594800710831
-0.11065989476425367
0.18988629904060142
-0.13522442672342458
-0.01016342783935234
0.14928302393888454
-0.18679950171779786
0.09288924924566294
0.060810474379352476
-0.17630615080703013
0.16876213036571922
-0.044204646811596915
-0.10787802380888263
0.1895526529803812
-0.1376048485954433
-0.006892240992736137
0.14713979606161892
-0.18745842217845238
0.09582450945396054
0.05764961728610108
-0.17497429262245415
0.17032410277794544
-0.04741409179099593
-0.10506419103415207
0.18915590147998154
-0.13994137804280402
-0.0036198002438534715
0.14494952447582515
-0.1880557049149052
0.0987328799031012
0.05447575094577218
-0.17358699679525216
0.17183223779754261
-0.050613438481682704
-0.10221959125411621
0.18869633539048886
-0.1422332051741032
-0.0003467031203851223
0.14271289798208178
-0.18859094780735378
0.10161315116636335
0.05128981495936747
-0.1721447663560879
0.173286041563912
-0.05380181359206207
-0.09934542781498962
0.18817428387763252
-0.1444795598420745
0.0029264567912767325
0.14043064083024795
-0.18906377962277457
0.10446411443685558
0.04809271861324627
-0.17064809962774244
0.17468501665472738
-0.056978314197900615
-0.09644290894600666
0.1875901111802718
-0.14667970998797442
0.006199086284789268
0.13810351494291245
-0.18947386348734746
0.10728456503352984
0.044885341415190884
-0.16909749111677183
0.17602866108453666
-0.06014200715047874
-0.09351324423013
0.18694421317219104
-0.14883295950633021
0.009470588959940462
0.13573232168117613
-0.18982090017463835
0.11007330602394674
0.04166853386081097
-0.167493432900705
0.1773164678399895
-0.06329192878076048
-0.09055764117575302
0.18623701378380644
-0.15093864573482688
0.012740361754141505
0.1333179030525945
-0.19010463114856568
0.11282915197178572
0.03844311835091932
-0.1658364164464292
0.17854792498689037
-0.06642708497681443
-0.0875773018663199
0.18546896133578328
-0.15299613667115358
0.01600779168548122
0.13086114227649726
-0.190324841295268
0.11555093279513823
0.03520989019561045
-0.16412693478803125
0.17972251636180175
-0.06954645169458726
-0.08457341967123957
0.1846405248344082
-0.1550048280078237
0.019272252889880714
0.1283629636474459
-0.1904813612755962
0.11823749769345906
0.031969618665057375
-0.16236548499186346
0.18083972283697405
-0.07264897593651146
-0.08154717601678105
0.18375219027964182
-0.15696414006036355
0.022533104003038568
0.12582433167119794
-0.19057406943176397
0.12088771907097207
0.028723048076689586
-0.1605525708421045
0.18189902412459835
-0.07573357720225427
-0.07849973723657305
0.1828044570410654
-0.15887351464726024
0.025789685902338627
0.12324624948582583
-0.19060289318871534
0.1235004963569902
0.025470898938766265
-0.15868870568973092
0.1828999010670837
-0.07879914938571575
-0.0754322515436834
0.18179783436350044
-0.1607324119649307
0.02904131978979313
0.12062975661929709
-0.1905678099032268
0.1260747596035186
0.022213869196503658
-0.1567744154190922
0.1838418383460239
-0.08184456306668236
-0.07234584618556206
0.1807328380713113
-0.16254030749031106
0.03228730556922682
0.11797592616929956
-0.19046884713088189
0.12860947273107173
0.018952635644618243
-0.15481024149645048
0.1847243275345388
-0.08486866812791963
-0.06924162485548035
0.17960998754627114
-0.16429668893899138
0.03552692045312822
0.11528586151725048
-0.19030608230130766
0.1311036362968592
0.01568785557630685
-0.15279674407135652
0.1855468704156678
-0.08787029662126339
-0.0661206654366893
0.17842980305636347
-0.16600105330844206
0.038759417729182316
0.11256069270323646
-0.19007964181335055
0.13355628967549307
0.012420168732025977
-0.15073450510276232
0.18630898249238687
-0.0908482658098872
-0.06298401814721509
0.1771928035103172
-0.1676529040428421
0.041984025623891696
0.10980157259056099
-0.18978969958189595
0.13596651256950448
0.009150199592526831
-0.1486241314764771
0.18701019662092414
-0.09380138132710122
-0.059832704134684354
0.1758995047041059
-0.16925174836641746
0.04519994621937137
0.10700967293799503
-0.1894364750847658
0.13833342580204366
0.00587856003193199
-0.14646625806938313
0.1876500667062983
-0.09672844041183715
-0.05666771454423319
0.17455041811102165
-0.1707970948434341
0.048406354406173246
0.10418618047683896
-0.18902023097005938
0.14065619138294677
0.002605852312187712
-0.14426155070039015
0.1882281714054061
-0.09962823520337694
-0.05349001005216983
0.17314605024722257
-0.17228845123233288
0.05160239688548329
0.10133229306210832
-0.18854127029080858
0.14293401187736687
-0.0006673276351603918
-0.14201070889108858
0.18874411778698907
-0.10249955609844774
-0.05030052082812494
0.1716869026216372
-0.1737253227064763
0.054787191263371615
0.0984492159370377
-0.18799993343514576
0.1451661291391141
-0.003940386725156286
-0.13971446834375667
0.1891975448985626
-0.10534119518837937
-0.047100146863475585
0.17017347225519372
-0.17510721051282754
0.05795982530329269
0.09553815812239116
-0.18739659481747226
0.14735182249545856
-0.0072127311414553474
-0.13737360303422957
0.18958812718794216
-0.10815194979946113
-0.043889758587711436