-0.3939393939393939
-0.39393939393939387
-0.3152329473204465
-0.4383904545387815
-0.3365412863205125
-0.32384568392273305
-0.44282245691301514
-0.31550000117302374
-0.36699888729700725
-0.41883167519731285
-0.3168221834955991
-0.4279801535254173
-0.3551580798287265
-0.31738585460380764
-0.44376030576697645
-0.31982307429629103
-0.3460597098532694
-0.4337469700513093
-0.31621906134982036
-0.4085168311201911
-0.37873529717015214
-0.3148265869764993
-0.44125732276499896
-0.3287724118223536
-0.32970570686258927
-0.44094266352382494
-0.314812890248539
-0.3807436010284469
-0.4066639441874897
-0.3160883290382288
-0.4345075606945041
-0.34468472461477817
-0.3202893478743324
-0.443691314011856
-0.31706791926850675
-0.3566905089371617
-0.4268914458804964
-0.3168717855784587
-0.4202624862162495
-0.3652694481603901
-0.3156962154473365
-0.44300964385190367
-0.3231977710366885
-0.33776892458515284
-0.43787097652667406
-0.3153586543635536
-0.3960563315968975
-0.39181006090496817
-0.31511858459311926
-0.4388753702051534
-0.33534736149413175
-0.32452858252652017
-0.4426179226213185
-0.3153266602274311
-0.3687652557777691
-0.417343184194265
-0.3167580250655055
-0.4290193676869731
-0.3536510225601853
-0.31772197420546805
-0.4438101616650688
-0.31938011992766446
-0.34745351170640765
-0.43294512971535
-0.31634256332755517
-0.41031244231522046
-0.37676437485943004
-0.31486588137833005
-0.44155229793702416
-0.32788198248622874
-0.3306822848092428
-0.44060664972856434
-0.31482404260568353
-0.38278645483524054
-0.4047558795841381
-0.31595207291234534
-0.4352275792580106
-0.3433289445264754
-0.32078016304787227
-0.4436030875778585
-0.31676806223412735
-0.35824950797909305
-0.4257519409304019
-0.3169060678210037
-0.4216358103224682
-0.36357604646756536
-0.31591404742701107
-0.4431789049916829
-0.32258336307650654
-0.33902656529883424
-0.4373156334475594
-0.31549251298579933
-0.39815012404318695
-0.38967926067879255
-0.31501864541693847
-0.43932737606717515
-0.3341906182254394
-0.3252478324678711
-0.442396552508004
-0.31517735920913037
-0.37056921087564754
-0.415797013228823
-0.31668025255211163
-0.43001046814243754
-0.3521681945053192
-0.3180766295000138
-0.44384103662653485
-0.3189593865253869
-0.34886631275373675
-0.4321012267928591
-0.31645737190650824
-0.41204968908252204
-0.37483247305354056
-0.3149311632404155
-0.441828943064339
-0.32703361913216733
-0.3317022056742487
-0.44024731451431665
-0.3148589174616243
-0.3848599186505486
-0.402795745418062
-0.3158122760288042
-0.43590772814798984
-0.3419932171050156
-0.32129694887500254
-0.44349562157131683
-0.31648641213771256
-0.3598365940900376
-0.4245602617894293
-0.316924497198719
-0.4229523114761269
-0.361917299612165
-0.3161523104390723
-0.4433297239287276
-0.3220007870880791
-0.3403107893703203
-0.43672335294826425
-0.3156313916052354
-0.4002112234441878
-0.3875570364388333
-0.314935938035832
-0.43974849881143324
-0.33307381840832595
-0.32600480063857085
-0.4421586320392241
-0.3150530466430894
-0.37241143680235067
-0.4141930407596161
-0.3165899160800357
-0.43095498307683716
-0.3507082944455698
-0.31845041917365646
-0.4438530767859133
-0.31855983560949797
-0.3502989112977968
-0.43121416714077165
-0.3165622080397953
-0.4137283561675331
-0.3729400901767417
-0.3150224875291481
-0.4420882624530559
-0.32622617160679585
-0.33276514841060517
-0.4398624370859429
-0.3149159979656222
-0.3869589357016581
-0.40078773205681595
-0.3156712130706082
-0.4365488132113974
-0.3406788257339954
-0.32184137078502606
-0.4433690186201669
-0.31622333961095384
-0.36145369364298485
-0.4233148895047052
-0.3169267901245841
-0.42421317133277714
-0.36029131304760004
-0.31641001939838687
-0.4434617107702806
-0.3214482113838649
-0.34161883423868533
-0.4360931682730208
-0.3157723586076087
-0.4022318541933249
-0.3854518795390375
-0.3148729010762835
-0.44014103588650944
-0.33199882064067937
-0.3268009073752243
-0.44190408948716536
-0.3149543829604897
-0.3742926662026572
-0.4125309152962101
-0.316488118862079
-0.43185450490969496
-0.34926987321105835
-0.3188441540818014
-0.4438463521224152
-0.31818048868061144
-0.35175258098463585
-0.43028255134329896
-0.31665590304664737
-0.4153487506880424
-0.3710868925188373
-0.31513959172997585
-0.4423308642395545
-0.32545826773697306
-0.333870262255327
-0.4394496485465733
-0.31499336608377426
-0.3890771148205743
-0.39873738294628686
-0.31553145674157335
-0.4371517300729373
-0.3393876096432086
-0.3224152626228581
-0.4432234981610549
-0.31597948185948105
-0.36310295493520056
-0.42201428140276714
-0.31691291162249957
-0.4254198937573049
-0.358695939983949
-0.31668645823345315
-0.44357461036555823
-0.3209237792925628
-0.342948671834589
-0.43542416618735313
-0.3159127576981885
-0.4042060219036605
-0.3833706152805325
-0.3148315678930451
-0.44050736854326994
-0.33096666710920675
-0.327637556593933
-0.4416324354589577
-0.31488171917224106
-0.3762133854486427
-0.4108102634085317
-0.316376010179716
-0.4327105017682706
-0.34785157281627455
-0.3192587865782832
-0.4438208225714231
-0.31782048678270536
-0.35322877636768724
-0.4293048016211778
-0.316737342426871
-0.41691126430604486
-0.3692721755984348
-0.31528190219257535
-0.44255693573657495
-0.3247284794972588
-0.3350159381857568
-0.43900660711927075
-0.3150886965359467
-0.3912064463817483
-0.3966519494419202
-0.3153958655771838
-0.43771742907586636
-0.3381221193290533
-0.32302047950923624
-0.44305941111328584
-0.3157557514634157
-0.3647863798682285
-0.42065713721982684
-0.3168830745077461
-0.4265740250118346
-0.35712916088180535
-0.3169811834575608
-0.4436682882242942
-0.32042576641860676
-0.3442988783744234
-0.4347155113432994
-0.31605023004845867
-0.406129188695045
-0.38131864830829176
-0.3148135678008983
-0.4408497736056205
-0.3299778082169558
-0.3285159777691603
-0.44134277319848814
-0.31483509140651667
-0.3781733734552364
-0.40903110906785894
-0.31625483043399677
-0.4335241587930544
-0.34645243739529347
-0.3196953413045754
-0.4437763575410274
-0.31747916568909734
-0.35472885316530484
-0.42827935649186416
-0.31680545712071595
-0.4184160861674042
-0.3674952293225661
-0.3154485474737623
-0.442766281888512
-0.3240354252139368
-0.3361996637926307
-0.43853119396121765
-0.31519927872596293
-0.3933372832637799
-0.3945405098061007
-0.3152675260470187
-0.43824694218491345
-0.33688561304914866
-0.32365874801231864
-0.44287724166712716
-0.3155532890907924
-0.36650550716764974
-0.41924263907717724
-0.3168377418409103
-0.4276769823648573
-0.3555893401366005
-0.3172939997479685
-0.44374271959277595
-0.31995267593219057
-0.34566848717880144
-0.4339664753610713
-0.3161827111242158
-0.4079979553214675
-0.37930022503911076
-0.3148201367989867
-0.44117029628315707
-0.32903228461984235
-0.32943707744130424
-0.44103384338859086
-0.3148142070573419
-0.3801713301708279
-0.4071942702145102
-0.31612598349657506
-0.434296357346861
-0.3450721077061072
-0.3201548953953081
-0.44371279724859936
-0.31715610290709373
-0.3562539848585683
-0.42720479509445797
-0.31685926708484013
-0.41986322365717055
-0.36575540863233214
-0.315638411972248
-0.44295843912608635
-0.3233777497742518
-0.3374181330436018
-0.4380216474298183
-0.31532209621417845
-0.3954588505148766
-0.3924135636100608
-0.31514963063515167
-0.43874149265749735
-0.3356817700492316
-0.3243315996009905
-0.44267756127343183
-0.31537334682102
-0.368261348711189
-0.41777048109054454
-0.31677761567940405
-0.42873007565105437
-0.3540752122728581
-0.3176249459919456
-0.4437979791986907
-0.3195032343172606
-0.3470569697156729
-0.43317638754558685
-0.31630841842220725
-0.40980993685505035
-0.3773184996045896
-0.31485212892500364
-0.441470693116784
-0.3281297828513038
-0.3304013793253184
-0.44070406296446013
-0.3148184214345972
-0.382204754902095
-0.40530155664472267
-0.3159911024851605
-0.4350277954468289
-0.3437108222053489
-0.32063862720507286
-0.4436300217837963
-0.3168511243289977
-0.3578053248116072
-0.42607980659558753
-0.3168979516221033
-0.4212527806189192
-0.3640519195136205
-0.31585024955461055
-0.44313283257347436
-0.3227540164117316
-0.33866764772024704
-0.4374765751480297
-0.3154539703734941
-0.3975602329051977
-0.39028210406445385
-0.31504530846639095
-0.4392026261007146
-0.3345141820725901
-0.3250404204472028
-0.4424609162722766
-0.3152171317047564
-0.3700545966349173
-0.41624064380103104
-0.31670359458179037
-0.4297346499141823
-0.3525856471694381
-0.3179743028925733
-0.4438342117325658
-0.31907631675156445
-0.3484643363007375
-0.4323444910229852
-0.31642582484399656
-0.4115637635217296
-0.3753754532048954
-0.31491003315475474
-0.44175241017142514
-0.32726961231504337
-0.33140904273656446
-0.4403515465198574
-0.314846716432705
-0.38427001435848757
-0.4033557901834813
-0.3158520901116037
-0.43571915589355936
-0.34236930700608514
-0.32114790071064403
-0.4435279975466829
-0.3165642925018053
-0.35938427963616965
-0.4249030482102394
-0.3169209091662661
-0.4225852709005305
-0.3623835334740784
-0.3160828384456541
-0.4432889187145578
-0.32216260854283973
-0.33994465790813444
-0.43689485383398224
-0.3155917358184529
-0.399631459425834
-0.3881565159301145
-0.31495745750879944
-0.43963226844884923
-0.33338584460660187
-0.3257865672409995
-0.4422276717417582
-0.31508566381693015
-0.37188591151219297
-0.41465306383019523
-0.31661670513054374
-0.4306921929246194
-0.35111939894902644
-0.31834260078102855
-0.4438515732242884
-0.31867087097941676
-0.3498912162199433
-0.43146978051210577
-0.31653360657802687
-0.4132589997583505
-0.373471887034789
-0.3149939969814718
-0.4420165553381212
-0.326450712884504
-0.33245986379185505
-0.4399741377162476
-0.3148976867793457
-0.3863623812620244
-0.4013608361289399
-0.31571113748792135
-0.4363712134367429
-0.3410487154399118
-0.3216843168095855
-0.4434067959706016
-0.31629590739765623
-0.36099266687075243
-0.4236730380354553
-0.3169277851482166
-0.4238617407820313
-0.3607484852473244
-0.31633512644522355
-0.4434262691022086
-0.3216017291608453
-0.34124619467076983
-0.4362754961203472
-0.31573239381352264
-0.4016642293305114
-0.38604576450825967
-0.3148886270654927
-0.44003265727550755
-0.33229887381026046
-0.3265714467961179
-0.44197786669688865
-0.31497968889136724
-0.37375602949643383
-0.41300744725921235
-0.3165180386605606
-0.4316042957047639
-0.34967504407756317
-0.31873059649695623
-0.44385016071435923
-0.31828589743500424
-0.35133877402548297
-0.4305509360450826
-0.316630570834057
-0.4148958496374329
-0.37160765874358087
-0.31510384677956116
-0.44226385323436956
-0.3256717581556291
-0.3335531637281999
-0.43956949437540604
-0.3149695291216734
-0.3884758735343605
-0.3993218176113502
-0.3155707329412209
-0.4369848426996639
-0.33975071169421156
-0.3222496742122468
-0.4432666020768425
-0.31604652834122504
-0.3626326052148993
-0.42238821710354835
-0.3169184745504052
-0.42508363157532886
-0.3591446616222028
-0.3166063186523849
-0.4435445915683226
-0.32106951195016575
-0.3425700293412893
-0.4356175736153895
-0.315873206049301
-0.40365206892429917
-0.38395713126576697
-0.31484096609719664
-0.44040617068438376
-0.33125452252751286
-0.3273964814280264
-0.44171113156623065
-0.31489964615920185
-0.3756655508913049
-0.41130338957213464
-0.31640872883624327
-0.4324724816363089
-0.3482511664427328
-0.31913921036920206
-0.4438299656966791
-0.3179204953866864
-0.352808445979488
-0.4295864110355715
-0.31671559108879155
-0.41647472089920456
-0.3697821226486987
-0.3152390965174451
-0.4424946097506338
-0.32493132100740385
-0.3346875702777954
-0.4391352466436487
-0.31506003307423314
-0.39060295990038535
-0.3972454732923265
-0.31543365742470086
-0.43756097962402307
-0.33847763479217063
-0.32284583887650414
-0.44310772820005656
-0.3158169917138801
-0.36430617715186053
-0.4210471870500206
-0.3168931197361875
-0.4262525025503137
-0.35756997147009195
-0.31689589650402444
-0.4436437189103273
-0.3205641814351469
-0.34391458494682114
-0.4349202243848015
-0.3160117291890103
-0.40559006609607684
-0.38189639118940505
-0.31481621729126646
-0.44075513128590255
-0.33025338565488493
-0.32826296747628236
-0.44142668101432553
-0.31484566172852
-0.37761450106872385
-0.4095407564579614
-0.31628998344346965
-0.43329802517828864
-0.346846668724564
-0.3195694514745804
-0.44379087827283936
-0.31757393891200913
-0.35430163526365827
-0.428574621259624
-0.31678758301480126
-0.41799587230015284
-0.3679945483738179
-0.31539895598810985
-0.4427087295825998
-0.32422800316606293
-0.3358608290352353
-0.43866919470441174
-0.31516659200232
-0.3927344304450507
-0.3951403793880917
-0.3153029424185288
-0.43810062500112457
-0.33723255876820096
-0.32347458541737467
-0.4429306227666141
-0.3156083826266136
-0.36601507228967267
-0.4196489787808316
-0.3168521130306251
-0.4273698135950748
-0.3560226592683735
-0.3172035968001911
-0.4437235960536223
-0.3200841724693142
-0.3452787741987474
-0.43418269024906425
-0.3161458162855796
-0.40747452102726867
-0.3798681020633886
-0.3148157269218157
-0.4410816583092857
-0.32929560861536006
-0.3291719135628079
-0.44112335362215266
-0.3148175382125783
-0.37960190955044765
-0.4077201108194351
-0.3161631525566273
-0.4340818864668887
-0.3454610145258345
-0.32002237996065014
-0.44373273954116743
-0.3172457348270664
-0.3558195601159776
-0.4275141020320654
-0.3168455346823887
-0.4194593424538105
-0.3662442844632383
-0.315582369816363
-0.4429058101174146
-0.32356045067623984
-0.3370698292592697
-0.43816946872095475
-0.31528626399349374
-0.3948597451918135
-0.3930167084970984
-0.315181766244151
-0.43860493377932475
-0.3360190888579386
-0.3241375003090249
-0.44273584107743635
-0.31542193670420693
-0.3677604403715388
-0.41819315450660294
-0.31679609161974026
-0.42843689306910976
-0.3545013719425326
-0.3175293921114275
-0.443784271342008
-0.3196281539558899
-0.3466619376199801
-0.4334042953814832
-0.31627360680733785
-0.40930276346403216
-0.3778757325314794
-0.3148404558161465
-0.44138759288831936
-0.32838097906590585
-0.3301239520566642
-0.44079965527308673
-0.31481473307183705
-0.38162561354153635
-0.40584297446853823
-0.3160297990881545
-0.4348247981481058
-0.3440942822822546
-0.32049913738249475
-0.4436554122547816
-0.3169356397233035
-0.3573633526340823
-0.4264035231230537
-0.3168885731259063
-0.420865172652371
-0.36453061016125937
-0.31578811412185415
-0.4430852917852417
-0.32292726233290703
-0.3383109305116531
-0.4376345780889178
-0.3154158989600011
-0.3969679135515901
-0.39088542733878173
-0.3150732941337009
-0.4390753496419898
-0.33484089810960066
-0.32483600025847154
-0.4425239513905739
-0.31525888980030803
-0.3695430332918658
-0.41667964710801275
-0.31672590465548695
-0.429455060665738
-0.3530049703457575
-0.31787349326483344
-0.4438258744210341
-0.3191949680021195
-0.3480639206869598
-0.43258432513274003
-0.316393505417114
-0.4110731369889582
-0.37592160427722005
-0.31489099410255
-0.4416744709865582
-0.3275089156959196
-0.33111934235591356
-0.4404537842317857
-0.3148363356220948
-0.38368229071626414
-0.4039118842307736
-0.3158917468195727
-0.4355274322613041
-0.34274707119201986
-0.3210010271408785
-0.44355883547686686
-0.3166436500550712
-0.3589343225851667
-0.4252415663238615
-0.3169160304170874
-0.4222137368940521
-0.36285244216304624
-0.3160149439936715
-0.44324661068247173
-0.3223268777858628
-0.3395804878587593
-0.4370633373063843
-0.3155523102624461
-0.39904860094095657
-0.388757195534638
-0.3149805042624026
-0.4395136920916273
-0.33370119243452173
-0.3255714386724311
-0.44229538644404665
-0.31512032654180516
-0.37136349751675996
-0.4151084352937587
-0.31664254986188733
-0.4304257604588628
-0.35153225859724446
-0.3182363604525232
-0.44384856533509365
-0.31878354692564415
-0.34948517708312515
-0.4317218573587799
-0.31650413755984996
-0.41278496162230977
-0.3740068404901457
-0.3149675835037033
-0.4419435002781389
-0.3266784569200287
-0.33215798878215336
-0.44008365529186466
-0.3148810513153114
-0.38576752999802216
-0.4019303977301457
-0.31575110401335715
-0.436190532718409
-0.341420411664175
-0.32152958248128394
-0.443443050015323
-0.31636999706456087
-0.36053416960894374
-0.4240267916934844
-0.31692748105894786
-0.4235059342282138
-0.36120816037833103
-0.31626174722027867
-0.44338930129276544
-0.3217575440477404
-0.3408753385607011
-0.43645473203256613
-0.31569243954644877
-0.4010929929804161
-0.3866414319144536
-0.31490605261571786
-0.43992212458004265
-0.33260234761168833
-0.3263452060154825
-0.44205028929674894
-0.31500707559832875
-0.3732225551316714
-0.4134792926498442
-0.3165471048081783
-0.4313505675369002
-0.35008185447422846
-0.3186186912583745
-0.4438524642688799
-0.3183928740479751
-0.35092674019565856
-0.4308156589576239
-0.3166042809176268
-0.41443830189459296
-0.372131527018796
-0.3150701399142708
-0.442195518719979
-0.325888336059014
-0.3332393661296981
-0.43968696588609424
-0.3149471906480448
-0.38787573276322906
-0.39990324834472
-0.31561027441932055
-0.4368149494306284
-0.3401158072540213
-0.3220865560883013
-0.44330820764029744
-0.31611516390334626
-0.3621649543448753
-0.422757644001195
-0.31692274974971146
-0.4247431198345466
-0.359595716460623
-0.3165276513951808
-0.4435130333083852
-0.3212173986045489
-0.3421930450388732
-0.43580781970010823
-0.31583346906771437
-0.40309411304289117
-0.38454589062128125
-0.3148522034928183
-0.4403030058613969
-0.3315458448836018
-0.32715873106097315
-0.44178840982392986
-0.3149196640904833
-0.37512088348065165
-0.41179181558182915
-0.316440690214506
-0.432231045139679
-0.3486523100409239
-0.31902136765903644
-0.44383759462492967
-0.31802201328059077
-0.35239000222721384
-0.4298642305952881
-0.31669279491931923
-0.41603355198753045
-0.3702951121464265
-0.3151982653663601
-0.4424309520203983
-0.32513713782329334
-0.33436232249482317
-0.4392613344526903
-0.31503265878114
-0.38999983352832945
-0.39783668211457246
-0.31547195821026686
-0.4374016039166433
-0.3388353914516987
-0.3226738114348896
-0.44315458303646454
-0.3158799086525898
-0.36382880970448805
-0.42143264967598415
-0.31690190869798085
-0.42592684772434963
-0.3580129741151102
-0.31681206091245523
-0.44361760575346065
-0.32070462484566187
-0.34353186295525767
-0.4351217153977463
-0.3159728709455338
-0.40504664510299304
-0.3824767420242285
-0.3148208138348595
-0.4406586923225032
-0.33053244114761104
-0.3280133633968332
-0.44150907758946434
-0.31485830731556325
-0.37705871923169276
-0.41004574718325854
-0.3163244869485258
-0.43306855156277535
-0.3472424067399221
-0.31944537992687005
-0.44380387160380236
-0.31767018179963435
-0.3538764009670341
-0.42886597867219667
-0.31676858251268675
-0.4175710344753171
-0.36849685872121263
-0.3153512538224261
-0.4426498122827973
-0.32442344852989347
-0.33552486292624595
-0.4388044935233736
-0.3151349578081436
-0.39213108710845435
-0.39573875460486574
-0.31533912354003335
-0.43795147323284933
-0.33758203772238093
-0.3232931630533086
-0.4429825867173104
-0.3156652528755268
-0.36552756384217316
-0.42005069726693395
-0.3168652792322644
-0.42705861805284284
-0.35645806331342095
-0.3171146429849032
-0.4437029326665533
-0.3202175911264805
-0.3448905791981233
-0.4343956297267905
-0.3161084150292318
-0.4069465741797853
-0.38043886565888396
-0.3148133410368749
-0.4409913714099206
-0.32956239381627056
-0.3289102064935018
-0.4412112327026938
-0.3148229012897383
-0.3790354057033002
-0.40824141657072077
-0.3161997971089662
-0.43386413318242645
-0.3458514350496938
-0.3198917737673457
-0.4437511430835964
-0.3173368169921351
-0.35538720790386946
-0.427819395851682
-0.3168306054703696
-0.4190508383415837
-0.36673609586623124
-0.3155281179197876
-0.44285177027050515
-0.32374590744415266
-0.33672409883504667
-0.4383144691104542
-0.31525123067267835
-0.3942592610456259
-0.3936192453747432
-0.3152149214624917
-0.4384656554461809
-0.33635923886966584
-0.3239462540735286
-0.44279275024521975
-0.31547240334826654
-0.3672625166893228
-0.41861120354858755
-0.31681343105729387
-0.4281397885585147
-0.3549295270827845
-0.31743530416359134
-0.44376903435101
-0.31975490346433366
-0.3462684103243652
-0.4336288716633833
-0.31623816115383385
-0.4087909447870949
-0.3784360386721946
-0.31483085386282084
-0.4413029669849387
-0.3286355900408272
-0.3298500021731447
-0.44089347188631467
-0.3148130037183734
-0.38104912197144025
-0.40638006097364715
-0.31606811725622996
-0.4346185714429041
-0.3444793047769862
-0.32036166080714634
-0.44367925894873544
-0.31702160512835953
-0.3569235564971395
-0.4267231218285646
-0.316877944046241
-0.42047297045863175
-0.3650121507669832
-0.31572766815565023
-0.4430362943082323
-0.32310313927732903
-0.3379564912818227
-0.43778966600612335
-0.315378369933907