1.1694915254237288
1.1694915254237288
1.0581132302736687
0.9320477222911698
0.82469377739036
0.8371965920659308
0.9518718156134341
1.077820359938135
1.1802437647720139
1.155224605879727
1.0378379612391342
0.9121394963413445
0.8157484779336217
0.8532408885786876
0.9728548645774575
1.0981392857639656
1.187224502889527
1.137475083668509
1.0160500698395196
0.8913855152659557
0.8109684502864947
0.8724698174306703
0.9953362640247488
1.1191284007767477
1.1895645408213311
1.1171618015136606
0.9931844653320511
0.8705622908265888
0.8112131156135028
0.8933615131454455
1.0181602896594606
1.139274675382033
1.1867512240973408
1.096191452368401
0.9708149682039997
0.851585778622549
0.8164258383201978
0.914042170952057
1.039798982097044
1.1567159820962711
1.1793852239877158
1.0759579247272122
0.9499779712096228
0.8358734171463034
0.8257193327918375
0.933892188030649
1.0599663905269705
1.1706494994519017
1.1683028249790564
1.056254877512901
0.9302021412102863
0.8236989972165734
0.8385512267672862
0.9537765970004072
1.0796890817931044
1.1810696872132393
1.153701781901946
1.0358624612873775
0.9102280907442917
0.815107513476996
0.8549251227248629
0.974909269381546
1.100094385666154
1.1876566129771966
1.1356519514366639
1.0139293194288503
0.889407896535749
0.810768915930335
0.8743923700622561
0.9974914271320248
1.1210878586104949
1.189518064161916
1.1151898511571972
0.9910375355727011
0.8686715475991478
0.8115023223167123
0.8953345409387637
1.020258944017098
1.1410494237406217
1.1862376724196164
1.0942514877689418
0.9687898810522204
0.8499604632398982
0.8171387662375418
0.9159363020965412
1.0417459529388302
1.1581757752674287
1.1784945684294121
1.0741009682707157
0.9480941059447142
0.8345815711697363
0.8267755379671368
0.9357366870639446
1.0618155511582008
1.1717768375151463
1.167083278592784
1.0543901593506646
0.9283543364735011
0.8227351834880712
0.8399374260040812
0.9556931947459011
1.0815648009872285
1.1818624163307847
1.152147728660096
1.0338721792865306
0.9083079070258057
0.8145038111772815
0.8566376919339314
0.9769777366333571
1.1020559983521332
1.188046686959088
1.133806689308807
1.0117991897533898
0.8874301197397398
0.810615006373316
0.8763281481289589
0.9996484109804524
1.1230383529288916
1.1894252315947436
1.1132142908822964
0.9888969229070401
0.866799286393687
0.8118353956594823
0.8973033740147308
1.0223451239891763
1.1427981400402465
1.1856847582799717
1.092319841499605
0.966779759121611
0.8483654978452589
0.8178864804243275
0.9178222113838669
1.0436794215515355
1.1596039234359317
1.1775722284561452
1.0722485955512038
0.946219194045597
0.8333209083042241
0.827862328354739
0.9375823971060048
1.0636619137033574
1.1728735922832756
1.165832747034975
1.0525179341722712
0.9265032512229078
0.8218025969555096
0.8413552572602736
0.9576223995680625
1.0834481214080633
1.1826213089546342
1.150562756999528
1.0318669448197375
0.906379043599428
0.8139382645468436
0.858377686250196
0.9790596764975896
1.1040232217789159
1.1883938997504222
1.131940807350487
1.0096609372850256
0.8854537485089998
0.8105071106259961
0.8782753243021401
1.001805650635055
1.1249780476413989
1.1892862823401467
1.111236795939718
0.9867640029129248
0.8649471330068215
0.8122115876730217
0.8992669216331106
1.024418054206143
1.1445197540303969
1.1850933932656875
1.0903968107202102
0.9647846156446426
0.8468013281935248
0.8186682547334245
0.9197003472283197
1.0456000461656971
1.1610004275135477
1.1766185608039097
1.070399834852173
0.9443521526214425
0.8320912785981734
0.8289796943907848
0.939430513640304
1.065506676985615
1.1739397706843309
1.1645510813083249
1.0506371028418817
0.9246478910457656
0.8209015704940585
0.8428047396075692
0.959564903785479
1.0853395310809473
1.1833456583917281
1.148947278313436
1.029846725277342
0.9044417483128531
0.8134117827466572
0.8601440746274285
0.9811543584572845
1.1059950105459837
1.1886974822589853
1.1300559048110488
1.0075159106393556
0.8834804331342163
0.8104455056546217
0.8802320617718582
1.0039615781696583
1.126905110406112
1.1891015695879616
1.1092589598312597
0.9846400636017996
0.8631166277895793
0.8126300900402317
0.9012242343890602
1.0264770985397083
1.1462133162242065
1.1844644773164883
1.0884825421900928
0.9628043246024588
0.8452682970525037
0.8194834247072214
0.9215712767177392
1.0475085864727978
1.162365340422703
1.1756338495061764
1.068553648470454
0.9424918526782307
0.8308925385214874
0.8301276746717082
0.9412822385672365
1.0673510257564802
1.1749753267776792
1.1632381330574963
1.0487466197706978
0.9227873347645046
0.8200325104455467
0.8442858327518611
0.9615212921285875
1.087239393789873
1.184034700535393
1.1473018116208982
1.0278116298277646
0.9024964209136614
0.8129252780304927
0.8619357065939911
0.9832609163771062
1.1079701827307384
1.1889567345167804
1.128153658074561
1.0053655360461997
0.8815118951045597
0.810430351184854
0.8821965319310149
1.0061146409904604
1.128817730060314
1.188871553912659
1.1072822796828652
0.9825262918982081
0.8613092147883241
0.8130900476300474
0.903174509785424
1.028521763885313
1.1478779982546954
1.1837988867671176
1.08657703570611
0.960838625587155
0.8437666520574252
0.8203313927156312
0.923435676765562
1.0494058940508864
1.1636987559988874
1.174618308085737
1.0667089436462205
0.9406371302806441
0.8297245610677938
0.8313063482565419
0.9431387688392439
1.0691961193683062
1.1759801555431122
1.1618937653466124
1.0468455038012439
0.9209207449659419
0.819195896646372
0.8457984264264751
0.9634920332257946
1.0891479415023513
1.1846876213908446
1.145626989339937
1.0257619119433767
0.9005436139627837
0.8124796524824531
0.8637513159145739
0.9853783554847201
1.1099474285806536
1.1891710379423759
1.1262358069959104
1.0032113015028314
0.8795499106198307
0.8104616866859252
0.884166932159642
1.0082633198871591
1.1307141334052204
1.1885967947911176
1.1053081430375546
0.9804237617637863
0.8595262327664751
0.8135905723583443
0.9051170959439195
1.030551702089776
1.1495130913707214
1.183097463431284
1.0846801488655744
0.958887129860392
0.8422965545616095
0.8212116316476757
0.9252943246676663
1.0512929023106254
1.1650007978042345
1.173572082948265
1.0648645836558672
0.9387867978153842
0.8285872453188121
0.832515826193091
0.9450012851095414
1.0710430805068882
1.1769540876671871
1.1605178636930489
1.0449328488439722
0.9190473781953878
0.8183922810855236
0.8473423303003508
0.9654774718968864
1.091065267735701
1.1853035659599795
1.1439235615804038
1.0236979703438622
0.8985840320784608
0.8120757842949914
0.8655895262778226
0.9875055612551238
1.1119253210027158
1.1893398664172476
1.1243041398411273
1.0010547398589114
0.8775962933571227
0.8105394306232507
0.8861415033802091
1.0104061464945573
1.1325926010387826
1.1882779404608825
1.1033378162479137
0.9783334241015037
0.857768908201527
0.8141307570616254
0.9070514935027104
1.0325667101064033
1.151118003196917
1.182361004877057
1.082791603009244
0.956949327457729
0.8408580892978444
0.8221236871705655
0.9271480881728345
1.0531706160603718
1.166271607991324
1.1724952579030314
1.0630193990228956
0.9369396553182678
0.827480525377663
0.8337562423546475
0.9468709404233541
1.072892984017084
1.1778968854061929
1.1591103472362132
1.0430078341899123
0.9171665947284282
0.8176222851496748
0.8489172645780175
0.9674778223957848
1.0929913220082683
1.1858816483954346
1.142192398795485
1.0216203482351722
0.8966185294147979
0.8117145138651078
0.8674488589946086
0.9896413101386247
1.1139023277453677
1.1894627958794792
1.1223604770899427
0.9988974111146608
0.8756528767989105
0.8106633820014258
0.8881185470651181
1.0125417198661562
1.1344514819568714
1.1879157163960146
1.1013724346027876
0.976256098529383
0.8560383503033065
0.814709689089099
0.9089773557791504
1.0345667284859505
1.152692252906381
1.1815902560068146
1.0809109901988108
0.9550245951919447
0.839451274669136
0.823067178589191
0.9289979151627612
1.0550401007753543
1.1675113363453495
1.1713878597328293
1.061172198809703
0.9350945018333581
0.8264043785821986
0.8350277436775507
0.9487488489852643
1.0747468458610818
1.178808239602681
1.1576711799093857
1.0410697344095565
0.915277867819867
0.8168865954285609
0.8505228514745717
0.9694931627512456
1.0949259055214737
1.1864209632981113
1.1404344926507912
1.0195297307439795
0.8946481053063019
0.8113966300107944
0.8693277426442901
0.9917842820271068
1.1158768251224944
1.1895395121701413
1.1204066543903886
0.9967408842382371
0.8737214964460395
0.810833224152388
0.8900964413975095
1.0146687218887522
1.1362892066777366
1.1875109127055177
1.0994129942769948
0.974192467067279
0.8543355480527588
0.8153264633454814
0.9108944873017505
1.0365518383315182
1.1542354649729294
1.1807859020198572
1.079037781087099
0.9531122054162696
0.8380760734947583
0.8240417983538529
0.9308448230242689
1.05690247164275
1.168720129622553
1.1702498647330528
1.0593217819590857
0.933250146776219
0.8253588329126404
0.8363304798946156
0.9506360750429359
1.0766056122573948
1.1796877679286228
1.1562003814716768
1.039117928734619
0.9133807923166445
0.8161859580742759
0.85215860775167
0.9715234303564734
1.0968686682161857
1.1869205979950035
1.1386509549968045
1.0174269404759162
0.8926738980431072
0.811122856626177
0.8712245245574064
0.9939330743067445
1.1178471130845309
1.1895698169106617
1.1184445049787024
0.9945867188236168
0.8718039722459792
0.8110485306585052
0.8920736563149038
1.0167859313019314
1.1381042986855245
1.18706437077523
1.0974603461481327
0.9721430697372757
0.8526613692174783
0.8159801945491194
0.9128028408345548
1.0385222568588302
1.1557473616815341
1.1799485628036805
1.0771713335464115
0.9512113354188405
0.8367324040469487
0.8250473102754539
0.9326898877836955
1.0587588824423242
1.169898121293758
1.1690812061381182
1.0574669486576946
0.9314054212746282
0.8243439735100436
0.8376645928657812
0.9525336219364671
1.0784701490590973
1.1805350144225153
1.1546980382458027
1.0371519098058528
0.9114750925097272
0.8155211717326039
0.8538239384993831
0.9735684189565932
1.0988191073395877
1.1873796455968662
1.1368430148631685
1.0153129311597566
0.8906971767796092
0.8108938401003974
0.8731374839752688
0.9960862173010088
1.1198114314011012
1.189553631242151
1.1164758418912963
0.9924364469151905
0.8699020915629062
0.8113087732402945
0.8940487672009316
1.0188922361272497
1.1398953840343538
1.1865769694781938
1.0955151914823194
0.9701083020390685
0.8510165612616901
0.8166700285057781
0.9147025130303068
1.040478331710937
1.1572277545818763
1.1790787887714442
1.0753109019302527
0.9493210773318355
0.8354201512241924
0.8260835465156288
0.9345342330617288
1.0606105143116749
1.1710454217942077
1.1678817823517105
1.0556065116947762
0.9295591894589363
0.8233599482238152
0.839030205615004
0.9544424213732989
1.08034123144154
1.1813494503794426
1.1531643133968004
1.0351712916579803
0.9095606290902177
0.8148930790930644
0.8555181323423352
0.9756277771751898
1.1007765676453451
1.1877972185995462
1.1350120134319572
1.013188779379039
0.8887193316215682
0.8107101378209031
0.8750648466812609
0.9982421908670105
1.1217679766839954
1.1894909973178385
1.114502440299105
0.9902915553201416
0.8680175930024563
0.81161333138602
0.896020467031208
1.0209866443562952
1.141661199002494
1.1860496112716834
1.0935780794527508
0.9680884142278905
0.8494017540357699
0.8173951522357796
0.9165937388560315
1.042420534178329
1.158676535071013
1.1781770581387558
1.0734556468555125
0.9474404484522243
0.8341391777183905
0.8271504034249926
0.9363790188965747
1.062458564436199
1.1721621093746148
1.166651465895059
1.0537393077882014
0.9277103596707472
0.8224069721082542
0.840427411191523
0.9563633230007853
1.0822195339825234
1.182130476641643
1.151599456577404
1.0331758168024354
0.9076374050677446
0.814302557136515
0.8572403582366152
0.9777010087076486
1.1027402433306652
1.1881724627606716
1.133159396990204
1.0110556744356773
0.8867418619814851
0.8105722080656311
0.8770048008578994
1.000399441873503
1.123714919951066
1.1893820775048818
1.112526020287544
0.9881534687141377
0.86615215138035
0.811961503457651
0.8979875768238623
1.0230682927932742
1.1434005957350442
1.1854832084825109
1.0916494064218365
0.9660835122943823
0.8478174641037827
0.8181548028294869
0.9184768849368918
1.0443494514729192
1.1600936642882407
1.1772437756126077
1.0716046454049153
0.9455684018846597
0.8328893350442551
0.8282478363064825
0.9382254304748663
1.0643042346971963
1.1732482216436129
1.165390112984273
1.0518642088459835
0.9258578955527192
0.8214853307902624
0.8418562614838558
0.9582970843617468
1.084105621231108
1.1828774273220954
1.1500038127586412
1.0311653622610866
0.9057055705055725
0.813750506194234
0.8589896640057472
0.9797874742891611
1.1047091817883732
1.1885045709567692
1.1312867079086955
1.0089149064358311
0.8847663633379238
0.810480401560456
0.8789555138893127
1.0025564022615479
1.125650424411889
1.189227151318965
1.11054823038848
0.9860235338212029
0.8643073640920766
0.8123525189759836
0.8999490542909994
1.0251364539938612
1.1451125458609148
1.1848786700576737
1.0897294168904184
0.9640935605240388
0.8462641005474187
0.818948274941903
0.9203524419617712
1.0462657781978117
1.1614791624988674
1.17627927244907
1.0697569016627615
0.9437038374304676
0.8316704743098059
0.8293758531832666
0.9400746668032048
1.0661487203070261
1.1743037478882508
1.1640975736433885
1.0499801331254144
0.9240008269743594
0.8205953826337092
0.843316756125848
0.9602443613319709
1.085999938874206
1.1835895749746077
1.1483778300601213
1.0291399444002527
0.903765425927598
0.8132378379693842
0.8607649767393915
0.9818863955190431
1.106682289220767
1.1887927967067116
1.1293955737426107
1.0067678527348216
0.8827945125794869
0.8104349549387412
0.8809151498025042
1.0047115073704551
1.1275726631459437
1.1890266101811424
1.1085706321448126
0.9839030049159776
0.8624847391017882
0.8127855517679002
0.901904000632633
1.0271905412860882
1.1467961421143191
1.184236889026759
1.0878182059964756
0.9621183854984929
0.8447419720709168
0.8197749268702785
0.9222210162878066
1.048170307145164
1.1628330981347945
1.1752838078238852
1.0679113575099768
0.9418456126592896
0.8304824566163372
0.8305345076524462
0.9419279293489129
1.0679931984580857
1.1753286222566446
1.1627737022540228
1.0480860562437406
0.9221382607389008
0.8197375596310259
0.8448088316453822
0.9622056991521457
1.0879028056222513
1.1842661372007104
1.146722066394291
1.0270997224148701
0.9018174242580892
0.8127654627092652
0.862565105147588
0.9839968605908307
1.1086583381254
1.1890364670374394
1.1274876945981114
1.0046159629231408
0.8808280521562881
0.8104359862901338
0.8828818870239207
1.0068632142032423
1.1294798363443583
1.1887809501483724
1.1065946859547418
0.9817930308574271
0.8606856847241906
0.8132597336508418
0.9038516654578748
1.0292301118996516
1.1484505980310946
1.1835587308876654
1.0859157234305756
0.9601576813914354
0.8432512952235152
0.8206341851883608
0.9240833208720902
1.0500639195428063
1.1641555766495122
1.1742575714508479
1.0660669036164874
0.9399925541110281
0.8293251629843112
0.8317238909075124
0.9437864106767974
1.069838817012816
1.1763227178851088
1.1614183684352422
1.0461810219840761
0.9202693910049413
0.8189123669599737
0.8463323510173146
0.9641815241794285
1.0898144059458146
1.1849062846564296
1.1450371947435138
1.0250450003184028
0.8998621711663094
0.8123342757531761
0.8643887439266142
0.9861178319400203
1.1106359766219274
1.189234994368601
1.1255648289555733
1.0024607425777279
0.8788687732991894
0.8104834929277437
0.8848539361210538
1.0090100193077611
1.1313701877968316
1.1884907628243586
1.1046217384034087
0.9796946438195467
0.8589115013256863
0.8137741683329565
0.905791449857655
1.031254868265699
1.1500752458248231
1.1828450230902017
1.084021778626182
0.9582110164082436
0.8417922035532521
0.8215255479366572
0.9259401656474924
1.051947574857171
1.165446729333952
1.1732006873764147
1.0642223905798338
0.9381434685852914
0.8281985037083707
0.8329441230145108
0.945651283109204
1.0716866832646497
1.1772858420503876
1.1600314681386272
1.044264152828557
0.9183935093440976
0.8181203811539344
0.8478870937920421
0.9661721364948295
1.091734783803098
1.1855091503909314
1.1433240068989454
1.0229762273057086
0.8979004237055086
0.8119451437142332
0.8662344801506694
0.9882481557792756
1.1126137395449798
1.1893878871050296
1.123628778182757
1.0003037360396287
0.8769184985979073
0.8105773514390319
0.8868295572024092
1.011150475961825
1.133242020325824
1.188156724703449
1.1026530112461426
0.977608749838628
0.857163375022236
0.8143279452209347
0.9077229076880271
1.0332646575791948
1.1516695325762942
1.1820965457546204
1.0821360470791688
0.956277840219584
0.8403647575076906
0.8224485863897194
0.927792447447006
1.0538223002464155
1.1667067022283943
1.1721132188746366
1.0623766401680725
0.9362971544829882
0.8271024270499052
0.8341953435297242
0.9475236874396509
1.0735378528049284
1.1782177324256398
1.1586129348336398
1.04233466013783
0.9165100143428395
0.8173622468478895
0.8494727469790732
0.968177703511111
1.0936638375030956
1.1860738404148092
1.141583415506313
1.0208939963738486
0.8959330871592197
0.8115988905821306
0.8681008016578727
0.9903865734458797
1.1145900611823158
1.1894947586502314
1.1216813700079076
0.9981465085090935
0.8749790642517646
0.8107173200189122
0.8888070766628742
1.0132832103724327
1.135093709899499
1.1877795852357462
1.1006895921620425
0.975536121250287
0.8554423734033798
0.8149201528496892
0.9096457451522764
1.0352594697397854
1.1532330148920449
1.1813140237257527
1.080258077651878
0.9543574922445874
0.8389689549024857
0.8234029454389731
0.9296411395678753
1.0556891797440715
1.1679356452548744
1.1709951743636493
1.0605284566321989
0.9344524131699584
0.8260369271795073
0.835477701550652
0.9494047217356917
1.0753933185381208
1.1791180545159334
1.15716275064758
1.0403918538823578
0.9146184206435087
0.8166386720799543
0.85108889687021
0.9701982547311104
1.0956013158500322
1.1865994453592963
1.1398164542861795
1.018799041109939
0.8939612100372321
0.8112962840556186
0.8699861073509458
0.9925317344398034
1.116563289492031
1.1895553345899599
1.1197244412517842
0.9959906277705199
0.8730523023201239
0.8109030430168326
0.8907849029846078
1.0154069366294973
1.1369237181919207
1.187360153925306
1.0987324273508956
0.9734773910444531
0.8537494432662183
0.8155498916769361
0.9115598187932831
1.0372394338046358
1.1547653522036008
1.1804981200292806
1.0783873007220672
0.9524492106478437
0.837604741786782
0.8243883426432869
0.9314872810536987
1.0575493432406793
1.1691337016847085
1.169846514263019
1.0586766380583352
0.9326080603354141
0.8250020512844507
0.836791345297365
0.9512954302742034
1.077253999896893
1.1799864003445781
1.1556809573131894
1.0384351518173833
0.9127183673070258
0.8159504221501399
0.8527350219885079
0.9722336778073691
1.0975468157106927
1.187085053050195
1.1380242763251232
1.0166922305854273
0.8919859771985994
0.8110380224266178
0.8718887192842011
0.9946822109848772
1.118531701589319
1.1895694578415357
1.1177598201376717
0.9938376458713699
0.8711400233026662
0.8111340575659755
0.8927615413347324