0.42424242424242425
0.4242424242424243
0.3658992114514458
0.48919482224075383
0.3640277439923649
0.4638260313639525
0.38441121560368713
0.37769549253992585
0.4708947753944558
0.3634738646343088
0.48544012732202263
0.3673225442723097
0.4115252974016927
0.4369895718388381
0.365385264043937
0.49167203606406557
0.3647098470996756
0.4557037364660761
0.39267974642682874
0.37283597369431193
0.4768079757867545
0.3632663910922771
0.48105212276100245
0.36984298775924923
0.4006534466885683
0.44785708315901535
0.3651118912776251
0.4924198652039472
0.3651602162950228
0.446382235498055
0.40213770515446234
0.3694066863031677
0.48173282327932737
0.36327979828173257
0.4760061858059831
0.3734488477018087
0.3913857722683956
0.45696734484416063
0.3646184972454202
0.49141204058403265
0.36542919809195384
0.4352050864220619
0.41330341740461046
0.367040917556162
0.48604373963521624
0.3635331964443088
0.4699230241102853
0.37856731201940463
0.38330664474001985
0.46493833417438357
0.363927323154633
0.4887019508556287
0.36603968784525315
0.42229824178556336
0.42618746286698594
0.3657798069055648
0.48965918012737064
0.3641312971854237
0.4626911674172728
0.3855499069411713
0.37686588481831856
0.47184076993829227
0.3634229592538277
0.48482441079781835
0.3676285165706238
0.40979242739333555
0.43872817167515255
0.3653459420487988
0.4918934467042375
0.36479525002402813
0.45441543945358964
0.3939972642281977
0.37225397580648933
0.47758766942325503
0.36325733846043645
0.48035778891559816
0.37030175347137206
0.3992040398862637
0.4492931303313765
0.36505791964303747
0.49238187411553197
0.36520372736934004
0.44486592607986636
0.40365968599621416
0.36899245789778773
0.4824010233958084
0.3632980981825295
0.47518115158794794
0.37409465303340084
0.3901154623576008
0.4582074868767738
0.36452198659894886
0.49111381343460214
0.3654801186146992
0.43337788965664936
0.41512420967128544
0.3667841848751675
0.4866337637064454
0.36360107920845147
0.46892588593991624
0.37948157217248907
0.38223870735462034
0.46602747133665506
0.3638316166465633
0.4881834910363906
0.3662029105895511
0.42036477916724313
0.42812343788840074
0.3656794183426554
0.49009232689863724
0.3642363038173007
0.46153426219998106
0.38672009530009127
0.3760777336229382
0.47276080811703625
0.3633800960207613
0.4841975846451627
0.3679581541679308
0.4081059135786945
0.4404191451297531
0.36530904357542393
0.49207618199783265
0.3648741710193102
0.4531008053747896
0.3953388948947397
0.37170086639142946
0.4783465932938354
0.3632522331340766
0.47964849008259547
0.37078371328730486
0.3977866295723352
0.45069318528421426
0.36499769047606556
0.49230580436678667
0.36524348502640125
0.4433057159504993
0.4052221749968762
0.3686002092835551
0.48305763967716997
0.3633219283399687
0.474331892822568
0.3747754680582672
0.3888695340106497
0.4594250395699644
0.36442134038786517
0.49077803272460396
0.365540541735767
0.4315125574869142
0.4169836284208468
0.3665526356128451
0.48720828077489675
0.3636773273765862
0.467903786768299
0.38043799786169885
0.3812095642427481
0.46709287815673883
0.36374200781049665
0.4876424010962153
0.3663901249710688
0.4184511970601291
0.43004102218572215
0.36559569426533295
0.4904919483202055
0.36434109515501933
0.46035560933696257
0.3879193168401372
0.37532978062694733
0.4736549611626255
0.36334470173953115
0.4835601290495929
0.3683107835214096
0.4064654885467415
0.44206212260343564
0.3652725981204139
0.4922203352046265
0.3649463306988584
0.4517577172475957
0.39670594315271496
0.3711747832519008
0.4790862374150591
0.36325082611753406
0.4789227289269818
0.3712899585112421
0.3963985026908734
0.4520601050433708
0.36493081511549375
0.4921914941139409
0.3652807867934273
0.44169952249153643
0.40682771603571
0.3682301093198057
0.48370333298084894
0.36335198873461505
0.4734576028789371
0.3754933298047406
0.38764923109185506
0.46062058273530804
0.36431780561097704
0.4904057561714378
0.3656130663109567
0.4296150281222304
0.41887618098527146
0.3663462079393098
0.4877649939469398
0.36376141945847335
0.4668571472284786
0.38143582644171403
0.3802208858903736
0.4681340761554438
0.3636596038654024
0.4870814971792815
0.36660213452676027
0.41656549021415534
0.43193194876548097
0.36552609784710927
0.4908561916094726
0.3644441038652493
0.45915518840927305
0.389145473343289
0.37462035920047426
0.4745236040925658
0.3633160943302274
0.4829120392800332
0.36868585444170704
0.4048697568681848
0.44365789743261186
0.3652348731278647
0.49232609281119744
0.3650117004769353
0.45038364618726445
0.3981003849075851
0.3706740717849878
0.47980818790192314
0.3632530459793739
0.47817891690433223
0.37182192208631376
0.39503727767811414
0.45339663526261004
0.36485713501950073
0.49203874313645435
0.36531717455134805
0.44004586378435806
0.4084783425890419
0.367882558510074
0.48433843168938734
0.3633889936540619
0.47255769386221724
0.3762501234914946
0.38645629303163537
0.461794391203631
0.36421282554941775
0.4899984739912835
0.3657002949370945
0.42769257943197675
0.420794940080493
0.3661644340616429
0.48830128401516604
0.3638524960766024
0.46578639901160956
0.38247379224067757
0.37927382329573056
0.4691506405760075
0.3635851898349769
0.4865033321337988
0.36683931323604707
0.41471426825103963
0.4337892355868252
0.3654680193084582
0.4911836672538512
0.3645439275485721
0.457932654005377
0.39039693390646674
0.3739475382818211
0.4753673790816746
0.3632935577389319
0.48225290461019105
0.3690830151031699
0.40331654234699316
0.4452081121177834
0.36519438162080103
0.4923936510827853
0.36507049124589447
0.4489758053105093
0.39952469450952943
0.37019737101675027
0.48051402153080214
0.36325900484193197
0.4774154810012651
0.37238131279882014
0.3937011165897572
0.454705223473149
0.3647767339200755
0.49184737792954336
0.3653544350491812
0.4383441811605813
0.4101752263125851
0.3675581426311276
0.48496283778309957
0.36343360775440986
0.47163185736601776
0.3770474360804155
0.38529291208492167
0.4629464118780279
0.3641079967127022
0.48955814443848517
0.36580473309818096
0.4257537426786529
0.42273162353776184
0.36600641217094826
0.48881429048247743
0.3639493832693818
0.4646920391956781
0.3835501095536771
0.3783690300149277
0.470142148477855
0.3635192112177698
0.4859101230575603
0.3671016385993207
0.41290270174753035
0.4356072465283285
0.3654188721998751
0.49147340697839137
0.3646393668997101
0.45668736102467133
0.3916725685371672
0.37330926380980045
0.476187134096038
0.3632764022475019
0.4815820016985099
0.36950215255142516
0.40180322799006035
0.44671494594680966
0.3651498797564517
0.4924231574262813
0.3651231417185855
0.4475313367297853
0.40098163104872026
0.36974367037213907
0.48120520351298296
0.3632689890744708
0.4766309637554932
0.3729700272413077
0.39238887771661474
0.45598788297620707
0.36468994816294814
0.49161733858107326
0.36539458962844307
0.4365951374531978
0.4119183441257949
0.36725754809225
0.4855759567091674
0.36348636890589503
0.47068008831706015
0.377886419305855
0.38416160901995866
0.4640762902833213
0.3640049988608997
0.48908717712498806
0.3659286753286488
0.42380802628219816
0.4246768650832814
0.36587079899700914
0.48930104576316374
0.3640506455778169
0.46357464866845843
0.3846625226794393
0.377506671061699
0.4711081784719481
0.36346178124263606
0.485303696793812
0.3673887539888998
0.41113451110367083
0.4373817142850753
0.365376167513907
0.4917248100254239
0.3647294487380266
0.455418361556123
0.39297178544339106
0.37270345828124346
0.476983886155475
0.3632640095562109
0.48089836352672444
0.36994342307446926
0.4003269987563869
0.448180895772252
0.36510035862483925
0.49241468044120296
0.3651703120834482
0.4460474583889218
0.4024740621253106
0.3693123186657215
0.48188302287247425
0.3632834376989863
0.47582407873033844
0.37359007228225266
0.39110015272506726
0.4572461608021784
0.3645973695110978
0.49134876802533867
0.3654398715161251
0.43480079271074046
0.41370626498667423
0.36698143789147564
0.4861766808973177
0.36354760895538735
0.4697026346610186
0.37876771059788084
0.3830650066260083
0.4651834747298149
0.3639054987269623
0.4885883361753035
0.36607409856047357
0.42186539702636644
0.4266207290204505
0.3657558293571732
0.4897586591770815
0.36415467002581725
0.4624348256836212
0.38580847045670424
0.3766864011389351
0.4720483881354855
0.3634127122006122
0.4846854323400144
0.3677000695855137
0.40941194365911115
0.4391097837283616
0.36533756893294816
0.49193758776177576
0.3648134421545595
0.4541243451055473
0.39429461031606056
0.37212807769224787
0.4777588223236671
0.3632558681235603
0.48020081135399223
0.37040729011333573
0.39888497895549635
0.44960866182159087
0.3650450353883101
0.4923682001982116
0.3652128851693378
0.44452155136498
0.40400484883770815
0.36890299479812305
0.4825485660070606
0.36330291391690406
0.4749937164546202
0.37424351226566643
0.3898352035607088
0.45848119537998133
0.3644998387178673
0.49104208702677726
0.3654926910473195
0.4329646382890351
0.4155360813349547
0.3667303126749871
0.4867634241369605
0.3636173867225833
0.46869988769848947
0.37969142383241455
0.3820055573757638
0.4662673609193152
0.3638110421373751
0.4880645711133986
0.36624258424674
0.4199356135327792
0.4285533757118648
0.36565937278175015
0.4901845075549275
0.3642597709424562
0.4612730509130971
0.3869853426318667
0.3759073482537435
0.47296263141565104
0.3633715709516373
0.48405620993460585
0.36803489487058977
0.4077357854338661
0.4407900304441028
0.36530093422560705
0.4921116981571466
0.3648908691459215
0.4528035594562353
0.39564177582273397
0.37158115645486406
0.4785133086754856
0.36325160384792077
0.4794879724136943
0.37089456342666005
0.3974743319812587
0.4510010738540325
0.3649833484257419
0.4922836107714932
0.365251973593478
0.4429512410437566
0.4055767401407784
0.36851566675163117
0.4832026971417876
0.363328072703617
0.47413893353157727
0.37493242333188254
0.38859486949609057
0.4596937953071548
0.36439843220533663
0.49069805373469694
0.36555558854774683
0.4310915566817051
0.41740342319735374
0.36650438998761226
0.4873341785824149
0.36369544305357426
0.4676722746459232
0.3806571746965286
0.380985320261868
0.46732740266641176
0.3637229564296269
0.48751882208791775
0.36643527911734464
0.41802760756379426
0.43046568287971587
0.3655790264033142
0.49057637591647707
0.36436429521572056
0.46008955265623286
0.3881907427304855
0.3751681523109056
0.473851047347167
0.3633377530234035
0.4834163968841986
0.36839257506352785
0.40610549096194015
0.4424223675134176
0.3652643447206418
0.49224726322457735
0.36496150703302677
0.4514537867746688
0.39701474649651547
0.37106087095158724
0.47924886436363945
0.3632510060928117
0.4787583209963263
0.371406414077127
0.3960924004263874
0.4523609798965066
0.3649149595319455
0.4921607376356334
0.36528892895441
0.44133455378598224
0.4071921933032496
0.36815055786848533
0.4838460107360628
0.3633596219261702
0.4732589670112632
0.37565881993316785
0.38738050695378046
0.4608844745335431
0.36429444343673534
0.49031781800622465
0.365631171355692
0.4291877874121579
0.4193024760921744
0.36630352099536345
0.48788657020674203
0.36378118036518414
0.46662021481534127
0.38166409055102213
0.3800058493595765
0.4683631382078302
0.36364227980053576
0.4869538548872242
0.36665288906356386
0.4161490758962823
0.43234965863300057
0.3655122277280878
0.490932516894529
0.36446670784101853
0.4588842366168317
0.389422671470407
0.3744670744090095
0.4747140755312341
0.36331056268434847
0.4827658897929087
0.3687725992660016
0.40451945882148577
0.44400780683607655
0.3652261224265178
0.4923444781968759
0.36502538178543276
0.4500724247758029
0.3984156272986439
0.3705656251968107
0.479967083167819
0.36325404442492987
0.4780102622800885
0.3719443435944132
0.39473690644840626
0.4536910747241067
0.3648397631472823
0.4919993798883264
0.3653253480790351
0.4396701847747496
0.4088530811287633
0.36780811512151423
0.4844787479680749
0.3633982709107658
0.4723532865401007
0.3764245339499048
0.38619396207862644
0.4620534358743336
0.3641893544727872
0.4899029726851407
0.3657220298259725
0.42726090045093695
0.42122599848636894
0.3661271427228821
0.48841791734950235
0.3638736660651433
0.4655441498663371
0.38271078989715757
0.3790681823779392
0.46937414682084166
0.36356972207608035
0.4863721525328164
0.36689569585941734
0.4143063083542554
0.4341986192317419
0.36545636461308423
0.4912516394460008
0.36456564915551287
0.4576566883551225
0.39067960782471467
0.3738021448613845
0.4755524091459747
0.363289285119878
0.4821042004149987
0.36917466623785294
0.4029753874278362
0.4455481355298572
0.3651848351305497
0.4924035324482381
0.3650827560412556
0.44865665499068386
0.3998469743689192
0.3700941330952943
0.48066952485121167
0.3632608711804049
0.47724224150505595
0.3725101104159868
0.39340615791598216
0.4549937174959527
0.3647578986900488
0.4917993814208995
0.36536307140394086
0.43795782530320904
0.41056033446660545
0.36748895566483186
0.4851007044423471
0.36344466299839095
0.4714216516803077
0.37723106563641756
0.38503751506705775
0.46320055391120973
0.36408478751278794
0.4894555807946333
0.365830632342871
0.42531967781965563
0.423165434028398
0.3659742546874731
0.4889253218551015
0.36397166208484466
0.46444459661116055
0.3837953740867275
0.3781728642998265
0.47036000313037196
0.3635056531245143
0.4857758497067287
0.36716359573474927
0.4125041531023994
0.43600723153147225
0.3654088666898757
0.49153286202519275
0.3646599686596428
0.4564061974549719
0.39196053735750036
0.37317129753246814
0.4763669356069601
0.36327324309492776
0.48143054641452915
0.36959872036266567
0.40147059879692265
0.44704561858507247
0.3651392922450738
0.4924245574979409
0.36513411824016634
0.44720362607433384
0.4013115839446211
0.36964546520499875
0.48135761928058163
0.363271809001922
0.4764528365501036
0.3731056416023893
0.3920991779177136
0.45627081630088423
0.3646697596115577
0.4915607201897223
0.36540416997438874
0.436198440273646
0.41231362901488056
0.3671937724865931
0.48571117043276435
0.3634992967247612
0.4704641209492579
0.3780794561404711
0.38391373208495777
0.46432541867224697
0.3639824284848143
0.48897814247006993
0.36595921107057255
0.42337378298700157
0.42511123688028835
0.36584341656047337
0.4894058162191081
0.3640736850728471
0.46332214874855904
0.3849155008038051
0.37731994876363933
0.47132029426901795
0.36345011540998406
0.4851666784200217
0.3674561698716088
0.4107460037967758
0.4377715392446969
0.36536727479736486
0.49177565851168736
0.36474874602079377
0.4551317419581856
0.3932649978930625
0.37257245848249254
0.47715870882863776
0.3632618392933306
0.48074391181195475
0.37004498287345367
0.40000225516903176
0.4485028053571026
0.3650885360155307
0.4924076025265075
0.3651801779087498
0.4457105862961367
0.4028123305511969
0.36921904742286715
0.48203261166656075
0.36328732724914586
0.4756408012702675
0.373732960690819
0.39081571554909034
0.45752381994698554
0.3645759941062783
0.4912835952950213
0.36545091997973234
0.43439441037045523
0.4141112057597892
0.3669232042327957
0.48630892722356195
0.36356244812253424
0.46948098487851586
0.37897022478776654
0.3828252212712585
0.4654274541787419
0.3638839264691882
0.4884734797157139
0.36610966008661744
0.4214331956875659
0.4270534333269513
0.365732775300887
0.48985655388902105
0.3641780963610396
0.4621773912452348
0.38606857387789384
0.3765089730501797
0.47225471139907105
0.36340286082590384
0.48454590996249725
0.3677727938043933
0.40903377758485077
0.43948900767038024
0.3653292927778712
0.49197980158085286
0.36483130610290176
0.4538319188903664
0.39459316621221163
0.37200359700882707
0.4779289556844532
0.36325459031488083
0.4800430727641125
0.3705139915125381
0.3985674804957833
0.44992243170058754
0.3650318331859089
0.4923526277891182
0.3652218684030086
0.44417496275679624
0.4043520607834105
0.36881462662749054
0.4826955410618409
0.36330801256773726
0.4748050638838689
0.37439413904633867
0.38955616918486996
0.45875378721480276
0.3644774968697681
0.49096849801028114
0.3655057653352764
0.43254954169864485
0.415949828381808
0.36667769764615427
0.4868922893754437
0.3636341080602744
0.46847265058915644
0.3799033719065332
0.38177436317606567
0.46650606208709566
0.363790786212806
0.4879445565689068
0.36628346586755234
0.4195075379623915
0.4289822955320002
0.3656401305329852
0.4902749932857202
0.36428320885460597
0.46101075857793306
0.38725200972944945
0.3757389502583715
0.47316316665418656
0.36336341111956205
0.4839143094313696
0.3681127737182254
0.4073679466456966
0.44115852429404645
0.36529282617197284
0.49214529352759784
0.36490722802397396
0.4525048708369747
0.39594593990042437
0.3714627727346361
0.47867908053175023
0.3632511565260918
0.4793266173576783
0.3710066367942425
0.3971634636335735
0.4513073434211895
0.3649686715382298
0.492259509825283
0.36526035490980185
0.44259445282148063
0.4059334780042311
0.36843223038727707
0.4833472170142764
0.3633345354535001
0.4739447185644796
0.3750912470108592
0.3883214970566792
0.4599614600796856
0.3643753946082666
0.4906162692133972
0.365571267455423
0.4306690215812249
0.4178248036406137
0.36645739429905655
0.4874591627002933
0.36371394276745594
0.4674395443977415
0.3808784045726941
0.3807631094968033
0.4675607159655296
0.36370427551305823
0.4873942866807386
0.3664816763313142
0.41760549223682225
0.43088892673878104
0.365563033735597
0.4906590215912827
0.3643873893599321
0.45982241018802683
0.3884634884842826
0.3750084241133784
0.47404586759049766
0.36333113459081673
0.4832721334127634
0.36847547904372246
0.40574770147330824
0.4427802727192149
0.3652560089931506
0.49227228050402927
0.3649763454635543
0.45114828323599865
0.3973249386610994
0.37094820500448233
0.479410627650688
0.36325136650544815
0.47859299576136327
0.3715241679912803
0.39578761304987187
0.4526603707794184
0.3648987637994092
0.4921280635095839
0.3652970434303867
0.4409672053970096
0.40755893807687477
0.3680721350539459
0.4839881633044566
0.3633676091143686
0.47305904878435234
0.37582627035719296
0.38711316705431736
0.4611472855773261
0.364271025877178
0.4902281535435046
0.36565003797997914
0.42875938997049917
0.419729995689586
0.36626205602810635
0.4880070988198173
0.3638012787293762
0.466382086029561
0.3818943389439168
0.37979289762058593
0.46859096830641744
0.36362536161035186
0.4868253801507617
0.366704900561831
0.41573444920301655
0.43276561855531415
0.36549890229235604
0.49100699613338705
0.3644891380286016
0.4586121782546636
0.3897011136075573
0.3743155910486938
0.47490331582636713
0.363305325484121
0.4826191842940452
0.3688604413927353
0.40417125287423633
0.44435546679623245
0.36521721805690366
0.49236096248239025
0.3650387383218332
0.44975948910641894
0.3987323867447593
0.37045836069082966
0.48012519288188665
0.36325523094945456
0.4778406125012842
0.3720681514311996
0.394437765260832
0.45398414823921907
0.3648220580338518
0.4919580908500527
0.3653335856715705
0.4392921095548374
0.40923013484243304
0.3677348314941483
0.4846185291255842
0.36340793453641923
0.4721475848260075
0.37660097998247966
0.3859331295552117
0.46231139337830374
0.36416590913952396
0.4898058479873415
0.36574464974383253
0.4268285035867401
0.4216578537996832
0.36609102352695194
0.4885333580504798
0.3638951115876301
0.4653007300697319
0.3829496769698157
0.37886465339857706
0.4695963998566385
0.3635546785714564
0.486240247052321
0.36695333000110164
0.4139003776739857
0.43460598712493476
0.36544512626244585
0.4913177218840237
0.3645871395720127
0.45737958079128405
0.390963475043514
0.3736584495836315
0.47573625239235295
0.36328527304020186
0.48195490098750815
0.3692674117888599
0.4026361903324257
0.4458860231080818
0.36517507568886315
0.49241151935663435
0.3650947204200743
0.4483356478212219