0.7676767676767677
0.7676767676767677
0.8942162110798617
1.0025232053703401
1.111877798062522
1.2374680900612993
1.2264721470017013
1.099387809476113
0.9917229207306715
0.8806704140729085
0.7569555133546989
0.7816218545285664
0.9089449260131715
1.0162494546030236
1.1299804132946103
1.2495676893205243
1.2061860160238205
1.0791955247720573
0.9720006889685578
0.8544353730974552
0.7439756483920537
0.8114352901077793
0.9368720642489501
1.04413271756612
1.1660766738248594
1.2590859068509654
1.1669685682588307
1.0448575248912575
0.9375938680584437
0.8122564539757238
0.7437578178326057
0.8536892844307135
0.9714295584931545
1.07862480435822
1.2055815141604667
1.2498452067145356
1.1305060919198975
1.0166419801274698
0.909346688984038
0.7820228067339493
0.7567099586900269
0.8803146130164209
0.9914541988011386
1.0990994755013626
1.2261999300508872
1.2376791508266813
1.1121412686271144
1.0027326531681513
0.8944582742777611
0.7678907488262773
0.767463902246207
0.8939746526865237
1.0023149177309492
1.1116165534795055
1.2372578311489104
1.2267406945272195
1.0996729260271791
0.9919879739010568
0.8810209018306767
0.7571992643193532
0.7812277579731127
0.9085491439148303
1.0158633266622878
1.1294631768722947
1.249290541677138
1.206781046240594
1.07975877028632
0.9725640144793254
0.8551725210265129
0.7441989821238186
0.8106215413736593
0.9361545311952677
1.0434120423198423
1.1651872237524339
1.259075291107022
1.1678618680107105
1.0455856599175504
0.93831916031962
0.8130841919115042
0.7435459481736717
0.8529349039832256
0.9708510609784096
1.0780470350987872
1.2049679349933105
1.2501227484485464
1.1310399333699026
1.0170407213442483
0.9097542447421966
0.7824304582105193
0.7564627707846519
0.8799536219061488
0.9911818921491382
1.0988080171140422
1.2259241207110834
1.2378909277961083
1.1124068945590977
1.002943208906189
0.8947007804735927
0.7681057855577189
0.7672522098823501
0.8937336588735775
1.0021078384040365
1.111357597748332
1.2370484545838432
1.227005508050735
1.0999547444082387
0.9922492877951207
0.8813659731048286
0.7574410536888245
0.7808406466827533
0.9081595051854077
1.0154837511946126
1.128954624340901
1.2490140945043988
1.2073662570643606
1.0803141556605023
0.9731191399755972
0.8559001333140466
0.7444273512756868
0.8098159964215366
0.9354420140219495
1.0426962672465183
1.164301224445998
1.2590541104781077
1.1687555468222623
1.04631631840957
0.9390471575437721
0.8139176507711966
0.7433404739744681
0.8521728993813965
0.9702656506841512
1.0774626574348563
1.2043456919395177
1.2503999682096107
1.1315816440521673
1.0174454867069043
0.9101673973616291
0.7828446433410317
0.7562141216011626
0.8795875686279029
0.9909060867790397
1.0985135272508109
1.2256447968527069
1.2381033391263894
1.1126746085871777
1.0031548250136755
0.8949436757991959
0.7683218238559598
0.7670417365695442
0.8934932775981113
1.0019020031613075
1.1111009756590957
1.2368400270955837
1.2272665458605398
1.1002332073552585
0.9925068157067476
0.8817055583539903
0.7576807463754486
0.7804606083608318
0.907776131148188
1.0151108410319334
1.1284549393098593
1.2487386506948062
1.2079413712681502
1.0808613598653825
0.9736657366660748
0.8566177006467998
0.744660292280626
0.8090193547754527
0.9347351872275388
1.041986090254711
1.1634196065538698
1.2590224633061695
1.1696486355662756
1.0470487325191191
0.9397771109319002
0.8147560063257367
0.7431417955862047
0.8514039202706486
0.9696737704181766
1.0768720986371514
1.203715188323062
1.2506765321698572
1.132130941091348
1.0178560934616365
0.9105859617708727
0.7832652059857867
0.7559641735128867
0.879216569482781
0.9906268586144442
1.0982160861273393
1.2253620250972665
1.2383163154933556
1.1129443579012794
1.0033674671122648
0.8951869238372417
0.768538824499818
0.76683250923644
0.8932535360125496
1.0016974279895292
1.1108467049833062
1.23663259395019
1.2275237976491615
1.1005082904759635
0.9927605431297069
0.8820396325759878
0.7579182388234006
0.7800876769826123
0.9073990895377047
1.0147446551516435
1.1279642313384541
1.2484644738065358
1.2085062008737237
1.0814001448582278
0.9742035606480702
0.8573248248023728
0.7448973598857015
0.8082321963747445
0.9340346261980492
1.0412821101395244
1.1625431873145926
1.2589804890175573
1.1705402622267758
1.0477822041519365
0.9405083394589515
0.8155985018427896
0.7429502710467647
0.8506285631246595
0.9690758245569742
1.0762757461440178
1.2030767886963754
1.250952130949418
1.1326875769240994
1.018272385885547
0.9110097820744024
0.7836920180760443
0.7557130689789457
0.8788407132728644
0.9903442617726038
1.097915749137617
1.2250758490910707
1.2385298079760705
1.113216114572052
1.0035811218436286
0.8954305140736183
0.7687567709357513
0.7666245294149416
0.893014432833415
1.0014941030463802
1.110594769457345
1.2364261726426173
1.2277772907073357
1.1007800092693543
0.9930104937729153
0.8823682229076698
0.7581534656569437
0.7797218249607475
0.9070283859650461
1.0143851908032633
1.1274825252981193
1.2481917790002315
1.2090606595821303
1.0819303685805184
0.9747324656418977
0.8580212365010176
0.745138140076325
0.8074549593652199
0.9333407856093368
1.0405848045943622
1.1616726409897202
1.2589283593612535
1.1714296846467906
1.0485161330291675
0.9412402577579095
0.8164444814085856
0.7427662114391295
0.8498473401260208
0.9684721548720696
1.0756739237587605
1.2024307927665205
1.2512264892595268
1.1332513617729965
1.0186942520060334
0.9114387481948247
0.7841249967629869
0.755460921726422
0.8784600468043517
0.9900583179647093
1.0976125361164724
1.224786278930491
1.2387437945946123
1.1134898845915642
1.003795803483033
0.8956744687701242
0.768975675856274
0.7664177686094722
0.8927759325075685
1.0012919883061748
1.110345114052514
1.2362207483413925
1.2280270934900779
1.1010484234328903
0.9932567329314831
0.882691412600644
0.7583864038802975
0.7793629596013738
0.9066639596412724
1.0140323798854673
1.1270097565212964
1.2479207270006227
1.2096047683572257
1.0824519915387987
0.9752524092142236
0.8587068046890456
0.7453822608057401
0.8066879273900995
0.9326539860104247
1.0398945164847206
1.1608084792516478
1.2588662681634697
1.1723163138502029
1.0492500375060088
0.9419723968702205
0.8172934156158885
0.7425898799028161
0.8490606543765806
0.9678630209237705
1.0750668724298764
1.2017774138298878
1.251499372539269
1.1338221823812884
1.0191216376086543
0.9118728096610355
0.784564118908273
0.7552078100559216
0.8780745628078114
0.9897690077407528
1.0973064226794542
1.2244932824479688
1.238958285088533
1.113765714959041
1.004011558933865
0.895918847857615
0.76919558608497
0.7662121656049131
0.8925379614817998
1.001091011098218
1.1100976427216
1.2360162713095306
1.2282733164735617
1.1013136383242768
0.9934993681465412
0.8830093413252461
0.7586170744571923
0.7790109238257116
0.9063056834005553
1.0136860895656306
1.126545771729936
1.2476514213984
1.2101386541660752
1.082965076854002
0.9757634524082308
0.8593815370455882
0.7456293997619208
0.8059312268220395
0.9319744091772416
1.0392114489941005
1.1599510425268575
1.2587944205910189
1.1731997265715906
1.049983566843494
0.9427044165500259
0.8181449179045769
0.7424214941484641
0.8482687831623138
0.9672485864063404
1.0744547369607755
1.2011167632549091
1.2517705901589447
1.1344000156848995
1.019554556551342
0.9123119855888839
0.7850094319051978
0.7549537727185994
0.8776841910929483
0.9894762641601014
1.0969973341999604
1.2241967789305919
1.2391733236533007
1.114043698377594
1.0042284708143767
0.8961637515909416
0.7694165854920114
0.7660076258051561
0.8923004067335243
1.000891065608687
1.1098522186400333
1.235812656383724
1.2285161104076314
1.1015758036424668
0.9937385472736837
0.8833222020086947
0.7588455412923106
0.7786655008372495
0.9059533677622105
1.013346126837133
1.1260903353279805
1.2473839093399322
1.2106625423723805
1.0834697841440364
0.9762657531825254
0.8600455721608263
0.7458792886807574
0.8051848336113536
0.9313021021381019
1.0385356695525838
1.1591005024155057
1.2587130229178
1.1740796665080964
1.0507165043281232
0.9434361084977931
0.8189987506026891
0.7422612320257898
0.8474718703532194
0.9666289123592067
1.0738375595309835
1.200448842083136
1.2520399950422945
1.13498493648165
1.0199930966790776
0.9127563701842833
0.7854610600902032
0.754698807619686
0.8772887935209169
0.9891799692955687
1.09668514279707
1.2238966356712722
1.2393889894934704
1.1143239752917062
1.004446658475999
0.8964093208544677
0.7696387957958498
0.7658040225654081
0.8920631165760118
1.0006920142946085
1.109608666806824
1.2356097844618334
1.2287556622234548
1.1018351095607124
0.9939744542336362
0.8836302346183291
0.7590719078057829
0.7783264221836039
0.9056067685277489
1.0130122464754754
1.1256431403193574
1.2471181854112439
1.2111767436681677
1.0839663579945158
0.9767595544514129
0.8606991643729482
0.746131714007614
0.8044485887763668
0.9306369891704146
1.0378671218453357
1.1582568745138277
1.25862227369285
1.1749560346390069
1.0514487613151755
0.944167390572606
0.8198548204851996
0.7421092394630914
0.8466699283443184
0.9660039576576109
1.0732152804174324
1.1997735403065084
1.2523074798273939
1.1355771185798809
1.0204374209387064
0.9132061334075637
0.7859192063070358
0.7544428734082282
0.8768881631208423
0.9888799537914101
1.0963696675113686
1.2235926675676139
1.2396053951890915
1.114606733162318
1.0046662769189605
0.8966557351464323
0.7698623752348609
0.765601200370389
0.8918259036231029
1.0004936910548374
1.1093667787466983
1.2354075058365463
1.2289921889708735
1.102091780673537
0.9942073028316745
0.883933717447435
0.7592963114247601
0.7779933785043834
0.9052655972368105
1.012684161692803
1.1252038228902548
1.246854198326343
1.2116816366974925
1.0844551120531216
0.9772451677969323
0.8613426626434966
0.7463865139876611
0.8037222210702174
0.9299788905940359
1.0372056447139664
1.1574200403163557
1.258522357038414
1.175828869673183
1.0521803628760376
0.9448982926331754
0.8207131643756238
0.7419656399455216
0.8458628493022344
0.965373586710652
1.072587745828504
1.199090643872213
1.2525729699201338
1.1361768293288463
1.020887763599059
0.9136615167431439
0.7863841484909294
0.7541858938314822
0.8764820274227015
0.9885759995112698
1.0960506776570038
1.223284639801984
1.2398226829958747
1.1148922030333943
1.00488751368634
0.8969032083927679
0.7700875152080957
0.7653989796225249
0.8915885496925721
1.000295905922281
1.109126318964145
1.235205645125712
1.2292259302342226
1.1023460682069395
0.9944373291035443
0.8842329565493092
0.7595189164089533
0.777666032169995
0.9049295337043017
1.012361556700372
1.1247719795701103
1.2465918598867631
1.2121776476753086
1.0849364099521663
0.9777229540866634
0.8619764850917341
0.7466435725063605
0.8030053750364216
0.9293275468568957
1.0365509964257817
1.156589776399474
1.25841343859015
1.1766983202421732
1.0529114262207468
0.9456289351485283
0.8215739259146553
0.7418305446305573
0.8450504249183316
0.9647375838601465
1.0719547223390076
1.198399849004064
1.2528364139814323
1.1367844178200477
1.0213444217641
0.9141228242981142
0.7868562314247899
0.7539277645763993
0.8760700558443549
0.988267845143493
1.095727899168587
1.2229722734704118
1.2400410193037361
1.11518065358183
1.0051105839163799
0.8971519828414667
0.7703144350817399
0.7651971627401128
0.8913508123462737
1.0000984509841815
1.1088870327409357
1.2350040074876456
1.2294571395132585
1.1025982409907449
0.9946647826801606
0.8845282740027053
0.7597399054825424
0.7773440309903438
0.9045982398206276
1.0120441003592002
1.1243471858454306
1.2463310555879341
1.2126652283520778
1.0854106443351539
0.9781933022954328
0.8626010909152925
0.7469028101939523
0.8022976424989249
0.9286826462153634
1.0359028825871763
1.1557657887837332
1.2582956643546992
1.1775646108507798
1.0536421334334578
0.9463595020891848
0.8224373250923963
0.7417040622038216
0.8442323734039985
0.9640956736065759
1.0713159170566795
1.1977007830293687
1.253097772526369
1.1374002973868245
1.02180774261536
0.9145904096968288
0.7873358540721771
0.7536683621937178
0.8756518707645655
0.9879551944838562
1.0954010236159242
1.2226552538828876
1.2402605875615231
1.1154723829588158
1.0053357238138254
0.8974023213673815
0.7705433754367568
0.7649955412224906
0.891112432706809
0.9999011071999647
1.1086486548358718
1.2348023857694206
1.2296860750650958
1.102848575711246
0.9948899176692043
0.8848199956901814
0.7599594707694073
0.7770270221920059
0.9042713738036329
1.01173146011607
1.123929015124307
1.2460716562016714
1.213144833643976
1.0858782152574342
0.9786566078153724
0.8632169514241972
0.7471641734497081
0.8015985954933293
0.9280438542341587
1.0352609858967041
1.1549477502180228
1.25816916252254
1.1784280038408725
1.0543727003075747
0.9470902098645619
0.8233036224886132
0.7415863076438091
0.8434083720983379
0.9634475454914141
1.0706710023622648
1.1969930305671495
1.2533570054029033
1.138024923315482
1.0222781070318132
0.915064659444165
0.7878234531100203
0.7534075546016212
0.8752270617378128
0.9876377269903638
1.0950697194379064
1.2223332411339212
1.240481580039692
1.1157677088263938
1.0055631828658338
0.8976544985773234
0.7707745900955064
0.7647939033132293
0.890873144150466
0.9997036517645215
1.108410918632455
1.234600568213105
1.2299129906920625
1.103097346959588
0.9951129835375327
0.8851084392423306
0.7601778045301029
0.7767146659126882
0.9039486041300613
1.0114233154702352
1.1235170570168156
1.2458135296528672
1.2136169001643484
1.0863395091710861
0.9791132514706231
0.8638245218387507
0.7474276221374765
0.8009078187017016
0.9274108433414021
1.0346249959435225
1.154135338093281
1.2580340480495047
1.1792887597441424
1.055103343216563
0.9478212742293346
0.8241730804047119
0.7414774091767226
0.842578093782084
0.9627928822308238
1.0700196438378888
1.1962761636604589
1.2536140589660463
1.1386587669210846
1.0227559104151986
0.9155459736028401
0.7883194834719958
0.7531452125915775
0.8747952021559422
0.9873151100975843
1.0947336448447538
1.2220058824359807
1.2407041888514583
1.1160669570722717
1.0057932151803493
0.8979087911511421
0.7710083373148202
0.7645920418784886
0.8906326814494626
0.9995058656540982
1.1081735652806268
1.234398346334072
1.230138126936145
1.1033448175740088
0.995334216451017
0.88539390275489
0.7603950901841223
0.7764066475314633
0.9036296224348516
1.0111193702845738
1.123110933992227
1.2455565525238708
1.2140818267725408
1.0867948796069873
0.9795635803476591
0.8644242153717353
0.7476931167594943
0.8002249395781473
0.9267833207518412
1.0339946373358324
1.1533282707508012
1.2578904296164237
1.1801470984180533
1.0558342460222883
0.9485528771560672
0.825045923216995
0.7413775128522121
0.8417412445928321
0.9621313895162664
1.069361529824219
1.1955497742147194
1.2538688537753744
1.1393022873415803
1.023241541701643
0.9160347447754895
0.7888243968764521
0.7528812217052288
0.8743558675313564
0.9869870126853232
1.0943924617511276
1.221672825615939
1.24092859668961
1.1163704497529
1.0060260703679331
0.8981654678899558
0.7712448705734096
0.7643897621124492
0.8903907899191483
0.9993075409887728
1.1079363523882213
1.2341955225832868
1.2303617031079381
1.103591229747166
0.9955538314928825
0.8856766548288673
0.7606114940747501
0.7761026882347081
0.9033141547405721
1.0108193633357594
1.1227103155874023
1.2453006205551687
1.2145399581144227
1.0872446305452304
0.9800078914225536
0.8650163809492464
0.7479606059367924
0.7995496545262949
0.9261610531979567
1.0333696945740591
1.1525263400791235
1.2577384183971034
1.1810031632958682
1.0565655290194114
0.9492851356772004
0.8259222993470658
0.741286784349703
0.8408976013049565
0.9614628257652555
1.0686964009180657
1.1948135069276784
1.2541212736232166
1.1399559025721446
1.0237353616716356
0.916531336505502
0.7893386194561102
0.7526154938153761
0.8739086544617978
0.9866531190147535
1.0940458500278445
1.221333733092409
1.2411549677627949
1.1166784928722442
1.0062619844239498
0.8984247799698777
0.7714844294145101
0.7641868886838956
0.890147234116194
0.9991084878486498
1.1076990618351745
1.2339919174106848
1.2305839105374452
1.103836797334107
0.9957720161382635
0.8859569264164509
0.7608271583968427
0.7758025533108155
0.9030019704666268
1.0105230765913986
1.122314929472099
1.245045657565334
1.2149915719646553
1.0876890033184525
0.9804464188123259
0.8656012857221325
0.7482300150117298
0.7988817497127584
0.925543887084825
1.0327500322649632
1.1517294384948054
1.2575781379156865
1.1818569909330179
1.0572972218374763
0.9500180746313293
0.8268022472239179
0.7412054078293129
0.8400470456828169
0.9607870300285961
1.0680240776466803
1.1940670907740087
1.2543711566445677
1.1406199613897252
1.0242376817742953
0.9170360623063811
0.7898625297248689
0.7523479777294133
0.8734531992421766
0.9863131423775532
1.0936935213002126
1.2209882955829743
1.2413834394295336
1.1169913646490606
1.0065011710948861
0.8986869519165389
0.7717272308285512
0.7639832719490525
0.8899018056336206
0.9989085401917821
1.1074615063104343
1.2337873753608108
1.2308049073843101
1.1040816997505338
0.9959889253103218
0.8862349048761708
0.7610421956591251
0.7755060577728419
0.9026928887698581
1.0102303408090754
1.121924568827394
1.2447916222874358
1.21543687099317
1.0881281677202868
0.9808793252980734
0.8661791032807077
0.7485012365401448
0.7982211153731454
0.9249317629113878
1.0321356095065712
1.1509375786780578
1.2574097341617656
1.182708487793579
1.0580292420659558
0.950751605100058
0.8276856674930902
0.741133581865771
0.8391895936505719
0.9601039462497232
1.0673444845436033
1.193310367051203
1.2546182891642599
1.1412947178950004
1.0247487447505028
0.9175491665898386
0.7903964382017319
0.752078668144533
0.872989195021176
0.985966837655107
1.093335231481508
1.2206362447397663
1.241614115026931
1.1173093049542815
1.0067438142269824
0.898952173818596
0.7719734616718079
0.7637787928786882
0.8896543295513824
0.9987075605433073
1.1072235342112906
1.233581769857723
1.2310248152829542
1.1043260777912587
0.9962046782786897
0.886510730545414
0.7612566849888028
0.7752130690316956
0.9023867818895636
1.0099410381773928
1.1215390956691118
1.2445385127174318
1.2158759793605667
1.088562217785975
0.98130669855608
0.8667499081999629
0.7487741233513288
0.7975677527996929
0.9243247230887939
1.0315264875702939
1.150150904798926
1.257233385066158
1.1835574158733992
1.0587613811131307
0.9514855100732194
0.8285723034848576
0.7410715127410346
0.8383254171756578
0.9594136421520211
1.0666576689281753
1.1925433120319848
1.2548624027950877
1.1419803103995276
1.0252687083534382
0.9180708087687994
0.7909405700428882
0.7518076123302551
0.8725164063763824
0.9856140119677639
1.092970791223267
1.220277363892102
1.2418470583665158
1.1176325066017956
1.0069900615895235
0.8992205952791568
0.7722232726077167
0.7635733663878775
0.8894046691341426
0.9985054431627213
1.1069850326034676
1.2333750063792885
1.2312437180189029
1.1045700316196214
0.9964193575797254
0.8867844960216553
0.7614706705027492
0.7749235064881288
0.9020835753161764
1.0096551018670752
1.1211584399549699
1.244286367697565
1.2163089442932933
1.0889911724676382
0.9817285522835026
0.867313677202925
0.7490484847162986