0.797979797979798
0.797979797979798
0.9195617274960819
1.0442469804824355
1.1712218277361024
1.22324509863304
1.1173766852002414
0.9914537594936583
0.864701357082756
0.7720027902780692
0.8456786959041632
0.9729865472223478
1.0981229795251344
1.2138088171458266
1.1880776147422152
1.062939793001402
0.9384100172933956
0.8130774528708546
0.7853869635522238
0.9004979433420981
1.0256816037801406
1.1529740366708372
1.228180003370451
1.1366827180276602
1.0098720135989634
0.8840131304525372
0.7772969809874133
0.8275127322713045
0.9544128275476764
1.0790755716852853
1.20100870704103
1.2030188839909135
1.0818021152359705
0.9570925652861297
0.8300508585819342
0.7762362440154558
0.881233131456651
1.007220756003467
1.1339131830932012
1.2277865969400417
1.155664124874189
1.0283458677832849
0.9032549643863613
0.7870126824603818
0.8107771752908141
0.9357095263398347
1.0602410222604879
1.1857578141779324
1.215399559358848
1.1008822413182058
0.9756496853305108
0.8483774426506436
0.7716652142573609
0.8619347803644847
0.9888018871699342
1.1145975090576565
1.2221379542739277
1.173745266660952
1.046928021672245
0.9222860046924487
0.8000153269440545
0.7959955307600683
0.9168328842823005
1.041568525006028
1.1686694063931689
1.2242585615393053
1.1201573261187745
0.9941044799996396
0.8674734801043215
0.7724516159666834
0.8429977346181291
0.9703211459517713
1.0953682464561796
1.2121489450546012
1.190357981568849
1.0656420457041829
0.94110710829444
0.8154163944245597
0.7838320381764123
0.8977364964256327
1.0230195781567666
1.150267101400676
1.2284613926155168
1.1394459518255942
1.012524572985443
0.8867913145167643
0.7784496523315366
0.825004367600315
0.9517304599175465
1.0763535245245373
1.1989483647512968
1.2049766639937889
1.0845332878819498
0.9597697578681844
0.8326171765966155
0.7752709050559674
0.8784520417963245
1.004570490147787
1.1311388269769251
1.2272828157014273
1.158335493670118
1.0310124162400034
0.9060073704848954
0.7887059021436187
0.8085171138323295
0.9330054694026867
1.0575455716842046
1.1834001089108162
1.2169178126017557
1.1036458091896653
0.9783106145166479
0.8510920960434816
0.7714403113941912
0.8591752880392917
0.9861485740691984
1.1118204751009408
1.220940647060387
1.1762381750946507
1.0496117404909184
0.9250058606299176
0.8020999620702646
0.7940648358788184
0.9140993565089053
1.0388925777677476
1.166089596505702
1.2251749465950128
1.122938658524316
0.9967543778265889
0.870249729855167
0.7730098389438984
0.8403364200499737
0.9676534412881631
1.092618198289474
1.2104231643466756
1.1925973351157715
1.0683479501689925
0.9438009565269017
0.817792489811602
0.7823513258588124
0.8949708804393247
1.0203597261222106
1.1475451993146721
1.2286295679414316
1.1422012911637436
1.0151787005213275
0.8895670510687063
0.7796906965218775
0.8225272931719518
0.9490453634543102
1.0736358189988484
1.196839939974094
1.2068796548942622
1.087269191874733
0.9624444755353654
0.8352100667901785
0.7744042807697753
0.8756706860275929
1.0019208702642808
1.1283610072861197
1.2266707122529676
1.1609862970078084
1.0336812857503357
0.9087550375590963
0.7904634772461578
0.8062988797598816
0.9302976734780571
1.0548532890119438
1.18100599432857
1.2183601035357052
1.106413391656083
0.980969412509122
0.8538207797856552
0.7713290449271654
0.8564245251290623
0.9834935774220421
1.1090461729303074
1.2196567697098273
1.1786990412366134
1.052298242706176
0.9277214580889471
0.804231689663497
0.7921901891845953
0.9113610603235418
1.0362190755951644
1.163484044556396
1.225991029530961
1.125719804333577
0.9994038125134302
0.873028811635669
0.773675216950225
0.8376965794526522
0.9649833982023217
1.0898729279396302
1.2086345408170696
1.19479402803709
1.0710576819228266
0.9464917090713789
0.8202042543447343
0.7809483464364851
0.892201422049535
1.0177019546852064
1.1448101970960751
1.2286838051143876
1.1449470434474924
1.017834614928092
0.8923397918472024
0.7810165010521207
0.8200830068901201
0.9463574257848206
1.070922286158778
1.1946853810472398
1.2087252955155767
1.0900098906135416
0.9651167747247452
0.837827854869182
0.7736394902756656
0.8728899979617747
0.999271526232441
1.1255809554861314
1.2259527073059682
1.1636147294583217
1.0363525116457193
0.9114979027685599
0.792282424437623
0.8041241608731335
0.9275859613255933
1.052164032562624
1.1785769483688238
1.2197228738010277
1.1091846263474847
0.9836261897569676
0.8565616426401155
0.7713318958914892
0.8536842271453567
0.980836702493507
1.1062751108884126
1.218289943487439
1.1811263779674488
1.0549876470726427
0.9304329704676176
0.8064086227615197
0.7903742382701672
0.9086179547473192
1.0335479682568833
1.1608544530083538
1.226703809176784
1.1284997719450838
1.0020531613167554
0.8758095569719322
0.7744451625621496
0.8350799939905171
0.9623109793996627
1.0871324694254403
1.2067859731678
1.1969463277122754
1.0737714189679817
0.9491795020115034
0.8226502129969974
0.7796266881933616
0.8894285199129888
1.0150461339468544
1.1420639246359352
1.2286238691081013
1.1476814353556302
1.0204924875102885
0.8951090672268469
0.7824234465155511
0.8176729883825516
0.9436665219888236
1.0682127497264107
1.1924865176788073
1.210510851354789
1.092755400804222
0.967786700208998
0.840468810372609
0.7729794040325095
0.8701110288323651
0.9966220772778178
1.1227997778148722
1.2251315428426288
1.1662190359681242
1.0390261346155027
0.9142359594982392
0.7941599310857026
0.8019947389548069
0.9248701552845695
1.0494776720404577
1.1761144468647187
1.2210025143689107
1.111959077631324
0.9862810973260888
0.8593128819181617
0.7714488519241534
0.8509561997530621
0.978177800399411
1.1035077208804067
1.216843775778588
1.183518709697888
1.0576800844726952
0.933140575514862
0.8086289846850663
0.7886198044077927
0.9058700490635464
1.0308792154601674
1.1582025795886968
1.227310558429394
1.1312774489530109
1.0047028048254563
0.8785909206603785
0.7753167916964718
0.8324883913520691
0.959636139602472
1.0843968035375255
1.2048801872181856
1.1990523989040887
1.076489337360777
0.9518644596611614
0.8251288855452155
0.7783899711863468
0.8866526474735418
1.0123920903010435
1.1393081517201806
1.2284500196021433
1.150402634600603
1.0231524461422183
0.8978744822035523
0.7839079472132573
0.8152987127977199
0.9409725154151138
1.0655070317285094
1.1902450778176128
1.2122334151820542
1.0955056856107652
0.9704542890184528
0.8431311496201703
0.7724265933555863
0.8673349533778193
0.9939721466959914
1.1200184600155931
1.2242102323869513
1.168797516888544
1.0417022054809673
0.9169692510513763
0.7960933582598169
0.7999125069130916
0.922150082328049
1.0467940893181895
1.1736199778674157
1.2221954043645464
1.1147362332360746
0.9889343323297362
0.8620727661713149
0.7716794075536352
0.8482422959966384
0.9755167625275466
1.100744361685903
1.2153218214724268
1.1858745579907461
1.0603756971357896
0.935844450340291
0.8108910918708864
0.7869298792724034
0.903117409062355
1.0282127819820452
1.1555302320252197
1.2278088738785589
1.134051597579154
1.0073531122546235
0.8813719745505402
0.7762869741585628
0.8299234430288521
0.9569588217214229
1.0816658647440272
1.2029197355654664
1.20111028692422
1.0792116055143288
0.954546693744006
0.8276387728344257
0.7772418064477454
0.8838743570530896
1.0097396026190877
1.1365445663936897
1.2281630049090495
1.153108773279018
1.0258145821895948
0.9006357136472414
0.7854664876038232
0.8129616657121156
0.938275258455423
1.0628049568558613
1.187962705009861
1.213889913114282
1.0982606490527709
0.9731195762517088
0.8458130433361752
0.7719832820581118
0.8645630726044479
0.9913213761848175
1.1172378747256262
1.2231920100069358
1.1713485284751277
1.0443807881085105
0.9196978632112259
0.7980802385514333
0.7978794851818146
0.9194255803915137
1.0441131793000553
1.1710950547285068
1.2232979536671333
1.1175154993466763
0.9915861399223443
0.8648396553643977
0.772022575954957
0.8455443928186392
0.9728535125475951
1.0979853213023314
1.2137275488513972
1.1881924261687595
1.0630746378264793
0.938544767656435
0.813193336417963
0.7853076159767393
0.9003601619883315
1.0255486309553108
1.15283925805782
1.2281967224578447
1.136820853975242
1.0100044278336102
0.8841518993080022
0.7773523847582057
0.8273867659186045
0.9542789547974831
1.078939549071232
1.2009070021164614
1.2031179018135576
1.081938377275459
0.9572263025082465
0.8301783444329436
0.7761857517492445
0.8810942856227805
1.0070884022324516
1.1337747566126113
1.2277640447296971
1.1557979710463029
1.028478959282021
0.9033925081908374
0.7870956539106487
0.8106633589654275
0.935574593450176
1.0601063556610797
1.1856409758680522
1.215477116539472
1.1010201317006574
0.9757826026212669
0.8485126289626229
0.7716513019736182
0.8617968121982259
0.9886694384083439
1.1144587902383456
1.222080279373881
1.1738704793282018
1.0470619606992384
0.9224219160299936
0.8001182693770688
0.7958978367926381
0.916696505826532
1.0414348507816882
1.1685412276016895
1.2243066486213594
1.120296193967636
0.9942368112457445
0.8676120170935109
0.7724769114082065
0.8428643686065422
0.9701879971412869
1.0952308189952051
1.2120643106361155
1.1904707830797114
1.0657770687831571
0.9412416930909308
0.8155341686780802
0.7837563141467692
0.897598500238971
1.0228867155964418
1.1501315308882931
1.2284724832655705
1.1395837322691555
1.0126570595894748
0.8869299754403452
0.7785095538184897
0.8248799276747727
0.9515964533732615
1.076217722515858
1.198844210747159
1.205073004204212
1.084669784030563
0.9599033699662585
0.8327460281023359
0.7752252645719807
0.8783131622462295
1.0044381770858508
1.1310001963918113
1.2272548028279668
1.158468356469076
1.031145622806825
0.9061446800780849
0.7887921602966675
0.8084053472479077
0.9328703539694633
1.0574110667918308
1.1832814173516624
1.2169916600532946
1.1037839075227007
0.9784434233134758
0.8512280273091232
0.7714320542828982
0.8590377159058508
0.9860160466049187
1.111681879398346
1.2208785639092898
1.176361823431441
1.0497458158781525
0.9251415553557465
0.802205302570346
0.7939698803757118
0.9139627416221626
1.0387590270134148
1.1659600928515248
1.2252181002277345
1.123077538791986
0.9968866772168261
0.8703884379123903
0.7730405410859732
0.8402040832760729
0.9675201765378072
1.092481007699151
1.2103353206936185
1.1927080462087767
1.0684831601531068
0.9439353833489638
0.8179120801689317
0.7822793989915907
0.8948326840571478
1.0202269699293112
1.1474089306201984
1.2286349826022882
1.1423386338057788
1.0153112715606305
0.889705574738969
0.7797549161762655
0.822404455098312
0.9489112178161534
1.0735002294346851
1.1967334372389071
1.2069731936708838
1.087405926287853
0.9625779656436406
0.835340201676906
0.7743636529211535
0.8755318167237301
1.001788579901942
1.1282222370882704
1.2266373512287576
1.1611180852214151
1.0338146091174183
0.9088921083870137
0.7905528691994941
0.8061892452310072
0.9301623667248291
1.0547189384940232
1.1808855235992777
1.2184300653334685
1.106551681544479
0.9811021174779707
0.8539573627806893
0.7713264785831658
0.8562874336947353
0.9833609603947441
1.1089077276073886
1.2195904588134414
1.178821050506255
1.052432460082701
0.927856944666341
0.8043393311372828
0.7920981002359457
0.9112242058774652
1.0360856455134682
1.163353299707492
1.2260290941431582
1.125858650268474
0.9995360985794266
0.8731676294313275
0.7737112043943805
0.8375653620272407
0.9648500157586373
1.0897359772738378
1.2085436367018958
1.1949025643667737
1.0711930876730635
0.9466259849813087
0.8203255870531239
0.7808803945643218
0.8920630436506342
1.017569299315124
1.1446733226583616
1.2286835203548032
1.145083861487286
1.0179672800620074
0.8924781529893165
0.7810848579612544
0.8199618448730939
0.9462231351057243
1.0707869003590798
1.1945766236187438
1.2088159004464427
1.0901468652943134
0.9652501453305162
0.8379591880577449
0.7736040247119993
0.8727511885480411
0.9991392396891896
1.1254421038569038
1.2259141278272656
1.163745354197623
1.0364859536703217
0.9116347332144971
0.7923748056548967
0.8040167449943395
0.92745045435462
1.0520298296368749
1.178454772087232
1.2197887706356125
1.1093230877999156
0.983758797420577
0.8566987860066504
0.771335031445244
0.8535477050884722
0.9807039874155379
1.1061368392911897
1.2182195856359714
1.1812466743321988
1.0551220126927587
0.9305682577153849
0.8065184740205026
0.790285152633234
0.9084808599563585
1.033414656632868
1.160722553445402
1.2267366416782588
1.1286385309190012
1.0021854531061851
0.8759484294334307
0.7744862979229875
0.8349499834900244
0.9621774772306256
1.086995758934958
1.2066921488207623
1.1970526002181645
1.0739070293634083
0.9493136335021573
0.8227732143881566
0.7795628916423247
0.8892899813356102
1.0149135718131799
1.1419265344388105
1.2286178861639
1.1478176385117997
1.0206252541067335
0.8952472443745285
0.782495760518331
0.8175535760658442
0.9435320797173643
1.068077558803566
1.1923755941077268
1.210598381345704
1.0928926152351452
0.9679199533042895
0.8406012540186156
0.7729492366528832
0.8699723349979854
0.996489775524579
1.1226608967797385
1.2250878893604729
1.166348411030267
1.0391596975634156
0.9143725505980081
0.7942551656779132
0.8018896334668999
0.9247344392988939
1.0493436105131015
1.1759906389282762
1.2210641653844096
1.112097686920778
0.986413616402679
0.8594504973314451
0.7714576757808371
0.8508203386709792
0.978044980950711
1.1033696426356334
1.2167695500223645
1.183637219527993
1.057814605175378
0.9332756723275952
0.8087409596013143
0.7885338674717122
0.9057327158260096
1.0307460204633412
1.1580696144528755
1.227338030733124
1.131416062158199
1.0048351211634756
0.8787297987292791
0.7753629240906037
0.8323596725736953
0.9595025151614961
1.08426033098687
1.2047835741851822
1.1991563129544667
1.0766251610446513
0.9519984526169876
0.8252534813211132
0.77833051083084
0.8865139743844992
1.0122596115061255
1.139170332157911
1.2284383643472054
1.150538130253848
1.023285319561994
0.898012457536436
0.7839840408246254
0.815181123983762
0.9408379144341937
1.0653720268348188
1.1901320720263133
1.2123177206260471
1.095643136443132
0.9705874263455392
0.843264613382283
0.7724018438299274
0.8671964370837038
0.9938398112919036
1.1198795957605159
1.2241616615785946
1.1689255588862264
1.0418358922150552
0.9171056061464933
0.7961913189945626
0.7998098095438693
0.9220141489176934
1.046660163625013
1.1734946131380501
1.2222526292017677
1.1148749626944598
0.989066773920894
0.8622107694202472
0.7716938817115776
0.8481071892352452
0.9753838342047497
1.100606492835699
1.215243903306089
1.185991207118461
1.0605103803063842
0.935979365472479
0.8110051085092747
0.786847244748593
0.9029798422386318
1.0280797018736123
1.1553962927316541
1.227830875315284
1.134189999893053
1.0074854710267336
0.8815108148084201
0.7763379417544349
0.8297960979720468
0.9568250718046363
1.0815296257848472
1.202820456824351
1.2012117414972776
1.0793476505762454
0.9546805533976869
0.827764887415084
0.7771868615777521
0.8837355791943442
1.0096071948579652
1.1364063992648277
1.2281457272527574
1.1532434676479966
1.0259475661900368
0.9007734728761025
0.7855461877132829
0.8128459751321169
0.9381404911225024
1.0626701293693617
1.1878476971646537
1.2139708363459947
1.0983983298613624
0.9732525996411439
0.8459474348810735
0.7719640514987806
0.8644248021143923
0.991188989957386
1.1170990680127297
1.2231386882212196
1.1714751567502688
1.0445146021887262
0.919833987553524
0.7981808066194578
0.7977793004357022
0.9192894218810983
1.0439793845510046
1.170968209647934
1.2233505746775923
1.117654317074462
0.9917185175095912
0.8649779672652244
0.7720426388824004
0.8454101343130522
0.9727204722220321
1.097847674407784
1.2136461086408803
1.1883071390962707
1.0632094913516925
0.9386795095645568
0.8133093161633761
0.7852284452963728
0.9002223696139525
1.0254156637085574
1.152704437674316
1.2282131619949097
1.1369589740443102
1.0101368453588497
0.8842906635354527
0.7774080173209936
0.8272608739688625
0.9541450754820313
1.0788035376540535
1.2008051724182731
1.203216788745343
1.0820746508771906
0.9573600333972769
0.8303059003833191
0.776135497783098
0.8809554371454597
1.006956050900425
1.133636318313915
1.2277412174800346
1.1559317703095955
1.028612056483011
0.9035300404565059
0.7871787932223221
0.8105496430913464
0.9354396516501995
1.0599716973180868
1.185524043248812
1.2155544925877908
1.1011580328010293
0.9759155144077315
0.8486478546980992
0.7716376708503777
0.8616588618715191
0.9885369860119594
1.1143200768565764
1.2220223801087704
1.1739956156790867
1.0471959064114773
0.9225578163600611
0.8002213339534523
0.7958002766557536
0.9165601156713818
1.0413011827993202
1.168412980715865
1.2243544932199502
1.120435063459282
0.9943691404775667
0.8677505641766505
0.7725024794227418
0.8427310518153965
0.970054842582643
1.0950934032430908
1.211979512317941
1.1905834821496297
1.065912100986977
0.9413762698234734
0.8156520353724037
0.7836807755575186
0.8974604936800903
1.0227538584516713
1.1499959232973938
1.2284832914335204
1.1397214928454644
1.0127895501431976
0.8870686301712051
0.7785696751990618
0.8247555659565501
0.9514624400151207
1.0760819313143528
1.198739937141736
1.2051692075407887
1.0848062919937778
0.9600369759044636
0.83287494566411
0.7751798706460861
0.8781742821196357
1.0043058655946382
1.1308615573584977
1.227226520090005
1.158601167758017
1.031278835164854
0.9062819778317877
0.7888785784855902
0.808293685136856
0.9327352291932897
1.0572765697772954
1.183162635204969
1.2170653176942554
1.1039220158386498
0.9785762268014293
0.8513639933173096
0.7714240806791878
0.8589001657291263
0.9858835149061782
1.1115432905914542
1.2208162653661159
1.1764853916888902
1.0498798982162079
0.9252772394832334
0.8023107602131463
0.7938750648956835
0.9138261148301193
1.0386254823455403
1.1658305252141683
1.225261003352402
1.123216418501426
0.997018975494895
0.8705271528511596
0.773071510155574
0.8400718002756464
0.9673869059536024
1.0923438290407872
1.2102473207666102
1.1928186507477427
1.0686183797009186
0.94406980247266
0.8180317592708488
0.7822076663575908
0.894694478125573
1.0200942189178073
1.1472726295028801
1.2286401130321456
1.1424759523454664
1.0154438470888714
0.8898440908608645
0.7798193467050555
0.8222816989608934
0.9487770650821382
1.0733646502537257
1.1966268197409522
1.2070665891676038
1.0875426726699393
0.962711449730726
0.8354703984386376
0.7743232793898941
0.8753929491839629
1.0016562901824413
1.128083461496483
1.2266037264280039
1.1612498174275594
1.033947938362782
0.9090291672271825
0.7906424137698113
0.8060797193905419
0.9300270501856167
1.0545845955018764
1.1807649659628847
1.218499828433344
1.1066899805038815
0.9812348174163366
0.8540939759025363
0.7713241968872887
0.8561503685583549
0.9832283386538574
1.108769290436791
1.2195239415629908
1.1789429759938967
1.0525666847079063
0.9279924210799279
0.8044470850673995
0.7920061579325643
0.9110873394281855
1.0359522213950365
1.163222495127144
1.2260669007853195
1.1259974931597974
0.9996683844781928
0.8733064512116193
0.7737474522651133
0.8374342028112217
0.9647166273885508
1.0895990386165952
1.2084525835196231
1.195010989814531