0.22448979591836732
0.22448979591836735
0.09879790746982128
-0.015263882167999884
-0.13421954443548556
-0.24722854336272976
-0.190550683313438
-0.06371725403875544
0.048735248415592
0.17395761627103878
0.25199494838618286
0.15041872342792117
0.028703243012848975
-0.08433454261290892
-0.21148884215900532
-0.23557811514248334
-0.11324655032721825
0.002455244913982066
0.11896310885315074
0.23932156773237107
0.205948467557878
0.07863304123036713
-0.03415580247732759
-0.15693849241469804
-0.25281325195569276
-0.1673497506008142
-0.04299973678754497
0.06953749377230284
0.1967034903293523
0.2444844177856112
0.12819229218292139
0.010241891536623374
-0.10438090769668679
-0.2290289398485958
-0.2196643310441813
-0.09321068362118376
0.020383833069847354
0.14039376114223678
0.2495007243755904
0.18421512495367118
0.05788536452675219
-0.054531380641292426
-0.1804984605138933
-0.2505743761565383
-0.1440171598651992
-0.023386283314904444
0.08998010450398514
0.21675692306831745
0.23151025200842051
0.10760651361811212
-0.007382918412593392
-0.12478379206911147
-0.24270962077117852
-0.20015064408734634
-0.07287519743317913
0.03973584639603593
0.16353571269977307
0.2529981937667086
0.1607318489976548
0.037355066987042704
-0.07532328992091455
-0.20263941690799733
-0.2413186374838494
-0.12230116458176797
-0.005288976521699032
0.1099908529530499
0.23327331410537017
0.21455677452979904
0.08759230155885664
-0.025624531946398715
-0.14671549639446463
-0.2512475859893336
-0.17773632394691463
-0.05206799907180856
0.06035826847376809
0.18692172737212137
0.24859820376817343
0.13775723132932904
0.018199038314053548
-0.09558241466285387
-0.22174529148736322
-0.22713940870801272
-0.10201192220787325
0.012361329401609347
0.1307307920089379
0.24570240044516872
0.19411892690461388
0.06707231826810314
-0.04542259162316099
-0.17015654615844372
-0.25254224766254874
-0.154161492657914
-0.03182720006144643
0.08105799471695832
0.20833044589940483
0.23777548848841176
0.11652769554104622
0.0003727714425465073
-0.11565969332762048
-0.23720677794711295
-0.20917195390578047
-0.08192388010284352
0.030999068339850055
0.15317107982859418
0.25241777349842887
0.17116043978546674
0.046293834465028036
-0.06618825504511494
-0.193184287988648
-0.2461194637768132
-0.13164608248930157
-0.013123839196451381
0.10116422658292616
0.22644999875591093
0.22247815790014555
0.0964307775622403
-0.017421614441505598
-0.1368195589201417
-0.24825279407252937
-0.1878841522244396
-0.06124412021664308
0.051187554257231385
0.17674265245812132
0.2514636237102225
0.14768784619397496
0.02643198089092655
-0.08673498974085918
-0.21375666770927088
-0.23389123286274863
-0.11084721191746036
0.00454081881097583
0.12141731489850485
0.24080384587775372
0.2035200797690418
0.07619780664204953
-0.03650749294549825
-0.15972958920897407
-0.252970058419524
-0.1645411368406577
-0.04059326788371345
0.07199640211024609
0.19924897944724357
0.243190683276546
0.12567836317520398
0.008134916849240725
-0.10675473020847452
-0.23086555984726487
-0.2175326344438811
-0.09083324955712807
0.022590461411856236
0.14305699535239585
0.2503087568527316
0.18148268092950587
0.05541504196831207
-0.057000263539790916
-0.1832393576626959
-0.2498011784846721
-0.14134449821911174
-0.02117150842004506
0.0923600036133033
0.21890672634905328
0.22969281626085514
0.10523035884378114
-0.009486013628783499
-0.127289217400057
-0.24402961130393042
-0.19761971989103497
-0.07041890225818939
0.04213590987069246
0.16634387723169863
0.2528826130520384
0.15793664230929924
0.03499542077706215
-0.07776206842687815
-0.2050840469417382
-0.23985989120135306
-0.11983977255878162
-0.003201657511244946
0.11238580946340274
0.23498058212595907
0.21230669622201095
0.08519535824673644
-0.027887012867687036
-0.14943812175643567
-0.25181697007728776
-0.17495663000336492
-0.04961236121867149
0.06283169833914568
0.18959935849757728
0.24760531711913858
0.1351476094511509
0.01603449145746677
-0.0979503803392009
-0.22377526086470453
-0.2251977354159097
-0.09964532935973328
0.014495543424381474
0.13329488797323216
0.24684089078140442
0.19149778360720165
0.06460253528913848
-0.04785953229930366
-0.17295704325555544
-0.2521590061728619
-0.1514020854509528
-0.029522627957918532
0.08347241294085687
0.21066469310195107
0.23616818407332715
0.1141090627945732
-0.0017092302210541116
-0.11808885711365835
-0.2387750640781231
-0.20680693307262124
-0.07950269172797109
0.033319149398684536
0.15594215475330234
0.2527292368219159
0.1683553904020516
0.043865666508984866
-0.06865527970536142
-0.19578224747276596
-0.2449295104308971
-0.12909852055904972
-0.010999368929593967
0.10353207672777973
0.22835827964630928
0.22041542831381852
0.09406062972721851
-0.019598960947009636
-0.1394464534008143
-0.24918815110238185
-0.18518757587341841
-0.058770795848435864
0.053648424157826474
0.17951151363940074
0.25082716958627377
0.14498062239158366
0.024185119496239416
-0.08912594263427721
-0.21597475348667777
-0.23214797314337782
-0.10845934705214588
0.006632094661713703
0.1238921469471009
0.24221945517888244
0.20104690032546638
0.07375293815614489
-0.03888090057441809
-0.16253084149701957
-0.2530114969709993
-0.1617352217495427
-0.03820535467626969
0.0744475755074304
0.20175308990825763
0.24182474048729155
0.12318773974053986
0.0060379841837648746
-0.10913585635200776
-0.23264824227982214
-0.21535047581694342
-0.08844843757001561
0.024820195001131307
0.14574626720406472
0.2510182289649867
0.1787277411212687
0.05294943642625785
-0.059472483429525394
-0.18595558502651927
-0.24893202373165618
-0.1386983585957973
-0.01897906152239258
0.09473356689042539
0.22100588563263332
0.22782213311907903
0.10285992408748212
-0.011600716023487334
-0.12981878688222825
-0.2452751432399088
-0.1950488726749024
-0.06795578924565396
0.04455315584019558
0.1691518433452439
0.25265232024117334
0.15515416684288746
0.03265841819466023
-0.08019075422235393
-0.20748281331246143
-0.23833634936371342
-0.11739785142582858
-0.0011183748793400783
0.11479374724636748
0.23663032659905003
0.21000728590685702
0.08278841156182251
-0.030174051997877524
-0.15218307296861047
-0.2522790104434506
-0.17216332201211804
-0.047166776423442594
0.06530368065746558
0.1922450758482269
0.24652615593853172
0.132564697417256
0.013888347687586164
-0.10031672654602335
-0.22575393134247784
-0.22320447221524922
-0.0972787516367517
0.0166467084555441
0.13588533758182553
0.24789598370604077
0.18884272192516133
0.06212994674785027
-0.05030820726396458
-0.17574690396990705
-0.25166617446149164
-0.14866323518567937
-0.027242563563142322
0.08587645661269046
0.21295017952480566
0.23450192376028778
0.11170504319774202
-0.0037933928684494023
-0.12053611247522873
-0.24028050608227786
-0.2043949951763309
-0.07707108446074151
0.03566270770964068
0.1587286350212332
0.25292711833926873
0.1655469079607131
0.04145307130993976
-0.07111661238960743
-0.19834200563763732
-0.24366248670264068
-0.1265759254317836
-0.008888204022810875
0.10590388371136075
0.2302139525193015
0.21830187287320188
0.0916854454066815
-0.021797606350851567
-0.14210017520733934
-0.2500304951451255
-0.18246401382545818
-0.056299307535614324
0.056115589795198276
0.18226042419077043
0.2500893247104474
0.14229864144514934
0.021962050596280022
-0.09150850836340146
-0.21814262580333285
-0.23034986586504763
-0.10608054355748261
0.008731625334947132
0.12638924141983437
0.2435652569531364
0.19853082719578086
0.07129943434074787
-0.04127428821938263
-0.16533797846219306
-0.2529372538815329
-0.15893642889698018
-0.035837947112733595
0.07688979760158945
0.20421374126000366
0.2403899068747214
0.1207189352736764
0.003948588128740577
-0.1115267344966532
-0.23437567427992434
-0.21311822090226556
-0.08605488710115938
0.02707393682025465
0.14846038905656117
0.2516252199624515
0.17595389531409555
0.05049076299165728
-0.061945956141341976
-0.18864393899752885
-0.2479710264706106
-0.13607910337140922
-0.01680746299594517
0.09710264407179077
0.2230541475231464
0.2258990597120038
0.1004927521127241
-0.013729380389656376
-0.13237361439276285
-0.24644254311932995
-0.19244053217119014
-0.06548745572679399
0.04698532106918257
0.1719551040061943
0.252309003086701
0.15238808947346005
0.030345160618345884
-0.08260894877053239
-0.20983428764417178
-0.2367506944591367
-0.11497345067540533
0.0009634928671199972
0.11721692733972168
0.23822050303386327
0.20765937837051263
0.08037100215026743
-0.032485511610769485
-0.15494779744968906
-0.2526306469780008
-0.1693605891304929
-0.04473359445712233
0.0677723340117523
0.19485610338289022
0.2453647200270871
0.13000795339555626
0.011758553914253358
-0.10268375290394098
-0.22768087440892992
-0.22116000689860854
-0.09490992760072223
0.018816823287031548
0.13850259055239594
0.2488636481522255
0.18615656378921072
0.059656461912861336
-0.05276627442688228
-0.1785220055436184
-0.2510669567992504
-0.1459473276739992
-0.02498701100459945
0.08827070180572291
0.21518614237350098
0.2327786625294743
0.10931334309120751
-0.00588233028985434
-0.12300335909416464
-0.2417203386038286
-0.20193765283163417
-0.07462956858168818
0.0380285199829873
0.16152672684717162
0.25300995503236073
0.1627395101549049
0.039058275244253954
-0.07357071011051837
-0.20086118656405633
-0.24232201015130256
-0.12407711525775746
-0.006787959056276438
0.10828211103034693
0.23201608707298066
0.21613775042532526
0.08930344945044175
-0.02401894117549294
-0.14478023048818145
-0.2507757255385157
-0.17971673102523072
-0.05383176217830965
0.058586858322872165
0.18498586590484062
0.24925406435155284
0.13964293790897028
0.01976176126342588
-0.09388414162204185
-0.2202599521103552
-0.22849814031561372
-0.1037083439769144
0.010841894530094223
0.12891002363992915
0.2448378667349841
0.19597400808508264
0.0688385891992794
-0.043685634256769024
-0.16814653598285545
-0.25274788988965113
-0.15614894894040754
-0.03349268605625885
0.07932216431416816
0.20662911242582402
0.2388892466519612
0.11827025595409142
0.0018641599019011829
-0.11392975735428076
-0.23604623818181553
-0.2108363952231877
-0.08365159719410462
0.029352172188751705
0.15119760750885625
0.25212608180308405
0.1731649935456974
0.048041309154784745
-0.0644186782507504
-0.19130141303666728
-0.24692229711945268
-0.13348667130035277
-0.014654954695405953
0.09946931280084492
0.22505123124139795
0.22392422048152882
0.09812643603416057
-0.01587423496781626
-0.1349545572901113
-0.2475279607897102
-0.18979730172355988
-0.0630156575187468
0.049430064394639636
0.17474926012738795
0.2518550766210929
0.1496415722635676
0.028056294318571734
-0.08501666305162096
-0.212137337521433
-0.23510530685130598
-0.11256445540744862
0.0030465797071889678
0.11965747584835701
0.23974875404359025
0.20526408445988742
0.0779430879822261
-0.03482078036461683
-0.15772917360793248
-0.2528694151393179
-0.16655281859060994
-0.042315159331244176
0.07023589260532397
0.1974298255696164
0.24412487133352462
0.12747654037472061
0.009642892605727413
-0.10505386070758764
-0.2295554811463856
-0.21906462513305205
-0.09253676485140555
0.021007664617745753
0.1411467371853081
0.24973977694737515
0.18344230218185528
0.057184078062616106
-0.05523144152294571
-0.1812784784693411
-0.25036497566063176
-0.14325615964359345
-0.02275551770044032
0.09065612117522011
0.2173720417307865
0.2310000411885315
0.10693157533717998
-0.007978615166681344
-0.1254923056472419
-0.24309151728028755
-0.199436706574466
-0.0721790226749936
0.0404149716531292
0.1643322623803934
0.25297712179273996
0.15993766986806268
0.03668331751040724
-0.07601625933797893
-0.20333762540594108
-0.2409114824415178
-0.1216006809688082
-0.004696156302703869
0.11066921801917642
0.23376347565930342
0.21392338574802594
0.08691316311468464
-0.026264006490588576
-0.14748562416868635
-0.25141985428908853
-0.17694922718775563
-0.05137034673126162
0.06106011687687288
0.18768455735193118
0.24832548429237797
0.13701404091650665
0.017582885078011812
-0.09625459729393962
-0.2223264711571191
-0.22659374643170235
-0.10134028373270704
0.01296529535081023
0.13145569298848142
0.24603368202156614
0.19337880439398225
0.06637193071560823
-0.04611272313108443
-0.17095199519698154
-0.2524448079678258
-0.15337660753564392
-0.031170826063716975
0.0817441365212505
0.20899766881407944
0.23732554665202646
0.11583981569421749
-0.0002179119711734484
-0.11634722670121568
-0.23765800247838523
-0.20850574327504157
-0.08123796141382134
0.03165493179864812
0.15395558063693943
0.2525175742859399
0.17036514063181185
0.045603414437439704
-0.06688873345519093
-0.19392517305209184
-0.24578987429620736
-0.13092063749616734
-0.012519552672033224
0.10183582380091045
0.226996758844983
0.22189805542198388
0.09575866691933296
-0.018037346490612755
-0.13756218089528693
-0.2485274052677905
-0.18712194544040592
-0.0605422684396309
0.05188503462682639
0.17753010574433772
0.2512935613045565
0.14691721128086446
0.02579199220769776
-0.08741432561584248
-0.21439110874296904
-0.2334022544764
-0.11016861356595745
0.005133508854132968
0.12211735632369164
0.24121241910139218
0.20282281039793448
0.07550503788580334
-0.037178789484722516
-0.16052356917881608
-0.2529935694589072
-0.1637445130541425
-0.03991374280809182
0.07269274559630344
0.19996379895707245
0.24281029756653277
0.12496936260518596
0.007539017355862709
-0.10742950498385033
-0.23137691313573172
-0.21691857985936458
-0.09015739481610915
0.023220734690841557
0.1438174487524768
0.2505202530623065
0.18070312503669272
0.054714873409143605
-0.05770148770662707
-0.18401271395306523
-0.24956413589834986
-0.14059095949327352
-0.02054721015932079
0.09303404998603039
0.21950750223728277
0.22916739476768505
0.10455729444823708
-0.010084758326192711
-0.12800445462166332
-0.24439074258682408
-0.19689421873905094
-0.0697206419235133
0.04282013277134342
0.1671408305598014
0.2528288672995147
0.15714567711373773
0.03432995940809756
-0.0784522374764616
-0.2057694044411709
-0.23943406144548854
-0.1191450013794024
-0.002610247336819374
0.1130676214785138
0.23545461126759326
0.21165923976458956
0.08451345201392085
-0.028533442210947765
-0.15021480942763205
-0.2519591207132941
-0.1741652584378015
-0.04891732427112344
0.06353333283309096
0.1903534247037644
0.2473077052180573
0.13441203382086364
0.015423757355847459
-0.09862187771326525
-0.22434192023269695
-0.22463738705064765
-0.09897393267823398
0.015104104952355368
0.13402720212852942
0.2471489121529193
0.19074775964943794
0.0639011633980146
-0.04855323281765066
-0.1737499068163899
-0.2520301754371483
-0.1506227565555468
-0.02887317995363603
0.08415557649504785
0.21131817294494615
0.2357012970014811
0.11342555561729105
-0.0023002596600544545
-0.11878132040001112
-0.23920872110631186
-0.2061272737281183
-0.07881378791169019
0.033981773503870535
0.1567313859289929
0.252797004326531
0.16755866056236277
0.04317943153534075
-0.06935431085398841
-0.19651254561320414
-0.2445776738975289
-0.12838026581767834
-0.01039909376200425
0.10420454770116497
0.22889019226136526
0.21982087909075845
0.09338728557765016
-0.02022057694182744
-0.14019671077421494
-0.24943678997565993
-0.18441739285904807
-0.0580692555944505
0.054347918279029975
0.18029367834517762
0.25062794587486814
0.14421701329950598
0.023551962010289543
-0.08980277030306204
-0.21659498763493318
-0.23164329013681817
-0.10778356755690759
0.007226870154812007
0.12459834778520067
0.2426085512416189
0.20033725586170315
0.0730576037544168
-0.03955805680954695
-0.16332693620968625
-0.25300217810038444
-0.16094017685073833
-0.03753146158747821
0.07514149026334548
0.20245577902656015
0.24142448101627703
0.12248509044041186
0.0054444808631066155
-0.1098131511224569
-0.23314406513679942
-0.21472216394304808
-0.08777022675107973
0.025457205975196823
0.1465139161779009
0.2512010360022238
0.17794244487331645
0.05225100633541607
-0.060174271381035704
-0.18672134890417472
-0.24866850223795411
-0.13795243084392614
-0.018360842298990293
0.0954061414750334
0.2215922454152324
0.22728177013947665
0.10218803382426311
-0.012203187958781003
-0.13054108828151295
-0.24561448679453973
-0.1943124782646764
-0.06725587752099213
0.04524184677618685
0.16994791676484597
0.2525662996517392
0.15436750227420226
0.03199960151229676
-0.08087796953102912
-0.20815488426546053
-0.2378926358464
-0.11670825730863742
-0.0005276335266092974
0.11547965967999116
0.23708767528706576
0.20934597252082338
0.08210356524617443
-0.03082744505422602
-0.15296565595739914
-0.2523901225063147
-0.17136884072753744
-0.04647501910774153
0.06600455731364475
0.19298957426509256
0.2462047980823857
0.13183661543729244
0.013282469283155768
-0.10098817786699629
-0.22630596385908114
-0.22262956196102615
-0.09660694104422224
0.01726045245137603
0.13662522583977932
0.24817961198038177
0.18808358075856912
0.06142812246396856
-0.05100480914458434
-0.17653598810261678
-0.2515068112228095
-0.14789019937683878
-0.026600090519546093
0.08655676365235432
0.21358967433854228
0.23401867824194897
0.1110252693425677
-0.0043855128937688725
-0.12123406305395999
-0.24069584052253337
-0.20370228614544228
-0.07637930047431707
0.03633178872299049
0.15952156489815963
0.25296235625547714
0.16475002627629504
0.040771666894112754
-0.07181373862858424
-0.19906102324625302
-0.24328944980780692
-0.12586454976713352
-0.008291274138346974
0.10657792550342572
0.2307307801713287
0.2176929478800832
0.09101033696830169
-0.0224255331469546
-0.14285797538170159
-0.2502519925870199
-0.18168675879530283
-0.05559866847869843
0.056816467445580346
0.18303627652759252
0.24986204900067865
0.14154240623677505
0.02133547592883199
-0.0921832071860919
-0.21874854730266763
-0.2298298568518234
-0.10540688862888546
0.009329198925989213
0.12710202813461288
0.24393393934865332
0.19780939320419044
0.0706018740871352
-0.041956755564200726
-0.16613493477719316
-0.2528951758203297
-0.15814418164815153
-0.035170186678437285
0.07758099284745001
0.20490375549903214
0.23997066994008012
0.12002217709810216
0.003356757666960336
-0.11220723539944275
-0.23485553923564623
-0.21247578183132082
-0.08537399790144432
0.027717867525050455
0.1492347950631951
0.2517782693307231
0.17516392443041356
0.049794713652077355
-0.06264773110814185
-0.18940123859950142
-0.2476821960863223
-0.1353408095696823
-0.016194849876714726
0.09777431561251292
0.22362601743826727
0.2253439541906274
0.09982134594928829
-0.014336226033019428
-0.1331032506159997
-0.24675902301733355
-0.19169396641583444
-0.06478637675449697
0.047677820370602045
0.17274903400755792
0.2521913238625172
0.15160667741368292
0.02969321956048171
-0.08329317108778148
-0.21049272103656846
-0.23628980387347526
-0.11428844915566935
0.001554312506963501
0.11790755846290901
0.2386605338896483
0.2069844939634817
0.0796831613019135
-0.033145742859610555
-0.15573544603519746
-0.25270995489331866
-0.1685642257866885
-0.04404578497908106
0.06847193863620844
0.19559027538945606
0.2450207277387173
0.1292871557467458
0.011156917008762007
-0.10335583135708451
-0.22821812798020508
-0.22057062327264296
-0.09423708985093432
0.019436278624130957
0.1392501175456575
0.24912172315313363
0.18538913642098487
0.05895474349729332
-0.053465120939893016
-0.17930618573641566
-0.2508780524748436
-0.14518115423341277
-0.024351429660315324
0.08894838924732379
0.2158114786237399
0.23227955584997462
0.10863663323642826
-0.006476275977410642
-0.12370730192370591
-0.24211651403527712
-0.20123237661721138
-0.07393511828179575
0.03870363659622694
0.16232220549119966
0.253012398374294
0.16194375617047216
0.03838230298119494
-0.0742655327569308
-0.20156828638190732
-0.24192876127560126
-0.12337224121850392
-0.00619367981097696
0.10895842360176772
0.2325175164390152
0.2155145319757631
0.08862612481382878
-0.0246535120409207
-0.14554534450392714
-0.25096893392127617
-0.17893337196071502
-0.05313263675078325
0.05928851184213857
0.18575445193477355
0.24899989109831122
0.13889427559973258
0.019141415250953545
-0.09455718125152665
-0.2208514827357115
-0.2279631020320107
-0.10303611330297323
0.011442955449715159
0.1296297602526431
0.24518513418571897
0.19524143441689096
0.0681392155197193
-0.04437279981463972
-0.16894307147071147
-0.2526733677421007
-0.15536062720965205
-0.03283145638334879
0.08001044805141683
0.2073059864241128
0.2384518521261894
0.11757887253771053
0.0012732647266502917
-0.11461412822373906
-0.23650962925969854
-0.21018001567943814
-0.08296781626431912
0.030003078728457436
0.1519781661436635
0.2522484066001235
0.17237148777176975
0.04734830041079219
-0.06511988711515335
-0.19204942749468815
-0.2466093135494396
-0.13275592537852313
-0.014047405534026183
0.1001407046966657
0.22560851681970617
0.22335451362465458
0.09745484669415852