0.5789473684210527
0.5789473684210527
0.6168220585478283
0.54181970435073
0.6211553492501731
0.5594416164971431
0.598570616390981
0.6069335026214182
0.5511287116489358
0.6219916095495094
0.5458313671878954
0.6123038228780553
0.5900763585224269
0.567864347474915
0.6196925516862899
0.5405913280926123
0.6193269849643177
0.5695707009490291
0.5883576564293183
0.6131507705193516
0.5450201605895105
0.6219200578564337
0.5523106028337252
0.6057461027250215
0.6000376848005848
0.5579859306538287
0.6213506908133347
0.5422786656360805
0.6162261953690384
0.5807473760368903
0.5771486571451455
0.6173761823597457
0.5414314727518461
0.6209353834255932
0.5609440435828701
0.5970555843302708
0.6080657588695658
0.5500025782360519
0.6220403584633106
0.546704809807205
0.6114047036763797
0.5917644809437372
0.5661896041771708
0.6200279792280784
0.5406657497916004
0.6189297039560794
0.5713046382257526
0.5866128246034218
0.6139468113815796
0.5442725524158462
0.6218256015736753
0.5535470846210515
0.6045038277366968
0.6014547166144623
0.5565788466954453
0.6215219507592847
0.5428071281900548
0.6155866397383878
0.5825432383034976
0.5753566406190723
0.6178905542830418
0.5411150723725751
0.6206901094396476
0.5624910824340591
0.5954950440299239
0.6091428913158317
0.548933358989942
0.6220663679218362
0.5476391707503105
0.6104523480774426
0.5934179208112721
0.5645501155875857
0.6203346799293508
0.5408143519454524
0.6184989893976356
0.5730617688144255
0.5848466256408213
0.6146933921380907
0.5435899363011509
0.6217080901445929
0.5548369469196681
0.6032072523382764
0.6028200114177276
0.5552220003104825
0.6216695493598785
0.5434037715804808
0.6149015083518471
0.5843295524036226
0.5735765929227715
0.6183671587825033
0.5408714449314755
0.6204186857590337
0.5640802946315008
0.5938918397589795
0.6101651907141589
0.5479222255457545
0.6220696697152448
0.5486331828300843
0.6094459078615274
0.5950329456810932
0.5629491416806592
0.620613892523428
0.5410366597951906
0.6180330035239547
0.5748373714721593
0.5830640884889625
0.6153921209730103
0.5429737165068725
0.6215673107965449
0.5561788992843358
0.6018572748317413
0.6041322286115932
0.5539168476399711
0.6217938041871264
0.5440672180780298
0.6141690198938317
0.5861010331605419
0.5718135884138877
0.6188079395081426
0.5407013432306644
0.6201201010943609
0.5657088988579729
0.5922492064941413
0.6111332017431295
0.5469703840112088
0.6220502677801427
0.5496856273336913
0.6083847675909686
0.5966062073723002
0.5613895687270988
0.6208666791550721
0.5413319802195129
0.6175298214883903
0.5766264427885517
0.5812704502707422
0.6160447440236028
0.5424252811843642
0.6214029722086432
0.5575715293045296
0.6004551338557431
0.6053903725670035
0.552664710163966
0.6218949490656327
0.5447960651107877
0.6133875234622765
0.5878525845627268
0.5700724360720563
0.6192147630120816
0.5406053074284078
0.6197931681135636
0.5673737455216963
0.5905707659437899
0.6120477065712512
0.5460790869157119
0.62200813866485
0.5507953242667981
0.6072685609212364
0.5981347479206284
0.5598739317257706
0.6210939297197433
0.5416994236656055
0.6169874668298202
0.578423759367264
0.5794710874504897
0.6166531180863797
0.5419459709525631
0.6212146860069264
0.5590132582178332
0.5990024237393746
0.6065937762437121
0.5514668172786296
0.6219731511247459
0.545588913533035
0.6125555231725667
0.5895793612212974
0.5683576267363957
0.6195893859601911
0.5405836478320794
0.6194365242126336
0.5690713023115186
0.5888605151880832
0.6129097087047366
0.5452496375142709
0.6219432287889786
0.5519611151942099
0.6060971874154016
0.5996159992771403
0.5584044461135511
0.6212963724391578
0.5421379318297822
0.6164039490369312
0.5802239507726722
0.5776714388141028
0.6172191794734976
0.5415370446260109
0.6210019471585251
0.5605022954540363
0.5975011078993829
0.6077420838628425
0.5503243450708194
0.6220285251506549
0.546444390135974
0.6116716993847251
0.5912768181809596
0.5666732952186061
0.6199334276441997
0.5406364349637478
0.6190486400504842
0.5707976527872283
0.5871228062448752
0.6137204165449338
0.5444833862618697
0.6218554484491975
0.5531818391383418
0.6048708299099319
0.6010477781235921
0.5569830463329509
0.6214745891779914
0.5426463096552867
0.6157773012539626
0.5820215793933438
0.5758769238574037
0.6177449094541791
0.5411996441685086
0.6207641146879344
0.5620365940867916
0.5959535296568985
0.6088352331978717
0.5492384501005783
0.6220611447989666
0.5473611632724161
0.6107349273362859
0.5929407487266495
0.565023198050872
0.6202483492215964
0.5407634972985276
0.6186278359445774
0.5725485096324857
0.5853623149990929
0.6144812258349125
0.5437817195314537
0.6217446625196082
0.5544563021382816
0.6035899722122324
0.602428276879399
0.5556114288540634
0.6216290337805117
0.5432232598482452
0.6151056163986326
0.5838112227497294
0.5740928609375823
0.6182322972856104
0.5409347609917516
0.6205003943878199
0.5636138093874615
0.5943624197506031
0.6098734379747881
0.548210297274518
0.6220710505093107
0.548337950924405
0.6097442941198983
0.5945673108376037
0.5634107065218859
0.6205354405781317
0.5409644267630459
0.6181723055869034
0.5743192434628159
0.5835839984035528
0.6151937000511792
0.5431460410021031
0.6216106778930919
0.5557832412534266
0.60225541671555
0.6037560517255165
0.5542910973582756
0.6217600516812563
0.5438674178601945
0.6143870803825273
0.585587553682047
0.5723243897831962
0.6186833023379595
0.540743205563489
0.6202098252841812
0.5652312628296335
0.5927308996267313
0.6108571707241066
0.5472410811087379
0.6220582541308085
0.5493735209463732
0.6086991149167317
0.5961530436219319
0.561838813769026
0.6207958150882489
0.5412385917792023
0.6176801459481768
0.5761049270952634
0.5817930396865628
0.6158595478439112
0.5425777465762859
0.6214532279270758
0.5571612840367571
0.6008683014014391
0.6050300083158673
0.5530234079729432
0.6218678992048775
0.5445773852110687
0.6136200016646135
0.5873454143253447
0.570576402633066
0.6190998171640772
0.5406255819804118
0.619891271506782
0.5668859139681715
0.5910624793079708
0.6117871462000866
0.5463320398403768
0.6220227403187248
0.5504666835298115
0.6075989492142237
0.5976948753857586
0.5603101540698107
0.621030411914272
0.5415851573115209
0.6171493917624243
0.5779003940149652
0.5799947824186462
0.6164805968639674
0.5420781941460643
0.6212719544771855
0.5585889047926781
0.5994301156508258
0.6062493857818644
0.5518096126878705
0.6219527612706605
0.545351759155808
0.6128028369400322
0.5890798807150324
0.5688534874640112
0.6194836334964137
0.5405822687699529
0.6195434209088401
0.568574342582542
0.589361048353926
0.6126643051923136
0.5454844619835972
0.6219644647294752
0.5516162761558877
0.6064436174558478
0.599190124997062
0.5588270321002005
0.621240004907058
0.5420031110051153
0.6165780526872362
0.5797003085478973
0.5781946555479585
0.617058763719805
0.5416486699432284
0.6210663884791788
0.5600643792394147
0.5979427142724715
0.6074137396203152
0.5506508993719257
0.6220147665902975
0.5461891570070432
0.6119342132806228
0.5907863160742051
0.5671598856451529
0.619836413049789
0.5406134067843174
0.6191647913051787
0.5702927432815529
0.5876308582394856
0.6134897982430565
0.5446996850872153
0.6218833489796858
0.5528211414579033
0.6052332182585191
0.6006364979977507
0.5573914597580437
0.6214252167148158
0.54249129409843
0.6159641511609119
0.581499244155127
0.576398092700117
0.6175960203334739
0.5412903534976341
0.620835930407466
0.5615857394788579
0.5964083291387863
0.6085229240402424
0.5495484271134279
0.6220539998205749
0.5470882338518508
0.6110129474289523
0.5924604120843224
0.5654994651279591
0.6201596646860403
0.5407188946844993
0.6187537446088969
0.5720369343613412
0.5858764945187414
0.6142649685118178
0.543979086682435
0.6217792723098869
0.5540800985527264
0.6039681460492489
0.602032078623887
0.5560051981321216
0.6215865364240185
0.5430484354099916
0.6153057591389924
0.5832917655070836
0.5746104499244189
0.6180943575374771
0.5410042833316225
0.6205798322245424
0.5631507314112989
0.5948295777442012
0.6095770742878296
0.548503355893169
0.6220705104415305
0.5480476928616421
0.610038063158905
0.5940982185275295
0.5638757091276471
0.620454729002344
0.5408983921899382
0.6183085085100086
0.5738023820500215
0.5841028375080106
0.6149913328629115
0.5433240677349263
0.6216520599585779
0.5553919085665731
0.602649108755057
0.6033753186232131
0.5546698022840099
0.6217243389732223
0.5436731864050154
0.6146010322622582
0.5850725097412492
0.5728369264707592
0.6185557472841191
0.540791325418787
0.6202971825750602
0.5647567769059993
0.5932094678338391
0.6105765893435766
0.5475168698323716
0.622064318332785
0.5490662878187059
0.6090088076399057
0.5956961624728515
0.5622917192952823
0.6207227708035356
0.5411513309679895
0.6178272047271378
0.5755842403556705
0.5823150109481121
0.6156705602464522
0.5427360293286028
0.6215014684349958
0.5567552353040206
0.6012771450421326
0.6046650235752926
0.5533866666724633
0.6218389046911529
0.5443641552166437
0.6138482405223197
0.5868362626187332
0.5710824930179397
0.6189821052373472
0.5406521461641675
0.6199868969281019
0.5664009431390818
0.5915513969907746
0.6115221151808132
0.5465901934322978
0.622035416104063
0.5501428178243174
0.6079246675994039
0.5972510586027518
0.560750231678484
0.6209647792811117
0.5414769327207959
0.6173078823469126
0.5773774056062929
0.5805183191507847
0.6163044466237231
0.542216343767996
0.6213271681725665
0.5581686022875303
0.5998536405342073
0.6059003373314299
0.5521570692753306
0.6219304375764756
0.5451199375668198
0.6130457950629115
0.5885780261127302
0.5693518310901338
0.6193752557153525
0.5405871912876876
0.619647714120133
0.568079921512306
0.5898591457737491
0.6124145284996628
0.5457246003612971
0.6219837682224882
0.5512761143991642
0.6067853858192169
0.5987601123656741
0.5592536433239725
0.6211815751199417
0.5418742336691426
0.6167485544111826
0.5791765835431352
0.5787181743702293
0.616894886047083
0.5417663217230297
0.621128724411542
0.5596303476994993
0.5983803424210037
0.6070807251669096
0.5509822127403159
0.6219990812961251
0.5459391427939199
0.612192271294277
0.5902930751142523
0.5676492863457
0.6197369009167907
0.5405966715884338
0.6192782003204416
0.5697900184255185
0.5881368627677006
0.6132549205394304
0.544921414494069
0.621909306919297
0.5524650213568927
0.6055909781915377
0.6002209174827785
0.5578040471514409
0.6213738232560512
0.5423421142356228
0.6161472357703967
0.5809763656749976
0.5769200173715132
0.6174438380020325
0.5413871773734574
0.6209055775373349
0.5611385790515431
0.5968593718558297
0.6082059562280319
0.5498632611997614
0.6220449322593994
0.5468204135940532
0.6112864289268645
0.5919770022017085
0.5659788372043031
0.6200685961007172
0.5406805561890606
0.6188767608785307
0.5715271598373048
0.5863890398726809
0.6140445802818527
0.5441820031151525
0.6218119248165518
0.5537083679688862
0.6043417512632134
0.6016314490560485
0.5564032726718356
0.6215420496716768
0.5428793323323664
0.6155019803152703
0.5827713107263439
0.5751292351632615
0.6179532916869722
0.5410799936718413
0.6206570244182359
0.5626911296561297
0.5952932334876875
0.6092760858157343
0.5488013716796031
0.6220680494581646
0.5477624385419329
0.6103272297952971
0.5936257505730738
0.5643440790873203
0.6203717319399236
0.5408385735260967
0.6184416598828052
0.5732869109660658
0.5846204764212629
0.614784976154657
0.5435077624961291
0.6216914642491169
0.5550049360921205
0.6030383199575244
0.6029900532385054
0.5550529301833016
0.6216866604716987
0.5434845583305544
0.6148109160129867
0.5845560265989086
0.5733510804189974
0.6184252284579852
0.5408456898022806
0.6203822024738649
0.5642855191678933
0.5936848213348019
0.6102914379443718
0.5477977192832435
0.622068460999431
0.5487639568984802
0.6093138544214125
0.5952356361210234
0.5627482235241316
0.6206475246899018
0.5410702200479788
0.617971046633013
0.5750645116399054
0.5828362313369121
0.6154777352887335
0.5429000964464895
0.6215477034047208
0.5563534221375839
0.601681625001494
0.6042954342148579
0.5537544562203536
0.6218079615423581
0.5441564096047317
0.6140722766544654
0.5863252484141792
0.5715905971135038
0.6188615841109107
0.5406849926850124
0.6200800782133828
0.5659189205854991
0.59203741997069
0.6112525884325041
0.5468535155215797
0.6220461673736648
0.5498237555807166
0.6082457181671365
0.5968033601611605
0.5611941105989859
0.6208970141810661
0.5413747762740021
0.6174629876773634
0.5768549267285781
0.5810415635074275
0.6161246195079618
0.5423603888902638
0.6213803396689233
0.5577523950212088
0.6002729495016553
0.6055466391268712
0.5525091582398326
0.6219061773195751
0.5448934825553263
0.6132844297839004
0.5880739088882374
0.5698525563562051
0.6192642129346844
0.5405984140240069
0.6197494417890299
0.5675881361394746
0.590354699699283
0.6121603485255207
0.5459700193057357
0.6220011415127774
0.5509406584424347
0.6071224875964105
0.5983260145033668
0.559684232696126
0.6211210690224377
0.5417513295227421
0.6169155026574683
0.578652909876947
0.5792418617456194
0.6167274975407369
0.5418899719722003
0.6211889709126379
0.559200251540265
0.5988139340819189
0.6067430415394349
0.5513182567903853
0.6219814675337602
0.545694380222966
0.612445900839393
0.589797198367505
0.568141405438324
0.6196348555035606
0.5405862339918913
0.6193889087281825
0.5692895843976699
0.5886407041339472
0.6130157487443101
0.5451485402599094
0.6219333256389524
0.5521135082025591
0.6059440973633644
0.5998010804587359
0.5582207672179851
0.6213203978705509
0.5421988022302604
0.6163266019967456
0.5804530775636828
0.5774425669649138
0.6172883134053749
0.541490091568958
0.6209730758417603
0.5606951709180628
0.5973065899881208
0.6078843240340815
0.5501829237114131
0.6220339411797661
0.5465577339754166
0.6115553940012468
0.5914906131074033
0.5664612319191928
0.6199751119763713
0.5406484922570214
0.6189969294770012
0.5710193006447276
0.5868998284897134
0.6138200223508817
0.5443904341977112
0.6218426248515279
0.5533411414997634
0.6047107676373967
0.6012264231163358
0.5568056158519158
0.621495565228756
0.5427159843751592
0.615694324492954
0.5822499895319038
0.5756490902850553
0.6178090514773262
0.5411618722976486
0.6207319948708592
0.56223507052478
0.5957533095274276
0.6089704604889171
0.5491043152090519
0.6220636673136949
0.5474822181982291
0.6106118105607673
0.5931499915796712
0.5648157433607913
0.6202864222695929
0.5407849867112421
0.618571806771191
0.5727729520841536
0.5851367870661675
0.6145745875865924
0.5436970908748325
0.6217288974064945
0.5546223576962419
0.6034230218163774
0.6026002819287535
0.5554404479915693
0.6216470100413661
0.5433015681714094
0.615016773129515
0.584038231076035
0.5738667314845265
0.618291699312107
0.5409062841319132
0.6204649132144938
0.5638175649923837
0.594156873100095
0.6100016985212621
0.5480835989230729
0.622070682546104
0.548466557373519
0.6096142657549912
0.5947715395665387
0.5632082622374411
0.6205700539234976
0.5409952799473898
0.6181117202140933
0.5745458686430965
0.5833565689150613
0.6152810277348149
0.543069914496021
0.621591941756001
0.5559558822419151
0.6020817040945963
0.6039212584064136
0.5541267460398654
0.6217750653476489
0.543954182956994
0.6142921478597702
0.5858124926504037
0.5721006023846958
0.6187382097827643
0.5407241125579221
0.6201708479533918
0.5654399310865216
0.5925204518721698
0.6109785424110362
0.5471219743064576
0.6220549952530992
0.5495095253247751
0.6085621049628077
0.5963518454354649
0.5616417346944835
0.6208270978552733
0.541278713232127
0.6176147568615531
0.5763330891455345
0.5815643815564755
0.6159410681309727
0.5425102978937331
0.6214314806470449
0.5573403256588861
0.6006879963461658
0.6051883015786471
0.552865850510379
0.6218799774425373
0.5446724281574077
0.6135187746677994
0.5875676428032647
0.5703555593568487
0.6191504644119922
0.5406159338786156
0.6198486406979732
0.5670990807618906
0.5908476048528686
0.6119017365861702
0.546220685794521
0.6220165865651242
0.5506099367065997
0.6074549199593211
0.5978878872650965
0.5601187512380317
0.6210584715617288
0.5416344273876954
0.6170789461568275
0.5781294214326175
0.5797655837520685
0.616556549501023
0.5420195917554431
0.6212471429088687
0.558774139499893
0.5992434337420958
0.6064006918233659
0.5516590030924756
0.6219619233045397
0.5454549023575607
0.6126951307783244
0.5892987914229293
0.568636148282274
0.6195302398812973
0.5405820968785982
0.6194969571411637
0.5687915447762292
0.5891422688572246
0.6127722494555705
0.5453810283775292
0.6219554081530237
0.5517666310283544
0.606292565636771
0.5993770334655126
0.5586415770915102
0.6212649287682113
0.5420613896193889
0.6165022972883979
0.5799295137884943
0.577965609604814
0.6171293974331091
0.5415990706799713
0.6210384439383195
0.5602555709386992
0.5977499185088286
0.6075580236547362
0.5505073861371482
0.6220210254284226
0.5463002268439084
0.6118198663895975
0.5910013415089442
0.5669465641483764
0.6198791795661944
0.5406227116639608
0.6191142942997296
0.570513469021378
0.5874087396704721
0.6135912570648041
0.5446043453587839
0.6218713767705388
0.55297844965102
0.6050751772888495
0.6008170383111469
0.5572121898076903
0.6214470740839625
0.5425584249214982
0.6158828369995297
0.5817279339677496
0.576169887414989
0.6176615883236294
0.5412498981114545
0.6208047662539284
0.5617826179282064
0.5962097312127868
0.6086601880402169
0.5494121573254439
0.6220573635683538
0.5472070624131906
0.6108918236682408
0.5926710289209516
0.565290626235789
0.6201987715988289
0.5407376461316009
0.6186989956443122
0.5722606252939809
0.585651642808959
0.6143601257875966
0.5438920183227008
0.6217643654962346
0.5542442063351121
0.6038031882781426
0.6022060335086806
0.5558323217227349
0.621605380965975
0.5431242503169051
0.6152186460685755
0.5835192514201021
0.5743837575554009
0.6181551127113052
0.5409730922772569
0.6205453417601015
0.5633529870894401
0.5946255388703977
0.6097073547545051
0.5483744785613694
0.6220709831943227
0.548174118704223
0.6099100539324214
0.5943039506122256
0.5636717687175208
0.6204903344477657
0.5409265302048698
0.6182492736807707
0.5740284375365126
0.5838758926836223
0.6150803931185478
0.5432454496753651
0.6216341916971035
0.5555626520900487
0.6024773476986525
0.6035425166601351
0.5545035049362967
0.6217402112359642
0.5437575099092258
0.6145078930711679
0.5852981181240069
0.5726123939610538
0.6186119374305823
0.5407694951319207
0.6202592374798461
0.5649640566595273
0.5930003990028321
0.6106999551427978
0.5473955383568695
0.6220619006516006
0.5492001557249119
0.6088738339507683
0.595896582594301
0.5620930455655397
0.620755010394564
0.5411887676709846
0.6177632389413863
0.5758120236316983
0.5820866397434109
0.6157537456499054
0.542666038542087
0.6214806019339136
0.5569324353066127
0.6010987375173891
0.6048253373102734
0.5532271166727986
0.6218518345281703
0.5444568086197287
0.613748864561985
0.5870593438232737
0.5708607335935028
0.6190339683918221
0.5406397460206339
0.6199453464386717
0.5666128469166402
0.5913377584863161
0.6116386654509511
0.5464765671444755
0.6220301050821251
0.5502839775759162
0.6077826821238702
0.5974457892578616
0.5605571479922653
0.6209937666497529
0.5415235551348205
0.6172389338451804
0.577606251685198
0.5802892062537839
0.6163819935197312
0.5421551512673867
0.6213032543339954
0.5583520584379419
0.5996687886206173
0.6060536811898071
0.5520044231115583
0.6219404463274592
0.5452207425775157
0.612939991386466
0.5887979623323132
0.569133417499078
0.6194230159652813
0.5405842613927174
0.6196023851064846
0.5682960004866032
0.5896414457543429
0.6125243905980228
0.5456188450907384
0.6219755571440432
0.551424418606825
0.6066363750458877
0.5989488257267593
0.5590664322404771
0.6212074032587499
0.5419299072397987
0.6166743695567871
0.5794058085027592
0.5784890126129617
0.6169670409984305
0.5417140881910812
0.6211016993289193
0.5598198327997439
0.5981892951747159
0.6072270532458734
0.5508366200549154
0.6220061836233819
0.5460479244148299
0.6120798713620031
0.5905092867547614
0.5674347459949518
0.6197807648803576
0.5406032214923654
0.6192288983538026
0.5700097747729831
0.587915654696187
0.6133582479546777
0.5448237021374958
0.6218981845043591
0.5526203224039193
0.6054349646323925
0.6004033347418046
0.55762295533581
0.6213965664682748
0.5424066869064237
0.6160675638609997
0.5812052768383404
0.5766914973222598
0.6175108533913439
0.5413440486889571
0.6208753600288713
0.5613338333491518
0.5966624266972328
0.6083452600396163
0.5497248691084007
0.6220491375837123
0.5469370021312893
0.6111672889784373
0.592188952718909
0.5657686492922708
0.6201087502621667
0.5406965645809902
0.6188232723038323
0.5717500483853485
0.5861649185923954
0.6141415504077892
0.5440925102154526
0.6217978740443761
0.5538705141453301
0.6041787957086653
0.6018073392831693
0.5562285163770146
0.6215617659101123
0.5429526389464892
0.6154165781936379
0.5829992171646179
0.5749020346767291
0.6180154210060012
0.5410460966030183
0.6206235138097821
0.5628918555452452
0.5950907371712597
0.6094083920434727
0.548670328338068
0.6220693629739991
0.5478866706515313
0.6102012330092221
0.5938329498584549
0.564138673689579
0.6204083409572566
0.5408639889172213
0.6183837548282541
0.573512342824911
0.5843940727363269
0.6148757878043445
0.5434266678844333
0.6216744607652959
0.5551737670182566
0.6028685237226771
0.6031592318599107
0.5548847010113057
0.6217033938428087
0.5435664250973121
0.6147195523084173
0.5847822493724257
0.5731258547326815
0.6184827214757659
0.5408211281189991
0.620345276856311
0.5644913765783581
0.5934771703851974
0.6104168062581006
0.5476741766133439
0.6220668842709984
0.5488956756351939
0.6091809129787522
0.5954376426067116
0.5625479824756592
0.6206807307115721
0.5411049624181351
0.6179084828132869
0.5752918598106314
0.5826082050591168
0.6155626058335033
0.5428275780554312
0.6215277135442667
0.5565287636063864
0.6015051320959681
0.6044577611950882
0.5535929268933746
0.6218217447725828
0.5442466583589294
0.613974735555442
0.5865491300258149
0.571367970037854
0.6189146821569547
0.5406698439017497
0.620039593386311
0.5661295233690579
0.5918250604332982
0.6113711093769688
0.5467376310269575
0.6220416985199743
0.5499628094549402
0.608105775313346
0.596999781855848
0.5609993699363292
0.6209269371270796
0.54141873961348
0.6173955147856887
0.5770835335295268
0.580812595074613
0.6162037815553911
0.5422966199056365
0.6213573181684733
0.5579340534264405
0.6000899486491237
0.6057020169324889
0.5523544881423462
0.6219170340190947
0.5449919345537703
0.6131805143157949
0.5882948215435225
0.5696331130030926
0.6193131445508449
0.5405927269355523
0.6197052310635481
0.5678030497583837
0.590138126015999
0.612272141461357
0.5458619569256771
0.6219937749854313
0.5510868995191136
0.6069755197591681
0.5985165091720133
0.5594952863748139
0.6211478077111031
0.5418043851542362
0.616842867103352
0.5788820958734763
0.579012642677574
0.6168011951171438
0.5418351165437317
0.6211628584332107
0.5593880080958713
0.5986246605141207
0.6068914129592279
0.551170597080078
0.6219894141407816
0.545800859261773
0.6123354356871284
0.5900145507901057
0.5679256867887826
0.6196798327054145
0.5405900271123673
0.6193407837014606
0.5695083251972323
0.5884204569300819
0.6131209597799536
0.5450484702294311
0.6219230515882486
0.5522667892955763
0.6057901163442118
0.599985355132191
0.5580378717988115
0.621344031813444
0.5422608027442877
0.6162485517360704
0.5806821515453188
0.5772137895754882
0.6173567976755382
0.5414443003384457
0.6209437964708231
0.56088877591079
0.5971113269360752
0.60802566992936
0.5500424218358408
0.6220389885163282
0.5466720686662097
0.611438227966494
0.5917038558191725
0.5662497313740577
0.6200163273241056
0.5406617532261522
0.6189446818158681
0.571241336940447
0.5866764910620533
0.6139188221688068
0.5442985319113064
0.6218294280727965
0.5535013125325082
0.6045498228585222
0.6014042330791091
0.5566289958474023
0.6215161568798734
0.5427867679627487
0.6156106137172935
0.5824782589827143
0.5754214371839453
0.6178725761075132
0.5411252780164553
0.6206994538094921
0.5624342378720018
0.5955523893234205
0.6091047975405777
0.5489711187015065
0.6220658217237451
0.5476042433003938
0.6104878187706398
0.5933586206941183
0.5646089052699901
0.6203240468854315
0.5408076726908132
0.6185152109607438
0.5729977072109952
0.584910980407769
0.6146671690455736
0.543613534792547
0.6217127558664868
0.5547892613199429
0.6032552025759418
0.6027714292981888
0.5552703015749367
0.6216646072754264
0.543380963099831
0.6149271666285067
0.5842650125498946
0.573640865455138
0.6183505156506262
0.5408789976274301
0.6204289948738239
0.564021967399404
0.5939506777829606
0.6101290770246003
0.5479578583810532
0.622069946612685
0.5485961141341461
0.6094833517425906
0.5949750992454867
0.5630064822811085
0.6206042365159387
0.5410273189926654
0.6180505371487963
0.5747727259979896
0.5831289452042491
0.6153676031286798
0.542994883183169
0.6215728247221507
0.5561293488316664
0.601907141766264
0.6040855903928567
0.5539632508394058
0.6217897039563542
0.5440420119169451
0.6141964249360392
0.5860371215015998
0.5718771572047145
0.6187925620837446
0.5407062192740357
0.6201314146786053
0.5656491961107515
0.5923094131552177
0.6110990441433359
0.5470038454783318
0.6220513681022366
0.5496464608216667
0.6084242027218889
0.5965499292133811
0.5614453618991377
0.6208579647288314
0.541320006582899
0.6175487380898933
0.5765613991104261
0.5813356161705716
0.6160218660068953
0.5424439663444032
0.6214093464797872
0.5575201678427881
0.600506866450095
0.6053457085049482
0.552709169240737
0.6218916834715187
0.5447685122185942
0.6134167325572123
0.5877894818268808
0.5701351320413186
0.6192005853540268
0.5406074911671768
0.6198055323065825
0.5673127880920505
0.590632203275514
0.6120154727370274
0.5461103307174694
0.6220100637621986
0.5507541022211094
0.6073099960422285
0.5980801384571289
0.559928091354092
0.6210861275137581
0.5416848525781666
0.6170078385447514
0.578358509908265
0.5795363660245753
0.6166318109859692
0.5419621272061543
0.6212219366240871
0.5589601464157145
0.5990559578123563
0.6065511049790991
0.5515092888095574
0.621970715099732
0.5455590643028796
0.6125865875976
0.5895172381068524
0.5684192930945112
0.6195763466285996
0.5405831321671268
0.6194499914074967
0.5690092250175038
0.5889230319111796
0.6128793585700281
0.5452786155284773
0.6219459811894708
0.5519178794963879
0.6061406213250442
0.5995631448550134
0.5584568970297714
0.6212894587104092
0.5421208042553635
0.616425847848036
0.5801586919207969
0.5777366327029603
0.6171993720804926
0.5415506281629926
0.6210100946955606
0.5604475024499723
0.597556365681011
0.6077014130595028
0.5503647869422232
0.6220269153094313
0.5464122937035253
0.611704663688511
0.5912158337611002
0.5667337885680486
0.6199214705867359
0.5406332215764529
0.6190632684459026
0.570734604235156
0.5871862386854898
0.6136919029119043
0.5445100488060637
0.6218590321329355
0.5531366322577592
0.6049162508277268
0.6009967512761829
0.5570337228251397
0.6214685451826206
0.5426266709223653
0.6158007976411924
0.5819565085351807
0.5759418378432204
0.6177265295649355
0.5412106160185031
0.6207731849669937
0.561980199063755
0.596010419449109
0.6087965601855074
0.5492768203818219
0.6220603590892372
0.5473268670786239
0.6107698286978966
0.5928810492833946
0.5650823889208529
0.620237424396631
0.54075759659683
0.618643688817427
0.5724846514673791
0.585426488415706
0.614454495040512
0.543806015903803
0.621749083313811
0.5544091683383066
0.6036373571354401
0.6023791367100315
0.5556602730557225
0.6216238450764557
0.5432011583774672
0.6151307780738196
0.5837465352964135
0.5741573048631352
0.6182152730683087
0.540943088199361
0.6205104190511577
0.5635559029949826
0.5944208357223187
0.6098367503806956
0.5482465533191748
0.6220710879826278
0.5483015005591273
0.609781161751371
0.5945090290871232
0.5634684793656609
0.6205255042928436
0.5409558575480393
0.6181894503157963
0.5742547490498885
0.5836487287497473
0.6151686927247201
0.5431679202758362
0.6216159439822135
0.5557342279827209
0.6023047307878054
0.6037088443858847
0.5543380575971033
0.6217557074138326
0.5438429039122903
0.6144139711460235
0.5855234402479846
0.5723881812345735
0.618667563701199
0.5407488622123752
0.6202208421997449
0.5651719483660151
0.5927907217811582
0.6108224470849051
0.5472751789057377
0.6220591148316167
0.5493349602764952
0.6087379694784014
0.5960962982751531
0.5618950664810124
0.6207868300528968
0.5412273806455219
0.6176986528383483
0.5760399796554638
0.5818581358011328
0.6158361997851851
0.5425971586084322
0.6214593504635149
0.5571104434637054
0.6009194973135434
0.6049847675575067
0.5530684371520245
0.6218643914281985
0.5445505097311999
0.6136486804017187
0.5872820581940876
0.5706393692430078
0.6190852970566791
0.5406285500128115
0.6199033249519293
0.5668253082348311
0.5911235736708389
0.6117543565540566
0.5463639336323393
0.6220244252896354
0.550426055105826
0.6076398022209331
0.5976397709825361
0.5603647970977979
0.6210223470363013
0.5415713378073728
0.6171693327366534
0.5778351842820281
0.5800600485904488
0.6164588400597304
0.5420950907448693
0.6212789482650066
0.5585362954299069
0.5994831330950391
0.606206133559162
0.5518526667622623
0.6219500843451533
0.5453225727822733
0.6128333567548176
0.5890174556866005
0.5689154687287697
0.6194702690669531
0.5405825385629203
0.6195565614908831
0.5685125763260777
0.5894232674408659
0.6126334116641673
0.5455141041644925
0.6219669761328872
0.5515736218842986
0.6064864706632637
0.5991367519564198
0.5588799872376413
0.6212328348679133
0.5419867225920112
0.6165994999145841
0.5796350320577549
0.5782598943571697
0.617038527499305
0.5416630061253078
0.6210742726893298
0.5600100675945133
0.5979974794718631
0.6073724867237927
0.5506919359726316
0.6220129166826476
0.5461577092985698
0.6119666207479825
0.5907249847422774
0.5672207341914997
0.619824146602166
0.5406109774580525
0.6191790755970199
0.5702299611495273
0.5876940418642013
0.6134607556439764
0.5447270263846322
0.621886690337833
0.5527765035217999
0.6052780630299042
0.6005849328364602
0.5574426587045651
0.6214189213860668
0.5424723809653629
0.6159871756935901
0.5814340983134645
0.5764631079984684
0.6175772326432644
0.5413020887584256
0.6208447292706204
0.5615298016578383
0.5964647544746106
0.6084836707398528
0.5495874043598418
0.6220529745196651
0.5470545727711345
0.6110472819346323
0.5924003245481022
0.5655590474112111
0.6201484443824447
0.5407137741305715
0.6187692345006586
0.5719732943166975
0.5859404709969567
0.6142377249859792
0.54400407661979
0.6217834488649967
0.5540335205576302
0.6040149627123597
0.6019823843064426
0.5560545809090094
0.6215811001862586
0.5430270452096333
0.6153304296179201
0.5832269466002811
0.5746750497924554
0.6180769462952163
0.541013382852541
0.6205895756395641
0.5630932545938863
0.5948875615084359
0.6095398109691772
0.5485402314254684
0.622070308494451
0.5480118645363776
0.6100743562928699
0.5940395115084361
0.5639339055804428
0.6204445092851919
0.5408905968183252
0.6183252703006418
0.5737380542175866
0.5841674252925416
0.6149658306151892
0.5433466553554366
0.6216570791504741
0.5553434368817463
0.60269786596531
0.6033275450148095
0.5547173155867959
0.6217197500006821
0.5436493689876805
0.6146274137354466
0.5850082100553288
0.5729009259853063
0.6185396417536325
0.5407977611414112
0.6203079065691544
0.5646978606067199
0.5932688941418434
0.6105412971258714
0.5475516000879557
0.6220649394997484
0.5490283365872106
0.6090470826106641
0.5956389587839345
0.5623484239772425
0.6207135125308211
0.5411408851828278
0.6178453080009442
0.575519405311568
0.5823800206980287
0.6156467363829969
0.5427561641467243
0.6215073404847764
0.5567049205602344
0.601327799171851
0.6046192079742825
0.5534322622357223
0.6218351542579302
0.5443379614390933
0.6138763934000264
0.5867726678100168
0.5711457166786593
0.618967237355951
0.5406558976739109
0.619998643910086
0.5663407001659627
0.5916121358996007
0.6114887665141466
0.5466227331848997
0.6220368611299684
0.5501027865621673
0.6079649386444937
0.5971954669095509
0.560805351497726
0.6209564495925389
0.5414638681468535
0.6173273986961871
0.5773122521645908
0.5805835561954106
0.6162822341272833
0.5422339768972886
0.6213339067487551
0.5581165009815046
0.5999061351091357
0.6058565050595492
0.5522007023156501
0.6219275194285832
0.5450914182468753
0.6130757742128179
0.5885153129371486
0.5694141147864403
0.6193615613012541
0.5405882464639431
0.6196605328807223
0.5680184785371086
0.5899210536619541
0.6123830877500819
0.5457549025364923
0.6219860389245421
0.5512340451158789
0.6068276575977458
0.5987062271790141
0.5593070969134147
0.6211741470715942
0.5418585881648113
0.6167695560755588
0.5791113061384703
0.5787834414826519
0.6168742148931802
0.5417814071148911
0.621136347341209
0.5595765238441824
0.5984346076255653
0.6070388901959147
0.5510238405326953
0.6219969911197214
0.5459083478695258
0.6122241252619026
0.5902314095771752
0.5677104787876002
0.6197243206897944
0.5405950269926165
0.6192921457517102
0.5697275160876774
0.588199783038191
0.6132253445816118
0.5449494302687248
0.6219124063923546
0.5524209560464235
0.6056352451560093
0.6001688193326473
0.55785576348766
0.6213672752768812
0.5423239307429722
0.6161697942645269
0.5809111614781344
0.5769851177243515
0.6174246364023536
0.5413996730917451
0.6209141075115883
0.5610831058013802
0.5969153241294397
0.6081661218220388
0.5499028418315949
0.6220436672622214
0.5467873915293875
0.6113201992535122
0.5919165381451278
0.5660388007854779
0.6200570764625742
0.5406762171749021
0.6188918934066878
0.5714637523200142
0.586452804036754
0.6140168191285691
0.5442076822994169
0.6218158577583357
0.5536623496926635
0.6043879970178598
0.6015812048065976
0.5564531895240081
0.6215363649040366
0.5428586576284625
0.6155261651090176
0.5827063766541845
0.5751939753099903
0.6179354874254667
0.5410898631260515
0.6206664896318699
0.5626340908283355
0.5953507752376851
0.6092382451709719
0.5488388630163188
0.6220676080705811
0.5477272360064197
0.6103629503994572
0.5935666286791781
0.5644026901896686
0.6203612254796295
0.5408315540679574
0.6184580446316691
0.5732227650086806
0.5846849056062962
0.6147589736573336
0.5435310541840437
0.6216962374043615
0.5549570102670773
0.6030865166177163
0.6029417165136353
0.5551009924759855
0.6216818260597395
0.5434614417540379
0.6148367933135837
0.5844915563859114
0.5734152731332751
0.618408750266498
0.54085290286696
0.620392637135075
0.5642270105749122
0.5937438407983362
0.6102555748131331
0.5478330781716138
0.6220688426950204
0.548726618729587
0.6093515510099681
0.5951779832851476
0.5628053723060518
0.6206379904016113
0.5410605422938126
0.6179887523573973
0.5749998049857994
0.5829011382312973
0.6154534299423723
0.5429209499058004
0.6215533261198342
0.5563036379930455
0.6017317325732472
0.604249045909827
0.5538006143874946
0.6218039679268305
0.5441309018351248
0.614099908320657
0.5862614298969013
0.5716540639288397
0.6188463630178607
0.5406895266439475
0.6200915228626501
0.5658590510907356
0.5920977912678623
0.6112186777260727
0.5468866972507852
0.6220473726070149
0.5497843250297025
0.6082854076489298
0.5967472891742532
0.5612497003332615
0.6208884174054777
0.5413624698412927
0.6174820855234686
0.5767898460497792
0.5811067547164747
0.6161019453858396
0.5423787546451552
0.6213868245373907
0.5577008071780951
0.6003249153021897
0.6055022279839262
0.5525533666387995
0.6219030175869716
0.5448656345185404
0.6133138723811928
0.5880109216218603
0.5699151296764517
0.6192501835146345
0.5406002542918671
0.6197619433767727
0.5675270283490591
0.5904162831306612
0.6121283569012391
0.5460009773413772
0.6220031717732601
0.5508991776939414
0.607164177480782
0.5982716239830257
0.5597381787376998
0.6211133811438752
0.5417364305690384
0.6169360648189539
0.5785876482616629
0.5793071404864665
0.6167063853700901
0.541905803017216
0.6211963344777441
0.5591469216549303
0.5988676922226853
0.6067006247660441
0.5513604722345158
0.6219791368542555
0.5456642421857466
0.6124772048264385
0.5897352116496873
0.5682029301296857
0.6196219569584791
0.5405853745806677
0.6194025204175329
0.5692273749072813
0.5887033467830802
0.6129856351933884
0.5451772262605434
0.6219361836215664
0.5520700191532273
0.6059877851376605
0.5997484549750173
0.5582729956885887
0.6213135958191267
0.542181352344566
0.6163487003386972
0.5803878316936546
0.577507735984439
0.6172686917764304
0.5415033446411978
0.6209813393095915
0.560640169322666
0.5973620609421938
0.6078439079427463
0.5502231041684088
0.6220324363546578
0.5465253548761961
0.6115886030227801
0.5914297844389236
0.5665215663392033
0.6199632889904081
0.5406449359680392
0.6190117101592115
0.5709561397742542
0.5869633651909532
0.6137917388137478
0.5444167983154606
0.6218463147471234
0.5532956867761548
0.6047564401279925
0.6011756334692127
0.556856062129576
0.6214896308479817
0.5426960293506708
0.6157180292109298
0.5821849567057417
0.5757139548509626
0.6177908481571632
0.5411725091298153
0.6207411847756711
0.5621784777873444
0.5958103998055511
0.60893204113932
0.5491424187020506
0.6220629864414643
0.5474476452450193
0.6106469608141623
0.5930904655508163
0.5648747598222668
0.6202756255966881
0.5407787450452999
0.6185878203043167
0.5727090030558656
0.585201041786202
0.6145480796291606
0.5437210823301627
0.621733425311777
0.5545749818865374
0.6034706545459589
0.6025513855442581
0.5554890550901485
0.6216419293853271
0.5432791567313184
0.6150421514980288
0.5839736062460708
0.5739311022830655
0.6182748426151847
0.540914272611726
0.6204750619727867
0.5637594733131698
0.5942154750653644
0.6099652623497617
0.5481195826625218
0.6220708248084404
0.5484298359237906
0.6096513853959981
0.5947134471284529
0.5632658469410121
0.6205602406887936
0.5409863727364786
0.6181290344181157
0.5744813061914351
0.5834213565714322
0.615256235319951
0.5430914824019935
0.6215973161975177
0.555906633307992
0.6021312606537079
0.6038742998255507
0.5541734629581051
0.6217708279684498
0.5439293655105576
0.6143192631061811
0.5857484656312442
0.5721642981624004
0.6187226299347932
0.5407294277288173
0.6201819942441039
0.5653804454433703
0.5925804437325206
0.6109440668396727
0.5471557940744185
0.622055960818822
0.5494706990495307
0.6086012135207202
0.5962953034990138
0.5616977871896941
0.6208182315745058
0.541267168007497
0.6176334423223854
0.5762680975870497
0.5816295102592847
0.6159179265135521
0.5425293922883568
0.6214377132030138
0.5572892564854033
0.6007394277996209
0.6051433130166225
0.5529106306219533
0.621876575719458
0.5446452556616906
0.6135476849867574
0.5875043957819324
0.570418409167014
0.6191360948357667
0.5406185587301313
0.6198608296146199
0.567038319716625
0.5909088508814686
0.611869190613144
0.5462522955980089
0.6220183766102104
0.5505690480316144
0.6074960277410084
0.5978329985655726
0.5601731834899752
0.6210505219049391
0.5416202785118501
0.617099074905276
0.5780641922692118
0.5798308574104003
0.6165349902624885
0.5420361647845676
0.6212542488995009
0.5587213095259136
0.5992966780916139
0.6063576937776258
0.5517018026386855
0.6219593518534208
0.5454254253512903
0.6127258884820024
0.5892364968591929
0.5686979932343813
0.6195170183335467
0.5405820228895971
0.6195102400768602
0.5687296408586137
0.5892046198998382
0.6127415942404747
0.5454103803822876
0.6219580249971667
0.5517237218392546
0.6063356731102678
0.5993238866367249
0.5586943122387054
0.6212578711127382
0.5420446772239451
0.6165239414261557
0.5798642429598968
0.5780308307940072
0.6171093496537183
0.5416130778604575
0.6210464431413997
0.5602010478066424
0.5978049002335446
0.6075170255406003
0.550548162872835
0.6220192806158584
0.5462684947056474
0.6118525171727909
0.590940160468403
0.5670072586028526
0.6198670490633121
0.5406199390757346
0.6191287285461334
0.5704505686185275
0.587472034001257
0.613562446532716
0.544631390107709
0.621874824132445
0.5529335622439324
0.6051202744481756
0.6007657081225705
0.5572631606993834
0.6214408889146078
0.5425391937074556
0.6159060673417165
0.5816628189024957
0.5762348603632528
0.6176429798699782
0.5412612995977452
0.6208136835904705
0.5617264790756262
0.5962663609109224
0.60862118883414
0.54945086935786
0.622056443142849
0.5471731228793604
0.6109264059571203
0.5926111098407111
0.5653500384302677
0.6201876810851779
0.5407321839401289
0.6187146437083426
0.5721968879932593
0.5857157073878821
0.614333107284011
0.5439167052326975
0.6217686488690223
0.554197384589231
0.6038502539999886
0.6021565812299926
0.5558814693219285
0.6216000531861274
0.5431025482862513
0.6152435308616007
0.5834544880513349
0.5744482910860321
0.6181378715963456
0.5409818540552561
0.6205552078874388
0.5632953212019003
0.5946837130300369
0.6096703436284329
0.5484110834124306
0.6220708860375617
0.5481380176662277
0.6099465982822522
0.5942454284657013
0.5637297808487599
0.6204802391809436
0.5409183958725287
0.6182662023459403
0.5739640348996337
0.5839405448474443
0.6150551081498276
0.5432677277925417
0.6216393188402676
0.5555139428312377
0.6025263491077243
0.603494990525547
0.5545507766698964
0.6217357294520672
0.5437333871041994
0.6145344968276425
0.5852338980331173
0.5726763042243684
0.6185959931865881
0.5407755900718321
0.6202700892285048
0.5649049648980866
0.5930599999380072
0.6106649120794079
0.547429992272108
0.6220626266483257
0.549161937310921
0.6089123624609261
0.5958395784011952
0.5621495533803054
0.6207458720450544
0.5411779865690693
0.6177815181210635
0.5757471374161638
0.5821516893282579
0.6157301307400767
0.542685857518831
0.6214865834691002
0.5568818898217559
0.6011496293804859
0.6047797730595391
0.5532724648029107
0.6218481903621564
0.5444303159464533
0.6137772470339371
0.58699585165118
0.5709238464406463
0.619019253386426
0.5406431547329771
0.6199572270356599
0.5665524438317754
0.5913986544853238
0.6116055618386647
0.5465088246666864
0.6220316551064572
0.5502436845126157
0.6078232078465821
0.5973904098777276
0.5606120599601218
0.620985553135109
0.5415101597405423
0.6172586352905964
0.5775410715731297
0.5803544581042432
0.6163599812037819
0.5421724625082441
0.6213101044192544
0.5582997340888229
0.5997215127907017
0.6060101026642656
0.5520478031926115
0.6219376337996504
0.5451919307836945
0.6129702066776133
0.5887353735598451
0.5691955703839966
0.6194094665886105
0.5405849728464037
0.6196153441409407
0.5682344145331454
0.589703491497231
0.6124931898157226
0.5456488589113744
0.6219779331619631
0.5513820928494207
0.6066789013760612
0.5988951638774566
0.5591196683923998
0.6212000883523635
0.541913936125419
0.6166955654909925
0.5793405294412426
0.5785542693866318
0.616946560955881
0.5417288461003472
0.6211094363721651
0.559765794674271
0.5982437801064834
0.6071854730182109
0.5508779895304399
0.6220041986344446
0.5460168432782534
0.6121119671623216
0.5904477659081281
0.567495789333789
0.6197683225377717
0.5406012333679958
0.6192429914597948
0.5699471483498313
0.5879786920030952
0.6133289059672875
0.5448514232323918
0.6219013897942146
0.5525760060175278
0.605479484677138
0.6003514691933396
0.5576744458565942
0.6213901292375383
0.5423881835729164
0.6160903256099068
0.5811400961322541
0.5767565624579025
0.6174918337037829
0.5413562119442815
0.6208840073884789
0.5612781558779169
0.5967185870567479
0.6083056800568105
0.5497641860902567
0.6220479775111392
0.5469036998995895
0.6112013058921354
0.5921286520117245
0.5658284472540503
0.6200973621210683
0.5406918833452558
0.6188385605574029
0.5716865373411282
0.58622877755966
0.6141140164028361
0.5441178882620896
0.6218019135374065
0.5538242504158043
0.604225291644841
0.6017573351883028
0.5562782000387121
0.6215561900468135
0.542931650567453
0.6154409748768253
0.5829343314852977
0.5749667153668301
0.6179977895015112
0.5410556293779418
0.6206331004212624
0.5628346240035579
0.5951484735658831
0.6093708042651289
0.5487075506010478
0.6220690263884757
0.547851193757001
0.6102372039417341
0.5937740082453503
0.5641971044320883
0.6203979604160009
0.5408566296155614
0.6184003038790004
0.5734481153977259
0.5844585732998235
0.614850004904058
0.5434496519449898
0.6216793415045212
0.5551256017639257
0.6029169661577369
0.6031111411919858
0.5549325235307428
0.6216986669492741
0.5435430012479725
0.6147456496368578
0.5847178518483388
0.5731899647329428
0.6184664071050211
0.540828001183192
0.6203558377209604
0.564432688388395
0.5935363692472292
0.6103811932778237
0.5477092608302818
0.6220673707720347
0.5488580686938619
0.6092188625495797
0.5953801851991489
0.5626049378723321
0.6206713175810965
0.5410949481936977
0.6179263617922344
0.5752270950060787
0.5826731589938975
0.6155385119150869
0.5428481174940716
0.6215334452520689
0.5564787466533314
0.6015554794515109
0.6044116232689847
0.553638839290181
0.6218178576609952
0.5442208498075936
0.6140025947635337
0.5864854075635962
0.5714313321586683
0.6188996163333106
0.5406740355391862
0.620051169861889
0.5660694891140268
0.5918855941010808
0.6113374450227438
0.546770532263807
0.6220430086884935
0.5499231155478274
0.6081457192684467
0.5969439196395292
0.5610547548623495
0.620918457538985
0.5414061009723081
0.6174147950484322
0.5770184189839743
0.5808778083989438
0.6161813102034066
0.5423146654916668
0.6213639139014522
0.5578822401993635
0.6001421465882136
0.6056578589868675
0.552398445165059
0.6219139800703234
0.5449637921881916
0.6132101912342174
0.5882319524931495
0.5696955611580603
0.6192992623821686
0.5405942236351772
0.6197178709083917
0.5677417938219335
0.5901998530668039
0.6122403913815545
0.545892628411097
0.6219959104523421
0.5510451607457267
0.6070174643669126
0.5984623389654955
0.5595490176339379
0.6211402337868779
0.541789159010112
0.6168636208780469
0.5788168252942861
0.5790779183835222
0.6167802767170243
0.5418506216771576
0.6211703352890925
0.5593344612654738
0.5986786414338185
0.6068492507786571
0.5512125557574081
0.6219871887553862
0.5457704332114063
0.6123669799444027
0.5899527030236494
0.567987067516581
0.6196670740494326
0.5405888240004046
0.6193545408408956
0.5694459859484201
0.588483222825909
0.6130910820329757
0.5450768634076079
0.6219260152203623
0.5522230475841958
0.6058340577703418
0.5999329597341677
0.5580898767782915
0.6213373411459927
0.5422430312913795
0.6162708507483339
0.5806169218594894
0.5772789305650127
0.6173373606379886
0.5414572223240416
0.6209521762987942
0.5608335670283506
0.5971670095472289
0.6079855084854355
0.5500823401990262
0.6220375886767983
0.5466394076657083
0.6114716822932167
0.591643185247
0.5663099047947632
0.6200046376110008
0.5406578542224103
0.6189596158213038
0.5711780663994209
0.5867401291678329
0.6138907678442542
0.5443245967783009
0.6218332242783646
0.5534556106868851
0.6045957465258529
0.6013536815626273
0.5566792109888591
0.621510331888603
0.5427664974382111
0.6156345278579604
0.5824132673526197
0.5754862492574715
0.6178545481926357
0.5411355793088879
0.620708763864983
0.5623774489133364
0.5956096783425378
0.6090666316331723
0.5490089547133646
0.6220652456758751
0.5475693943228763
0.6105232183729007
0.593299270203043
0.5646677454788585
0.6203133776695939
0.5408010903829601
0.6185313862550593
0.5729336701546929
0.5849753134279017
0.6146408829507911
0.5436372205045413
0.6217173910202178
0.5547416442760134
0.603303082522376
0.6027227774199414
0.5553186707457404
0.621659634498953
0.5433582425091338
0.6149527627165022
0.5842004534236372
0.5737051601854021
0.618333825341365
0.5408866469738257
0.6204392683538185
0.5639636921341855
0.5940094637671236
0.6100928919090062
0.5479935690989028
0.6220701936667483
0.548559122307365
0.6095207237104018
0.5949171980152113
0.5630638772173048
0.6205945457407543
0.5410180742333086
0.6180680219738662
0.5747080984986984
0.5831937870566488
0.6153430245745765
0.5430161389098673
0.6215783077028046
0.5560798650897082
0.6019569400196039
0.6040388810922563
0.5540097236831579
0.6217855733426442
0.5440168917993308
0.61422376560976
0.5859731838535098
0.5719407545352444
0.6187771399438612
0.5407111926904636
0.6201426910755513
0.5655895412095429
0.592369572520583
0.6110648161365698
0.5470373864717294
0.6220524385517511
0.5496073696279109
0.608463565443855
0.5964935923525921
0.5615012127520873
0.6208492167116223
0.5413081278257758
0.6175676032907984
0.5764963665412888
0.5814007742790392
0.6159989297202029
0.5424627423240622
0.6214156893026498
0.5574688710302679
0.6005585324404283
0.605300972470756
0.5527536995772001
0.6218883877154138
0.5447410435272984
0.613445875306913
0.5877263467133597
0.5701978624743992
0.6191863652988011
0.5406097726993102
0.6198178575283151
0.5672518738833991
0.5906935985508303
0.611983169806663
0.5461416557567447
0.6220119589187171
0.550712953972887
0.6073513586072529
0.598025466897818
0.5599823115859394
0.6210782926798368
0.5416703749827816
0.6170281562379596
0.578293264494608
0.5796016439650943
0.6166104481618472
0.5419783759428054
0.6212291551371895
0.5589070969249542
0.5991094278433888
0.6065083612621476
0.5515518331442766
0.6219682490645958
0.5455292974649816
0.6126175839316899
0.5894550766203935
0.5684809993722428
0.6195632670379838
0.5405827144000777
0.6194634176264304
0.5689471858126146
0.5889855122861501
0.612848940920289
0.5453076765546976
0.6219487035341192
0.5518747160738878
0.6061839829032224
0.5995102254496677
0.558509411100277
0.6212825131232023
0.5421037686038996
0.6164476900457908
0.5800934299581227
0.5778018330946655
0.6171795115711414
0.5415643056943749
0.6210182092947253
0.5603927690841386
0.5976115624820955
0.6076606697103669
0.5504053031350112
0.622025275555787
0.5463802779095891
0.6117375584111747
0.5911548054192711
0.5667943267946235
0.6199094752004876
0.540630105872477
0.619077853661337
0.5706715881500833
0.5872496409150564
0.6136633235923374
0.544536796185507
0.6218625855869819
0.5530914960891976
0.6049616000333796
0.6009456570529326
0.5570844647071665
0.6214624699289112
0.5426071224071649
0.6158242349006797
0.5818914274262854
0.576006765338709
0.61770809917912
0.5412216831775047
0.620782221273273
0.5619238606156098
0.5960672518316685
0.6087578148974411
0.5493152665125546
0.6220595435211804
0.5472926498354981
0.6108046592660097
0.5928213008477369
0.5651416291174753
0.6202264629475334
0.5407517930516256
0.6186594961377985
0.5724208196940107
0.5854906381314926
0.61442770060989
0.5438303989591516
0.6217534736292547
0.5543621035987015
0.6036846713838813
0.602329927251289
0.5557091846271496
0.6216186255707554
0.54317914532929
0.6151558782280273
0.5836818305747067
0.5742217690729462
0.6181982009366237
0.5409515117935163
0.6205204084875153
0.5634980496759383
0.5944791983694512
0.6097999911219594
0.548282886780283
0.6220710956143322
0.5482651275232551
0.6098179576760527
0.5944506937751863
0.5635263054864826
0.6205155328552651
0.5409473846673138
0.6182065469905085
0.5741902745579123
0.5837134422069297
0.6151436240047553
0.5431898880719995
0.6216211792479128
0.5556852819791511
0.6023539756631828
0.6036615663036773
0.5543850869897229
0.6217513326835958
0.5438184765461356
0.6144407981555197
0.5854593027481266
0.572451999421146
0.6186517796457977
0.5407546160544412
0.6202318224037071
0.5651126829985907
0.5928504952078986
0.6107876527112768
0.5473093557439572
0.6220599456721337
0.5492964753717761
0.6087767517403281
0.5960394953100251
0.5619513759464223
0.6207778111070685
0.5412162647546603
0.6177171090887974
0.5759750453468035
0.581923222053688
0.6158127927338756
0.5426166609543931
0.6214654417126468
0.5570596681654109
0.6009706259680943
0.6049394550426815
0.5531135371303927
0.6218608534331533
0.544523718985905
0.6136772933459369
0.5872186715055411
0.5707023686398953
0.619070733894845
0.5406316157484685
0.6199153399681746
0.5667647471204067
0.5911846244034106
0.611721497401742
0.5463959081571061
0.6220260803439681
0.5503855009202945
0.6076805826771309
0.5975846054181572
0.5604194999198578
0.6210142492712124
0.5415576122195742
0.6171892204507673
0.5777699806635652
0.5801253120438601
0.6164370267827048
0.5421120793564815
0.6212859101567827
0.5584837490906034
0.599536085701056
0.6061628089829043
0.551895793195839
0.6219473773715144
0.545293469322218
0.6128638089611402
0.5889549939860002
0.5689774883765106
0.6194568637768967
0.5405829062563408
0.6195696617018327
0.5684508497032823
0.589485448472853
0.6126024501345011
0.5455438288353351
0.6219694575193606
0.5515310403331635
0.6065292514342051
0.5990833147208794
0.5589330048224455
0.6212256327650711
0.5419704265744109
0.6166208912765528
0.5795697545416785
0.5783251376018719
0.617018237400517
0.5416774358805104
0.6210821242239459
0.5599558164033782
0.5980521827479507
0.6073311612701632
0.5507330464536438
0.6220110368390396
0.5461263427322742
0.611998959039996
0.5906636110546901
0.5672816262251721
0.6198118412869484
0.5406086459102304
0.6191933173689352
0.5701672131687487
0.5877571934513434
0.6134316468023978
0.5447544519831387
0.6218900015238088
0.5527319367593817
0.6053228358668763
0.6005333009451767
0.5574939224196271
0.6214125946403638
0.5424535585573745
0.6160101418193046
0.5813689442900475
0.5765281347877848
0.6175583936960711
0.5413139189685746
0.6208534944839655
0.5614739213460676
0.5965211213090679
0.6084443450490554
0.5496264570082889
0.6220519193487435
0.5470209911250501
0.6110815459695629
0.5923401894434928
0.5656186777789455
0.6201371869827366
0.5407087509177869
0.6187846795452842
0.5719096824748052
0.5860044218459558
0.6142104172062729
0.5440291527018871
0.6217875950226832
0.553987012115521
0.6040617083544584
0.601932621207921
0.5561040305025253
0.6215756330272715
0.5430057439606832
0.6153550392571475
0.5831621124479409
0.5747396680036253
0.618059486394234
0.5410225784731341
0.6205992842158671
0.563035831916116
0.5949454907066946
0.6095024757742766
0.5485771839130771
0.622070076704557
0.5479761140056563
0.6101105779536099
0.5939807522044972
0.5639921542113878
0.6204342540116344
0.540882898049271
0.6183419847755687
0.5736737482250824
0.5842319941802215
0.6149402663036533
0.5433693309663695
0.621662067630404
0.5552950330036489
0.6027465535020494
0.6032797010403106
0.5547648975411514
0.6217151304774923
0.5436256386898904
0.6146537320855799
0.5849438882529638
0.5729649503966284
0.6185234900901858
0.5408042938521851
0.6203185943075904
0.5646389946114159
0.5933282703325958
0.6105059338715095
0.5475864089054162
0.6220655308155567
0.548990461571016
0.6090852854198303
0.5955816986037583
0.5624051844481845
0.6207042200095982
0.5411305349838913
0.6178633613929436
0.5754545854015177
0.5824450185251725
0.615622852814464
0.542776388765042
0.6215131813959683
0.5566546716948556
0.6013783854310989
0.6045733208677778
0.5534779281306385
0.6218313735437161
0.5443118529320707
0.6139044810561032
0.5867090442964041
0.5712089714107234
0.6189523257483924
0.5406597467702619
0.6200103529864489
0.5662805031666092
0.591672829644741
0.611455347954486
0.5466553531711894
0.6220382762598472
0.5500628299802752
0.6080051371753723
0.5971398150329945
0.5608605302687333
0.6209480867407231
0.5414508978970892
0.6173468625482338
0.5772471068960318
0.5806487884376643
0.6162599644153401
0.5422517015573843
0.6213406136224482
0.5580644633841264
0.5999585640915452
0.6058126005662287
0.5522444072672869
0.6219245711896686
0.5450629823659298
0.6131056862577845
0.5884525648258939
0.5694764352873121
0.6193478254079411
0.5405893995161238
0.6196733118574954
0.5679570766979684
0.5899829218258382
0.6123515785340475
0.5457852866841799
0.6219882796439479
0.5511920489958296
0.6068698568675924
0.5986522786280452
0.5593606122151284
0.6211666867393535
0.5418430355158799
0.6167905026279229
0.5790460297914971
0.5788487109548022
0.6168534891013502
0.541796585642986
0.6211439378411635
0.5595227612264636
0.5984888100069533
0.6069969826878724
0.5510655417643711
0.6219948709799444
0.5458776345964695
0.61225591048291
0.5901697032907401
0.5677717132839158
0.6197117010375974
0.5405934802436245
0.6193060493079479
0.5696650495458282
0.5882626694777033
0.6131957018448223
0.5449775298130903
0.6219154757448623
0.5523769623651429
0.6056794399985584
0.6001166551394131
0.5579075439479481
0.6213606957093721
0.5423058384740533
0.616192295081688
0.5808459511764076
0.5770502275321012
0.6174053827833524
0.5414122633805698
0.6209226041407894
0.5610276909588626
0.5969712168533876
0.6081262149403811
0.5499424974206859
0.6220423723800989
0.5467544493891373
0.6113538994569059
0.5918560279863216
0.5660988111661838
0.6200455192366761
0.5406719756609865
0.618906981781026
0.571400374781386
0.5865165406706551
0.6139889931208842
0.544233447090352
0.6218197603764953
0.553616401451514
0.6044341714419287
0.6015308923238903
0.5565031726215756
0.6215306490850155
0.5428380723999036
0.6155502897569856
0.5826414293758232
0.5752587318332824
0.6179176337547708
0.5410998283708427
0.6206759203756832
0.5625771071669473
0.5954082612237287
0.6092003324659396
0.5488764308517233
0.6220671368360009
0.5476921117358451
0.6103985997904882
0.5935074558203441
0.5644613523302429
0.620350683039152
0.5408246314571032
0.6184743827949984
0.5731586427811468
0.5847493139070966
0.614732908440228
0.543554433327338
0.6217009799496207
0.5549091527730269
0.6031346431662593
0.6028933098369269
0.5551491229048768
0.6216769610007777
0.5434384128334757
0.6148626081377062
0.5844270660298888
0.5734794888736349
0.6183922252176447
0.5408602126901464
0.6204030359767739
0.5641685534517994
0.5938028087977751
0.6102196403687727
0.5478685151480636
0.6220691945455239
0.5486893572299726
0.6093891756034483
0.5951202751287269
0.5628625758744679
0.620628421507899