0.29292929292929293
0.292929292929293
0.1702090978131513
0.14098275027616505
0.21846376523791197
0.3327742882702285
0.22730586939683728
0.1417129699633549
0.1611392268850352
0.2781551008516987
0.3069655142434885
0.18071051919574685
0.1423925731907384
0.21312396443456158
0.3324070332142613
0.23467451840858877
0.1440489051216237
0.15841456143580598
0.2723686605988086
0.31264204623438935
0.1856457610396382
0.1440753039766667
0.2130683190802643
0.3330775737866588
0.23637011152818904
0.1455823865770226
0.16093701440196703
0.27620343545520654
0.310663766062115
0.18406924322796336
0.1455721902241022
0.21825024280187186
0.3351227136429003
0.2320878661263058
0.14618834593026553
0.16873673371989162
0.28908463069766993
0.30014563373087544
0.1761194129970146
0.14633504256224067
0.22672533848215326
0.336121741562819
0.22393460247903507
0.14623742357966288
0.17927537346149622
0.3044988731757319
0.28414676229351776
0.1656747780821774
0.1460503431750004
0.23403515368683797
0.3344164318593176
0.21607099092397464
0.14513031053321074
0.1852922080584482
0.31214931485020936
0.27393481340121145
0.15957709647098095
0.14522998575280666
0.23652979078105021
0.33267547891873106
0.2124873747585607
0.1435564271465412
0.1848041708116066
0.3117236863138132
0.27311346485644583
0.1586495479212448
0.14332508460898785
0.23285921915064767
0.3324851927377418
0.21425989721588956
0.14185339080720472
0.17782148231845635
0.3033715643563325
0.28205348545175946
0.163328490312651
0.14116649104941933
0.22435582355941036
0.3328428734656746
0.2210678971188966
0.14089191049264746
0.1666964489439462
0.2875836808381394
0.29816282951321577
0.17389193486801152
0.14131086158906797
0.21623180594786354
0.33264816875745434
0.23011014802475965
0.14243704288321984
0.15962725960041163
0.27523246929401063
0.30966757088364366
0.18299298405634343
0.1429437517718943
0.21252465157936712
0.332444853928591
0.235893925600953
0.14467165468396176
0.15868537688667284
0.27257807907616455
0.3128229594712368
0.185839324857253
0.1445805713771416
0.21418920405379288
0.3336439251626072
0.23559414907852366
0.1458380323903407
0.16284650559254535
0.27943363050106435
0.30829694393080875
0.1821766355603857
0.14594671192371944
0.22080188124058442
0.33572491227200607
0.22972507427231967
0.1462930254470767
0.17216727120051897
0.2943767779856612
0.2950858092825441
0.1726403045885918
0.14630367731898442
0.2293847495619074
0.3357906396933358
0.2211635239880607
0.14598978682109318
0.18187463949267543
0.3079110435685162
0.2799348839696473
0.16314406632229939
0.14586699513036006
0.23544711809488522
0.33372967231994005
0.21437804296923754
0.14464733048544398
0.1858186166434522
0.3127942397440122
0.2726746011815674
0.1587574251591906
0.14474655484885607
0.2360126184895766
0.33246064036903583
0.21248329488276896
0.1430174093725286
0.18325284830493277
0.3099675580774637
0.27491280824715003
0.15947088249409191
0.1425415561638237
0.23046587459461085
0.3326282932154718
0.21596401305847346
0.14136792868112896
0.1743808936238566
0.2988315369875681
0.2868846699213527
0.1662554136290726
0.14090254605293065
0.22144277371685145
0.33284721964233327
0.22395756522528176
0.14111272399860963
0.16367966530231087
0.2826529985943163
0.3028148456777342
0.17738765683052507
0.14178372180247414
0.2144562706591789
0.33250222826137643
0.23256911594203244
0.14322170881138926
0.1587245121444488
0.27329317435613804
0.31153787415423123
0.1846372703337893
0.14348531070554252
0.21245353172170456
0.3326359368263775
0.2364996706366898
0.1451730580243405
0.1594366913618014
0.2737079520752569
0.3122826882374
0.18540267288119766
0.14506739463912663
0.21581440267191096
0.3343208358692864
0.2342570878081192
0.1460287884630306
0.16530285568292177
0.2835344022287663
0.3050129507481045
0.1796593378237308
0.14621255674539263
0.22355798231102858
0.33609537453810295
0.22709276716798082
0.1463371097646416
0.17566411690238837
0.29949899166414806
0.28978523417391905
0.16918134126644596
0.1462043821447448
0.23179137542871997
0.33521255059279587
0.21857466450361196
0.14562709157659226
0.18385274567893983
0.31039751443119157
0.27658344639434296
0.1611616910351818
0.1456213711685894
0.2362997333802745
0.33314508209422666
0.2131887629226602
0.14414379259306304
0.18570759896321548
0.3127069194846388
0.27234405550778046
0.1584232751502484
0.14413872022609864
0.23487206781476572
0.33240462970706713
0.21301363838119858
0.14246638804349993
0.1810516221115889
0.30737696643711054
0.2777077156025322
0.1608995785345515
0.14180228792699945
0.22769403409444208
0.3327603608407989
0.21814168872388895
0.14101504543187499
0.1707004088220222
0.2936482347941635
0.2922082474260693
0.1697208859844204
0.14095473146803325
0.21879250514261467
0.3327871351111757
0.2269151239533227
0.14162684864201036
0.16139100445246057
0.27861999840155655
0.3065381021546462
0.18035853045791228
0.1423189500218769
0.21324387448943172
0.33241154357669006
0.2344662935632617
0.14395725228550849
0.15841484219272023
0.2724102862407319
0.31256407076160153
0.18557236657818807
0.14400659527619697
0.21295757390222278
0.3330130606315328
0.23642943471347583
0.1455416768489287
0.16072224426939452
0.27584078106372534
0.3109141582963089
0.18427367613302087
0.14551610373810253
0.2179326007420167
0.3350310012107153
0.23237685135008443
0.14617177880273308
0.16829897906581948
0.2883906341643097
0.30077919038536977
0.17656872318249633
0.1463305785535947
0.2263554660756374
0.33614200914046544
0.22431157868838672
0.1462594878809958
0.17888105664238518
0.303967386787916
0.2847726529248955
0.16605653571131665
0.1460710720154124
0.23380336297821744
0.33451245933423623
0.21633653964504462
0.14519248790516232
0.1851689858000115
0.31200060966779797
0.27418013980421263
0.15972735552837314
0.14528446527937078
0.23654745088792078
0.33271849625062044
0.2125318022413913
0.14362714775567736
0.18495799058367626
0.31189412860588606
0.2729531463229641
0.15858531109168547
0.14342725437249867
0.23313850143212048
0.33246939281012244
0.21407405242388
0.14192395478976016
0.17824481937363543
0.3039105015910221
0.2814716209680247
0.16299113376628704
0.14122545409050014
0.224754573889892
0.3328373657056063
0.2206984820942245
0.14088705132653162
0.1671464698552559
0.28829006635812204
0.29748359629760207
0.17339969403956373
0.14125639777330248
0.21650770953794485
0.33266760426051745
0.2297483273179612
0.14233363787216216
0.1597944759078019
0.27556962279827957
0.30935279999262
0.18272177088899635
0.14286991159925938
0.21257537787453876
0.332431810235695
0.23576432413875126
0.14459457526915426
0.15862181476763032
0.27249785977339647
0.31283895262986694
0.1858488729298894
0.1445135058666965
0.2140093583414277
0.33356019157575434
0.235731191654157
0.145807932171571
0.16255874583903074
0.27894799958572675
0.3086664108194842
0.18246743844833635
0.14590168877468235
0.2204438888250354
0.3356549633367752
0.23006062284001022
0.14628135035707612
0.17169549870359196
0.29366461293008095
0.2957904228008785
0.17311376219635882
0.14631316214494774
0.22903992597793518
0.335851866304094
0.22152842976523454
0.14603078878633982
0.18156146878709611
0.3075085003750452
0.28045163915300736
0.1634514873884048
0.1458948586497347
0.2352900870542372
0.33381729348782724
0.2145758986626236
0.14471374131879278
0.18578656853738149
0.3127525404416168
0.27278766189285836
0.15883808411714445
0.14481920627986525
0.23612017179144512
0.3324792831033108
0.2124514645595712
0.14309083683604978
0.18350108860479414
0.31025263739149145
0.27461095016760084
0.15932536006411602
0.14264687066985837
0.23081484378828243
0.3326081457541712
0.2157046951915584
0.14142737604540917
0.1748655424262039
0.2994885015057263
0.2861945538784639
0.16582421264839653
0.14091906186461103
0.2218226923865675
0.33285040151494494
0.22356039307503428
0.1410643767125792
0.1640445228949642
0.28326955258470415
0.3022406123657232
0.17694381277669033
0.14171510578244645
0.21466309140107342
0.3325203129299757
0.2322684785960254
0.14311731973537012
0.15881033486153337
0.27349232220685094
0.31133656102698487
0.18445728799259256
0.14341378996885001
0.2124302359787954
0.3325998427497951
0.23645710738800707
0.14511364561340523
0.1593060146148382
0.2734994293068276
0.31240097426275637
0.18550047178041923
0.14500379089876314
0.21556687542897893
0.3342259193016053
0.23446903928807078
0.14600635855742067
0.16494088779416557
0.28293606062773313
0.30550951847712504
0.18003268156017818
0.14618493599644952
0.22318210903823843
0.33606304994376324
0.22745744825526512
0.14633692710214707
0.17520364538739874
0.2988402467757099
0.29049121000456785
0.16963216631455247
0.14621988273100137
0.2314877821788604
0.3353001810658006
0.21890545533995553
0.14568072874000532
0.18362435434362545
0.31011539915299907
0.27698053080122503
0.16139622651102162
0.14565874130889228
0.23621854642997492
0.333215463894769
0.21331873768705145
0.14421207640299516
0.18575810199657178
0.3127589615572971
0.2723361383054951
0.15844077728998496
0.14422667021315
0.23505905843943778
0.33240440518565084
0.21291273009920259
0.14254034294439316
0.18138193953181014
0.30777284416285494
0.2772776020528952
0.16067173480720096
0.14189453747008293
0.22807929042014913
0.33274538694197897
0.21782633757764386
0.14105138934155056
0.17119409566435698
0.2943640313176567
0.2914861582016144
0.16923649053193734
0.1409312180716817
0.2191278587579317
0.3327988766529186
0.22652211407045725
0.1415441911478771
0.16165525772199782
0.27910267194764665
0.30609431284552835
0.17999554092468598
0.14224557519470846
0.21337355673417752
0.3324180851859527
0.2342472590934472
0.143863791797467
0.15842435210511097
0.2724693079626391
0.3124726773721989
0.18548716403954
0.14393764520033897
0.21285670373201526
0.3329516572393906
0.23647744308435123
0.14549912631533501
0.16051742842710753
0.2754957621703087
0.3111486892447681
0.18446587128468694
0.14545890463767203
0.21762213469290934
0.3349377450640884
0.23265793049004663
0.14615466946826441
0.16786866665446892
0.28770443173985133
0.3013987564586139
0.17701127195865085
0.14632358765178521
0.22598347386801626
0.33615606548100463
0.22468851759791578
0.14627872395562486
0.17847673194391173
0.3034186989003086
0.28541147945265594
0.16644794734503626
0.14609102727939818
0.2335618933348218
0.33460865137058504
0.21661090040716147
0.14525387596183195
0.18503296578663034
0.3118363751384561
0.27444398481818755
0.15988756391954234
0.14533655406902757
0.23655269879919305
0.3327649918783707
0.21258680432299892
0.14369748891143055
0.1850988027135487
0.3120494005240675
0.2728120752233846
0.15853162993681447
0.1435280566130655
0.2334067744965476
0.3324549984472885
0.2138987466213954
0.1419952730664285
0.17865733079337567
0.304431566001712
0.28090781079410226
0.1626676060178489
0.14128936639883616
0.22515326825012408
0.33283069978243507
0.22033486998757007
0.14088782778589265
0.1676046229138125
0.2890023412646998
0.29679505525691835
0.1729051704519046
0.14120476037273463
0.21679139007933035
0.3326864519804316
0.22938104010307522
0.14223164240544434
0.15997255033852692
0.27592401676311584
0.3090233185139232
0.18243944450394842
0.1427959380746943
0.21263535428834326
0.3324214018679892
0.23562400645101553
0.14451538311363113
0.15856665625520822
0.27243377799961443
0.3128424068543234
0.18584739184603655
0.14444616998134385
0.2138385076404684
0.33347860769528237
0.23585822532665657
0.14577664849133287
0.16228074428072625
0.27847813480596456
0.309019625273451
0.18274700969474572
0.1458548390812606
0.22008994459245088
0.3355810821374969
0.23039109622373244
0.14626877958263113
0.17122581095454098
0.2929506173939024
0.2964893484522299
0.17358679089902246
0.14632132237165385
0.2286908679534967
0.3359083229759345
0.22189621516506625
0.14606959200767555
0.18123713541396233
0.3070890929650516
0.2809837789141521
0.16376883455860464
0.14592165559656775
0.23512302409547797
0.33390664201270215
0.21478280992024595
0.14477975661786296
0.18574296458294978
0.31269755668652477
0.27291754949018104
0.15892751133852906
0.14488953964662488
0.23621632904877837
0.3325008983841697
0.21242934382887146
0.14316398893885646
0.18373740488435053
0.31052265059551976
0.2743272434426881
0.15919073077433754
0.14275267578221063
0.23115637026274516
0.33258791284399447
0.21545423525297563
0.14148898109499927
0.17534484001559378
0.3001325279416115
0.2855148625567088
0.1654036731618535
0.1409415185457712
0.22220715428906726
0.33285241698361356
0.22316494145094712
0.14102164271813752
0.16442278886499373
0.2839023247259413
0.30164932381955534
0.17649056001215965
0.1416477181028995
0.21488020228630933
0.332539246482144
0.23195769719599546
0.14301214189007017
0.15890710271042052
0.27371085333655704
0.31111969109569276
0.18426429959628993
0.14334186650698316
0.21241740448007698
0.332567146689504
0.2364021836101411
0.14505173489079837
0.1591849151853949
0.2733090530828285
0.31250445888523914
0.1855857436319112
0.1449395512337133
0.21532846829463384
0.33413191170220696
0.2346709287549539
0.14598300878114306
0.1645889426470755
0.2823521333783511
0.3059885647543325
0.18039520271428938
0.14615463097766096
0.22280737406598689
0.3360249373963569
0.22781909223118865
0.14633465474396026
0.17473884024695682
0.29817045670782955
0.2912012800210906
0.17008852751089096
0.1462348250824239
0.23117748771099828
0.3353852759659854
0.21924219285075974
0.14573301501700459
0.18338423239488474
0.3098174040902133
0.2773944080156378
0.16164057622795586
0.14569459967266074
0.2361267743347436
0.3332885920591824
0.21345809026188442
0.1442801627449858
0.18579744970257756
0.31279838591506703
0.2723446351952692
0.15846689771227307
0.1443127252760447
0.23523557293638125
0.33240643177961315
0.21282110717145813
0.14261438836555584
0.18170153547985404
0.3081534759276502
0.27686457337974585
0.16045540924328955
0.14198945246097877
0.22846128015825778
0.3327294127374429
0.21751780352299838
0.14109155614595612
0.17168940857794118
0.2950756302068855
0.2907641325838117
0.16875664186840847
0.1409124389612395
0.21946976892425826
0.33280949520220565
0.22612716497451107
0.14146526887039568
0.16193233450381356
0.2796033713488059
0.30563372800209293
0.17962144660342008
0.14217251350113266
0.21351320666597218
0.33242657510081003
0.23401728309124203
0.1437685622816419
0.1584433449880111
0.27254612375151627
0.3123675221259533
0.185389887327969
0.1438684286590437
0.2127658853907184
0.33289346882294407
0.23651387462957518
0.1454546180918212
0.1603226103024678
0.27516864379276845
0.3113673591793192
0.18464566110124453
0.1454006602303787
0.21731922317360708
0.3348432762192337
0.2329307110835527
0.14613699298629906
0.16744633853849525
0.2870271572129247
0.30200350835075723
0.17744632389855208
0.14631395994446403
0.2256097096338981
0.336163831294673
0.22506502183970994
0.14629513055412996
0.17806282772749638
0.3028531369355457
0.2860625297672247
0.16684876083948583
0.14611026202588695
0.23331097643711196
0.3347047223654998
0.21689387250309522
0.14531442233381547
0.1848841602180028
0.311656463388156
0.2747263250145593
0.16005778373022195
0.14538632785496267
0.23654564328176292
0.3328149442090836
0.21265232532232062
0.14376747245854155
0.18522674371464332
0.3121897596655214
0.2726900227496204
0.15848829797629643
0.14362735916306307
0.23366393915511904
0.33244216163891555
0.213733927193785
0.14206722142724348
0.17905879875546507
0.30493481788408316
0.2803622797749584
0.16235780927729593
0.1413579650355311
0.22555140629565673
0.3328228800778995
0.21997732972978756
0.14089406892548959
0.16807006220650392
0.28971907259914254
0.2960984103034938
0.17240932529036718
0.14115617273228023
0.2170825523047396
0.3327045852509198
0.22900886993502495
0.14213135100439073
0.16016154426257218
0.276295471467643
0.3086791365175519
0.1821461917682968
0.1427218815754071
0.21270450562522172
0.332413529411514
0.23547311765475076
0.14443413963376822
0.15851986622848976
0.2723857501708045
0.3128334361209102
0.18583495595491467
0.14437859348978105
0.21367668528240194
0.3333993087736612
0.235975190001873
0.14574412609380633
0.16201248053526815
0.27802421405257594
0.30935673059499835
0.18301528278053097
0.14580628033485782
0.21974046080554732
0.33550356798829295
0.23071616817601376
0.14625542260883273
0.17075902071702193
0.2922361162447356
0.2971813284894459
0.17405852003979405
0.1463279901639954
0.22833783623280413
0.33595975202430345
0.2222664946501688
0.14610607231598055
0.18090166032399374
0.3066526075157656
0.2815311681489051
0.16409616817052414
0.14594741565068967
0.23494589160597723
0.3339975603211233
0.21499881858992598
0.14484532466977112
0.1856875688335572
0.3126289493460389
0.2730645817160602
0.15902588610516333
0.14495749015249748
0.2363008260200057
0.33252560055626146
0.212417128173916
0.14323682409286337
0.18396149169257645
0.3107774280361139
0.2740620464141637
0.15906704130277777
0.14285866146554851
0.23148976679311756
0.33256779576851214
0.21521301771018092
0.1415525228532179
0.17581775524062976
0.30076247440196036
0.2848470981692162
0.16499457750076282
0.14096992841013858
0.222595587944578
0.3328532646295342
0.22277187145337296
0.14098467778523482
0.16481404651206613
0.28455028001857613
0.30104163613914714
0.17602864518408146
0.14158175012398383
0.21510737127133153
0.3325588187797336
0.23163726207526508
0.14290642961818772
0.1590148574319404
0.2739486113273388
0.31088728452923076
0.18405845724159794
0.14326955301366406
0.21241491191904877
0.332537777981928
0.23633504440887232
0.14498733540171235
0.15907322213871544
0.27313657575725525
0.31259346216124473
0.18565866869447964
0.1448747294590624
0.2150992055572995
0.3340390249871727
0.23486271756261756
0.14595869990411547
0.16424704722764905
0.28178293832091056
0.3064501515899581
0.18074675555895736
0.1461217299079142
0.2224341709732115
0.3359812317986779
0.2281774192672902
0.14633046219158405
0.1742705688272922
0.29749074858962515
0.29191412955336654
0.1705496998633556
0.1462491674276315
0.23086088754082168
0.33546750952719795
0.21958444576974356
0.14578385560769547
0.18313253059293882
0.3095034960313833
0.277824805969177
0.16189470168510747
0.14572903891223232
0.23602461158753402
0.33336433530425036
0.2136066870388944
0.1443480498959233
0.18582577092203162
0.3128253393265915
0.2723693427634621
0.1585015073958388
0.14439684961524746
0.23540164845146555
0.33241078453455064
0.21273867921351508
0.1426884748390897
0.18201042281073418
0.3085191171826188
0.2764685174160378
0.16025036382264052
0.1420867625813141
0.22883960007972276
0.33271249906409855
0.21721622026363713
0.14113532121561922
0.1721855555497358
0.2957819477017888
0.290043347180175
0.16828209702734365
0.1408986194905503
0.21981815234076893
0.3328189781125737
0.22573062792618392
0.14139035745889736
0.16222256166432195
0.28012229451316417
0.3051559608023719
0.1792361803324596
0.14209984052400051
0.21366301131400678
0.33243691920825896
0.23377625649135148
0.1436716165247519
0.1584720826295718
0.27264113080647173
0.3122482512352399
0.18528027284465576
0.14379891875986553
0.21268528594080383
0.33283858789936327
0.2365384789657216
0.1454080381500418
0.16013782215146607
0.2748596627940452
0.3115701819463824
0.18481289413615584
0.14534143368944824
0.21702421999483446
0.33474792234427053
0.23319481793026117
0.14611871341760052
0.1670324845738065
0.2863598789000508
0.3025927133161199
0.17787319263293155
0.14630160850049473
0.22523454438393392
0.3361652620366111
0.22544069244872492
0.14630873198262417
0.17763985748603478
0.3022711546035438
0.28672497273742703
0.16725864926287282
0.14612882759795168
0.23305089615854097
0.33480036987496653
0.21718520272757086
0.14537407202389702
0.18472263163939925
0.3114607751739059
0.2750270615519444
0.1602380435587486
0.14543387758221002
0.23652644744269924
0.33286830775804344
0.21272826747152934
0.14383712354687747
0.18534200311625856
0.31231550960193366
0.2725866887254161