0.2542372881355932
0.2542372881355933
-0.3026076030908629
-0.13590572388836358
0.3743108200924729
-0.1436588138994242
-0.3036874606201799
0.2527671428875351
0.2686702081318619
-0.2861794772983259
-0.2092385827692193
0.34395989714593317
-0.018256243573953
-0.329654604350485
0.22499496532815266
0.2608388410132893
-0.29619962377294967
-0.13874415184046984
0.3715806049332202
-0.14269361360489474
-0.2965361174908855
0.260462102663793
0.23086655451932797
-0.32492353886190334
-0.0395690246627059
0.3547303612643293
-0.19772625512745695
-0.3084173596452987
0.24087499073672924
0.36479489123432157
-0.12487060578183196
-0.659026611916239
-0.5029673405878918
-0.6490302774634817
-0.995413425299081
-1.329082480044962
-1.5621338765567112
-1.539159898759266
-1.425876505853584
-1.282167292441961
-1.8382461088442321
-2.103173706637708
-2.6102248174728904
-2.072725138419805
-1.6548991626049798
-1.585406976063574
-1.9276891596248853
-2.042373310379443
-2.2964377695385867
-2.698131682802722
-2.9351366989150063
-2.9529219792745622
-2.8076369301753292
-2.2532825288461984
-2.319359912782799
-2.79287756859958
-3.201715452809554
-3.68492527978091
-3.747102524833725
-3.192501057804306
-3.0451939677604605
-3.054292076010041
-3.249199315491451
-3.7720039695425633
-4.034499088861332
-4.396519300899042
-4.364640087816548
-3.9676786695539117
-3.5000570229014123
-3.967570187226805
-4.4866980063389885
-3.9525193346206127
-3.395509690216384
-3.833043137991038
-3.7522324272680443
-3.200003686653372
-2.959871494348109
-2.6019408049848494
-2.633850761587785
-3.0270669895232705
-3.481388968101937
-3.067774384139534
-2.5369681043973653
-3.0924085102203933
-3.5799814573559128
-3.28244079121655
-3.8038409952273833
-3.7919378328062243
-3.2511451599893086
-3.3885970627412862
-3.631210728953678
-3.834609744352702
-3.490709328299938
-3.8595899957952122
-4.416287349732423
-3.944678757281354
-3.602255636551003
-4.139665993943869
-4.595839402008458
-4.400989480130206
-4.863441662484307
-5.400793529125869
-5.050188754226309
-4.582621625236862
-5.138805062408841
-5.520213639624004
-5.193301099344767
-5.501993025238487
-5.187518915110807
-4.642402641917878
-4.89406113323626
-5.398895225307543
-4.852830065271824
-4.611917277197748
-5.1204665488161325
-5.646256326755601
-5.473527861282163
-5.731552576048591
-6.192079109159833
-6.648864405030074
-6.634326331419795
-6.22784781209014
-5.794255182817828
-5.338964213101274
-5.308317358403934
-5.838573477953103
-6.263580859141076
-6.586138403359565
-6.543652711856147
-6.434113742792604
-6.314703321172514
-6.861668423937278
-7.295277680575117
-7.50920719148487
-7.325372922198808
-7.87717611954448
-8.32581137847856
-8.413529513607703
-8.054060086395578
-7.8569060066370975
-7.326405778901799
-7.722107290113496
-7.267051812533599
-7.635150576734459
-7.078108297188881
-6.586885872092924
-6.87032851214212
-7.413674035372704
-6.884942476973455
-6.604453904640764
-7.1203400836920085
-7.639825151668318
-7.4630438638896175
-7.756641452794109
-8.241865867807526
-8.539890285360999
-8.367900524222446
-8.874948776280387
-9.396515400562597
-9.09978725799661
-8.582905256710127
-9.134585344494605
-9.4427904564341
-8.991059870676951
-8.521742657396533
-8.945822121611016
-9.46615619645665
-8.915571547620885
-8.397867074723504
-8.689506393851586
-8.140580867603747
-7.865451885187323
-7.320511150284468
-7.658449350640205
-7.103041737738028
-6.685748698583135
-6.510333190316781
-6.719681148046094
-6.173172702624749
-6.014986744339374
-5.907721470767148
-5.5185172656361186
-5.858828222886101
-6.415674061702341
-5.927700912159382
-5.607106422612961
-6.141745091006247
-6.599585139770974
-6.414318416772375
-6.842729011339737
-7.3757457814696465
-7.110978319849991
-6.593298319838132
-7.138330916003052
-7.4022621285455426
-6.903887270677817
-6.352358460456685
-6.620554163223075
-6.0902356595772735
-5.551341305042502
-6.017729700431044
-6.447365792060045
-5.925881648497021
-5.371993325882469
-5.713543845240046
-5.207439579087391
-5.2981471679869525
-5.7957725676520235
-6.176972065452765
-6.709978321809459
-6.734129498000659
-6.177971283002218
-5.906562379162966
-5.4111360025084485
-5.966234913437791
-6.499099347987116
-5.967162070536846
-5.4803806653072344
-5.930168973294882
-6.197751783012907
-6.74649970006162
-6.830178649034776
-6.3882709270082945
-6.944686353038512
-7.458836163215603
-7.016611193643672
-6.5415039262188674
-7.07552714858633
-7.622954580221046
-7.3028472437233685
-7.8381751544538965
-7.988841449619703
-8.101569159497707
-8.517092412290081
-8.064196825489915
-7.520349165457998
-8.075125443161904
-8.59205875990441
-8.272684011530536
-8.769816499319667
-8.582193095811075
-8.48636174486837
-8.534876777938205
-8.36688802376843
-8.085272318890878
-8.088478800668419
-8.385166807065895
-8.473822078038761
-8.296315761434997
-8.853049177327497
-9.174063385330395
-9.725882504887709
-9.717814088158134
-9.17380151972962
-8.816872660158422
-8.280808151970835
-8.235327605348825
-8.783965706924656
-8.80595535585521
-8.29096748095067
-8.627403089921062
-8.074489572793842
-7.550497714673277
-7.989362416102096
-8.450159919852478
-7.915352985185861
-7.375401934261531
-7.66159083719751
-7.104619156092568
-6.658290070384716
-6.622003551977291
-7.033722981350281
-7.5151436068102555
-7.009276678023006
-6.490682399141565
-6.996489342570188
-7.497026242316943
-7.0011440347236205
-6.503450540794958
-7.006450961297366
-7.518736923502916
-6.984301435622759
-6.467932678600034
-6.932039868788348
-7.226892668022665
-7.737186610196596
-7.918798853565139
-7.820112564541459
-7.282141892678865
-7.53162482300241
-7.188735949416491
-6.653104100658742
-6.83395819439501
-7.380241139956101
-6.906987859110312
-6.674378136098309
-7.23087230637986
-7.322119795418451
-6.788113892449392
-6.507438546494977
-6.810287671884618
-6.487901774893951
-6.843855143860394
-7.397916746096878
-6.988405456691569
-6.6074658879305765
-7.158859925793134
-7.524140837881241
-7.2265998605404205
-7.648849669837979
-7.105814258973961
-6.755022497285975
-6.311455906946498
-6.166355986974422
-6.558794230880051
-6.050087411063526
-5.496110038113733
-6.048495842049711
-6.596999357231335
-6.202868520467058
-6.4643616304216724
-6.318615391806829
-5.891079419465975
-5.3340738194028
-5.620340574276182
-5.084220502457434
-4.545082994457472
-5.023579161198174
-5.454735417569433
-4.941935008194033
-4.385261849593535
-4.81681742650668
-4.671091045763423
-4.267513586067651
-3.9302015501937957
-3.4365701354611238
-3.9916831290776837
-4.5484578613895765
-4.02246672019358
-3.52750853333452
-3.971139657012941
-4.4682506332434135
-3.9311890075045595
-3.3815942080606964
-3.7245002063123844
-3.236427770024437
-3.46236113975891
-3.362010841168168
-3.0092082718577444
-2.681923003542783
-2.4075412938083014
-2.3708609574647883
-2.799235481445926
-3.2688266917099535
-3.5109470057574845
-3.303877970468937
-3.8604209059594203
-4.198177541433513
-4.725909684955665
-4.822607274682452
-4.372725016780047
-4.921830231318385
-5.361832105197446
-5.338168089457109
-4.877314058492717
-4.328720443137444
-4.504067560592371
-4.315266441635081
-3.9099190377127733
-3.3628875101561087
-3.798943950245821
-3.6005718709603762
-3.4531711078245095
-3.4384492071228236
-3.662108192256116
-3.979110932474744
-4.233441241820306
-4.75276739451059
-4.963252213758769
-5.050124681847656
-5.303163517582453
-5.6890263867493545
-5.917418099498256
-5.86379419081336
-5.409968791987989
-5.966232078987822
-6.516223403459685
-5.960096688901398
-5.42927842056868
-5.835940138506354
-5.718489187179755
-5.207709641424469
-4.8591162691814365
-4.302098838073265
-4.486181780874158
-4.348381503565213
-3.988387281236392
-3.598361900299642
-3.6857955253637074
-4.157450157720486
-4.6641840399360905
-4.602518047851925
-4.3193732579405415
-4.004061805098709
-3.7005713195827985
-3.348557154897767
-3.201320735540204
-3.669283216561747
-3.17785993189697
-3.198471723208328
-3.73276879350718
-3.5184051385748965
-3.6720123173930763
-4.0721569131614395
-4.601615994572487
-4.073284598688041
-3.6784220885342735
-3.496239029729587
-3.6659328990783147
-3.12215376702508
-2.646929767683931
-2.701848302478389
-3.2146366803371746
-3.539878232776365
-3.3369233920162964
-3.885628741689114
-4.361858740552798
-4.274519190528859
-3.744284572997469
-3.5927058309161293
-4.0141564089764135
-4.466296961587937
-4.092643471881857
-3.553395353170115
-4.108563451023127
-4.510720705114291
-4.135419301854057
-4.197460105984413
-4.741256677949065
-4.5908263869634345
-4.427682700176006
-4.340502912514798
-4.851045317686699
-5.333230846109313
-5.334043740584124
-4.852469898243696
-4.339477193157922
-4.429239137281573
-4.584656669466864
-4.722015475161767
-4.166469942347707
-3.9234181447145393
-3.475988077237774
-3.968207522998047
-4.5023899204072535
-3.970639347248386
-3.4174717195941406
-3.9304277904651816
-4.30320256408972
-4.571912727857771
-4.543217087979117
-4.421651853594944
-4.2718517675576555
-4.823827722884347
-5.003753558824439
-5.196061470590653
-5.753052420095777
-5.77129639549505
-5.221963653119582
-5.216621143753782
-5.760320261276434
-5.6746143872734605
-5.2238973521387555
-4.827361633491195
-4.296206897275146
-4.287440531125462
-4.83111645898502
-5.202249533333484
-5.7087785226402845
-5.803102781508858
-5.315271859436503
-5.75639568250745
-5.434236504642106
-5.911758237290072
-6.468749490903429
-5.923932236392499
-5.493550261584242
-5.909251222715542
-6.059034791821232
-6.393111622422583
-6.408947136213872
-6.094172074292957
-6.089251727592431
-6.38133707885294
-6.488523946729482
-6.342234176892384
-6.872076556195935
-7.363579173318439
-7.240026428964992
-6.690187707005098
-6.808931138099399
-7.359255805910804
-6.943739910706045
-6.682347885816736
-7.2382720753002205
-7.2440197441443015
-6.687616187630336
-6.9248131785651745
-7.365376875035428
-6.818081170052837
-6.685440439522929
-7.234897596840403
-7.378158969930668
-6.901857722021846
-6.346238874006821
-6.629370194015037
-6.086338520983792
-5.557176691901091
-5.991375095602715
-6.443837224028472
-5.906961532937786
-5.377271801005534
-5.636967877027503
-5.093991841701788
-4.57371759077343
-4.950249951612479
-5.434777452948423
-4.880870538778926
-4.434856397456712
-4.711216374238095
-4.1751714211718625
-4.067387234726917
-4.193666790661348
-4.746344269449318
-4.66407204000396
-4.233796033176218
-3.838118468640104
-3.2965541173194604
-3.327855612907305
-3.804081219819311
-4.235257088540352
-4.626309257470825
-4.634888035747817
-4.211675444935719
-3.7590003115534247
-3.4093088891600845
-3.469822730355013
-3.5147607851551874
-3.521436431957444
-3.4400257471930713
-3.3129480740464743
-3.862391985615803
-4.2887075450261145
-4.534032622274273
-4.4004223266358276
-4.825424560922428
-5.3397917788547895
-5.245439306315094
-4.693967944632426
-4.8103688025318165
-5.359494406273939
-4.938520767699885
-4.686004168993243
-5.241744463349001
-5.23254581173926
-4.677918665625634
-4.967201446492506
-5.347771795961543
-4.7960110901602215
-4.712062250477342
-5.266993447467685
-5.2560293080674585
-4.699909770053625
-4.841584509029184
-5.370648778984384
-4.880324615392754
-4.702773102649105
-5.25960226226585
-5.210647439449835
-4.6606547732103065
-5.028225797004399
-5.31619026187662
-4.763662561602521
-4.786804923151815
-5.333854870201286
-4.96798797440752
-4.693415184890949
-5.243351374973646
-5.177703174032987
-4.651833680594466
-5.1058865535283715
-5.263903610966748
-4.71799406416286
-4.935614669047439
-5.337497471748033
-4.7986290667535
-4.771121118548785
-5.318952014072199
-4.99740320346165
-4.6833185165171
-5.231355070420753
-5.196334310435643
-4.660114123508218
-5.074558617178528
-5.276297425860323
-4.7309591359424745
-4.908822648056115
-5.344431990923833
-4.81302217445854
-4.76215776044411
-5.311373526138552
-5.0185781531563824
-4.672584265756292
-5.220247746736666
-5.222017297478482
-4.673875012566065
-5.014219661435628
-5.313860129498005
-4.764541084292344
-4.806474782137818
-5.341901595517562
-4.920870498167488
-4.724774156259225
-5.270574847938569
-5.089796533915095
-4.655282677687155
-5.187511453125541
-5.239257239973512
-4.68937670134936
-4.976457092841513
-5.330759583711906
-4.782910637251354
-4.769068168022097
-5.320292041573342
-5.012081215065636
-4.669569691095087
-5.219772198864405
-5.238183349664747
-4.684344897547302
-4.961044528054255
-5.34665273467104
-4.796488151517694
-4.7216319885398095
-5.278148497373715
-5.204053735932939
-4.653713524925265
-5.037578758836946
-5.31636595589544
-4.762518973034103
-4.778393492115665
-5.329189142936604
-4.993202213325982
-4.676493077623467
-5.227858285056291
-5.225758219884748
-4.674850413741369
-4.998839879770458
-5.326123688557569
-4.7753126158795265
-4.770115758706137
-5.322035551328943
-5.012890835550489
-4.667268520936133
-5.218096430560338
-5.2464623846139045
-4.6909106589280105
-4.930412933244148
-5.360339097142328
-4.813152395037675
-4.6978980648073945
-5.251003749275839
-5.313621852723524
-4.779379480410803
-4.52626134178019
-4.857448044612747
-4.714792073282164
-4.220749489872993
-3.877466536753623
-3.3256368476396307
-3.6457296961080066
-3.089202264876326
-2.605093182050182
-2.8184191528593843
-3.375082470793323
-2.966738544188516
-2.6458861715489834
-3.202475105383942
-3.387693174257233
-2.906005315828452
-2.3501173961674215
-2.648209423342956
-2.09272903279433
-1.6059575133761301
-1.8215017108122156
-2.3777926996966694
-1.957505521174078
-1.6485672276151933
-2.2049290657582543
-2.3868159097958075
-1.9053581716367352
-1.3495894594529216
-1.6445875297522081
-1.090567825102148
-0.5926296639006206
-0.8713222148435097
-1.412618157067378
-0.8822472345980121
-0.6053511503892153
-1.1208559429968061
-1.6400528767471938
-1.464783709368312
-1.7518241634893266
-2.232475483414905
-2.565138016998307
-2.4377520036448255
-2.7622468752806566
-3.2386204925712083
-3.5606430455587974
-3.4307452771369817
-3.776878605223836
-4.265297055249628
-4.4850389466496114
-4.218220822544334
-4.644564709269604
-4.099661350669008
-3.7259267781430143
-3.3738973250777766
-3.3137182304109873
-3.8471634900759657
-4.2844102984625145
-4.5276996218343
-4.3748593501959006
-4.861944458943606
-5.383110186721309
-5.128106257463232
-4.59438479603734
-5.126108696906091
-5.381250390227319
-4.8577690252142265
-4.381360560770746
-4.535619615556807
-4.266412259630424
-3.809043206376625
-3.3468876070658595
-3.356058600335018
-3.7881993760167956
-4.232347844350228
-4.615639232201249
-4.597671442156228
-4.291734580189289
-3.9214471081972784
-3.398194001727611
-3.9320439039337036
-4.352093827555254
-4.3938784269416375
-4.0175055951764715
-3.6884847199827338
-3.3961813490132826
-3.3406253000184467
-3.837388724727022
-4.311638870007158
-4.403086479248849
-4.013777539237386
-3.6603728751354025
-3.4849446193752
-3.6096505829487158
-3.1682480104082567
-2.655412030879065
-2.762384341347231
-3.3157201399657765
-3.152429361477622
-2.6228898774778466
-3.122868468179252
-3.3097882840985378
-2.753057847652096
-2.7237282487026007
-3.277255886145233
-3.2444871756854923
-2.6876082785397943
-2.8878985622739397
-3.3771104273658503
-2.8407714381910765
-2.677835880471709
-3.2280636125232203
-3.389703257588753
-2.9247901893802246
-2.3711646057907214
-2.7976867024521246
-2.581247880837126
-2.5193006031570584
-2.6477616077346013
-2.136814488830899
-1.6352165295347842
-1.7844684673211033
-2.3406782622271205
-2.0662817941974385
-1.6192364630752107
-2.172917016983315
-2.3766393392622587
-1.8683037437542411
-1.3565844842438715
-1.5016771320720146
-1.3509253018670024
-1.0082425768652756
-0.6887532735732846
-0.38574703088212015
-0.3065107810826977
-0.8510422726475125
-1.2685085506107276
-1.5863848133406773
-1.5504662949114976
-1.411268669972927
-1.244018254511582
-1.7686996416868845
-1.6443966397347811
-1.2931682035378902
-0.9707165841546217
-0.5706039614968988
-0.7656412224624374
-1.304042392369177
-1.2594570630053266
-0.7078296005770722
-0.7775101925888636
-1.3339259747340058
-1.03110141885287
-0.6432561793856746
-1.1975444313945451
-1.324596157215883
-0.7833341077527205
-0.5420245823455448
-0.9060040035440953
-0.9735137019568794
-0.9484961382232442
-0.7478221841376013
-0.23097634718643523
0.036937865555239924
0.41000163288235103
0.31666116289636004
-0.14707294629597384
-0.6728035643505299
-0.590575989570982
-0.36295321825420235
-0.125616055531861
-0.3161684550346923
-0.7180563867997167
-1.015914753063904
-1.3592765263480526
-1.4808543090953148
-1.2949183421929296
-1.85102096776621
-2.154726584778425
-2.711634335805217
-2.566794707316246
-2.4798930774691654
-2.496774308446205
-2.4911805069036297
-2.465914847577273
-2.6088696325250504
-2.8383022587505824
-2.5277080966057808
-2.7535091290233753
-3.2675884495831973
-3.424103148526832
-3.039665617871577
-2.7665366028859535
-2.2553410614523712
-2.051314085471861
-2.022038504797453
-2.0698253886833076
-2.34883819814567
-2.5785991903390015
-2.616834515189472
-2.2161568307894135
-1.7533323290888514
-1.4337272929735543
-1.5414873968348006
-1.2965127548929036
-0.8880206599682494
-0.3315177873885047
-0.6256170737237604
-0.08265500003271908
0.45048284829438967
-0.0076397686429682254
-0.45002910567117027
0.07527905782733035
0.6273409577318699
0.29607902584082574
0.8198547332547712
0.8707894530215631
0.503363653718548
0.861859444078249
1.418897973144778
0.9316312772490728
0.6010610859765853
1.1331437019478328
1.6120428231396946
1.4311520320522044
1.8162469574124525
2.340074036946033
2.2191207287125487
1.662250525174467
1.942164331154027
2.3749841833372622
1.8209853727614638
1.6344667230708663
2.1508404878266214
2.621825988901816
2.4882976943862323
2.6611933065357323
3.018861065449765
3.4245102441071897
3.2380064014361998
2.7005620352431956
2.725387501592924
3.271411510892782
3.3074235265369785
2.7746241821195854
2.531915139884641
2.8696305607643833
2.7766082115827806
2.219566009385238
2.113369604435601
2.390396835247939
2.483623949333798
2.3344817875126433
2.8728349877546044
3.3508346448530055
3.2983666473476765
2.7849128652181085
2.4623449003317877
2.6694788403665797
2.116778086918811
1.6598187103051008
1.6363296102045637
2.0722476045497653
2.616095321076155
2.1303103812555926
1.997537129107101
1.856408503991276
1.346076499916308
1.819597723644912
1.7543536021049422
1.1995678508628775
0.9791024476680971
0.6935584839970969
0.34418495361996737
0.17899855376433513
0.5876474814226049
0.041322724916837195
-0.5146089151077021
0.04220507639333626
0.5837349350420262
0.18099772824209115
0.3610388687925324
0.6493431391759659
0.8633637072660444
0.6139913470839834
0.47506084152123157
0.5281060114277613
0.3784700001669301
0.11551104775235249
0.24475287232423454
0.7905605145236261
1.0358741718788909
1.3867586802872778
1.4035139399906686
1.0724958145237349
0.9723201379733046
0.778835304319611
0.2301617623735942
0.06649940051331008
0.13297506922985508
0.5877378315634978
0.03185005642650829
-0.5200693662823807
0.03694712747730755
0.5777880459100722
0.16289067808190383
0.26437327705847685
0.8007089755906618
1.1116099333831493
1.6473565501500955
1.203387650644055
1.397319442902564
1.5563767515871334
1.5923682170023008
1.2574648432494815
0.8285320393277371
0.31235791085949427
0.3159049781171864
0.8244293964605534
1.2566294245092613
1.5897516028687706
1.5468451414358761
1.4267856605255034
1.2928691709889175
1.8497148495315174
2.1882012061370184
2.7258271203282964
2.788595545003546
2.266369008426349