0.12857142857142856
0.1285714285714286
0.07105324086164723
-0.0045712298419332414
-0.07945318924866523
-0.1323034677992381
-0.12396718192680904
-0.06243856654046918
0.013709998187702112
0.08758810534762895
0.13509203531194203
0.11857245982990877
0.05365254266263779
-0.02283542340678328
-0.09539768342419083
-0.13688001043758857
-0.11247620441871775
-0.04473439134403247
0.031931902063218304
0.10280996989937574
0.13762856049275307
0.10577101584083026
0.03572026283533357
-0.04097632279761129
-0.10974224329717562
-0.13732082756280636
-0.09854878160005928
-0.026642305290088125
0.04993879834615794
0.11610435570231775
0.1359637878918125
0.09089584438515806
0.017526657678904545
-0.058784643052698565
-0.12180342703635262
-0.13358746227398005
-0.08288892256589128
-0.008392014658736902
0.06747592729153876
0.1267485112235568
0.1302418353194643
0.07459312183420064
-0.0007498287935999715
-0.07597127393270366
-0.13085446795044825
-0.12599274363173346
-0.0660626001300362
0.009891082548399474
0.08422366979599866
0.1340452462923331
0.12091795177152771
0.057343236135957
-0.019023578235425068
-0.09217730682576616
-0.13625732563321585
-0.11510378483894568
-0.04847573770894929
0.028134529609934386
0.09976515098936026
0.13744372374130626
0.10864179511484523
0.03949754501549704
-0.03720399431044366
-0.10690870046045163
-0.1375780368902077
-0.1016247495841217
-0.030442695004327863
0.046204713135131525
0.11352038519583925
0.13665721690248933
0.09414188176889879
0.021340085265695863
-0.05510375394941226
-0.1195078702551962
-0.13470191762265302
-0.08627431994852905
-0.012211592073180705
0.0638644470011751
0.12477887883007624
0.13175425315032796
0.07809209426574273
0.0030716704983598797
-0.0724470189025218
-0.12924542545572257
-0.12787394233262303
-0.06965370065470361
0.0060706950904756
0.08080717581631484
0.13282726774512343
0.12313420151604385
0.06100808445207391
-0.015208058962233303
-0.08889316375639837
-0.13545519213319634
-0.11761816643976661
-0.05219778255298203
0.024329999846520803
0.09664282023801084
0.13707478982082508
0.1114156417165829
0.043261495677558756
-0.03341972368358839
-0.10398229210714305
-0.13765061205363188
-0.10461943245509181
-0.03423482733343816
0.04245290618028463
0.11082735726117748
0.13716964887939492
0.09732084582300594
0.02514908378932741
-0.051398727551831405
-0.11708708299500581
-0.1356427824898205
-0.08960488418164979
-0.016029241847867734
0.06022189841617143
0.1226686034691361
0.13310356479381913
0.08154642758223904
0.00689276224856325
-0.0688839947483135
-0.1274816823883354
-0.12960486922474818
-0.07320867278073431
0.002249471385428567
0.07734290886999634
0.13144245065467053
0.12521474198337462
0.06464420307298935
-0.011389925414274499
-0.08555040411970163
-0.1344766624581414
-0.12001257204109513
-0.055897850148506165
0.020519935507730555
0.09344895348249044
0.1365232222320254
0.11408578143802368
0.047009705760900536
-0.02962565426776914
-0.10096958703250977
-0.13753826194239666
-0.10752642093203618
-0.038016715936007736
0.0386858886485163
0.1080320858310142
0.13749907249104124
0.10042701451795365
0.028952218760190204
-0.04767230702207939
-0.1145477715817261
-0.13640654347439865
-0.09287575496130918
-0.01984406766623316
0.056551249113234295
0.1204239943036809
0.1342850619748906
0.08495209446452466
0.010712891039553765
-0.06528554449803577
-0.1255689148027616
-0.1311799164815913
-0.07672412830032127
-0.0015720489390109588
0.07383482915090628
0.1298955955589563
0.1271533116781873
0.06824859893319435
-0.007570032611929831
-0.08215380911702488
-0.13332537046442833
-0.12228032027929571
-0.0595731792881605
0.016705719393183216
0.09018919951419792
0.1357911784576419
0.11664539626179855
0.05073963896169416
-0.025823726611150302
-0.09787694441364297
-0.1372414369275584
-0.11033910911450905
-0.041786177410154154
0.03490603854665493
0.10514132731012009
0.1376441779198216
0.10345434668727838
0.03274781649235696
-0.04392714864526355
-0.11189672682935867
-0.13699028013523462
-0.09608170338644584
-0.023654961943900682
0.05285536308868832
0.11805155720037082
0.1352944974800825
0.08830473549084805
0.014531393453834862
-0.061654827509421306
-0.12351309098804694
-0.13259381967467346
-0.08019644181711294
-0.005393362730276283
0.07028660874065218
0.12819190130872377
0.12894389467696732
0.07181814093185404
-0.0037490686988712746
-0.0787077999826216
-0.13200547595020287
-0.12441487483726076
-0.06322092234631801
0.012888499190914088
0.08686885197796253
0.1348814683300033
0.11908768609074474
0.05444865547567053
-0.022015655998682285
-0.0947104576957214
-0.1367613192533302
-0.11305075752151399
-0.04554086037030154
0.031115571252661234
0.10216171596852568
0.1376043839093652
0.10639652639996479
0.03653397496195965
-0.04016580859669355
-0.1091407679661385
-0.13739171602838424
-0.0992171419952358
-0.027460584310103495
0.049137016442554096
0.11555795124345741
0.13612814014500146
0.09159963433114635
0.0183474471753943
-0.05799485887717411
-0.12132043178085299
-0.1338417040369977
-0.08362170714203314
-0.00921394129191383
0.06670167462368266
0.12633691804732222
0.13058076016092962
0.07534952172511661
7.23958543699943e-05
-0.07521646058474264
-0.13052160936219226
-0.12640988867599762
-0.06683813178704134
0.009069206476385636
0.08349283655234262
0.13379750408295715
0.12140592578257046
0.05813402706538669
-0.018202919574628232
-0.09147590816457594
-0.13609979845307774
-0.11565455776478778
-0.049278275243271316
0.027316509992371507
0.09909970035237327
0.13737985013018067
0.10924701760808216
0.04030858481631712
-0.03639072050425808
-0.10628668161953699
-0.13760926207595092
-0.10227615024096565
-0.031259354309482595
0.045398900531114464
0.11294994046747306
0.13678283045231868
0.0948317064058892
0.022160030874393333
-0.05430854069842454
-0.11899737082488668
-0.13491913499032726
-0.08699569879451943
-0.013033170151778906
0.0630832531985889
0.12433650418664838
0.13205850366284186
0.07883921433115074
0.0038938509297469642
-0.07168357116850876
-0.1288788190903872
-0.12825924481692533
-0.07042173481996068
0.005248589577259724
0.08006571375483552
0.132543245786154
0.12359351657729287
0.061792940932150126
-0.014386755817180269
-0.08817873122824947
-0.13525943393819684
-0.11814369562310073
-0.052995820496167786
0.023510660587414536
0.09596148433189314
0.13697147376037838
0.11199912555267806
0.04406935698055027
-0.03260416717910046
-0.10334115770200668
-0.13764204879234046
-0.10525251399682531
-0.03504945751011246
0.04164361304567339
0.1102343399799524
0.137256033562661
0.09799550275970376
0.025967897183949457
-0.050598682491542424
-0.11655051253909984
-0.13582217220385392
-0.09031384265267586
-0.01685029479144895
0.05943441192256112
0.1221967861421492
0.13337209171265946
0.0822834277178853
0.007714785230536772
-0.06811264957736346
-0.12708252275537568
-0.12995709578198716
-0.07396849823670712
0.0014272586769045748
0.07659169636459742
0.13112314566330663
0.12564403214905992
0.06542249114435565
-0.010568177935806222
-0.08482399748555099
-0.1342434078784702
-0.12051141009236792
-0.056690801471456165
0.019699594428533057
0.09275297647192392
0.1363808705883111
0.11464606121443179
0.047813852693203415
-0.02880825059251166
-0.10031072500974327
-0.13748994461756334
-0.10813977656458579
-0.03882886290568076
0.03787363883694482
0.10741795672679594
0.13754588613097052
0.10108522957705005
0.029769559843095886
-0.046868009290137666
-0.11398658587906932
-0.1365474252908817
-0.09357119905035824
-0.02066437596234451
0.055758094154204796
0.11992411888324055
0.13451691071295524
0.08567806578994974
0.0115346248326888
-0.06450699570707691
-0.12513846271296797
-0.1314979039310416
-0.07747498658213148
-0.002394259618479694
0.07307467918485519
0.12954209413981807
0.12755126051286347
0.06901965777237987
-0.00674800141839782
-0.08141640944527488
-0.13305547200895484
-0.12275104704771592
-0.06036043887572144
0.015884642844731997
0.08947975101881234
0.13561034230803992
0.11718100535642409
0.05153951162577322
-0.025004864445898015
-0.09720169000497911
-0.13715355873502538
-0.11093129787050424
-0.04259534840517719
0.03409132347799056
0.10450752630712368
0.13765123328363338
0.10409478242701835
0.033563294726974655
-0.043119157315615095
-0.11131239269435904
-0.137092108266191
-0.09676246055406446
-0.024474257324585358
0.05205714407775028
0.11752504505645507
0.13548881977525898
0.08901869400610218
0.015352676104178453
-0.060869734777241655
-0.1230526649073346
-0.13287648462038473
-0.08093751761882592
-0.006215461902013858
0.06951827781230034
0.12780536947122983
0.1293092437216786
0.07258127525836844
-0.0029268846043868785
-0.07796031341739683
-0.13169989200159787
-0.1248561073082864
-0.06400186515174029
0.012066904933994843
0.08614702299162674
0.13466283279359725
0.1195971693786407
0.05524367402733944
-0.021195673486652244
-0.09402008249626596
-0.13663422812089157
-0.11362031815711114
-0.04634653043382404
0.030298843415756116
0.10150964829896858
0.13757165266688967
0.1070177931176997
0.037347153144690975
-0.03935465852795017
-0.10853475049199411
-0.13745408924605357
-0.09988196537636695
-0.028278546988036987
0.048334319723431565
0.11500625058795029
0.1362842060685413
0.0923005172607422
0.019168076876840343
-0.057203855267992446
-0.12083139936208753
-0.13408805338582425
-0.08435211945590566
-0.010035805964909092
0.06592587234914547
0.12591859163994729
0.13091231759517027
0.07610399276754262
0.0008946200679663119
-0.07445972477823738
-0.1301813925527921
-0.12682028997084965
-0.06761210832951942
0.008247269618374659
0.08275963874140124
0.13354187684416632
0.12188785118332812
0.05892359355552364
-0.01738210309211803
-0.09077161171735004
-0.13593398997970396
-0.1162000225628847
-0.05007989331443151
0.026498177007414386
0.09843072335295493
0.1373074634623207
0.10984768610859143
0.04111898459517997
-0.0355769166183046
-0.10566043056231751
-0.13763193169546922
-0.1029237260312873
-0.0320756132136166
0.04459229343543171
0.11237451524473542
0.13690004015615984
0.09551837171223398
0.022979758992345653
-0.05351223804163918
-0.11848114013132395
-0.1351282773324347
-0.08771449369715104
-0.013854651507918037
0.06230065165773695
0.12388768005894882
0.13235515357975694
0.0795842302073119
0.0047160074860954915
-0.07091836365756243
-0.1285051054586257
-0.128637532714039
-0.07118806435546957
0.004426451321981453
0.07932208203209788
0.13225154509866538
0.1240464853888002
0.06257643852962247