0.6476271186440677
0.6476271186440677
1.093352294741009
1.6495001143664692
1.2957227869115424
1.8086075704317421
1.790445387733459
1.2470140695786105
1.3591845246901257
1.7103211068925048
2.042747834664092
2.4818719650957126
2.084546857472189
1.5441949031885236
2.100947122115261
2.5387620710050123
2.196920429031462
2.5005993882816515
2.195163888762109
1.6535367693022198
1.8551234852872887
2.3888710620828513
1.8775585070903527
1.6640020792747745
2.215045416601546
2.4146712408609177
1.9774072258237732
1.4957168585555713
1.984760967817823
2.4970629995004785
1.980812044719791
1.4431432888607771
1.9977922837237672
2.5516724323455677
2.007822044397456
1.4705487578618957
2.0257118153026283
2.5662922936545627
2.1263163580174127
2.0613552849758827
2.2091964831643147
2.7661970110153047
2.829571000344651
2.37426443004322
2.9226971213098647
3.3621567367430134
3.33824007793464
2.8776698143578443
2.328775276201755
2.5059645007395455
2.309112839780171
1.8949888230835708
1.339422060412164
1.669693260428502
1.1173567619009142
0.7570762813596771
0.3166367997398714
0.18412138360828656
0.6261805163480703
0.07448726908396108
-0.38313834966698124
-0.2562419570804326
0.28076143835720835
0.3229232771338452
-0.19387875391578052
-0.5674445964547679
-0.396833794601204
-0.8529967353473922
-1.383086469562083
-1.104439506482328
-0.5893794917575198
-1.1383102730228445
-1.4203477587776272
-0.9424026374208019
-0.39411526513092787
-0.8861966661782883
-1.0865842509563717
-1.5270570838116588
-1.035241662200125
-0.49798910099090166
-1.0333394951529995
-1.588997669607458
-1.097155105732425
-0.8440474499379216
-0.29096078293069083
-0.495823351508037
-0.3046235442188473
0.12372263899366148
0.6788103281391311
0.48075472180113943
0.7401679104408256
1.2161632670370282
1.599437628734829
1.5250078401383604
1.5121346017136934
1.5673890790044038
1.2892658749750012
0.8891610970111128
0.3336051186381245
0.6473868597757146
0.09094315245426698
-0.391065143528346
-0.1941615458900564
0.3628503640965276
0.004584757490947888
-0.36581798210264627
0.19122429608452407
0.39244317356988867
-0.08946347645185365
-0.6461306317907367
-0.32431823465052634
-0.875190768663319
-1.2067913570259905
-1.7269115735968703
-1.849054802100461
-1.4786817513196104
-1.9013027449834037
-2.456122114526804
-1.908721356151469
-1.5048980412126516
-1.9203366420997217
-2.1067256204004
-2.5789682446503064
-2.023026181343896
-1.4678472278341115
-2.020869906398647
-2.5778789718044846
-2.089095625932134
-1.8168004759026783
-1.2620640514191805
-1.2535863335355575
-1.8106137356703607
-2.021447023049149
-2.2996391152233144
-2.673592520990302
-2.8670720478680374
-2.609602034106567
-2.4944808841670487
-2.590636722556312
-2.2138077713297832
-1.729175025012895
-1.520114585037766
-1.792588868164222
-1.3960720242011744
-1.948719075573722
-2.495041207350817
-1.9523722469590283
-1.470885666775805
-1.8933814255470562
-1.999156283005298
-2.1020303852243236
-2.5118922831273194
-2.075012422994628
-1.5288467088567939
-2.0858114507092527
-2.568535056772562
-2.2459192386841402
-2.691608148346681
-2.2198208888500384
-2.4217504263356497
-2.4888246996316106
-2.383118643398017
-2.8280874416546493
-3.3333298119329626
-3.2838703655567487
-2.7519915000636748
-2.5798167854281444
-2.9854721438851386
-3.3546396205885807
-3.459224113597561
-3.2194041658972057
-3.667097920061171
-3.156800725360365
-3.060916008519049
-3.176902510161407
-3.716692165351963
-3.4699878382166887
-3.8059406785463663
-4.338774371549084
-4.194553377810403
-3.63959341104852
-4.0314282637314
-4.337970998961319
-3.781179189176921
-3.6891814254600304
-4.233253183402267
-4.4092431912218455
-3.9757910482850036
-3.494328807888889
-3.9854663290697676
-4.498525270556318
-3.983478138613178
-3.449216326344378
-4.005971509392917
-4.563005653534799
-4.050215502301588
-3.6302550936663067
-3.6500695323800794
-4.088944307756564
-4.642941670425514
-4.252266376600456
-4.654864654772348
-4.110061188224441
-3.7644725012841556
-3.298014733563866
-3.1458763741511757
-3.478510616663582
-3.2090515354483777
-2.6690007890334764
-2.8129085930652535
-3.3649602166025874
-2.944166050069594
-2.674439941629293
-3.2312196992678115
-3.2797858460537164
-2.725518290539676
-2.7555671064450924
-3.3125089642184937
-3.1091200386456004
-2.6233483531361093
-3.1611478989173887
-3.322923041994628
-2.7733119599386447
-2.6033821093882277
-3.059568283238448
-3.601045937132892
-3.0875302708735477
-2.7625614918518075
-2.285919645651045
-2.1116071239807077
-2.319764608370944
-2.699252353767957
-2.9675164147960373
-3.1312626707792908
-3.6334093760242907
-3.118312650530772
-2.882627439508206
-2.3687923085037803
-2.8756009066082306
-3.0724732195115845
-3.4784548240943582
-3.127662551212436
-2.572748852807824
-3.092166064117418
-3.416758067961372
-2.9094358016362873
-2.358104274209685
-2.6425502987440406
-2.090896223690214
-1.585009733853664
-1.9017189320325034
-2.425269509597942
-1.8723011157993128
-1.5363297238696276
-1.964130664585608
-2.3013859332075217
-2.614816603913365
-2.6836038847839783
-2.150362378551179
-1.707375074572988
-1.4989174535017358
-1.7038566727974764
-1.1489129017355173
-0.8585522593048385
-0.30648383001673163
-0.5679699336636623
-0.12624135502178047
0.42549741522322515
-0.03228572819647235
-0.41673963223535576
0.11768630206542324
0.618419195875993
0.41530572891973805
0.8535097427136759
1.392537354091186
1.0596169466399188
0.5863732431784954
1.1433689300448315
1.494896399355341
1.1296954051670935
1.1852589935433375
1.7162790214008186
1.4401044923492736
1.874740364027755
2.428335436040064
1.9568497771446856
1.5820314217396834
2.1112681158082376
2.6281956079882858
2.419770855899942
2.8517860751214603
3.3917792491856957
3.057876564269735
2.5872171745880843
3.144184855337288
3.4949792703755
3.130711254886797
3.1910386963295494
3.7290781747493575
3.515542477933339
3.677897539187617
4.085940243191245
4.6308830384797375
4.1754420335618425
4.255982451664722
4.80375544235781
5.0807507147111055
5.557673431319802
5.009692125335109
4.456636782876576
4.97138844660791
5.439776892738816
5.115908641180917
4.572544544567065
5.114438287429983
5.437197768608541
4.964704777974102
4.438888745251044
4.99530132093278
5.5506897972287605
5.009801583693134
4.478135301373378
5.027555044380002
5.552940079868963
5.116798696283292
5.025006059991291
5.020314101092653
5.086564255201594
5.4294647142422
5.307941178970503
4.843215486266754
4.330389658139386
4.388206208424917
4.702019199308293
5.048319736656705
5.509223374592558
5.030974324827883
4.506519027096773
5.038221777801035
5.594172006506223
5.1132909372767426
4.93284003745198
4.552375048441589
4.780934287255027
5.323506800897244
5.194653928178469
4.641247632690041
5.03992465028914
5.3295512851171445
4.773122585499371
4.718430008918587
5.272688429504751
5.249000206968184
4.692323980199333
4.870790551484812
5.376466945175712
4.851940762606124
4.6888419744922505
5.243771697786396
5.313913226975598
4.777850979812661
4.53539698627175
4.882500705533335
4.846015271890508
4.367588173129203
4.900691709022473
5.238954525752962
5.703922971256869
5.865174194576965
5.572376486100634
5.627267174386139
5.98652551017795
6.308498292874486
6.61700631569502
6.6992649956968675
6.150305920211404
5.751889364688078
5.35787965725784
5.298244561059983
5.844635795470552
6.240521361998466
6.655271054424988
6.730644244406748
6.173657395322056
5.923585870145677
5.471880187287482
5.973848152455415
6.5085596638228775
5.983014763078376
5.440790256233699
5.992315673350248
6.539423995090903
5.983336863254987
5.42688708902927
5.914258828376705
6.194206722535668
6.7426438654812095
6.814733700598563
6.3359579872042
6.826351122568282
6.818293837706575
6.308454051576179
6.700968299865051
6.205299530148401
6.312131006431286
6.77704786411567
7.158095014239978
7.70654668728119
7.652501293156313
7.2299808231413
6.816837417426037
6.30721594412655
6.275975969624865
6.829826540284612
7.148328344223098
7.705117374939
7.534040161991824
7.588699073388671
7.8355132270834265
7.53282215861318
7.733343955495657
8.229252768605216
8.545276750489158
8.370699562944734
8.874777914211048
9.398583412208827
9.09033989364454
8.58098295148641
9.135667127672017
9.462190706637433
9.03862946895691
8.71443594529604
8.344555526773096
8.206460208942788
8.68873640716814
8.249284865281584
8.589620223137917
8.066428687590228
7.510635135337454
8.06269911137614
8.54395319504977
8.157423541032815
8.280201412186445
8.790632250699463
9.135365888387625
9.691626855434915
9.464619028614353
9.798195478187898
10.323493594430158
10.255399200134152
9.705162293483522
9.774749651746856
10.331536998345872
10.043915240899118
9.637208044841103
10.190895647970985
10.334940098617832
9.7983972623875
9.49488672330273
9.78323655484669
9.376768005439809
9.933683205769688
10.438131461516793
10.060873298335627
9.557912418293423
10.113154296213544
10.563080103633917
10.274821065526558
10.790467679236176
10.716221801002744
10.192176204190392
9.829400059633086
9.284636230115284
9.28868874096153
9.828363794639037
10.205095527289524
10.704087500186423
10.799491831668028
10.306193881838913
10.719561164163961
10.274398015034457
10.673298562402517
10.143885404037013
9.952635261986977
9.616380390082853
9.570100989215769
9.848639115459365
9.617744469881636
9.446532842876604
9.433427819695654
9.67160775496342
10.002673557946338
10.341217773489797
10.529308775848863
10.44040919583273
10.724267278368128
11.151612631675382
11.690468891035014
11.624992255612865
11.280154660293032
10.915455029779816
10.387714055117096
10.905076538883735
11.217142418170564
11.73273619370511
11.886532691476187
11.652695153851418
11.372917943880251
11.223115919555632
11.726817372966398
11.418358434974982
11.914753940244935
12.47063276306972
11.930792452237526
11.49905862697024
11.928702911772833
12.162385694780324
12.715580847641048
12.53304373224718
12.603176739251447
12.880946097180129
12.756125290662572
12.208847167653964
11.968520444008936
11.634129324886045
11.524070169774095
11.715143461182757
11.162882297773853
10.937644756676619
10.534934866953103
10.844180191706679
11.401219638343994
10.947032378613976
10.62312788544168
11.171503976660063
11.51734487814189
11.221051508261862
11.631380196588701
11.076243962968455
10.604821636520182
10.796028205931867
11.352028511839624
11.046807530139645
10.619614257437757
11.175821820995013
11.398539891654968
10.915676996408024
10.358651800245195
10.706677656451408
10.194182283011298
10.223095040979771
10.776321111821357
10.803192969063469
10.286401541051916
10.606059648526328
10.072790696099283
9.523236502041327
10.053700976588157
10.49797327174459
10.04945796438151
9.72343771590305
9.332201491166996
9.180605045473781
9.60244749708349
9.046690558923313
8.503741115311849
9.043614155574017
9.526204518337595
9.095741186065883
8.940928043551507
8.602578549811179
8.60718414337337
8.950995373566753
9.145810696492171
9.678406911481645
9.299852624279952
9.805262532557768
9.757010419550806
9.20047546032692
9.007451209253173
8.839092990990132
8.299748861215697
8.598154127772887
8.082675091451586
7.530385221349452
8.05886233917009
8.487954542630584
8.033232484679191
7.655083822446196
7.529054234936859
7.7514933705126525
7.242900581327191
7.447216558749599
7.42276746803205
7.184815313315317
7.552065000796068
7.069706800795409
6.5147142818933705
7.071744308096434
7.571519482417667
7.228227857470034
7.616001883294523
7.060400484114277
6.529498288103406
7.0202303761497395
7.473588639242625
6.972992413568456
6.438323096202489
6.992404661333805
7.543119221338855
6.99008645316584
6.433973290945908
6.955875818654354
7.404555249100741
7.220487773614758
6.6698121559144505
6.862127876129032
7.385011103774519
6.865761170299631
6.67116047621842
7.222869424071495
7.392246258374412
6.927772844389534
6.3755024409548
6.818531498713704
6.69661042504522
6.223507534122956
5.8551264066133175
5.299155898950182
5.435249111943135
5.524012410593303
5.518912621342022
5.457940716202432
5.372170117354301
5.827780544344583
6.3246588958309
6.324638623565889
5.827746526783704
5.372222113124019
5.458024839405665
5.518671751947283
5.523255464375827
5.437618544308163
5.306503246021143
5.859710298154585
6.26191596037513
6.616142870302024
6.6387327804667
6.198178291816939
5.73427134486374
5.47318649991509
5.648065713757055
5.119499679005067
4.613099795435159
4.845547442142906
5.394570954525754
4.9037438345393305
4.649753678470164
5.199995804107384
5.4525700449298
5.06534945220611
4.870156982337996
4.356430221769319
4.8439085978030985
4.8911617618111265
4.577128697016648
4.640663503479605
5.028243751244828
5.480366537220045
5.07171862844133
4.538993663686415
5.09529564808717
5.571001698408816
5.2669038479837855
5.7632240458904125
5.552380075514678
5.585264419604265
5.840845214015918
5.562451301031672
5.635183246488101
6.001834411835372
6.373294641538023
6.410114929989838
6.081525835900426
6.015576408405826
6.0039902004098575
6.006368851053251
6.031030424214494
6.1630386416889555
6.694012960736469
6.352958807440022
6.909960966451764
7.376595621365367
7.256290446397278
6.717572986716483
6.687804544909212
7.213454755331265
7.512616384084564
7.251604057544474
7.746316037142197
7.478895123643009
7.808576839197391
8.346131193010814
8.161039452163784
7.617452486794352
8.101489958936524
8.326277703611256
7.770371797557417
7.664137740506794
8.18786457991527
8.562652339789905
8.374601030883783
8.87893253586457
9.407318467950835
9.063016982494098
8.576464885834358
9.133287324617589
9.517620440251351
9.180190404229752
9.438140955165013
9.386529381535954
9.062790714669525
8.93816067782517
8.617137560686889
8.549455332696898
8.782955757982489
8.336024110605553
8.851092828969067
8.985937846641496
9.072565264479358
9.392629281747324
9.427445217611778
9.151427390790614
9.38517468890442
9.543629109322957
9.535658161112236
9.41968050308619
9.257765895359826
9.798020291733582
9.828970105044736
9.354594972832563
9.875568460412225
10.106332339088791
10.601564802710294
10.051869732171301
9.559981278355544
9.921141339491795
10.440508545238194
9.883470485641313
9.470642596410109
9.807872098484943
9.513435985075143
9.766951088348566
10.287100819239436
10.360901169211472
9.890112475418007
9.337521749926795
9.566393422920054
9.151383948976244
8.60788312759291
8.954671075710468
9.40997394805546
8.85358225086879
8.49508266594703
8.840240522867143
8.656822150241052
8.319791865961095
8.061341294988285
8.007363994139677
7.9790880002999165
7.878168246363948
7.425818180274633
7.976006691790766
8.53303802366975
7.988685670736714
7.437310872470985
7.9768816874491915
8.49073470858633
7.990264995626866
7.505682924551706
7.999763760523602
8.493462199041778
8.010774959920987
7.510383897503331
8.025667755315474
8.568244597013079
8.022350499658906
7.497351296994652
8.025376517615626
8.518531498905988
8.058807751859456
7.743716031118044
7.297149808510632
7.109045558241802
7.2951786011967
7.747061507946792
8.064390134314047
8.536311402814993
8.009682283114024
7.472989913455993
7.976774653059782
8.4406416912746
8.121044273773688
7.575016035986474
8.111556236952199
8.425035112483593
7.936736224538461
7.382736396831616
7.832110602515927
7.767467642541425
7.210437314259385
7.0698526035280205
7.17164000401901
7.702369229333368
7.384234459732312
7.925893701687112
8.468258665278913
7.961810913421179
7.5249995839420745
8.010507987793716
8.512975826624167
7.992593952614898
7.482020276872657
7.964230581344523
8.37216472970714
8.361853100147199
7.943545640666102
7.423516598265611
7.976945286628095
8.515433503219537
7.965671435329147
7.447860176908216
7.8720563238360075
7.906433910216967
7.626688059520702
7.478179728627796
7.5519180493084574
7.305131856440003
6.919191708306973
6.386642728695968
6.896491158224071
7.166397727129984
7.723334591357751
7.6197733971110395
7.321261730935337
7.026555126180157
6.814445931601306
6.257460494604498
6.291510394749989
6.8199263609729535
7.204226315809722
7.699921186322626
7.7881639271647
7.2748501000673365
7.568385469437286
7.104312994780965
6.548608219901881
7.066996101676674
7.456815652464367
6.974609504062342
6.4542246911471395
7.00960820716554
7.561388242594457
7.078885615428239
6.786840472302165
6.258144878668225
6.10998514137252
6.338060986045363
6.65058868476231
6.841871866571622
6.507859344459479
6.819459597464124
7.369632043104236
7.05765596043217
6.602382230898944
7.1591869193770705
7.44624440695615
7.017214755129214
6.62904666141598
6.60685712951969
6.970483137426616
7.250059886380641
7.731756445469941
7.954583639411937
8.024683524085104
8.179304391357054
8.728969821275532
8.566982699528053
8.497089635572603
8.556865801910524
8.30716728779716
7.928776633302803
7.410750820436822
7.958362467712426
8.46094188200946
8.031785293364939
7.540704337122858
8.082328031441882
8.617452542180429
8.325643949923311
8.881074744325916
9.259749363338978
9.644337107496344
9.72473770727085
9.167749117634596
8.885816752211047
8.357523507353337
8.825736293240405
8.771974338533953
8.21540946216294
8.117911785031982
8.416127157320409
8.39499839646655
8.070519361713481
7.971494466999298
7.776397444710659
7.229587267506492
7.054243300677129
7.065717152923361
7.299708788083558
7.708865769236581
7.969739540906362
8.132895806029468
8.63722861904627
8.129443642810633
7.946949014343109
7.60229865374006
7.615858195646044
7.976252126231285
8.269498568279104
8.703718001494627
8.91349662224056
8.826179628312202
8.29763488117876
8.621545020657527
8.074168169305606
7.538735848085888
8.021359909081369
8.462425291693117
7.9540142156294085
7.401819431766848
7.894655910348855
8.123846246813319
8.643471046432069
8.163653512060169
8.158256903534378
8.622322844956551
8.074526277208316
7.631314238334672
7.684160413609418
8.170670635742205
8.641541209049956
8.576070027511955
8.379756954114532
8.165220956818933
8.499116311269193
8.167701792611643
7.614672956104026
7.986218703416291
8.392265149436435
7.836878377661075
7.511863384327565
7.869666118626724
7.802216731532666
7.257032444914163
7.395327673553582
7.6157262082114645
7.7911352032695085
7.324825516008657
7.807724853473282
7.719443554026801
7.196392277110351
6.842685992913697
6.288747228141403
6.365290866976829
6.727779251289563
7.0961819389051755
7.63674534832431
7.181881384536206
7.285634282747367
7.79623194511775
8.155825630647874
8.70950021177539
8.629314353001478
8.28424881983773
7.930724414065877
7.428647727197543
7.985689994998596
8.540464924938936
7.990896216212669
7.437027249108912
7.970987953516943
8.46733461065596
8.032938743554492
7.53615852977379
8.076934492051466
8.617860125206272
8.308349198903189
8.851659145604065
9.076884057588607
9.512993019804789