0.5133898305084745
0.5133898305084746
0.5601989725556966
0.3117177933928783
-0.05585527170708332
-0.544917400552893
-0.0009369640849595795
0.5437400397631685
0.05117850385976985
-0.3339140780212009
-0.48798382040853017
-0.293975399545517
-0.8492612525164669
-1.1376816334991626
-1.6874776173338635
-1.3942730808261077
-1.9171255462807415
-2.466275487908001
-1.9490592503558974
-1.523189955571009
-1.9966805886141388
-2.463948714435854
-2.0767210365270503
-1.5479770830316766
-2.104922333173513
-2.5515307872380215
-2.2340470629283478
-2.657691773658702
-2.1229838829608507
-1.849138132910323
-1.2953998110883753
-1.509355616308534
-1.2655538050105262
-0.7908758032233134
-0.38835342566449166
-0.4473278597132977
-0.5715420434399536
-0.6956221827349618
-0.14239038060052434
0.25454518598970177
0.6338690360881618
0.6850726351227695
0.15559441126838147
-0.283873759261503
-0.5256126427205292
-0.36741216473745575
-0.869057863511744
-1.3878019624480624
-1.1242389493503215
-0.5916368886760994
-1.1272231856872312
-1.3908443021722634
-0.8760496129065865
-0.3601675030191467
-0.5276412972512756
-0.2708814183833106
0.1856175688282733
0.6587483933016745
0.6490949619348717
0.20609329694890732
-0.2395119501289542
-0.6023933361299165
-0.5655836883960164
-0.37669813444731004
-0.1450999866693416
-0.40376595505407825
-0.47141784734425446
-0.30608981765193877
-0.8624053747567777
-1.2450926863187028
-1.6614776579688277
-1.7558921901415205
-1.2107802427236063
-1.1890118326679304
-1.6971198631073452
-1.315570047240655
-1.840247851697095
-1.9642498070659211
-1.9641737588803072
-1.839764068555537
-1.3143807906036908
-1.6913354377974752
-1.1729382652059024
-1.1120572014461079
-1.4240831102920266
-1.3587456949387116
-0.970983759745739
-0.5171401932721044
-0.9336372701438103
-1.4642555500782355
-0.909208103616238
-0.4166163697781995
-0.7130166945782952
-0.18579723033593087
-0.14422711140342503
-0.5558531882116517
-0.04029112208745855
0.511668273817059
-0.03330896178474663
-0.5903510938630965
-0.12091758141041248
0.012887140479421022
0.18999003451525548
0.7462352175556455
0.7032972792820461
0.1840725432172009
-0.20959388817835078
-0.6899445670463586
-0.7751792015641182
-0.24499959663633175
-0.3991573547939101
-0.5918444299244758
-0.7155082634543578
-0.15848019338445996
0.14112648657553284
0.6944132980251012
0.4444007299336493
0.8496931472526794
1.3968790737997674
1.0235517695804757
0.5933484800968292
1.1475058676025403
1.5254954575882251
1.2176114767870878
1.6100318970174679
1.0556497063350978
0.5161859486800734
1.0387673075407053
1.4994019357466477
1.0375935299811223
0.6615034024506081
0.5110014681088952
0.698187588590961
0.14122727884189512
-0.20306219429187589
-0.7221330238067389
-0.8307626586653343
-0.4060496162847438
-0.9595135761551583
-1.5110296847622928
-0.9554175771325017
-0.4324906658369765
-0.8300762245880974
-0.6799749582185186
-0.25855866124791077
0.08254991582907933
0.5971082752852127
0.0531379680142855
-0.42147942293536866
-0.1415628461435795
0.40881538589846333
-0.1002460329831143
-0.37840059312655133
0.1563394884540638
0.5829681923241538
0.3913801983282953
0.8699572633994099
1.4053254748961277
1.048147565239187
0.579838469018835
1.1354942849724943
1.5312030169569717
1.2194484603486044
1.613124539463528
1.0576546446284072
0.5234126197874159
1.028763807153388
1.4837622518612765
0.9983999264945507
0.5103140483945718
0.9799902803382263
1.4835148522718424
0.9580561405465498
0.40257211950142835
0.8811118720924094
1.038508151871379
1.3193483600601619
1.636930748326145
1.7767446117164765
1.2685131685316864
1.553985655465896
1.1256216276346929
0.5711324077811143
1.0481325659182965
1.4177995099837688
0.8905728220921776
0.3690210996332213
0.5802570019853169
0.1462713213592267
-0.39461042055001283
-0.04994126043809105
0.4129720557663052
-0.1435542693645922
-0.5074395804622093
-0.16365954460624554
-0.3615504472302207
-0.6318895670715283
-0.808156194985001
-0.3776096050251628
-0.9327970966599017
-1.4206087327581085
-1.1209073217825039
-0.5802338099965618
-1.1183960132139719
-1.4170177621674178
-0.9238563065746062
-0.36682149840065836
-0.7420982746986753
-0.31232203006145454
-0.8039063757026775
-0.7201332385953148
-0.19472321204023268
0.15810544450360708
0.7118694793849816
0.6390850236531374
0.26230320774916155
-0.11765635598163743
-0.6728764857976726
-0.3743977069594256
-0.9184807326094371
-1.4512856316791671
-0.9922180232206479
-0.5491204784245594
-1.0738238605646995
-1.6267643216533014
-1.2883731370344718
-1.7988529082376312
-1.7405678918069527
-1.1910079779585065
-0.9071265001047981
-0.40614875715527765
-0.9579582519037251
-1.470738725638319
-1.0063831441978486
-0.5300641265209656
-1.0521437825703785
-1.6089590388421784
-1.167556890567821
-1.2442137653026544
-1.7983780490953938
-2.01820330371199
-2.295005500759837
-2.6819733699463826
-2.886206435364882
-2.7006538288529276
-2.257081502917882
-1.9401884137306982
-1.4772695435951881
-1.979576539417745
-2.508568979267892
-1.9897356862237836
-1.4589141084259816
-2.015263227578921
-2.566395738102469
-2.0953201005166022
-1.8738342805393136
-1.3543200230490808
-1.8303234249810751
-1.8072213377266504
-1.2781159515299994
-1.542584224685634
-1.1579103190725961
-0.6102357620487721
-0.9667483825372029
-1.4042822371633097
-0.8484507725113593
-0.49622748703882474
-0.8381235993627831
-0.6438369527876053
-0.35387454757545617
-0.15210147855265319
-0.4597142519964623
-0.27820336640994986
0.20819269380373634
0.5966879249828883
0.5055825917806791
0.5773598647750664
0.7719498261245239
0.2817085672518703
0.6380016759707932
0.08098562288792932
-0.4080944972599783
-0.1438754258202144
0.4048897837628831
-0.10259920142260004
-0.37022379821197254
0.16891310396890297
0.5541699133566075
0.32532334632886684
0.8816719249572113
1.3100218580368714
1.4833632874638778
1.2557312832442342
1.7720061761491241
1.6359798776369956
1.3179201336183743
1.0332737665733358
0.8542033150105887
0.32675930211310433
0.730119500190755
0.2986757729330264
0.7645822491085944
0.5031595552555108
0.7547663726565901
1.259058537865428
1.4666009840021914
1.1559260741734476
1.3667140438371677
1.6087007635672035
1.7376455876247734
1.1873654710690027
1.0562705582543426
1.120736506218431
1.548147395722574
1.0337164618574561
0.4858575068348584
1.0226157621153686
1.575058758775362
1.0504670794608852
0.610445363161552
0.7302346952684271
1.2552164375362347
1.42416607488676
1.0305803522005406
0.7195130542019088
0.32509130912184425
0.15397788140751528
0.49341180612030955
0.17254668589878852
-0.3799957801746028
-0.02559169500279801
0.3930474620625335
-0.16334247550372683
-0.47459397027921685
-0.09386746813134694
-0.003619081822159878
0.07410761030418216
0.39121765209805603
0.4345542486513183
0.17284596718472778
0.4859669944006408
0.21463119822092552
-0.3196993686388469
-0.23568737151784236
0.3203029619419734
0.11355019957421575
-0.38129259676228555
0.15574928246076558
0.3327801962750846
-0.21351953028859316
-0.44366802884831036
-0.0519641773524937
0.19201738848594427
0.7468524384353477
0.7854104574675973
0.25191006672017624
0.4185304657995512
0.5336280041956495
0.5353933569755597
0.4108138601996856
0.2277697678279428
0.7232713763092414
0.38951975128769206
0.9313562564760267
1.4776122000970489
0.9520465018015395
0.5049389582259549
0.9621401338043654
1.3314801761649928
1.5140775376588946
1.3786823626088793
1.8497450251899261
2.3668302080991475
2.174252132924479
1.6214139538320382
2.0682386642298876
2.336330157062026
1.7797405367322825
1.654275754805756
2.1727566393948416
2.5947632227140165
2.4493044066707337
2.7558428779816584
3.231893761378352
3.5733255987795105
3.463174866520479
3.695608844345442
4.094668032713903
4.642971357813103
4.22453268963032
4.520866368643768
4.165412176787774
3.6155345957752125
3.967662980623761
4.399643644491172
3.843376111252101
3.510959883789483
3.8733446420902062
3.8246719534586444
3.307716214894939
3.685101095328506
3.1593107510566942
3.030551045529798
3.0075514600070568
3.0109754231279906
3.0527740644055132
3.273127471147826
3.7474332840958837
4.0318596260275354
4.405844312815785
4.325650319917684
3.872217919022844
3.3244858947803944
3.48106029406856
3.389059654133612
3.1069087807408087
3.184964696087716
3.722115959470764
3.4832174218775656
3.7737535754539397
4.286944674104028
4.379709678475217
3.935476115522092
3.3947008829074754
3.9034775162370883
4.192247552787835
4.740078658507248
4.806636463328918
4.31142284145742
4.734139261851081
4.331105953699256
4.86338559600515
5.087027378304119
5.543333278927243
5.017916360341334
4.47504076466091
4.991758458780977
5.497013094556204
4.99624904848523
4.501373893354134
4.998438100091795
5.493010828496826
5.0101668775076735
4.510575584462197
5.025424050861817
5.567545438182498
5.020784223756147
4.49255078754755
5.02847876536768
5.528811837888408
5.080742548288721
4.849897095049006
4.304000034052798
4.590236268085721
4.0921298084665505
3.5387483931936914
4.06044004932472
4.472575053520309
4.002286560518992
3.536335513382005
3.9211073927952533
4.451156203194257
3.89412292521875
3.4539114066163847
3.778324522820627
3.390080717328
3.943818116869812
4.484358255900231
3.9596320371650844
3.4986107249330454
3.9568852870976015
4.3137069849413585
4.568602524630147
4.543968350428803
4.415877885918711
4.2531076199044175
4.788914748605792
4.770815840797835
4.2164623091193745
4.153965600792662
4.57428030783
4.03443342171485
3.4776900802564894
4.026422916751252
4.583451875471583
4.099328041542851
3.8674792677166274
3.3367969146365364
3.7568423753019475
3.409367426053188
3.9367563475716905
4.492449476555618
3.9392190582885895
3.4500889875714416
3.833137621849935
3.673752127924507
3.273559882697738
2.949340412670631
2.499649014056426
2.9500643047792816
3.479646274894768
2.9323581494283704
2.3909645743539785
2.727242155442821
2.239765964296504
2.477445520054504
2.3133039991016613
1.8861287373702913
1.3291829705634686
1.585871798463069
1.1116633447223672
0.560814374691776
1.0410494282565843
1.4334032005696633
0.9142281618691743
0.3650352368707199
0.6584295351190538
0.10150588498933766
-0.3527826289238839
-0.3368187504769756
0.13090101022137285
0.6708576940603195
0.5336094821765585
0.5546475161092145
0.7222338382872717
0.1699734458534622
-0.03234295172227847
-0.3352418586233814
-0.582685302716504
-0.6156626428249146
-0.22155095467391328
0.23591473981516609
0.5929422940404586
0.5308271392480765
0.48522783902294186
0.4791757759459388
0.557848819045536
0.6803726229114722
0.13624045811444352
-0.31045770415388857
-0.4539008610793102
-0.16269811172232085
-0.4160520666531689
-0.44683545806728164
-0.2353980971802019
-0.729213818643479
-0.4093344681326098
-0.9246653877676143
-1.479748443158802
-0.9350766499755835
-0.4814098213380824
-0.8943152139561399
-0.9890442550270351
-1.0457922014855652
-1.257455552027151
-1.7622404708912196
-2.0358880299799793
-2.4110901701807435
-2.3111551110034005
-1.8405727563812726
-1.3358977176897167
-1.3929660129530859
-1.6935102130877004
-2.0288370111092044
-2.438827921699269
-2.2001474891858783
-1.6477749447336247
-1.9210334854637554
-2.392424014632726
-1.8389979970740056
-1.599123057029884
-2.0872225280026564
-2.643695143308609
-2.3188096178001145
-2.8657896454053002
-3.1508309948005113
-3.7058180142275625
-3.507745882844903
-3.680254662005454
-4.086662328157074
-4.6316322667899135
-4.17778211758887
-4.269134912471864
-4.803711980293437
-5.128483288603333
-5.679992687229413
-5.3742869258863095
-5.920226830791702
-6.452184814104539
-5.992965004371283
-5.548126094751822
-6.072628686936664
-6.626127819090939
-6.28219687292854
-6.780551055835084
-6.631322955823323
-6.338304555862112
-6.089987912694117
-6.147466133409763
-6.624996622809502
-6.084522455977901
-5.686784511875296
-5.481003425186449
-5.623682124400217
-5.1443783502112135
-4.625537839723402
-4.847334123007609
-5.393044676870591
-4.8963959484947175
-4.654170709768029
-5.2047692775040995
-5.440241751162263
-5.036048064146108
-4.728255009313197
-4.310220157444583
-4.122526333703105
-4.352806694355985
-4.619211564089092
-4.757224982096522
-4.224369689604611
-4.299190135170465
-4.8022709655986455
-5.19093594776911
-5.7037641197258555
-5.765249933021079
-5.220033418004943
-5.2301359479950715
-5.7840119542495625
-5.843518929132489
-5.415547738213956
-5.965115849580168
-6.521310157879636
-5.965992502400899
-5.4140159110410435
-5.848826524262176
-5.81860874984532
-5.300646380549152
-5.657380404006771
-5.103895943137115
-4.702395089935483
-4.451723970883599
-4.542363431664231
-4.310341395328177
-3.9257598962446307
-3.4010327157695652
-3.9364522562992796
-4.370005948110843
-4.328156394841265
-3.8580640056676003
-3.3302785988758505
-3.429383698049062
-3.575186869586118
-3.689990715723225
-3.140928106239711
-2.7206786478338176
-2.438220397348248
-2.5179407670552125
-2.3767115816802047
-2.1007446945756767
-2.1644894360869933
-2.6725278748807595
-2.232958111820219
-2.5261819611273983
-2.159354381299045
-1.6085103362220656
-1.9839891938241836
-2.398893848407527
-1.8443760072645647
-1.490562324094904
-1.8182560353603852
-1.5448596533494217
-1.6724743847269339
-2.091902636396939
-2.6434314745962793
-2.2398183033132897
-2.597147378039918
-2.0594016514379976
-1.5056803841743038
-2.0568817435234723
-2.5451061020725327
-2.1513563098198594
-2.2433756263636804
-2.796118020629544
-3.020252629250319
-3.3072930139240406
-3.652974133839282
-3.813169584114614
-3.3830596447275623
-3.939508842900664
-4.44671365542858
-4.043346900433646
-3.551504240902308
-4.100974757763399
-4.597773584196554
-4.337045544593087
-4.893091090187402
-5.34906353785357
-5.343193767267811
-4.882221027520742
-4.330939038832218
-4.529576712957088
-4.238201708702605
-3.7431658485579846
-3.5092390616406632
-3.772102506900172
-3.3220984078322493
-3.8142542776069703
-3.7676519431219955
-3.2108149673976736
-3.0897658218842956
-3.2781350685524515
-3.7610651329239975
-4.071566029084455
-4.552222419466582
-4.0064781301565295
-3.456643765053644
-3.962169712461254
-4.398391913621447
-4.254530812904166
-3.720698673686885
-3.661994385734933
-4.164216084754689
-4.628805390646201
-4.530688957247101
-4.521908958803413
-4.60703580673704
-4.1975041066002765
-3.7076169813659154
-3.5807298722335434
-3.955119678363909
-4.199945750760783
-4.751494816492343
-4.834708431972703
-4.402333815639256
-4.958068591119179
-5.504560896727049
-4.955201325238104
-4.453071318894974
-4.863445628056644
-4.846839377315164
-4.380480735680946
-4.929273231830724
-5.3837012476480455
-5.260310896366414
-4.726234402721335
-4.649151643114853
-5.139377792899327
-5.656494687274077
-5.542226982175767
-5.509535998516795
-5.575466857457779
-5.264251187965432
-4.831935313052684
-4.313324084295646
-4.326829583458142
-4.813803704424866
-5.252862300183497
-5.587728359389842
-5.535595404015124
-5.4634243039392185
-5.40787639589703
-5.757583859009693
-6.207339836930434
-6.643376319418522
-6.644353374898194
-6.204993060577552
-5.753567374854984
-5.417171538624361
-5.488252984646508
-5.458106496245819
-5.342487140062097
-5.8614220166935125
-6.350625611069842
-6.276441019418501
-5.744229896371574
-5.59916778343274
-6.030814435775735
-6.5221427397161085
-5.999162403652377
-5.477198711436873
-5.966037940094504
-6.387228750309076
-6.304645766530253
-5.813713979358209
-5.379984891189617
-5.456833765107869
-5.5306034803754605
-5.5637090784379195
-5.316529996871265
-4.960658603733393
-4.510747801336709
-4.937469910866053
-5.468763633273358
-4.915025436987889
-4.407524426373961
-4.7056869613426215
-4.171332826551905
-4.0563606676833945
-4.137528481716041
-4.609353208802976
-4.0567717644218195
-3.5635418752121804
-3.9173476829126535
-4.438036767630633
-3.8811835132633052
-3.4822863116286706
-3.8355302257013806
-3.6463564990097166
-3.3443112604399023
-3.1247586089904535
-3.3307299727481077
-3.683071649544057
-3.9330949557698953
-3.958203987083544
-3.8379887498330656
-3.3119724348380446
-3.681247133676626
-3.1479009166135494
-2.9575299557832277
-2.6358535839855555
-2.504544882450718
-2.6512567722010583
-2.1287355990208177
-1.6283584525495804
-1.7979325268867343
-2.3549562863058484
-2.0172653566212615
-1.6335949552854734
-2.1904128226083746
-2.379331851226741
-1.8818373236027774
-1.3458517589168708
-1.5244711090370402
-1.2671520190942889
-0.8036481076173814
-0.35877265300759226
-0.3797525655835238
-0.746162752398554
-1.156778318149712
-1.6974426415991988
-1.6489658878489792
-1.2308959009763134
-0.8153605495147456
-0.3093336709128319
-0.2767601435393706
-0.8304583413250226
-1.1519234253124275
-1.708965407898067
-1.5663545913933246
-1.4786959106721305
-1.4921548515284144
-1.5061511473700562
-1.5136821647733816
-1.4583547166402997
-1.3684105395397728
-1.833799872922452
-2.3323320811037567
-2.30178834776659
-1.7845356250146842
-1.4712718289692819
-1.6967546529249629
-1.1415929506280071
-0.8275473246818943
-0.27397668621150006
-0.2956662178963265
-0.8233917238082731
-1.2179144491464062
-1.6822010548352446
-1.770627475087446
-1.2366897903353045
-1.3502995517286924
-1.7239287629709723
-2.070622218067723
-2.5709228635281254
-2.0139065488108048
-1.4585457012197671
-2.0063122517562038
-2.557661957966608
-2.0139505320092495
-1.4829309520570235
-2.0289114261311614
-2.5459527238344313
-2.109332997694226
-1.9911258477520324
-1.842765967425017
-1.312835601851355
-1.6751248525562428
-1.1337362649448468
-0.870165159102914
-0.332153289458755
-0.7232470245349047
-0.2667431414352307
-0.6321324652439804
-0.07526631406119144
0.4268615554526306
0.08379542704895182
-0.43334392365080854
0.12329604583295051
0.5062846470650126
0.13956296848841898
0.2273707608087383
0.7843407897601904
0.9123523949723955
0.7377453951988975
0.2237744674616563
-0.07240454374108929
-0.5457588769280415
-0.008564465062163573
0.5357788789706683
0.03149564112422887
-0.41642281219114846
-0.1948755458826044
0.36107306876256484
0.030550103970580722
-0.37944353541732084
0.1775453181666527
0.4155136448307394
-0.04468581066509553
-0.5738360061135652
-0.022731072726328017
0.5112168947795156
-0.032583321906083706
-0.5404812491530945
-0.10648664870611574
0.01733794332078703
0.1994761352265846
0.7564502327910722
0.7877265715885737
0.254459827809144
0.43034311848510864
0.4950505954103461
0.413171534361855
0.7690724064130491
1.2370682491047793
1.576174759012981
1.4787065999103297
1.6484621870888039
1.973547694847544
2.219317309254208
2.7570376741663467
2.9261057034981865
2.839604778441434
2.3280849055607202
2.763636453890975
2.4549207842793854
2.88091726342093
3.4373160676431125
2.93378904350115
2.569485663183316
3.0778076175422027
3.633580290537668
3.290309457200732
3.8010321955923283
3.750943367396901
3.1958704655464727
2.9665865559816567
2.636537390106122
2.5129488063801366
2.6802711387402085
2.128150716080065
1.6922779678932924
1.5226209915941382
1.7657255402440648
1.2909564285158537
1.693553483795987
1.1927188034538196
1.2445529287912176
1.800627217974301
2.0057251100441547
2.2293165308048524
2.764188958550169
2.966780737440315
3.0574548739485117
3.3364130849309874
3.6051055853545892
3.692233180817459
3.146957490964696
2.7272373748393335
2.424562232474339
2.4804209868701217
2.492993669400984
2.455925174900415
2.6435414509115085
2.938666284725842
3.034555567511873
3.246398812726777
3.7662477808866592
4.018316808024151
4.325761740609509
4.59774656823844
4.655606769517776
4.163856525254959
3.6862222974237913
3.6086112888245685
4.016728003672324
4.462367356575852
4.107420379500968
3.562041467403458
4.109596696799604
4.467326015489778
4.03006235654524