0.08163265306122448
0.08163265306122451
0.01915255381051971
-0.05619387258770228
-0.09140205542871763
-0.05449107423418438
0.021188095276673397
0.08260657141332002
0.08061235590854728
0.017108480554859112
-0.057868909215614286
-0.09134649289963265
-0.05276155228987289
0.023214171431323108
0.08353325541969622
0.07954656295935365
0.015056805417853703
-0.05951514212236059
-0.09123542406918056
-0.051006340344335876
0.025229844762422585
0.08441187931017714
0.07843618236577758
0.012998455076090168
-0.06113152624695144
-0.0910689611903301
-0.04922646686532772
0.02723417340021675
0.08524164939650825
0.07728214513604337
0.01093435336094134
-0.06271701437123443
-0.0908472721380936
-0.04742295472650746
0.029226210761268752
0.08602180635558945
0.07608540287441393
0.008865421647575172
-0.06427055814247046
-0.09057057980900425
-0.04559682083507744
0.03120500520796817
0.08675162747404876
0.07484692556533207
0.0067925792455709455
-0.06579110921078757
-0.09023916132833797
-0.043749075854295015
0.03316959972799222
0.08743042883909427
0.07356769941315475
0.004716743790433339
-0.06727762048128666
-0.08985334707169934
-0.04188072401517805
0.0351190316388537
0.08805756746057772
0.07224872474792603
0.0026388316355536734
-0.06872904747974364
-0.08941351950903718
-0.03999276301117493
0.037052332323287175
0.08863244330934474
0.0708910140066274
0.0005597582443532256
-0.07014434983000305
-0.08892011188048493
-0.03808618396912049
0.03896852700176846
0.08915450125722252
0.06949558979830212
-0.0015195614175218114
-0.07152249284026346
-0.08837360671461902
-0.036161971489462846
0.04086663454890245
0.08962323290440533
0.06806348306038852
-0.0035982124900027362
-0.07286244919452037
-0.08777453420077988
-0.03422110374855302
0.042745667360730426
0.09003817828055513
0.06659573131254784
-0.005675279826402285
-0.07416320074445716
-0.08712347042801782
-0.03226455265573324
0.04460463128018664
0.09039892740662317
0.06509337701323734
-0.007749847601215956
-0.0754237403960587
-0.08642103550399177
-0.030293284058059096
0.046442525587960116
0.09070512170523762
0.06355746602328438
-0.009820998917940665
-0.07664307408418006
-0.0856678915677799
-0.028308257985734282
0.04825834306589854
0.09095645524847885
0.061989046179757284
-0.01188781541699252
-0.07782022282724409
-0.084864740711046
-0.02631042893171103
0.05005107013982981
0.09115267583298542
0.06038916598251548
-0.013949376883909195
-0.0789542248531869
-0.08401232282235557
-0.024300746159400782
0.05181968710828676
0.09129358587359537
0.058758873394948494
-0.016004760858180228
-0.08004413778674388
-0.0831114133696516
-0.02228015403302267
0.05356316846312028
0.09137904310810757
0.057099214759570374
-0.01805304224326683
-0.08108904088717916
-0.08216282113596743
-0.020249592365755492
0.05528048330739778
0.09140896110725352
0.05541123382832907
-0.02009329291866193
-0.08208803732464864
-0.08116738592339987
-0.018209996781536203
0.05697059587532545
0.09138330958556515
0.05369597090669285
-0.02212458135521394
-0.08304025648255768
-0.08012597624016116
-0.016162299087019397
0.05863246615823031
0.09130211451049172
0.05195446210979975
-0.02414597223538365
-0.08394485627254805
-0.07903948698519293
-0.014107427650856999
0.060265050639899426
0.09116545800883466
0.05018773872818637
-0.026156526080630446
-0.08480102544814122
-0.07790883714435698
-0.01204630778806251
0.061867303143817345
0.09097347807129852
0.04839682669985529
-0.028155298888718427
-0.08560798590258648
-0.07673496751161805
-0.009979862147748111
0.06343817579407804
0.09072636805767571
0.04658274618470273
-0.03014134178437742
-0.08636499493611546
-0.07551883844791804
-0.007909011102982144
0.06497662009096677
0.09042437600685069
0.04474651123661783
-0.032113700687425355
-0.08707134747759218
-0.07426142768961903
-0.0058346731418917885
0.06648158810141545
0.09006780375741907
0.04288912956790833
-0.03407141600313303
-0.08772637824547899
-0.07296372821748347
-0.0037577652594261435
0.06795203376372705
0.08965700588621914
0.041011602400107205
-0.03601352234025686
-0.088329463833098
-0.07162674619617765
-0.0016792033494249098
0.06938691430512589
0.08919238847347327
0.0391149243947095
-0.03793904826275554
-0.08888002470337555
-0.07025149899325972
0.00040009740320340326
0.07078519176981941
0.08867440770450433
0.037200083656991664
-0.039847016081699466
-0.08937752707859048
-0.06883901328555922
0.002479222130283565
0.07214583465434807
0.08810356831912222
0.035268061805789404
-0.04173644169427378
-0.08982148471112811
-0.06739032325979741
0.004557255888177
0.07346781964604097
0.08748042192076662
0.03331983410198249
-0.04360633447702405
-0.09021146052185491
-0.0659064689132509
0.006633283265584766
0.07475013345940613
0.08680556515834072
0.03135636962845074
-0.045455697240606004
-0.09054706809349156
-0.06438849445924813
0.008706387991351067
0.07599177476424934
0.086079637794372
0.029378631514429425
-0.04728352625326016
-0.0908279730072624
-0.06283744684130409
0.010775652542312664
0.07719175619826814
0.08530332067369942
0.02738757719750163
-0.049088811340041304
-0.09105389401214156
-0.06125437435876238
0.012840157751316722
0.07834910645580401
0.08447733360731038
0.025384158716892903
-0.050870536064516116
-0.09122460401720517
-0.05964032540591999
0.0148989824156592
0.07946287244339661
0.08360243318623922
0.023369323032274958
-0.05262767799919421
-0.0913399308989172
-0.05799634732575104
0.016951202906377583
0.08053212149176456
0.082679410540582
0.021344012362891733
-0.05435920909041663
-0.09139975811661377
-0.05632348537852097
0.018995892779086795
0.08155594361288916
0.08170908905870189
0.019309164542487545
-0.05606409612280204
-0.09140402513100417
-0.054622781824780114
0.021032122387368762
0.08253345378999444
0.08069232208156596
0.017265713386187542
-0.057741301287670674
-0.09135272762213403
-0.05289527512143831
0.0230589585001357
0.08346379428743411
0.07962999058689754
0.015214589066152195
-0.05938978285914093
-0.09124591750495348
-0.05114199922885308
0.02507546392486977
0.08434613696682727
0.07852300087742686
0.013156718493448932
-0.06100849598085262
-0.09108370274235753
-0.04936398302609252
0.027080697139204343
0.08517968559523031
0.07737228228699093
0.011093025704154949
-0.06259639356550409
-0.09086624695729195
-0.04756224983079085
0.02907371193392736
0.08596367813071724
0.07617878491758465
0.00902443224820522
-0.06415242730861992
-0.09059376884722166
-0.04573781701928647
0.031053557071151754
0.08669738897045648
0.0749434774196943
0.006951857579913831
-0.0656755488171829
-0.09026654140590049
-0.043891695742041915
0.03301927596207011
0.08738013114622116
0.0736673448273794
0.0048762194494381406
-0.06716471085296218
-0.0898848909589417
-0.042024890728715174
0.034969906369380056
0.08801125845226679
0.0723513864586278
0.002798434294717128
-0.06861886868954971
-0.08944919602115164
-0.04013840017669167
0.03690448014008605
0.08859016749063288
0.07099661389049952
0.0007194176336065422
-0.07003698158126569
-0.08895988598492227
-0.03823321571642663
0.038822022974933784
0.08911629961919376
0.06960404901753703
-0.0013599155439276978
-0.0714180143412028
-0.08841743965018856
-0.03631032244660828
0.04072155424118263
0.08958914278818338
0.0681747222008598
-0.003438650383611158
-0.07276093902474894
-0.08782238360752125
-0.034370699031938935
0.04260208683574857
0.0900082332514625
0.06670967051430671
-0.005515871774665185
-0.07406473671395539
-0.08717529048685004
-0.03241531785627173
0.04446262710593818
0.09037315713947722
0.06520993609295671
-0.007590663957608504
-0.07532839939710372
-0.08647677708509226
-0.030445145223924802
0.04630217483503264
0.09068355188168363
0.06367656458835835
-0.009662110132072257
-0.07655093193678478
-0.08572750238660293
-0.028461141602227902
0.048119723299873504
0.09093910746718005
0.062110603733835354
-0.011729292064705285
-0.0777313541187446
-0.0849281654908564
-0.02646426189871988
0.04991425940735189
0.09113956753340138
0.060513102022321144
-0.013791289697345457
-0.07886870277269901
-0.08407950346213461
-0.024455455766903868
0.051684763916317024
0.09128473027397362
0.058885107498295265
-0.01584718075578429
-0.07996203395528231
-0.08318228911621553
-0.022435667935036478
0.05343021175093499
0.09137444915820786
0.057227666664554186
-0.017896040359669435
-0.08101042518431131
-0.08223732875914339
-0.02040583855306951
0.05514957241094027
0.0914086334562027
0.05554182350373502
-0.01993694063437044
-0.08201297771262026
-0.08124545989310993
-0.018366903553532307
0.05684181048357252
0.09138724856511501
0.05382861861371713
-0.021968950325998576
-0.08296881882888753
-0.08020754890428722
-0.01631979502281923
0.05850588626128825
0.09131031613382332
0.05208908845524497
-0.023991134421214297
-0.08387710417214111
-0.07912448874712515
-0.014265441579994667
0.060140756468603326
0.09117791398491862
0.05032426470934847
-0.026002553773974917
-0.08473702004601194
-0.0779971966391699
-0.012204768760833179
0.06174537510066598
0.09099017583468988
0.04853517374137718
-0.028002264741966015
-0.08554778571831609
-0.07682661177986742
-0.010138699405347285
0.06331869437539477
0.09074729081348845
0.04672283616772516
-0.029989318836100107
-0.08630865569118815
-0.07561369310611168
-0.008068154047517914
0.06485966580023883
0.09044950279053454
0.044888266520613104
-0.03196276238713709
-0.08701892192676797
-0.07435941709648074
-0.005994051306325049
0.06636724135382326
0.09009710950883675
0.043032473005627826
-0.03392163623415629
-0.08767791601335911
-0.07306477563520176
-0.0039173082774755785
0.0678403747819398
0.08969046153741428
0.041156457346118606
-0.035864975440259995
-0.08828501125703284
-0.07173077394590892
-0.0018388409254568167
0.06927802300650505
0.08922996104941452
0.039261214708036576
-0.03779180904147694
-0.08883962468384043
-0.07035842860423447
0.00024043552428963666
0.07067914764523922
0.08871606043599707
0.03734773369839052
-0.039701159835346694
-0.08934121893812681
-0.06894876563722169
0.0023196061931693296
0.07204271663891315
0.08814926076700055
0.03541699643021775
-0.04159204421605452
-0.08978930406290406
-0.06750281871648975
0.004397756157239335
0.07336770598205819
0.08753011011040521
0.03346997864681808
-0.04346347206325579
-0.09018343914884881
-0.06602162745103425
0.00647397005501027
0.0746531015520431
0.08685920172346719
0.03150764989801188
-0.04531444669184593
-0.09052323383923763
-0.06450623578452643
0.008547331695250043
0.07589790103039357
0.08613717212910943
0.029530973761330286
-0.047143964869904874
-0.0908083496790214
-0.06295769050099283
0.010616923664825986
0.0771011159091805
0.08536469909173383
0.027540908101348197
-0.04895101691186812
-0.09103850129727883
-0.061377039841814626
0.012681826936702723
0.07826177357424394
0.0845424995070481
0.025538405360789065
-0.05073458685366296
-0.09121345741345865
-0.059765332236088396
0.014741120478335902
0.07937891945597222
0.08367132722080052
0.023524412877560748
-0.05249365271611616
-0.09133304165913222
-0.05812361514552968
0.01679388086087886
0.0804516192373404
0.08275197079147507
0.021499873222490883
-0.054227186862400405
-0.09139713320840985
-0.05645293402427375
0.018839181869868098
0.08147896110795266
0.08178525121202068
0.019465724553185654
-0.05593415645467113
-0.09140566721171375
-0.05475433139312213
0.020876094118372775
0.08246005805194738
0.08077201960557344
0.0174229009801148
-0.05761352401436508
-0.09135863502922698
-0.05302884602699918
0.022903684663991543
0.0833940501568319
0.07971315490987885
0.015372332941689701
-0.0592642480899163
-0.09125608426202914
-0.051277512253605786
0.0249210166315616
0.08428010692963592
0.0786095615647322
0.013314947585735093
-0.06088528403489703
-0.09109811858065263
-0.049501359360494816
0.026927148843998043
0.08511742960620886
0.07746216721623547
0.01125166915532598
-0.06247558489883265
-0.09088489735252206
-0.04770141110703885
0.028921135464296782
0.08590525343906122
0.07627192045102396
0.009183419377466945
-0.06403410243216619
-0.09061663507144326
-0.045878685337037206
0.030902025652390946
0.08664284994885249
0.07503978857285797
0.007111117853515259
-0.0655597882060655
-0.09029360059395744
-0.04403419368701144
0.032868863241231415
0.08732952912447409
0.07376675543311625
0.0050356824505918
-0.06705159484696986
-0.08991611618894557
-0.04216894138460595
0.03482068643712235
0.08796464155665068
0.07245381932578802
0.0029580296934950817
-0.06850847738494881
-0.08948455640833315
-0.04028392713094164
0.036756527549975763
0.08854758049010808
0.07110199095656111
0.0008790751568275579
-0.06992939471410381
-0.08899934678809807
-0.03838014306030591
0.038675412759699386
0.08907778377960213
0.069712291494562
-0.0012002661428123923
-0.07131331116234937
-0.08846096238999514
-0.03645857477020653
0.040576361925397014
0.08955473573550206
0.06828575071424825
-0.0032790793546325497
-0.0726591981669889
-0.08786992619549377
-0.03452020141460347
0.042458388444388366
0.089977968845147
0.06682340523389743
-0.005356449401450636
-0.0739660360515261
-0.08722680736435695
-0.03256599585305121
0.04432049916826361
0.09034706535686962
0.06532629685610093
-0.007431460587496275
-0.07523281589814632
-0.08653221937108255
-0.030596924848563786
0.04616169438323228
0.09066165871439105
0.0637954710146684
-0.00950319620622328
-0.07645854150925988
-0.08578681803307696
-0.02861394930723358
0.04798096786193206
0.09092143483025131
0.06223197533138352
-0.011570738148203079
-0.07764223145044516
-0.08499129944494078
-0.026618024552992052
0.04977730699362188
0.0911261331880372
0.060636858285130844
-0.013633166509266333
-0.07878292116607244
-0.08414639783361552
-0.02461010063137478
0.051549692999312266
0.09127554776440786
0.05901116799503489
-0.015689559199206185
-0.07987966515785348
-0.08325288334937554
-0.022591122636723644
0.053297101237900844
0.09136952776328464
0.05735595111840566
-0.01773899155156823
-0.08093153921557
-0.08231155980774281
-0.02056203105789254
0.055018501608805497
0.09140797815605796
0.05567225186347292
-0.019780535935327963
-0.08193764268830608
-0.08132326239736487
-0.018523762138193497
0.05671285905593976
0.09139086002324537
0.053961111116092496
-0.0218132613696169
-0.0828971007836657
-0.08028885536871412
-0.01647724824599542
0.058379134177173386
0.0913181906946941
0.05222356567882831
-0.023836233143093147
-0.08380906688171416
-0.07920922971815149
-0.01442341825303986
0.060016283942694384
0.09119004368713315
0.050460647620045575
-0.025848512440067174
-0.0846727248497573
-0.07808530088145181
-0.012363197918147675
0.061623262524927724
0.09100654843960579
0.04867338372988841
-0.027849155976077643
-0.08548729134356929
-0.07691800645030378
-0.010297510274530158
0.06319902224190604
0.0907678898490391
0.04686279507927558
-0.029837215646251393
-0.08625201808031707
-0.07570830392460211
-0.008227276019386595
0.06474251461520879
0.09047430760988451
0.04502989667733197
-0.03181173819045127
-0.08696619406819443
-0.07445716851254254
-0.006153413904859531
0.06625269154279573
0.09012609536338256
0.04317569722200952
-0.03377176487988627
-0.08762914777768549
-0.0731655909896307
-0.004076841129724951
0.06772850658625561
0.08972359966352472
0.0413011989380346
-0.03571633123052025
-0.08824024923942192
-0.07183457562674758
-0.001998473731430306
0.06916891637115807
0.08926721876820534
0.03940739749580786
-0.0376444667492029
-0.0887989120537789
-0.0704651381963904
8.077302173747913e-05
0.07057288209833235
0.08875740126533967
0.037495282004457585
-0.0395551947189672
-0.08930459529767065
-0.06905830406516053
0.002159984238453025
0.07193937116298578
0.08819464454488046
0.03556583507195838
-0.04144753203033947
-0.08975680531446402
-0.06761510637950809
0.0042382450121557225
0.07326735887763858
0.08757949312867774
0.0336200329250733
-0.04332048906578515
-0.09015509737352473
-0.06613658435069625
0.00631464002885436
0.07455583029385167
0.08691253687099193
0.03165884558187024
-0.0451730696445414
-0.09049907718664352
-0.06462378164392749
0.008388253174927834
0.07580378211670336
0.08619440904320078
0.029683237069708185
-0.04700427103507439
-0.0907884022694748
-0.06307774487558543
0.010458167144962824
0.07701022470492506
0.08542578431682096
0.02769416568187344
-0.04881308404222935
-0.09102278313713846
-0.06149952222160253
0.012523463049732772
0.07817418414854066
0.08460737665941243
0.025692584266458672
-0.05059849317584433
-0.09120198432430354
-0.05989016213906463
0.014583220024548732
0.07929470441481068
0.08373993715823969
0.023679440541601496
-0.05235947690716816
-0.09132582522136831
-0.0582507122022963
0.016636514838383604
0.08037084955226195
0.08282425178673503
0.021655677431800982
-0.05409500801889555
-0.09139418071977651
-0.05658221805384487
0.01868242150441448
0.08140170594161678
0.08186113912884081
0.019622233420685746
-0.05580405405401973
-0.09140698166104072
-0.054885722469973974
0.020720010892938692
0.08238638458154654
0.08085144807620283
0.01758004291628229
-0.05748557786802941
-0.09136421508566478
-0.053162264539488295
0.022748350348015554
0.0833240233963747
0.0797960555129478
0.015530036625503188
-0.059138538288260725
-0.09126592427984645
-0.051412878953938666
0.024766503309659522
0.08421378955216385
0.07869586400239491
0.013473141935206143
-0.06076189088346981
-0.09111220861955772
-0.04963859540648733
0.026773528943954968
0.08505488176705236
0.07755179948954634
0.011410283297755744
-0.06235458884593381
-0.09090322321333587
-0.047840438095963854
0.02876848178407993
0.08584653260126826
0.07636480903256326
0.009342382619528522
-0.06391558398761608
-0.09063917834682202
-0.04601942533191079
0.030750411385876628
0.08658801071194128
0.07513585857568421
0.007270359651232489
-0.06544382785114908
-0.09032033873373801
-0.044176569235723516
0.03271836200228418
0.08727862305766691
0.07386593077519173
0.0051951323792631815
-0.06693827293559204
-0.08994702257956953
-0.04231287553234228
0.03467137228161993
0.08791771703774579
0.07255602288909883
0.003117617417590604
-0.06839787403610388
-0.08951960046569812
-0.04042934342638982
0.036608474995322354
0.0885046825511288
0.07120714474023085
0.001038730399876231
-0.06982158969582386
-0.08903849406308406
-0.03852696555616549
0.03852869680133369
0.08903895396034153
0.06982031676134018
-0.0010406136283370865
-0.07120838376736961
-0.0885041746858271
-0.03660672801855068
0.04043105804976689
0.08952001194604313
0.06839656812983444
-0.0031194998174267075
-0.07255722708043798
-0.0879171616960217
-0.03466961045764557
0.04231457263784711
0.08994738523839663
0.06693693499864366
-0.005197013121494898
-0.07386709921102853
-0.08727802077227056
-0.03271658620987568
0.044178247921329114
0.09032065221208342
0.06544245882871352
-0.007272237906169543
-0.07513699034679862
-0.0865873620550196
-0.030748622498367142
0.04602108468965234
0.09063944233260243
0.06391418482760469
-0.009344257556415048
-0.0763659032420267
-0.08584583818254055
-0.028766680669598324
0.04784207721201458
0.09090343744243812
0.06235316049771322
-0.011412154084415232
-0.07755285525460157
-0.0850541422319072
-0.02677171646568636
0.049640213361308826
0.09111237287676915
0.06076043429670019
-0.013475007737686444
-0.07869688045639756
-0.08421300557968964
-0.024764680326130814
0.05141447482250874
0.09126603839961928
0.05913705441183728
-0.015531896607722792
-0.07979703180736142
-0.08332319569733784
-0.022746517713398973
0.053163837391615065
0.09136427895270714
0.057484067649128216
-0.0175818962396772
-0.0808523833826362
-0.0823855138963308
-0.020718169457371163
0.05488727137069839
0.09140699521073117
0.05580251843724765
-0.01962407924385895
-0.08186203264111817
-0.08140079303813826
-0.018680572114328414
0.056583742063937306
0.09139414393839637
0.05409344794554247
-0.021657514910174883
-0.0828251027229859
-0.08036989522387122
-0.01663465833684541
0.0582522103788493
0.09132573814615072
0.05235789331456019
-0.023681268827075337
-0.0837407447629969
-0.07929370947819718
-0.014581357251604352
0.05989163353618633
0.09120184704329973
0.050596886996795896
-0.02569440250707316
-0.08460814020570576
-0.07817314944165027
-0.012521594842756792
0.061500965891211054
0.09102259578890112
0.04881145620459062
-0.02769597302148493
-0.08542650310825287
-0.077009151084904
-0.010456294339009728
0.0630791598683077
0.09078816504256136
0.04700262246136981
-0.029685032647676246
-0.08619508241599046
-0.07580267045787856
-0.008386376603086068
0.064625167010101
0.09049879031894476
0.045171401251696476
-0.03166062853276156
-0.08691316419597489
-0.07455468148575965
-0.006312760522600755
0.0661379391414753
0.09015476115142257
0.04331880176493446
-0.03362180237838767
-0.0875800738132464
-0.07326617382311135
-0.004236363401710019
0.0676164296480735
0.08975642007182678
0.0414458267267123
-0.035567590151880206
-0.08819517803485241
-0.0719381507763024
-0.0021581013531332127
0.06905959486803068
0.08930416141469338
0.03955347231184316
-0.03749702182964027
-0.08875788704674069
-0.07057162730344577
-7.888969031562276e-05
0.0704663955948315
0.0887984299556787
0.03764272813193261
-0.039409121179196156