0.06283185307179587
0.06283185307179588
0.03222564330126397
-0.012527304853540436
-0.051967764886086655
-0.06715523469063508
-0.04901960536930905
-0.008248112145000881
0.03600870092757934
0.06430182252061444
0.061077706299376686
0.028317809794505343
-0.016760385466886435
-0.054695639586269766
-0.06684271058910636
-0.0458669215622063
-0.003938716968661812
0.03965030739096166
0.06547818063408951
0.059050376988350105
0.024301787944341874
-0.02093132363279951
-0.05718808440954814
-0.0662197736081316
-0.04252591678997393
0.0003850561588099738
0.043133765151788024
0.06635322819678512
0.05676222927487748
0.020194034612797077
-0.025023943468785857
-0.05943075783416076
-0.06529060233249057
-0.03901308370120803
0.004707424947512619
0.046442443389877366
0.0669211495662474
0.05422679586689685
0.016010854077900503
-0.029021912802221043
-0.06141032033350239
-0.06406135727049106
-0.035345072560579116
0.009012602934107057
0.04955989067759611
0.0671781291077705
0.05145857563716873
0.01176839508276735
-0.03290874932420572
-0.0631146370312672
-0.06254005819323305
-0.03153858277345462
0.013284753426667531
0.052469970700023426
0.06712242949429174
0.04847283659442929
0.007482664317192904
-0.03666784610408939
-0.0645329773955072
-0.06073643031513461
-0.02761027812857786
0.017507947645195074
0.055157019369472954
0.06675442786030945
0.04528543022122472
0.0031695533938259635
-0.040282518438854935
-0.06565620415302989
-0.05866172658642528
-0.023576725412697848
0.021666130780504445
0.05760602054783408
0.06607660792691568
0.04191262198210581
-0.0011551239770932267
-0.0437360734741314
-0.06647694337783447
-0.05632853401956374
-0.019454355351857112
0.025743099462340123
0.059802796370255845
0.06509350850971714
0.038370941568507115
-0.005475588198543116
-0.047011903406981324
-0.06698972799867076
-0.05375057207057268
-0.015259444242437435
0.02972249381225297
0.06173420693298292
0.06381163107950116
0.03467705525029937
-0.009776047164153437
-0.05009360233652722
-0.06719110782297817
-0.05094249070306563
-0.011008114123002573
0.033587806878072946
0.06338835296895572
0.062239311068978696
0.030847661613165253
-0.014040650670458461
-0.052965105944920175
-0.06707972056947573
-0.04791967497739144
-0.006716348884358937
0.03732241381671135
0.06475477420761847
0.060386559242403146
0.026899411009219908
-0.018253449700143677
-0.055610852162769155
-0.06665632025649962
-0.044698061951272
-0.002400023311850172
0.040909622709130636
0.06582463552526022
0.05826488055612598
0.02284884824117922
-0.022398364264794524
-0.058015959819843615
-0.06592376146521395
-0.04129397447614187
0.0019250582931162885
0.044332748340031564
0.06659089285158977
0.05588707848901488
0.018712377322421973
-0.026459163247341884
-0.06016642105363294
-0.06488694030007269
-0.03772397523726985
0.006243117538775142
0.04757520962930813
0.06704843118798295
0.05326705282728049
0.01450624657980084
-0.030419459356464625
-0.062049302025771594
-0.06355269509911296
-0.034004743204364626
0.010538355220983231
0.05062065063466598
0.0671941680448357
0.050419598417049266
0.01024655186563836
-0.03426272191682253
-0.06365294538574752
-0.061929671909719874
-0.030152973591704324
0.014794906324760944
0.05345308413521708
0.06702711709024067
0.047360211555264084
0.005949255200839013
-0.03797230978001562
-0.06496716704511037
-0.060028161284224286
-0.02618530150116207
0.018996800567437966
0.056057055752962937
0.06654840872547123
0.044104909598502065
0.0016302157768474934
-0.041531526147613324
-0.06598343930773881
-0.05785991396282304
-0.022118248638958664
0.023127932134502482
0.05841782539786449
0.06576126651262229
0.04067006815342224
-0.002694770091221474
-0.044923696531608145
-0.066695052350801
-0.055437943462296205
-0.017968191839377153
0.027172041995170156
0.06052156158826022
0.06467094068506071
0.037072278980502305
-0.007009923726075708
-0.048132270412352754
-0.06709724654018814
-0.0527763235034173
-0.01375135156840953
0.031112715844769948
0.06235554298734797
0.06328460216742073
0.03332823057815885
-0.011299437389781689
-0.051140946362161384
-0.06718730911507848
-0.04988998766412739
-0.009483798090902093
0.034933400323289635
0.0639083604183706
0.061611202429496435
0.02945461237075392
-0.01554742999590085
-0.05393381946709024
-0.06696463034785546
-0.04679453774935154
-0.005181472549197673
0.03861743971145094
0.06517011179990537
0.0596613059491253
0.025468042524392914
-0.019737909028505314
-0.05649554880276643
-0.06643071627242342
-0.04350606624633234
-0.0008602198165537089
0.04214813480088984
0.06613258200093115
0.05744690297300716
0.021385018655865354
-0.023854742278670994
-0.05881154153279226
-0.06558915731557358
-0.04004099700826372
0.003464170334563088
0.045508825053453765
0.06678939965649149
0.05498121061634097
0.01722189006192644
-0.02788164272989123
-0.06086814896131654
-0.06444555446680761
-0.03641594708366796
0.00777591745129811
0.04868299447864872
0.06713616357404313
0.05227847016784954
0.012994849550228671
-0.031802169572538445
-0.06265286867537609
-0.06300740677795208
-0.03264761146292232
0.012059203848488693
0.05165440084159
0.06717053250904231
0.049353747849857646
0.008719942474266294
-0.035599747920635784
-0.06415454587101488
-0.06128396581130918
-0.02875267149453399
0.01629813115200531
0.05440722685213553
0.06689227374330528
0.046222745337449425
0.0044130901479757095
-0.039257709347014384
-0.06536356619483887
-0.05928606401498374
-0.02474772685011651
0.020476683708314132
0.05692625088643832
0.06630326794491526
0.04290162519161268
9.01244407483584e-05
-0.04275935483625001
-0.06627203207019726
-0.057025924817817125
-0.020649250181772154
0.024578702427386412
0.05919703359062393
0.06540747005552254
0.039406855128311075
-0.004233169956708874
-0.04608804115674297
-0.0668739146125096
-0.05451696249041271
-0.016473562995960728
0.028587872332548447
0.06120611547925311
0.0642108282405629
0.03575507382930947
-0.008541009330600986
-0.049227290945764994
-0.06716517392802364
-0.05177357955839677
-0.012236830735594874
0.03248772672870297
0.06294121946392606
0.06272116504779379
0.031962979874582534
-0.01281756466150788
-0.05216092595935738
-0.06714384183467675
-0.04881096886972452
-0.007955074593139627
0.03626167048454155
0.06439145124625717
0.0609480266723074
0.028047244382661388
-0.01704691911873106
-0.054873221951473275
-0.06681006277840898
-0.045644926426768075
-0.0036441971596097855
0.03989302445768142
0.0655474898098735
0.058902507492731716
0.02402444709734957
-0.021213033073694446
-0.05734908252566229
-0.06616609081654819
-0.04229167992152383
0.0006799813502770535
0.043365092562380504
0.06640175996602912
0.05659705775664236
0.019911034946548146
-0.025299720153196703
-0.059574228088971067
-0.06521624282602827
-0.03876773667564273
0.005001679853321013
0.04666125236405781
0.0669485791387711
0.05404528245084963
0.015723301496901883
-0.02929063754610914
-0.061535394803633854
-0.06396681036631911
-0.03508975348242641
0.009305109897968088
0.04976506935495045
0.06718427136588837
0.05126173904877246
0.011477385208418303
-0.033169293404578123
-0.06322053727721676
-0.06242593468509065
-0.031274429743322674
0.013574429773728247
0.05266043419763762
0.06710724283013834
0.0482617410791103
0.007189283933830268
-0.036919073756142035
-0.06461902777524778
-0.060603451028609256
-0.0273384243237014
0.017793703075411345
0.05533172121024006
0.06671801504556678
0.045061173427539875
0.0028748826985026538
-0.040523290866596846
-0.06572184410733745
-0.05851070958994548
-0.023298295730148764
0.02194686543217214
0.057763965225625116
0.06601921396940444
0.0416763240912163
-0.001450008557224193
-0.043965254450808434
-0.06652173814311221
-0.056160381040847474
-0.01917046452056513
0.026017702873127574
0.0599430527335543
0.06501551560877765
0.03812373586864211
-0.005769610873933115
-0.047228366494923596
-0.06701337724317862
-0.053566254656135195
-0.01497119627301221
0.029989844981075993
0.061855921986708064
0.06371355093959699
0.03442008027661132
-0.010068129597945855
-0.050296239700409265
-0.06719345178083513
-0.05074303661601101
-0.010716602931744361
0.03384677560339696
0.06349076562283179
0.06212177495595909
0.030582054903873897
-0.01432970900488486
-0.05315283866683275
-0.0670607433599674
-0.04770615526387274
-0.006422659898749086
0.037571863455719
0.06483722844711672
0.06025030625979673
0.026626304469394603
-0.01853839205164695
-0.05578264189244483
-0.06661615021615708
-0.04447157902731726
-0.0021052358392147294
0.04114841446703052
0.06588659245614696
0.05811074467436076
0.02256936505544873
-0.022678088931341392
-0.05817082151126422
-0.06586266847526714
-0.04105565150218794
0.002219868173295364
0.0445597471580935
0.06663194107817519
0.055715974877648976
0.018427630315735556
-0.02673255785131408
-0.060303436454636816
-0.06480533024858204
-0.03747494696462643
0.006536873813851686
0.04778929169204202
0.06706829503219154
0.05307996402231615
0.014217337889142381
-0.030685401121779234
-0.06216763350667277
-0.06345110176143845
-0.0337461484009365
0.010829978778624592
0.05082071245919217
0.06719271319824163
0.05021756080840553
0.009954573753654702
-0.03452007925057297
-0.06375184962436262
-0.06180874665086549
-0.02988594908653236
0.015083312044266724
0.05363805313851695
0.0670043534098511
0.047144302611553085
0.005655291813845019
-0.03821994529714133
-0.06504600803755142
-0.059888661073135716
-0.02591097782955997
0.0192808949243463
0.056225902116145636
0.06650449002760003
0.043876236165982595
0.0013353456247677045
-0.041768301241087005
-0.06604170015497166
-0.0577026882373604
-0.02183774722150788
0.02340661155877649
0.05856957496363496
0.06569648737565345
0.04042975608141644
-0.00298947117571368
-0.04514847754875308
-0.06673234528659927
-0.05526392039418726
-0.017682623587074925
0.027444192202251978
0.0606553094433478
0.0645857304273851
0.036821464243238074
-0.0073033794061982266
-0.0483439364482073
-0.06711332072002864
-0.05258649618880454
-0.01346181677090838
0.03137721233335178
0.06247046730257143
0.0631795163076473
0.03306805198758678
-0.0115905676848801
-0.051338398621678126
-0.06718205577697946
-0.04968540071397433
-0.009191387413484985
0.035189110204694896
0.06400373605343063
0.061486912050508824
0.029186205908882483
-0.01583514844580519
-0.05411599207884989
-0.06693808507998401
-0.04657627468322333
-0.004887268936236679
0.03886322500306938
0.06524532313650666
0.05951858546755872
0.02519253726764658
-0.020021120415249574
-0.05666142088892842
-0.06638305826911053
-0.04327523801146732
-0.0005653010750211324
0.04238285727918315
0.0661871344543137
0.057286616857471814