0.030303030303030498
0.03030303030303053
0.006206813482029207
-0.022745564654111206
-0.033743266620552125
-0.01780202129160337
0.012139714733168355
0.03256412529908134
0.027027606557116404
7.277269374316928e-05
-0.02693895693783166
-0.03260448851354278
-0.01227567695269752
0.017677647085762842
0.0337294314061658
0.022853766752644583
-0.006063623076615916
-0.03023703843116263
-0.030368455875528715
-0.0063498916819378255
0.02263694390600807
0.033756465916934736
0.017926070303125968
-0.012003532159878622
-0.032523150220458194
-0.02711575468182707
-0.0002183167675480456
0.02684980755960447
0.03264423904385951
0.012411416322866343
-0.01755295001113718
-0.03371496055721711
-0.022961548131661347
0.005920323061451016
0.03017048157918141
0.030433313840145415
0.006492855082107625
-0.02252790658515
-0.03376902902487317
-0.01804979179973341
0.01186713173154988
0.03248156410984311
0.027203399585234968
0.00036385690032625026
-0.026760160166923046
-0.032683376082262586
-0.012546930351236881
0.017427932398150523
0.033699854370138387
0.023068906728129737
-0.005776916033769914
-0.030103361077047877
-0.030497602899153053
-0.00663570108985944
0.022418454775173124
0.033780955686937175
0.018173183465807777
-0.011730515949986128
-0.03243936781156524
-0.02729053954956027
-0.000509390464784952
0.0266700165130861
0.03272189883322377
0.012682216548572597
-0.01730259658207479
-0.03368411315434275
-0.02317584048597985
0.005633404592254365
0.030035678265387607
0.030561321765647718
0.006778427114105538
-0.022308590566487974
-0.033792245658715594
-0.018296242990754642
0.011593687320034182
0.03239656218208524
0.02737717286601809
0.0006549148337187949
-0.026579378360156516
-0.032759806513482044
-0.012817272428878299
0.017176944902985925
0.03366773723221342
0.02328234735615063
-0.005489791336996331
-0.029967434495450456
-0.030624469163588356
-0.006921030565386
0.022198316056232802
0.03380289870882493
0.018418968069047165
-0.011456648349544334
-0.03235314808996706
-0.027463297834864304
-0.0008004273800448526
0.02648824747891498
0.032797098352069565
0.012952095509440119
-0.01705097970572031
-0.03365072693909255
-0.023388425296636806
0.005346078869461899
0.02989863112906998
0.030687043827835714
0.007063508855905207
-0.022087633348226752
-0.033812914618917236
-0.018541356400270388
0.011319401549330983
0.03230912641584936
0.02754891276544145
0.0009459254768376599
-0.02639662564881353
-0.03283377359033738
-0.013086683310865627
0.01692470333983123
0.03363308262326968
0.023494072272535957
-0.005202269792455236
-0.029829269538622725
-0.030749044504191143
-0.007205859399568443
0.021976544552923274
0.033822293183687846
0.018663405689165594
-0.011181949433133422
-0.03226449805241664
-0.027634015976224408
-0.0010914064973641946
0.02630451465792906
0.03286983148198071
0.013221033357124008
-0.016798118159545416
-0.03361480464596965
-0.023599286256095503
0.005058366710082626
0.029759351106987266
0.030810469949435034
0.007348079612018426
-0.021865051787363404
-0.03383103421088236
-0.01878511364567469
0.011044294517576714
0.03221926390436998
0.027718605794866034
0.0012368678151188674
-0.026211916302916773
-0.03290527129306387
-0.013355143175586327
0.016671226523719853
0.03359589338134021
0.02370406522675976
-0.004914372227716558
-0.02968887722750304
-0.03087131893136508
-0.007490166910672055
0.02175315717512923
0.033839137521303436
0.018906477984984786
-0.010906439322132665
-0.032173424888397424
-0.027802680558242723
-0.0013823068038585594
0.02611883238896359
0.03294009230204484
0.01348901029706593
-0.01654403079579844
-0.03357634921643911
-0.02380840717121702
0.004770288951959866
0.029617849303929054
0.030931590228834304
0.007632118714757094
-0.021640862846297324
-0.0338466029488169
-0.019027496427572746
0.010768386369080847
0.032126981933144054
0.027886238612499774
0.001527720837637643
-0.02602526472974141
-0.03297429379979936
-0.01362263225585891
0.016416533343768944
0.03355617255122073
0.023912310083446627
-0.004626119490609901
-0.029546268750402272
-0.03099128263178876
-0.007773932445349029
0.021528170937392243
0.033853430340357614
0.01914816669924994
-0.010630138183469775
-0.032079935979181746
-0.027969278313096813
-0.0016731072908430268
0.025931215147360492
0.03300787508964482
0.013756006589784708
-0.01628873654011994
-0.03353536379852241
-0.02401577196476613
0.004481866452622763
0.029474136991395956
0.03105039494130509
0.007915605525407925
-0.021415083591340138
-0.033859619555934764
-0.019268486531207003
0.010491697293078119
0.03203228797897853
0.028051798024852942
0.0018184635382292001
-0.025836685472322624
-0.03304083548736355
-0.013889130840226766
0.01616064276179792
0.033513923384050154
0.02411879082387834
-0.004337532448077552
-0.029401455461677672
-0.031108925969627724
-0.00805713537981538
0.021301602957422287
0.0338651704686367
0.019388453660058695
-0.010353066228376038
-0.03198403889686767
-0.02813379612199187
-0.00196378695495332
0.02574167754347428
0.03307317432122585
0.01402200255217333
-0.01603225439016439
-0.03349185174636404
-0.024221364676918496
0.004193120088140743
0.029328225606267258
0.031166874540205863
0.008198519435411528
-0.021187731191228878
-0.03387008296463538
-0.019508065827888842
0.01021424752248662
0.03193518970901638
0.028215270988186898
0.0021090749166102762
-0.025646193207959824
-0.033104890932012646
-0.014154619274258325
0.015903573810953243
0.03346914933686319
0.024323491547501425
-0.0040486319850304535
-0.02925444888039444
-0.03122423948773021
-0.008339755121032199
0.02107347045461259
0.033874356943190326
0.019627320782295433
-0.010075243711147302
-0.031885741403394285
-0.02829622101660583
-0.002254324799267817
0.025550234321174613
0.033135984673037674
0.01428697855880233
-0.01577460341422806
-0.03344581661977025
-0.02442516946676866
0.0039040707519809453
0.029180126749456494
0.03128101965816942
0.008480839867545983
-0.020958822915642567
-0.033877992316652124
-0.019746216276435646
0.009936057332671597
0.03183569497974148
0.028376644609955703
0.002399533979501642
-0.025453802746718057
-0.03316645491016935
-0.014419077961853658
0.015645345594339638
0.03342185407211555
0.02452639647343561
-0.003759439003207018
-0.029105260688975516
-0.03133721390880626
-0.00862177110789155
0.020843790748558137
0.03388098901046549
0.019864750069071103
-0.009796690927910665
-0.031785051449536306
-0.0284565401805274
-0.0025446998344305603
0.02535690035634663
0.033196301021852115
0.014550915043229539
-0.015515802749883508
-0.033397262183720654
-0.024627170613838692
0.0036147393538685027
0.02902985218455562
0.031392821108273475
0.00876254627711491
-0.020728376133722717
-0.033883346963171794
-0.019982919924613117
0.00965714704021509
0.0317338118359628
0.028535906150240202
0.0026898197417516596
-0.025259529029926907
-0.03322552239912756
-0.014682487366557407
0.01538597728365763
0.03337204145718171
0.02472748994198254
-0.0034699744200347576
-0.028953902731840005
-0.0314478401365895
-0.008903162812406874
0.020612581257577884
0.03388506612641132
0.020100723613168066
-0.00951742821539676
-0.03168197717387782
-0.028614740950686106
-0.002834891079775543
0.02516169065538849
0.03325411844565497
0.014813792499316303
-0.015255871602620139
-0.0333461924078522
-0.024827352519587093
0.00332514681864925
0.02887741383646777
0.03150226988519372
0.009043618153140455
-0.020496408312597324
-0.03388614646492483
-0.020218158910582824
0.009377537001690792
0.03162954850977799
0.02869304302317414
0.0029799112274614334
-0.025063387128677072
-0.033282088577731656
-0.01494482801287831
0.015125488117847297
0.033319715563825444
0.02492675641613479
-0.0031802591674941795
-0.028800387014030697
-0.031556109256981595
-0.009183909740908418
0.02037985949724106
0.0338865879565549
0.020335223598490233
-0.009237475949717588
-0.031576526901766114
-0.028770810818774376
-0.003124877564452483
0.024964620353707244
0.033309432224312624
0.015075591482550145
-0.01499482924449138
-0.033292611465916444
-0.02502569970891765
0.0030353140851550574
0.028722823790029654
0.03160935716633932
0.009324035019560951
-0.020262937015909453
-0.03388639059224657
-0.0204519154643547
0.009097247612444806
0.0315229134195174
0.028848042798361926
0.0032697874711110873
-0.02486539224231543
-0.03333614882703012
-0.015206080487614928
0.014863897401738782
0.03326488066764359
0.025124180483084485
-0.0028903141909853436
-0.028644725699831123
-0.031662012539178455
-0.00946399143524336
0.02014564307889761
0.03388555437604777
0.020568232301517896
-0.008956854545149714
-0.031468709144245516
-0.028924737432660802
-0.0034146383285540843
0.024765704714212865
0.03336223784021254
0.015336292611373845
-0.014732695012768197
-0.03323652373520973
-0.025222196831687915
0.0027452621050712382
0.02856609428862336
0.03171407431296994
0.009603776436433772
-0.020027979902349634
-0.033884079325109104
-0.020684171909244372
0.008816299305381355
0.03141391516866808
0.02900089320228747
0.003559427518688138
-0.024665559696938347
-0.03338769873090305
-0.015466225441188117
0.014601224504708878
0.03320754124748296
0.025319746855731545
-0.0026001604481962863
-0.028486931111372557
-0.03176554143677816
-0.009743387473981145
0.01990994970821303
0.03388196546968332
0.02079973209276749
-0.008675584452922876
-0.031358532596972105
-0.029076508597794513
-0.0037041524242451135
0.02456495912581122
0.03341253097887778
0.015595876568520978
-0.014469488308599048
-0.03317793379597697
-0.02541682866421701
0.002455011841806194
0.028407237732778718
0.03181641287129435
0.009882822001143099
-0.019791554724193142
-0.033879212853124174
-0.02091491066333518
0.008534712549754037
0.03130256254477899
0.029151582119713842
0.0038488104288174237
-0.024463904943884122
-0.03343673407666352
-0.015725243588979736
0.014337488859344345
0.03314770198483094
0.025513440374191027
-0.0023098189079736077
-0.028327015727231536
-0.03186668758887002
-0.010022077473623985
0.019672797183707767
0.03387582153188502
0.02102970543825592
-0.008393686160013646
-0.03124600613910937
-0.02922611227860002
-0.0039933989168934834
0.024362399101895988
0.03346030752955514
0.015854324102357972
-0.014205228595676429
-0.03311684643078913
-0.025609580110792438
0.002164584269362887
0.02824626667876607
0.03191636457354985
0.01016115134961302
-0.0195536793258417
-0.03387179157551676
-0.02114411424094472
0.008252507849962152
0.031188864518347466
0.0293000975950732
0.004137915273893199
-0.024260443558224674
-0.03348325085563239
-0.01598311571267787
0.014072709960111587
0.0330853677631799
0.025705246007299218
-0.0020193105491949255
-0.02816499218101823
-0.031965442821104355
-0.010300041089822486
0.01943420339530144
0.033867123066665436
0.0212581349009692
-0.008111180187944315
-0.031131138832205404
-0.029373536599862058
-0.004282356886203403
0.02415804027884003
0.03350556358577651
0.01611161602823252
-0.013939935398909649
-0.03305326662389454
-0.025800436205175428
0.0018740003712120305
0.02808319383718024
0.032013921339062244
0.010438744157525989
-0.01931437164237001
-0.03386181610106942
-0.021371765254095686
0.007969705744351928
0.031072830241687107
0.02944642783384649
0.0044267211412134765
-0.024055191237256593
-0.033527245263686244
-0.016239822661628503
0.01380690736203273
0.03302054366736552
0.025895148854118196
-0.0017286563596427655
-0.02800087325995594
-0.032061799146742474
-0.01057725801859687
0.019194186322861753
0.033855870787555996
0.021485003142335438
-0.007828087091586625
-0.031013939919051943
-0.02951876984810011
-0.004571005427350876
0.023951898414486472
0.03354829544589347
0.01636773322982843
-0.013673628303104264
-0.03298719956054445
-0.025989382112104595
0.0015832811391668297
0.027918032071515903
0.03210907527528592
0.010715580141546669
-0.01907364969807729
-0.03384928724803761
-0.02159784641399086
0.007686326804022727
0.030954469047778085
0.02959056120393264
0.004715207134116769
-0.02384816379899224
-0.033568713701778455
-0.016495345354193634
0.01354010067936812
0.03295323498287964
0.02608313414543854
-0.0014378773348800097
-0.02783467190345254
-0.03215574876768679
-0.010853707997563636
0.018952764034758558
0.033842065617507675
0.021710292923701836
-0.007544427457970279
-0.030894418822525745
-0.029661800472932088
-0.004859323652121706
0.023743989386639793
0.03358849961358468
0.016622656660526976
-0.01340632695164776
-0.03291865062629319
-0.026176403128797595
0.0012924475722590756
0.02775079439673502
0.03220181867882367
0.010991639060551402
-0.018831531605043906
-0.03383420604403581
-0.021822340532492067
0.00740239163163799
0.030833790449099893
0.0297324862370067
0.005003352373121318
-0.02363937718065117
-0.03360765277643307
-0.0167496647791157
0.013272309584305485
0.03288344719515779
0.026269187245279744
-0.001146994477126715
-0.027666401201664068
-0.03224728407549028
-0.01112937080716771
0.018709954686423252
0.03382570868876273
0.021933987107815515
-0.007260221905096363
-0.03077258514441295
-0.02980261708842681
-0.005147290690052091
0.023534329191557474
0.03362617279833608
0.01687636734477447
-0.013138051045201861
-0.032847625406273034
-0.026361484686450182
0.0010015206756164886
0.027581493977826686
0.03229214403642584
0.011266900716863239
-0.018588035561693358
-0.03381657372589463
-0.02204523052360286
0.007117920860240851
0.030710804136447094
0.029872191629866443
0.00529113599706715
-0.02342884743715181
-0.033644059300211096
-0.01700276199688841
0.013003553805655203
0.032811185988841515
0.02645329365238797
-0.0008560287941378371
-0.027496074394050805
-0.032336397652345174
-0.011404226271920476
0.01846577651891324
0.03380680134269717
0.022156068660308007
-0.006975491080755104
-0.03064844866421638
-0.029941208474444713
-0.005434885689572101
0.02332293394244215
0.0336613119158935
0.01712884637945629
-0.012868820340401117
-0.03277412968444427
-0.026544612351732638
0.0007105214593410084
0.02741014412835971
0.03238004402596836
0.011541344957492757
-0.018343179851359526
-0.03379639173948887
-0.022266499404954662
0.006832935152074244
0.030585519977728536
0.030009666245767043
0.00557853716426094
-0.023216590739604276
-0.0336779302921493
-0.01725461814113381
0.012733853127552205
0.03273645724701611
0.026635439001730814
-0.000565001298082065
-0.02732370486792649
-0.03242308227205021
-0.01167825426164337
0.01822024785748206
0.033785345129634305
0.022376520651183
-0.006690255661348239
-0.03052201933794662
-0.030077563577966253
-0.005722087819152021
0.023109819867934787
0.033693914088687354
0.017380074935276983
-0.012598654648557844
-0.032698169442820425
-0.026725771828282716
0.0004194709373879085
0.02723675830902836
0.032465511517409215
0.011814951675384686
-0.01809698284085948
-0.03377366173953657
-0.02248613029929625
0.006547455197405322
0.030457948016750308
0.030144899115743307
0.005865535053624034
-0.02300262337380401
-0.03370926297817105
-0.01750521441998563
0.012463227388164015
0.032659267050423664
0.026815609065988642
-0.0002739330044212
-0.02714930615700084
-0.032507330900956324
-0.011951434692717554
0.017973387110154924
0.0337613418086295
0.022595326256307502
-0.006404536350715469
-0.030393307296897085
-0.030211671514407974
-0.006008876268452087
0.022895003310609098
0.03372397664622971
0.0176300342581469
-0.012327573834373377
-0.03261975086066949
-0.026904948958195344
0.00012839012644549203
0.027061350126191944
0.03254853957372326
0.01208770081067053
-0.01784946297907192
-0.03374838558936938
-0.022704106435986374
0.006261501713354045
0.030328098471983127
0.030277879439919213
0.006152108865843737
-0.022786961738727043
-0.03373805479146936
-0.01775453211747894
0.012191696478405248
0.03257962167665239
0.02699378975704233
1.7155069209847523e-05
-0.026972891939916147
-0.032589136698890436
-0.01222374752933945
0.01772521276631013
0.03373479334722611
0.022812468758905843
-0.006118353878965272
-0.030262322846403858
-0.03034352156892534
-0.00629523024947528
0.022678500725467687
0.0337514971254832
0.017878705670574705
-0.012055597814655785
-0.03253888031369116
-0.02708212972350817
-0.00016269995518460728
0.026883933330408394
0.032629121451814715
0.012359572351926994
-0.017600638795521456
-0.033720565360674117
-0.022920411152489092
0.0059750954427260465
0.030195981735314494
0.030408596588804022
0.006438237824527838
-0.02256962234502693
-0.03376430337286158
-0.018002552594945716
0.011919280340658325
0.032497527599301836
0.027169967127456607
0.00030824190412264904
-0.02679447603877798
-0.03266849302005656
-0.012495172784782259
0.01747574339526608
0.03370570192118263
0.02302793155105634
-0.005831729001309575
-0.030129076464590187
-0.03047310319770203
-0.006581128997723739
0.022460328678439802
0.03377647327120155
0.01812607057306611
-0.01178274655704363
-0.032455564373170355
-0.027257300247682744
-0.0004537782887070012
0.026704521814962287
0.03270725060340705
0.012630546337440651
-0.0173505288989686
-0.03369020333320563
-0.023135027895871782
0.005688257152849201
0.03006160837078597
0.030537040104574722
0.006723901177362834
-0.02235062181353361
-0.03378800657111589
-0.01824925729241661
0.011645998967500404
0.03241299148712482
0.027344127371958994
0.0005993064816947474
-0.0266140724176806
-0.03274539341391433
-0.012765690522663624
0.017224997644874347
0.03367406991417135
0.02324169813519049
-0.005544682496902282
-0.029993578801096606
-0.030600406029225372
-0.00686655177335882
0.02224050384488126
0.03379890303624184
0.018372110445528646
-0.01150904007873587
-0.03236980980510748
-0.027430446797081055
-0.0007448238559520474
0.02652312961438773
0.03278292067590991
0.012900602856478694
-0.017099151976005717
-0.03365730199447125
-0.023347940224305426
0.005401007634414045
0.029924989113316074
0.030663199702344233
0.0070090781972758295
-0.02212997687375443
-0.033809162443249254
-0.018494627730028648
0.01137187240043638
0.03232602020314625
0.027516256828913763
0.000890327784489147
-0.026431695181227583
-0.032819831626034364
-0.013035280858219457
0.016972994240118618
0.033639899917448604
0.02345375212559437
-0.005257235167681586
-0.029855840675796906
-0.030725419865547308
-0.007151477862364815
0.022019043008076885
0.033818784581848296
0.018616806848682242
-0.011234498445228159
-0.03228162356932596
-0.02760155578243681
-0.001035815640495319
0.026339770902986708
0.032856125513262835
0.013169722050565758
-0.016846526789659054
-0.03362186403938674
-0.023559131808567002
0.005113367700317846
0.02978613486740936
0.030787065271415028
0.00729374818360027
-0.021907704362377833
-0.03382776925479686
-0.018738645509438805
0.011096920728638136
0.03223662080375923
0.027686341981790506
0.0011812847973739597
-0.02624735857304778
-0.032891801598930126
-0.013303923959583953
0.016719751981719756
0.03360319472949665
0.023664077249911937
-0.004969407837215698
-0.029715873077500336
-0.030848134683530534
-0.007435886577716776
0.021795963057745317
0.033836116277907294
0.018860141425475797
-0.010959141769054881
-0.03219101281855702
-0.027770613760321233
-0.001326732628777496
0.026154459993342965
0.03292685915675528
0.013437884114767179
-0.016592672177996894
-0.03358389236990428
-0.023768586433543723
0.004825358184512071
0.029645056705852057
0.030908626876517742
0.007577890463245748
-0.021683821221779653
-0.03384382548005286
-0.01898129231524342
0.010821164087689635
0.03214480053779881
0.027854369460627
0.001472156508642488
-0.026061076974307297
-0.03296129747286599
-0.013571600049075885
0.016465289744746956
0.033563957355637386
0.023872657350649997
-0.004681221349552043
-0.02957368716264062
-0.030968540636079258
-0.007719757260552278
0.021571280988546868
0.03385089670317366
0.019102095902509275
-0.010682990208537357
-0.03209798489750239
-0.027937607434602753
-0.0016175538112246542
0.02596721133483195
0.03299511584582249
0.013705069298978328
-0.016337607052743678
-0.03354339009461196
-0.02397628799973858
0.004536999940853159
0.029501765868394415
0.03102787475903395
0.00786148439187188
-0.021458344498532348
-0.033857329802282135
-0.019222549916403108
0.010544622658338037
0.032050566845593556
0.028020326043485713
0.001762921911133853
-0.02587286490221758
-0.033028313586641114
-0.013838289404491201
0.016209626477235124
0.03352219100761818
0.024079476386684548
-0.004392696568069617
-0.02942929425395219
-0.031086628053354305
-0.008003069281347506
0.02134501389859436
0.033863124645468146
0.019342652091461635
-0.010406063966537892
-0.03200254734187516
-0.028102523657900464
-0.001908258183369229
0.02577803951212742
0.03306089001881742
0.013971257909220443
-0.016081350397900707
-0.03350036052830592
-0.024182220524777445
0.004248313841956543
0.029356273760421017
0.031144799338203473
0.008144509355066533
-0.02123129134191769
-0.033868281113903484
-0.019462400167673494
0.010267316665250763
0.03195392735799599
0.02818419865790403
0.002053560003354285
-0.02568273700854046
-0.03309284447834899
-0.014103972360402006
0.015952781198808535
0.03347789910316989
0.024284518434768317
-0.004103854374334415
-0.02928270583913412
-0.0312023874439721
-0.008285802041097752
0.021117178987967417
0.03387279910184604
0.019581791890524183
-0.010128383289219625
-0.031904707877419336
-0.02826534943303075
-0.0021988247469718995
0.025586959243704653
0.033124176313757754
0.014236430308942838
-0.015823921268372704
-0.03345480719153431
-0.02438636814491694
0.0039593207780533775
0.029208591951608427
0.03125939121231488
0.0084269447695286
-0.02100267900244258
-0.03387667851664351
-0.019700825011041225
0.0099892663757781
0.03185488989539119