1.305084745762712
1.305084745762712
1.1853110678358647
1.1776323810246536
1.2884387298585969
1.3228325452064864
1.1976600468439313
1.1792919759377727
1.2851586383335718
1.3309790009575329
1.2049128072429662
1.1868158510772817
1.296047982803197
1.327583693662059
1.2038244517021879
1.197086734880378
1.3150709295076772
1.3120859369034694
1.1954950700763647
1.204537523175161
1.3289416883493577
1.2935794134533734
1.185383687369277
1.204317127553969
1.3304345200863137
1.2846763535869836
1.1785589774202518
1.195898433297057
1.3205996685023016
1.2903011756540625
1.1781687968787793
1.183535170754703
1.301990038707026
1.308199443166444
1.1872150588329122
1.1773447049263586
1.2869354913370195
1.3248095737935237
1.1992783809626724
1.1801651571945921
1.2860013570252706
1.3312433153268013
1.205296294055422
1.1883260974029315
1.2987449051467717
1.3258987823949413
1.2029188910118642
1.1986098076120044
1.3179173002483744
1.3090127950804074
1.193858641398245
1.2050530976550784
1.3299793616831954
1.2913624585877927
1.1840337084880395
1.2035087886206515
1.3296125789682252
1.284561001468108
1.1779770474575908
1.1940137048731465
1.318114546603187
1.2925084092500967
1.178966159572839
1.1819275121553063
1.2989787610217411
1.3112729381255972
1.189203107424752
1.1772880416706344
1.2857961813008838
1.326532248921905
1.2007386435743257
1.1811681029801822
1.287192755259931
1.3312239799084569
1.205470636759139
1.1899056151253713
1.301634466122335
1.3238915140383483
1.2018319898819916
1.2000388642173816
1.3205750450825287
1.3059097244500901
1.1922036884250462
1.2053687890930913
1.330707006840816
1.2894179122895844
1.182771591776564
1.202492786103189
1.3285174852890977
1.284815410884114
1.1775602079386656
1.1920384484176714
1.3153971237690794
1.295026955988504
1.1800258385127445
1.1805261555443016
1.2961215410577227
1.3142413382546163
1.1912243777606575
1.1774424816515061
1.2850232951986231
1.3279987172882364
1.202025497856503
1.1822884521296342
1.2887143284848699
1.3309154796643883
1.2054392289711207
1.1915360411048734
1.3046620298480707
1.321584319197484
1.2005835106143585
1.2013452600906962
1.3229928621769755
1.3028456483067707
1.1905600800378204
1.2054825391354265
1.331134451577069
1.2877694615922215
1.1816077179643436
1.2012807570082216
1.3271563158623128
1.2854394177287425
1.1773262162984792
1.1900194325841538
1.3124894427116804
1.2978007847090802
1.1813340504243728
1.1793634336949224
1.2934918959007073
1.3170419397197834
1.1932236223400379
1.1777877042186893
1.2846192841923172
1.3292023622862543
1.2031224921065533
1.1835123538697658
1.2905421776460815
1.3303103108574184
1.2052049173002317
1.1931901201130386
1.3077580929267119
1.3190174958371246
1.199200479677952
1.2025003608811258
1.3251252046918176
1.2998926532758184
1.1889571814144577
1.2053917710407074
1.3312699174483413
1.2864419601912211
1.1805556815519422
1.199888646296852
1.325536693752331
1.286430878850938
1.1772950711972299
1.188011445527626
1.309450609284976
1.3007586635982018
1.1828626992598907
1.1784593788279376
1.2911534563367604
1.3196246129545723
1.195149726613021
1.1783047989694042
1.284585295400906
1.3301354246659258
1.2040157780232776
1.1848277399865756
1.2926516215091652
1.3293992526268668
1.20476992331955
1.1948374337640109
1.3108509900262044
1.316241230858046
1.1977121600936116
1.2034810449923947
1.3269419044206847
1.2971125261894174
1.1874173891651874
1.2050932665052276
1.3311197638965355
1.2854564828701038
1.1796287018982041
1.1983324952200134
1.3236626152868252
1.2877873047226402
1.1774870368342387
1.1860678142150982
1.306345089502648
1.3038276444516508
1.1845753036205298
1.1778184466936932
1.2891489824801177
1.3219605977825524
1.196964117099469
1.1789781611298837
1.2849197747693504
1.330792449254435
1.204697631995887
1.186227133313252
1.295020916381878
1.3281719130712313
1.2041363201692343
1.1964501190698713
1.3138779716356224
1.3133063781163863
1.1961453564158613
1.2042728099343483
1.3284317237591918
1.294548357586989
1.1859530464375476
1.2045836480625618
1.3306882380218386
1.284827435468155
1.1788378122288046
1.1966268636799406
1.32153329367212
1.2895054850327916
1.177920997429823
1.1842351586108106
1.3032349541037427
1.3069415880546453
1.186432500127051
1.1774321255321616
1.287499612878314
1.3240409237321118
1.1986422904959448
1.1797958729889615
1.285617835583097
1.331170369258628
1.2051666258215377
1.187706455534881
1.2976288818067356
1.326619448444879
1.203307672195129
1.1980038115728135
1.316786299609684
1.3102624643389393
1.1945240837018354
1.2048686009501814
1.3295977411406459
1.292227226209795
1.1845693648674227
1.2038610557771028
1.3299781048163077
1.284563200005919
1.1781933325875256
1.1947888132021591
1.3191489081373633
1.2915760898351036
1.1786119486806637
1.1825547588533913
1.30018187369855
1.310039253199698
1.1883922745029212
1.1772843821889958
1.2862128407819937
1.3258663613429806
1.200168202303152
1.180747702405937
1.2866700915084601
1.331266259990538
1.205425106851775
1.1892595824593317
1.300446028317474
1.3247409181402308
1.2022922165599386
1.1994741697698827
1.3195264878558508
1.307163747077892
1.1928731918496793
1.2052653438057892
1.3304494782407061
1.290169881671555
1.183270751512756
1.2029279764043037
1.328992746717319
1.2846679704782493
1.1777077990878906
1.1928452684226913
1.3165216008773442
1.2939742869921076
1.1795663223398414
1.1810656292532744
1.2972534445561168
1.3130579742134914
1.1904066592774962
1.17735592787207
1.285291496399116
1.3274369966631845
1.2015271420599878
1.1818222197246413
1.2880608207835742
1.3310754743006392
1.2054765070007605
1.190872296391842
1.303425554827621
1.3225510357360648
1.2011061362805726
1.2008337303260994
1.3220473565754807
1.3040751156250767
1.191221285193674
1.2054610160893706
1.330997213014037
1.288398681978059
1.1820656230094566
1.201793434959705
1.3277381785237374
1.2851427245553528
1.1773975491270066
1.1908375850119162
1.313684453355148
1.2966529064928813
1.1807767191538452
1.179803180870581
1.2945232427803564
1.3159334457839438
1.1924214284179262
1.1776264175165996
1.2847380884823254
1.3287478800167527
1.202702818790748
1.1830058955026685
1.2897678864385442
1.3305912716360284
1.2053239340246726
1.1925204553109394
1.306502754038598
1.320083458307946
1.1997739754412113
1.2020532126120709
1.3242997980324032
1.3010688928911414
1.1895987064525537
1.2054532922363386
1.3312498536693547
1.2869385576244021
1.1809666800633007
1.2004721216944327
1.3262222827865475
1.2859859284087871
1.1772819248167994
1.18881844087314
1.3106909186555715
1.29954535464432
1.1822203229279724
1.1787931265449396
1.2920605924245756
1.3186089908413656
1.1943825853030192
1.1780761199996983
1.2845545089732553
1.3297911732454661
1.2036797887634558
1.184285479619212
1.291766290682213
1.3298051018106434
1.2049698418073738
1.194174089099512
1.309605140073884
1.3173856366521541
1.1983247939498263
1.2031066665522685
1.3262465108877175
1.2982125669773192
1.1880313480804698
1.2052391990426619
1.3312145494601424
1.2858126646140104
1.1799876855019296
1.1989804849594559
1.3244509579328605
1.2871950793832823
1.177381292855697
1.186842765880252
1.3076046910452357
1.3025778298892656
1.1838632001279548
1.1780462176320114
1.2899174415981216
1.3210467458204593
1.1962458208713591
1.178687922831805
1.2847403967602378
1.3305602706936455
1.2044476167690235
1.185651503927537
1.2940329601620986
1.3287068960984176
1.2044162512706562
1.195803859887843
1.312665583379544
1.3145089368014724
1.1967867278500233
1.2039760160557589
1.3278687569656735
1.2955571004985944
1.18653559793754
1.2048153027051778
1.330896404169882
1.2850382002017662
1.179140553531068
1.1973335302909125
1.3224250834936502
1.2887675866114592
1.1777153051061544
1.1849600540557477
1.3044891179984812
1.3056810989909207
1.1856667831831555
1.177558580816712
1.2881230544650277
1.32323062434531
1.1979813014213392
1.1794485304381181
1.285292290642337
1.3310513411315226
1.2050025342125703
1.1870989779786485
1.2965472652655592
1.3272866259968772
1.2036658201226382
1.1973842359366724
1.315627847235069
1.3115030377411099
1.1951846326787234
1.20465155580109
1.329164741379829
1.2931350857275
1.1851188742813592
1.2041788341632698
1.3302986039008309
1.2846257574871105
1.1784355538385995
1.1955464985034134
1.3201433037837096
1.2906975940588923
1.1783009639508726
1.1832133056195144
1.3014052771590454
1.308792698632245
1.1875904523884167
1.1773165822657696
1.2866892342183514
1.3251588884188745
1.1995704925581114
1.1803473877983175
1.2862028389755722
1.3312617006968466
1.205345729945798
1.1886234139431384
1.2992843579890707
1.3255391939169763
1.202724447883805
1.1988913902076843
1.3184420644663106
1.3084193177458514
1.1935425021722175
1.2051290335780078
1.3301422711899595
1.2909685901930137
1.1837851388976703
1.2033301628209958
1.3294239722907966
1.284581043397373
1.1778840084965756
1.1936414640353412
1.317611525782839
1.2929676974418618
1.179148845316295
1.1816422714470871
1.2984177963530914
1.311851109198449
1.1895890064650962
1.177301890353859
1.2856198510990349
1.3268328491273595
1.2009988205548763
1.1813738308593653
1.2874590611790424
1.3311875229654389
1.2054804487281408
1.1902144165021704
1.3022051406676258
1.3234721906676479
1.2016048271681132
1.2002992622491313
1.3210578301173297
1.3053181107058511
1.1918873373339252
1.205406250945734
1.3308117538524031
1.2890787761935472
1.1825408752746724
1.2022755614177167
1.3282773443918245
1.284906274006918
1.1775006874203502
1.1916538408660426
1.3148537813328034
1.2955400650573996
1.180257641777654
1.1802843683337267
1.2955985391879987
1.314792040300723
1.1916103517665522
1.1774943965255018
1.2849173777939171
1.3282496347557684
1.2022506003566749
1.1825150678797027
1.2890411926663905
1.3308228875037675
1.2054100136213155
1.1918516724485888
1.3052514580494163
1.3211117446814749
1.2003283572522223
1.2015788262042422
1.3234241866177052
1.3022698421603731
1.1902493764973312
1.2054810840080608
1.3311827421121256
1.2874898675738506
1.1813973135982732
1.2010277783407441
1.3268661826003698
1.2856007952816384
1.177303932349274
1.1896326161117916
1.3119160946451358
1.2983548673341958
1.1816105682924203
1.1791700657942215
1.293020234699329
1.317554230554871
1.1935992578477572
1.1778738928340067
1.2845841563010882
1.3294020608849548
1.2033095285321878
1.1837572910274525
1.2909247740791316
1.3301599463005966
1.2051371428328497
1.1935067908661259
1.308352291930837
1.3185008356440133
1.1989229432511568
1.2027020908787378
1.325497873255814
1.29934566859211
1.1886571235672456
1.2053508290290103
1.331263122281759
1.2862263748477547
1.1803682481503217
1.1996030901338361
1.3251977252820049
1.2866622815682802
1.1773139341212786
1.1876329960710508
1.308859535062231
1.3013394970100307
1.1831773818997697
1.1783164836224518
1.290743119831969
1.320091222308224
1.1955065045710387
1.1784219758133991
1.2846208933459364
1.3302826281565212
1.2041627380941728
1.1850891794686522
1.2930855276993274
1.3291891792297272
1.204663969104472
1.1951495034293131
1.3114370688866948
1.315690362445748
1.1974176446382827
1.2036474768653216
1.3272523469043132
1.2966041289327035
1.187131108148674
1.2050121724599838
1.331058859963383
1.285308200511805
1.1794665170577938
1.1980172203246489
1.323274959616014
1.288088259800142
1.1775508202041123
1.1857072086064702
1.3057484251846243
1.3044219648567996
1.1849207495463112
1.1777252410327341
1.2888055239133713
1.322378511205834
1.1972963568993162
1.1791237906138055
1.2850254409273145
1.3308864397336313
1.2048038100669436
1.186504152818931
1.2955022393205144
1.3279001741273575
1.20399267442277
1.1967527215594345
1.314445211499297
1.312730776951891
1.1958385963870943
1.204402111923098
1.328679659267464
1.2940847162994207
1.1856819149552371
1.204461852213091
1.3305738226335666
1.284748467086064
1.178702817590356
1.1962847310147562
1.3210966133951396
1.2898749395974007
1.1780329837045116
1.1839005936075335
1.3026443327182076
1.3075374976063938
1.1868009612407515
1.1773859593824476
1.2872252105985986
1.3244099031433019
1.1989465081063255
1.1799679597742052
1.28579217801751
1.3312106526913348
1.2052322737337764
1.1879982502295758
1.2981529520937247
1.3262850043048022
1.2031274340569496
1.1982924226700873
1.3173252202963497
1.3096718963179363
1.1942096356748473
1.2049599872038648
1.3297847203041062
1.2918124826649884
1.1843140910441545
1.203698605045486
1.3298106974251447
1.284554626672375
1.1780876744358642
1.1944239907599208
1.3186642418818417
1.2920107895660644
1.17877420711174
1.1822538309074053
1.2996096259743597
1.3106250155915813
1.1887751249114182
1.1772817263699673
1.2860081833495238
1.3261867159287706
1.2004416509773963
1.1809442237241659
1.2869106381073605
1.3312521110208348
1.2054508608848118
1.1895641974241333
1.3010054071995143
1.3243451705142488
1.202077797520484
1.1997438096581006
1.3200274452448804
1.3065697444307875
1.1925562193369226
1.2053184085028965
1.3305775179221306
1.2898080542303723
1.1830325583483996
1.2027260651597338
1.3287732658252855
1.2847302132499079
1.1776343034152617
1.192464529733137
1.3159935134857648
1.2944670084402445
1.1797786344748116
1.1808055379114524
1.296713374479674
1.313621238525847
1.190793900829414
1.177392923136066
1.2851570500642802
1.3277081747674389
1.2017668143620135
1.1820407185532125
1.2883637731521398
1.331005757452815
1.2054630075673192
1.1911858289410084
1.3040090623371654
1.3220989974557353
1.2008616490299557
1.2010788103471965
1.3225005281552107
1.3034912336332927
1.1909076168476993
1.205475357006883
1.3310681452591797
1.2880944323060874
1.1818466794145432
1.2015545276622541
1.3274680761699758
1.2852756490598993
1.1773597409022833
1.1904503666591448
1.3131218113562932
1.2971921231780623
1.181035856387867
1.179589812375485
1.2940293819104272
1.3164623874688506
1.1928024145210112
1.1776991817670597
1.2846743161269603
1.328968470824868
1.2029055589940785
1.1832436989637654
1.2901285217171519
1.3304644834653538
1.2052717010135676
1.1928374192595321
1.3070966866102052
1.3195834306206309
1.1995048055896769
1.2022683304463249
1.3246968279823412
1.3005088619380771
1.18929385042134
1.2054283923128264
1.3312651891942855
1.2866966185780675
1.1807696564886987
1.2001993691267347
1.3259029803185096
1.2861890747842808
1.1772836829781552
1.188435385288294
1.3101055100059513
1.3001170579727144
1.1825204426819789
1.1786297747152232
1.291624546915633
1.319094658659967
1.1947478337287236
1.178181116292777
1.2845615552848437
1.329959717037224
1.203843109131981
1.1845404008557703
1.2921799360040218
1.3296194167374973
1.2048792792756136
1.1944886493010642
1.3101959124486087
1.3168474318610353
1.198036537274348
1.203287674214127
1.3265823053650827
1.2976876424812356
1.187739249583838
1.20517441985477
1.3311754324568394
1.2856368617217548
1.1798150484895447
1.1986769029076167
1.3240830302630964
1.2874679805027447
1.17742648024742
1.186473898264406
1.30700887468071
1.3031681898208
1.1841971179803452
1.1779331613428676
1.289546532068509
1.3214844826054983
1.1965884951362282
1.1788223084670264
1.284817853685906
1.3306758365665436
1.2045702943314143
1.1859223005075434
1.2944955858462501
1.3284602970159474
1.2042877621926917
1.1961108350574063
1.3132416148299468
1.3139422097876279
1.1964843793501683
1.2041204671062968
1.3281418449379034
1.2950747985998101
1.1862582490038687
1.2047100049253991
1.330803568151558
1.284931033104959
1.1789943326324601
1.1970018641852618
1.3220082301243823
1.2891095682119345
1.177807462284594
1.1846140275435668
1.3038946408376113
1.3062777555351694
1.1860269095126925
1.1774937884470797
1.287820604557385
1.3236193360357433
1.1982971884536189
1.1796101482086416
1.2854390933023356
1.331113405916758
1.2050845025288754
1.1873849415584463
1.2970547501554768
1.3269775399419652
1.2035001758157178
1.1976790637376724
1.316179348453533
1.310917259709969
1.1948727186987846
1.2047583301966374
1.3293761268521742
1.2927001149388442
1.1848570910407314
1.2040327517730567
1.3301525436934052
1.284588637173919
1.1783177384513015
1.19519020053221
1.3196777279953655
1.2911065297323596
1.1784427690449735
1.1828978791928353
1.30082401822371
1.3093840190369654
1.1879686113006562
1.1772967881376355
1.2864563242664107
1.3254989061103297
1.1998567192712506
1.18053429820492
1.2864170007168032
1.3312696731487967
1.2053875318858418
1.1889231999036993
1.2998305984690428
1.3251678450939708
1.2025234499599835
1.1991693480856773
1.3189595670390237
1.307825165457299
1.193225873673662
1.205197636425909
1.3302939038187533
1.290584841655474
1.1835398297612023
1.2031439753026545
1.3292253959069997
1.2846146412550719
1.1777971184837295
1.1932661554469768
1.3171001606055834
1.293438124010815
1.179341133672547
1.18136485500693
1.2978629860401114
1.3124249722208792
1.1899757519313523
1.1773233270344607
1.2854569561782623
1.3271240461929488
1.2012525358516057
1.1815837665633906
1.2877373169192152
1.3311404352329252
1.2054827500996153
1.1905249374088136
1.3027804533559577
1.3230420686507134
1.2013719001049699
1.200554959296237
1.32153145964241
1.3047284314906336
1.191571620723876
1.2054363034944526
1.3309055751693935
1.2887506573875642
1.1823138383098468
1.2020512515461248
1.3280275164002673
1.2850106655890865
1.1774479934180662
1.1912679837263127
1.314303803024902
1.2960620914837386
1.1804984265778362
1.180051542905797
1.2950843994561771
1.315336151282213
1.191995119444881
1.1775531535934207
1.2848249873010607
1.328490871825866
1.202468630068184
1.1827453738409537
1.2893790944466184
1.3307193765589456
1.205373387098248
1.1921679628652555
1.3058428795159036
1.3206299753111184
1.2000684792139815
1.2018066484138725
1.3238447411524725
1.3016986206245074
1.1899403721659267
1.2054721207028645
1.3312203963238725
1.2872222050258428
1.1811911059528843
1.2007683246843301
1.326566641556119
1.2857756102237459
1.177289220141105
1.1892466021019559
1.3113383867511086
1.2989151638611547
1.1818949385994142
1.1789862934655981
1.2925596722480004
1.3180582052755319
1.1939718599196711
1.1779662437527791
1.2845625848146422
1.32959179488025
1.2034890110645486
1.1840054957598767
1.2913175083587147
1.3299983130548623
1.2050620337982463
1.1938229955439683
1.308945868643137
1.3179768727122254
1.1986417599148877
1.202897279606258
1.3258587943817313
1.2988054328580627
1.1883595231832806
1.2053022558996762
1.3312459103442513
1.2860234562871946
1.1801854853981892
1.199311637577816
1.3248494599152665
1.28690703323465
1.1773411100076376
1.1872572734593771
1.3082664759088212
1.301923887189217
1.183498534131179
1.1781832311097715
1.2903452799487518
1.3205486307897387
1.1958589413176075
1.1785447709189025
1.2846699700377116
1.330419690240324
1.2043019113948972
1.1853536520233794
1.2935288063731654
1.3289674465468475
1.2045507546819991
1.1954601161056304
1.3120203118810225
1.3151340388486334
1.1971204368262083
1.2038069027360698
1.3275507704617262
1.2961039105630818
1.186847659125925
1.2049233220648476
1.3309876784105368
1.2851730608363332
1.1793093877167589
1.197696566303319
1.3228779384458245