0.4067796610169492
0.4067796610169492
0.09884664071380056
0.11853459550057771
0.510340845691836
0.09365255694182012
-0.4581505087825695
0.09449768393966779
0.5134931100162914
0.12708522523738586
0.14486154266288398
0.5953975484476517
0.038594118642776065
-0.5058352180247611
0.042548749019423404
0.5456080276959229
0.13068122066544746
0.11995718106545986
0.4932795002598477
0.13774243766236766
-0.41925205986475883
0.07112518012464608
0.39914632012357515
-0.13177306040097986
-0.6150491181918795
-0.43589813604238153
-0.8074534084820382
-1.3269593635218218
-1.263402528464026
-0.7173048131369829
-0.7211335397964024
-1.2683350502009825
-1.308987569583654
-0.7764288432707809
-0.5273142586543489
-0.8578573970384866
-0.7158131825330549
-0.21984142077417762
0.12263103316792123
0.6743665504964618
0.3537214922755788
0.9103544638536155
1.392398523815136
1.191069803492129
0.6340275652886486
1.0051493857771427
1.3626389473833822
0.8056299530476554
0.6091539371507116
1.0913174287961238
1.647683714518523
1.336102314742381
1.8923740692025484
2.307899157423861
2.506759327192023
2.330170604677401
2.878098095968469
3.3425780068265887
3.344303350905987
2.8812570755266083
2.3310359979034976
2.5233565957162924
2.2566569856799856
1.7791892453647487
1.4100071019561362
1.4982309309735475
1.4161260179397879
1.2099927439963132
1.6599553146158623
1.1415403092623104
0.9732663070249865
0.7185829624161743
0.2827407846039007
0.0321867111787939
-0.1133310361390695
-0.5748266551323878
-0.022079860811688223
0.5349041695260155
-0.01049178230065706
-0.5621673605414967
-0.02267525675809201
0.49165303039074026
-0.010753973889990331
-0.49577044207720344
-0.0036455235309289513
0.48237300656678345
0.029415648508403003
-0.47541229019850056
0.05963590360441334
0.6142834607569143
0.23053591570216947
0.5844807262558185
0.061490114240665195
-0.49521313021529356
0.06065395318437805
0.563189644872756
0.1926728184741005
0.45133711640700747
0.3531745395675653
-0.024642256731879364
-0.461063731459521
-0.12148294349189304
0.4291432842645905
-0.10411327957709415
-0.429291550037384
0.05870956939935945
0.6107367235811784
0.13922141953298134
0.06449644610932702
0.21344836549875235
0.7700218332382782
0.8625236724664014
0.5049650823304124
0.8490265907343905
1.4055405237118497
0.9577647987512485
0.6125659542364843
1.1590333189258795
1.5454980439851291
1.2878468010243402
1.8285163445841845
1.9664816860981968
1.9885780808360702
1.9707066246634504
1.8512405893931336
1.3426044769820409
1.811886550909451
1.7120876242045318
1.2030824809339071
0.838661731620114
0.28838854940857495
0.33576193250481906
0.7878266144901915
1.2105858995039478
1.6658744750795778
1.7134184611363015
1.1621731283231687
0.8049269318882013
0.281868988913328
0.19814564224328307
0.6930900917070086
0.28043427425934353
0.7262243981695844
0.32957997146403206
0.86297784829833
1.088823282097673
1.55006001856255
1.0148209543621873
0.467550839120332
0.9824521135219452
1.4708404766838648
1.0394361594883725
0.534778966619
1.0785605018367925
1.6146758665649026
1.3116004662702323
1.8588021831513286
2.123600946856061
2.655959447924731
2.2232086677454106
2.496493585014152
2.2339681543292036
1.7187579859868194
1.6115234794982878
2.0459373689954505
2.56163143273313
2.004589196805291
1.4477707675393416
1.979964235030282
2.4872899196022193
1.999932275317143
1.5126894717059787
2.019887404466596
2.5518356134438935
1.9949590120548555
1.4379314794604898
1.9515917498158104
2.3771284002834565
2.3229895380595007
1.8498382000179625
1.3341061711027629
1.412339811838974
1.6343180294184365
1.8685917555091618
1.6559908095122784
1.3467562209872468
1.1430733075885215
1.422089024528692
1.402543539410665
1.0985573425703026
1.121953043710151
1.524744958153043
1.067228022193996
0.5196548411197268
1.0756559096234923
1.585592161197283
1.2624766022581424
1.7401408028741294
1.4245308727515371
1.9149067708694614
2.471494584460266
1.9278180669348783
1.4922482448864556
1.910395682926678
2.0675759933976785
2.4309482919239622
2.2787297864831575
1.7789240360196872
1.446693508073308
1.6134899544656423
1.1396549356794998
0.6115705254117406
0.9007896987007957
1.4135295186868162
0.8620774213462152
0.5650466312672091
1.0248928320796395
1.5280973677865248
0.9907542224634508
0.46284240592516457
0.9353023297454582
1.2525807923758534
1.705230200875543
1.891474292289116
1.7051946798307684
1.2526397171554762
0.935397603714849
0.463137862657163
0.9905974182428072
1.5277124541098066
1.0243004198468322
0.5630155661829941
0.8681787243385223
1.4178578267511455
0.8952285667425555
0.5997333471782508
1.1160000693189613
1.6404345093949901
1.4522718843199716
1.7869204909414966
2.2972449392385297
2.361509078802188
1.8970986518871231
1.3411108325701662
1.6134962928320513
1.0896083295906736
0.5455429627973195
1.03374355701906
1.4545648429298854
0.9479931127612556
0.39385734235387737
0.8644139557952639
0.9499529667611835
0.8610489770362582
0.3825418551617926
0.9284188362370547
1.3717655738817567
1.3079782713230692
0.8136406037179853
0.38469129859589346
0.4703630532335352
0.48807623712496995
0.42873968554371206
0.72201605102897
1.1370007417216046
1.6893059242011776
1.5510357684367513
1.5121731059480845
1.5933827771975
1.2206438827447874
0.7453445213403007
0.46887611169285
0.6461066250020759
0.11893891860053651
-0.390069854511627
-0.14189425298896918
0.4020254152863527
-0.11145503846863003
-0.3649232608594323
0.17484549988149445
0.5429429309984178
0.2996084514212508
0.8511713884630098
1.1159324586856816
1.6397604799691625
1.1594427260959335
1.1383271468059293
1.5498442491759759
1.042678324873584
0.4925956628835788
1.038000876547211
1.5947211756094926
1.1443381920538642
1.1249911422673078
1.5049387856953351
1.1125354155588014
0.5573685106792464
1.0929662450612125
1.455344682915944
0.9899875420882474
0.5063025988120535
0.9786693692336192
1.4862508170557365
0.9607631384241118
0.4060596160352422
0.8952897863855003
1.11952968435455
1.6314068318677162
1.1228208483515387
0.9167715599022067
0.479789011878439
0.9570047308959497
1.4935946010543222
0.9514217358892312
0.3958896501437925
0.811800557729832
0.6263004537145931
0.38196368909639244
0.22397494400284507
0.7252981469927322
0.4078808420223907
0.9240001577216016
1.4786958762314362
0.9357787880768279
0.48540839492334814
0.9038747458017696
1.0395018729827668
1.3036963642133157
1.6790008647031747
1.8884254007566572
1.715519661856132
1.2355372147680836
0.9104576401153671
0.39420278605340175
0.9295989297223707
1.3476387336306337
1.407987699161878
1.054837150387319
0.8679527730000527
0.3546639003179294
0.839677440292488
0.8671150568496323
0.47312162221470166
0.927697015026644
1.4774496814721547
0.9205217991412903
0.4261987348353652
0.7534681994087344
0.30993936996134475
0.7864508600184199
0.6136657944281644
0.39736032413296063
0.26164836663191826
0.8103834812587148
0.9245876976821107
0.7774321289143256
0.2229008134397148
0.07686946720667304
0.19719861683625925
0.7506232580372705
0.6894088682673061
0.19812715030426648
-0.20791333807565177
-0.6821323162891764
-0.7520692611893072
-0.20039067994813964
-0.10460095929995877
-0.3640064220175378
-0.5654757529293116
-0.5884919585133614
-0.2751854548412836
0.13026860016482822
0.6862087902035942
0.5015472600342662
0.6810909543159522
1.0844162071514505
1.6266953556152441
1.1563161494023944
1.1433252300417391
1.5716694933553566
1.0310287584782114
0.474636320757963
1.0197096206784972
1.5747955795450808
1.0587643687908475
0.6532191232213538
0.5714876181945434
0.8843720440789775
0.8121127005853699
0.2738182963763781
0.49577580744206295
0.2874551879270508
-0.16635232891088342
-0.6734731736091109
-0.6432738194157697
-0.22626175930280745
0.2009253251063698
0.6712097464994937
0.7104895135478667
0.16221689694962993
-0.20894036331789217
-0.7052657626582177
-0.8105649552796311
-0.3418063884327436
-0.849696498713028
-0.9620935668785472
-0.942599092905673
-0.7279032650764053
-0.24855586355078563
0.03954621407729203
0.43604670520206346
0.22415154687285765
-0.31849852204391194
-0.2064242403719782
0.3492060537753318
-0.00732170267531046
-0.3437896526280608
0.21227532630550772
0.31078871058575314
-0.23468463926252453
-0.39950946697683476
0.047622375608891376
0.5728164572348939
0.019630355918186293
-0.521303322750899
0.03253999026573873
0.5627443326790041
0.1388236543605632
0.14292891392117446
0.5811450056963319
0.030826320053480405
-0.5258104743314751
0.026953869465176084
0.5834236301024988
0.11430170162625641
-0.04130338293977859
-0.32895213345504337
-0.6115644106547982
-0.7051909474789602
-0.1516802274933272
0.2199708985205031
0.6972498684931485
0.8135386986873153
0.3568112704434526
0.8905700942598186
1.2019109504503327
1.7355453171690207
1.8462705629374703
1.460175102474723
1.9336746064104622
2.4854188543253017
1.928976454725778
1.4158718214291024
1.7495899740613192
1.3027178965343675
1.7625361625276486
1.4852667961917216
1.8060094880727429
2.3440912199990196
2.1638315410643725
1.6192461211119147
2.0977787541908954
2.324444420743008
1.7680620161429204
1.678123491206258
2.211993978033506
2.4927536041995118
2.1903871947431885
2.515163733912118
2.1488064228153907
1.5936322435180865
2.0301746079698537
2.39368487463686
1.8468598489277461
1.4471018833525005
1.6984069910692048
1.1471202214187888
0.8788206883675956
0.3478009037437464
0.7914461420132415
0.5801733076917207
0.5164039990355992
0.6367704969884077
0.14623198359961487
-0.36121837441888316
-0.21068145857132367
0.3461637837368715
0.042003465309600585
-0.3733627941036281
0.18245126119639316
0.37764094084926914
-0.12539340257443432
-0.6498228324622075
-0.4929115440225329
-0.6734643296138009
-1.0571496804350504
-1.5582767177171317
-1.0032802751477654
-0.4474187003431016
-0.9614597554832383
-1.409039980261355
-1.2119624924211017
-0.659103122629583
-0.9006425065889976
-1.390021177088999
-0.8433211574069507
-0.6298123198491871
-1.1507912806425682
-1.6150059923120812
-1.470429875340553
-1.7118925887851675
-2.142295745896445
-2.6875272052930352
-2.5843842650695397
-2.396536817685765
-2.2286696249455535
-2.732622406706409
-2.4417854635614
-2.883308587525344
-3.4386791876596257
-2.9402300503467305
-2.5677320203910283
-3.077993401652322
-3.6333726398358888
-3.293824541187395
-3.8111007186207555
-3.8131981546851925
-3.300313013637581
-3.6663505065328894
-3.1194795535738757
-2.7918898416792755
-2.2716410357499797
-2.144910369097671
-2.4956001085114043
-2.1570076507083735
-1.6012927488238295
-2.0253655972293996
-2.3867419876313214
-1.8362277689692017
-1.4794927639494946
-1.7782970414701267
-1.3684353659818715
-1.9235752791023977
-2.3946840459125474
-2.2056565036058378
-1.6498864295174938
-1.9464559996743607
-2.382060457566773
-1.8263093434190976
-1.6035697475688546
-2.0900830688409777
-2.6462103373433337
-2.334073635221589
-2.8898827053891947
-3.29424472736567
-3.551694318845872
-3.465346728359801
-3.6685315663100515
-4.021191694767193
-4.427974592672701
-4.22854250828637
-3.686337840922823
-3.779852843073149
-4.3367957143551195
-4.038900314866022
-3.635954468973986
-4.190636076497546
-4.345058440233296
-3.8156619150546702
-3.4446283713205905
-3.651778321974466
-3.110191943560147
-2.6101262832531025
-2.8385945383430347
-3.390640022889637
-2.9166487009532793
-2.6525271479743013
-3.205666795281928
-3.4210467808824947
-2.9871095040724316
-2.526336527347054
-2.9292528921988756
-3.45842056159662
-2.902265201150361
-2.42961342749065
-2.7306319181772545
-2.2288520582806495
-2.4021358493240514
-2.5659925521837286
-2.6305046415023807
-2.1819594879486037
-1.6954089974288489
-1.6036164631574212
-2.009594330458617
-2.43781370721892
-2.177555782092825
-1.6207803691029314
-2.012914499740054
-2.371690104235637
-1.8158166033180398
-1.559411932282243
-1.978503917015183
-2.344366928119844
-2.488276675834995
-2.3051542881307236
-2.8621592734085413
-3.227909220728275
-3.694618467695445
-3.821350985817881
-3.3874513859030664
-3.9442540606809393
-4.461643211930696
-4.0084720079817915
-3.5387075471194653
-4.066738349662937
-4.6212599156873075
-4.256588531249282
-4.692402768203772
-4.213643521894065
-4.382585248969424
-4.614598427436793
-4.77412132965708
-4.270611885621827
-4.571916703114912
-4.096275513777617
-3.5401536496646937
-4.070679829830784
-4.476784421520179
-4.019573010694883
-3.604849186817189
-3.705132121186671
-4.2035451369023535
-4.585203688483729
-4.463933280854612
-4.70425711169877
-5.118053116002669
-5.675076399730408
-5.426533574064874
-5.871096852672672
-6.4207351468127785
-5.981106977196803
-5.585085946703951
-6.125445028524007
-6.6024108900265706
-6.39346999466673
-6.8777225780606805
-7.41726306967553
-7.017817523634564
-6.577498131477851
-7.126292105844364
-7.579263458865366
-7.336189598504868
-7.890977888459225
-8.35228667608284
-8.32574237959989
-7.843322603523
-7.344396182272629
-7.417850059627908
-7.626491617544711
-7.848971221628774
-7.563490927631579
-7.640759148245225
-8.018522737242344
-8.441267588035991
-8.177826819279169
-7.621210993403208
-8.009016557526065
-8.37355785947657
-7.81761775689619
-7.556554671249954
-7.972508921769415
-8.318592229012811
-8.570587991099591
-8.55615288750651
-8.37728054167437
-8.137916284118129
-8.366269418330265
-8.592323967150843
-8.682292281077054
-8.14443302736088
-7.699066549526141
-7.521580111181219
-7.7688121776050005
-7.302278351906492
-7.740880863652895
-7.372926854107349
-7.929249930360134
-8.443673291816225
-8.035191060130694
-7.553592055143546
-8.100632623258932
-8.60402067836677
-8.349409417429284
-8.900204914812676
-9.395034995862309
-9.16071982311841
-8.608150463076488
-9.082249580257896
-9.349939810021134
-8.797359173988697
-8.568076096537549
-8.987288079600258
-9.375896280982284
-9.38017739364995
-8.996195722931688
-8.60267856589437
-8.680028082232534
-9.146292161142854
-9.671404288460852
-9.586175961238808
-9.375500719438568
-9.161456156936394
-9.485145235378434
-9.205116673946526
-8.664670806826317
-8.824717729936252
-9.372954470261334
-8.91965717494606
-8.679482246296653
-9.236522512123187
-9.282136879392173
-8.729096702873862
-8.735444526616563
-9.289543160226243
-9.208720515358147
-8.655278779032207
-9.01791759585688
-9.330758702731378
-8.77591664505136
-8.734772372385576
-9.29168293678526
-9.159189756751076
-8.632280847765427
-9.120938925654919
-9.29097250408286
-8.734705212776639
-8.817318605454712
-9.353563216603142
-8.90875607100347
-8.716950611125238
-9.268238027970273
-9.125862050532152
-8.642871594463784
-9.160965094858202
-9.262475525270814
-8.708493458543447
-8.907673908843938
-9.359404220188797
-8.820849603580054
-8.717396060685722
-9.274347594154307
-9.19941496825555
-8.651664672285342
-9.051559696569436
-9.307211439113274
-8.753999427953293
-8.805290484801084
-9.344292848306992
-8.926662360650482
-8.716501316769039
-9.264901360674196
-9.116316748118077
-8.647327065221276
-9.169493580926128
-9.25279358538465
-8.700637618837634
-8.939265429502376
-9.348178624402426
-8.803078008345347
-8.733041057487185
-9.28997737253835
-9.141024810898
-8.631046132385798
-9.142061329154473
-9.29001385026041
-8.733056024318827
-8.801884850600217
-9.347587067628444
-8.942105420275524
-8.699049297360165
-9.251290536470272
-9.173837378198746
-8.648506596767835
-9.11011794903587
-9.266659003121399
-8.718635116464396
-8.923834523091315
-9.344462144266021
-8.806472425093954
-8.755003043515893
-9.307770723079182
-9.047113066003362
-8.654182686255464
-9.202132158071905
-9.26872375058052
-8.711682781594375
-8.84568388651291
-9.36735891988947
-8.872023428133629
-8.711910908214245
-9.268193723941895
-9.175852300031497
-8.643581593983692
-9.102444148192815
-9.279951021407486
-8.728061924160949
-8.878771815896057
-9.357941198113867
-8.836108928272097
-8.734417491331858
-9.289416508039006
-9.10715224395041
-8.636442197737436
-9.169729554717259
-9.286538206996774
-8.729589319492657
-8.790701810774776
-9.341833335440985
-8.973351703639963
-8.679643753387838
-9.233113574623724
-9.22909473908159
-8.676338936766813
-8.984848437225804
-9.33604888108428
-8.784574066092178
-8.742427800197246
-9.299249320744478
-9.11474472866336
-8.629198296679517
-9.161436610685728
-9.302982129354367
-8.747546841174755
-8.71383083407379
-9.26315182851067
-9.309920759803992
-8.776527816631223
-8.529672235450652
-8.864810073574693
-8.752029199889442
-8.205129818747476
-7.951338949644404
-7.560059108868962
-7.777717545558948
-8.320434283767932
-8.201443101538832
-7.646646331407643
-8.021928520501252
-8.337115373920083
-7.780887087713399
-7.703154928370445
-8.253576217272023
-8.326817846504866
-7.803699694676386
-7.449895006791906
-7.653085399406957
-7.111425236111616
-6.613417723825609
-6.827060728683327
-7.381819895006697
-6.939035002383274
-6.654665656903541
-7.210594484304252
-7.380965772929793
-6.895369014181967
-6.34420174633008
-6.584750206895246
-6.122431182140525
-5.574139568665753
-6.019834648183907
-6.4205382126736765
-5.883479843075383
-5.385196406994331
-5.594923065917988
-5.1315467127438605
-4.590229111290099
-4.97628230894448
-5.417678630373939
-4.8659961931777245
-4.441074387637501
-4.7068722220646535
-4.16405012885476
-3.9922111698128693
-3.7946569224992643
-3.239484088397191
-3.1573293187458824
-3.572314892176372
-3.0363431991359304
-2.479931099478302
-3.0285940742340474
-3.585626370903757
-3.1089956382839885
-2.922201883383185
-2.5108509473492897
-2.8956571820032133
-3.446226825779233
-2.8987178678682155
-2.519363739131565
-2.945419433602846
-3.226000412093907
-3.743907006170007
-3.9290413408014055
-3.8695239220003086
-3.4240372102911376
-3.9733619766860206
-4.530404133630242
-3.9834195140745896
-3.428442485285963
-3.949092283275939
-4.381063016066885
-4.303243740811979
-3.807793563257719
-3.3938046682519962
-3.4883660623022195
-3.4341492593481813
-3.2608967830795033
-3.800923628104096
-3.8410853688686255
-3.395774577863964
-3.9527867506811063
-4.48377578839463
-3.9726766740416544
-3.506935448122813
-3.985546644530938
-4.436339072488388
-4.148559658286104
-3.594001161416612
-4.083874382495265
-4.373912058660368
-3.8316559724872743
-3.4544143117098534
-3.7004925535659488
-3.1494167345781703
-2.8894776371924857
-2.3744494782605403
-2.8879558792520386
-3.1396461112832266
-3.682702953250454
-3.3467450831876793
-3.9033522790095145
-4.347886912344944
-4.365565104766992
-3.937504128991223
-3.4056223553661833
-3.9391988761144088
-4.374671845436938
-4.313508489309593
-3.8270968354640473
-3.3603368154643647
-3.4247766339498815
-3.619287167291034
-3.8325113533320323
-3.491173210102992
-3.8563881968116296
-4.412826738749779
-3.9512910720664154
-3.6051746907085356
-4.146316639326271
-4.579516880818036
-4.3670423203953135
-4.891439492942311
-5.416954288379498
-5.053453703801747
-4.5711487344250346
-5.126542852507481
-5.546010293779901
-5.248439769646011
-5.7164012067061085
-5.322879112160559
-5.85048330706949
-6.017652800891356
-6.242611257002276
-6.762099807978316
-7.002041859358942
-7.248413529802365
-7.750441485200777
-7.993212634147367
-8.214388545943308
-8.761971522382035
-8.905052848510225
-8.720967977523523
-8.237338410936493
-7.923375090089583
-7.432030323127706
-7.987949465784679
-8.544950295144025
-8.008123109573573
-7.479581362136798
-8.026284027132265
-8.54798596938304
-8.107799046276332
-7.978719096222149
-7.778551188600064
-7.231341558510689
-7.063851324370569
-7.117126889885285
-7.528830538704076
-7.056262786602697
-6.510819037941678
-7.062684103349227
-7.6013731394122805