0.8571428571428571
0.8571428571428571
0.9566887332225783
1.0739089543337668
1.1564528243842642
1.1215507091330623
1.011655815977528
0.8973506487929093
0.8397246682639585
0.9048988474988423
1.0203173246531099
1.1279525848404737
1.1536594730636698
1.0657430257200928
0.9482503552486574
0.8525863800813545
0.8622704568953607
0.9652053969445487
1.0819431691248838
1.1585175134023438
1.114771615549546
1.002969644741665
0.8900504347510642
0.8405053968585842
0.912655332195827
1.0289371995823144
1.1339243473908827
1.1501729493145063
1.0574637302012404
0.9399021516222991
0.8486499713483581
0.8679176543302413
0.973788023701762
1.0898222106081141
1.1598259648057432
1.1076664065790467
0.9942770917098851
0.8830431712021974
0.8420558547979213
0.9205864211383453
1.037500338085447
1.1394126288990682
1.14603501686748
1.0490856434334208
0.9316570438623926
0.8453787833895967
0.8740314500556889
0.9824228163873534
1.0975166526500384
1.1603600428221361
1.1002829975727448
0.985596800866279
0.8763779333164344
0.844354769057612
0.9286646350510073
1.0459934889904008
1.1443647789520275
1.1412921721285962
1.0406211844574789
0.9235306355398919
0.8428127671401778
0.8805584909295289
0.9910940524508564
1.1049908582354573
1.1601121866995434
1.0926647955302513
0.9769467271275696
0.8701065410999386
0.8473718812789803
0.9368682530474751
1.0544046041601307
1.1487299673305047
1.1359943016783571
1.032082236579008
0.9155427676110466
0.8409850824564372
0.8874463011503333
0.9997842620961268
1.1122033558241797
1.1590859169907115
1.0848496497921314
0.9683432855196804
0.8642821763957927
0.8510695379026858
0.9451802859941203
1.062721640584372
1.1524603104462754
1.1301935154306226
1.0234815027484252
0.9077187248157061
0.8399204664074236
0.8946446368261209
1.0084749358703213
1.1191077385259718
1.157295597347375
1.0768692677004594
0.9598009601359305
0.858958102754257
0.8554043178194137
0.9535870220526665
1.070931006638853
1.1555121412170082
1.123943050061437
1.0148333715926565
0.9000899047336282
0.8396338016625189
0.9021068765702895
1.0171475377820567
1.1256539097588816
1.1547655066768707
1.0687492265982503
0.9513325219362414
0.8541865118426513
0.8603285151747897
0.9620763798990419
1.0790159127860226
1.1578474820939701
1.117296120539928
1.0061541668832463
0.8926938611144783
0.840129158751051
0.9097912790262558
1.025784526152238
1.1317894717368098
1.1515284247299582
1.0605096129931482
0.9429498662010489
0.8500174270186963
0.8657914186830592
0.9706363437681543
1.0869549015107756
1.1594356688858223
1.110304646571614
0.9974617842806236
0.8855737467493434
0.841399520908928
0.917661903855415
1.0343700825087356
1.137461084696421
1.1476240039932613
1.052166206011952
0.9346653482884074
0.8464975428863544
0.8717404425848795
0.9792537425679662
1.0947207949958797
1.1602549485981968
1.103017872575989
0.9887748579394828
0.878777282988247
0.843427254808029
0.9256890171595912
1.042890319561209
1.1426157046272012
1.1430971737174789
1.0437320210517131
0.926493397562481
0.8436688929583339
0.8781222275804778
0.9879135711358247
1.1022802200683084
1.160293789434934
1.0954809981841598
0.98011171108102
0.8723554471376862
0.8461852197570077
0.933848878747779
1.0513328615709727
1.1472017076608703
1.1379967212871813
1.0352189607971063
0.918452138893764
0.8415673170676243
0.8848838248161003
0.9965989420336877
1.109593763149351
1.1595516392057694
1.0877340052832993
0.9714893972228538
0.8663610776420025
0.8496382799282233
0.9421229163068114
1.0596858303584107
1.151169992877691
1.1323740701568958
1.0266392975320076
0.9105647531914663
0.8402208213319735
0.8919740100860061
1.0052916193447472
1.1166166951072745
1.1580389627921361
1.0798108837203804
0.9629231165921213
0.8608475480499796
0.8537449451897975
0.9504964038550301
1.0679363941625475
1.154475188107909
1.1262821723601941
1.018006739299597
0.902860359427994
0.839648041119132
0.8993446773347504
1.0139729519127123
1.123300113422592
1.1557765500182469
1.071739415332646
0.9544262020559444
0.8558675707364152
0.8584589206347645
0.9589568546189855
1.0760691210835025
1.157077047912615
1.1197743913887397
1.0093369122688494
0.8953742903472017
0.8398570798968664
0.9069521679800888
1.022624927715012
1.1295923012209859
1.1527942494365868
1.0635415869390252
0.9460107371150448
0.8514720921058234
0.8637304593106292
0.9674923938820096
1.0840644127051842
1.158942036400943
1.1129032777041186
1.0006472125626913
0.8881477454203824
0.8408449676876697
0.9147583385579583
1.0312310414659256
1.1354401129434852
1.149129386569197
1.0552345909013852
0.9376887303479589
0.8477091703659564
0.869507535731254
0.97609038454285
1.091897275224326
1.1600449619275128
1.1057192190468954
0.9919561205367701
0.8812269139295835
0.8425978621869181
0.9227311719410776
1.0397767130712459
1.1407902609918585
1.1448251328881054
1.046832263386061
0.9294736572853509
0.8446227149333353
0.875736942907613
0.9847365328269923
1.0995366207222432
1.160370425209617
1.0982690481590318
0.9832821961428988
0.8746617416898332
0.8450919461918222
0.9308447965914762
1.048249101472828
1.1455904746194532
1.1399290133752853
1.0383467279410428
0.9213821115399317
0.8422510233088212
0.8823654358853168
0.993414607142029
1.1069451924396339
1.1599138064328463
1.0905947739066961
0.9746430510992897
0.8685045451042304
0.8482948241201705
0.9390788774962997
1.0566362960785844
1.1497905965258317
1.1344916176233228
1.029789971008729
0.9134352898812224
0.8406251615244337
0.8893409986837123
1.0021067731904396
1.1140800943730635
1.1586815771905918
1.0827326389313372
0.9660545992651095
0.8628086475105181
0.8521671458956028
0.9474174561173918
1.0649260011807904
1.1533437371839763
1.1285654640508829
1.021175085291939
0.9056600698494827
0.8397673592607827
0.8966142210470475
1.0107944092969232
1.1208938024495847
1.1566908655836299
1.0747126854208362
0.9575308191551423
0.8576271347884623
0.856664208960141
0.9558474190546198
1.0731039296567426
1.15620759709346
1.1222039004663549
1.012516978545033
0.8980895156506878
0.8396896789554406
0.9041396724744042
1.0194591522054028
1.127335468013296
1.1539683738985005
1.066558936330735
0.9490841420650402
0.8530117269769425
0.8617373871739429
0.9643568458346706
1.0811521752858058
1.1583459905468114
1.1154599260484797
1.003832453104639
0.8907627539511824
0.8403932248947719
0.9118770898058133
1.0280838675452528
1.13335231273559
1.1505488798279404
1.0582901926694304
0.9407264393800365
0.8490116773277286
0.8673353613372343
0.9729335119408218
1.089047833535406
1.1597304844654206
1.1083848832565055
0.9951396976822802
0.8837242743293415
0.8418680683044061
0.9197921756399464
1.0366532575895093
1.1388909603422561
1.146473596066239
1.0499213347585694
0.9324704572170384
0.8456725742903318
0.8734052295049276
0.9815637971952268
1.0967620919116732
1.1603419467989815
1.1010270655335488
0.9864573679440085
0.8770228032657922
0.8440939057350907
0.9278568445517917
1.0451539062375161
1.1438986391941481
1.1417886126938765
1.0414649211696752
0.9243314597172924
0.843034953880748
0.8798936208479138
0.990232172194809
1.1042599228167922
1.1601717327245786
1.0934303803730678
0.9778035308255968
0.8707099510630112
0.8470413023939016
0.9360488412937213
1.0535736916919052
1.1483242894391112
1.1365435341675598
1.0329328214641065
0.9163288058242129
0.8411327239467997
0.886747913586562
0.9989213162251408
1.111500401045441
1.1592222611390215
1.0856332638281254
0.9691947808090935
0.8648388238206504
0.8506732648535001
0.9443507666840151
1.06190063595345
1.1521196813403753
1.130790298870495
1.0243376091251095
0.9084872001453126
0.839991527084041
0.8939175795966464
1.0076127805650936
1.1184375580050898
1.1575068507465356
1.0776680427559473
0.9606457944446649
0.8594627303447627
0.854946874968512
0.952748656122281
1.070121375460075
1.1552406667603137
1.1245820813048415
1.0156934837682656
0.9008374211179645
0.8396272767106803
0.9013555779497462
1.0162879838980885
1.125021602098877
1.1550488535468333
1.0695608844059363
0.9521694849049999
0.8546340177865359
0.8598147917925385
0.9612303399001174
1.07821950881509
1.1576486322714414
1.117972153286848
1.0070165839527996
0.8934164271803859
0.8400451411422771
0.9090196346300854
1.024929246362761
1.1312003016863024
1.1518802769002507
1.0613323751913972
0.9437777813801472
0.8504029745701773
0.8652265501980464
0.9697838577922813
1.0861740973056246
1.1593121140098235
1.1110126236570996
0.9983246805521448
0.886266855017211
0.8412391950489687
0.9168732057858946
1.0335205593216674
1.1369203529194387
1.148040164494912
1.0529986568865133
0.9354829239409124
0.8468166818968206
0.8711297017899735
0.9783961937189845
1.0939585624100447
1.1602084089443017
1.103753065083834
0.9896363801213435
0.8794360281706359
0.8431928182732915
0.9248859404934625
1.0420478520736562
1.1421286308092518
1.1435729886717878
1.0445729450223653
0.9272990615346334
0.8439177014834348
0.8774709131416085
0.9870525371467533
1.1015401492071153
1.1603249259822197
1.0962391359692119
0.9809700834999893
0.8729746631770009
0.8458797506844851
0.933033531045271
1.0504986353018657
1.146773321830757
1.1385272113125495
1.0360671816010452
0.9192438851758804
0.8417425608314542
0.884197137980949
0.9957361721294153
1.1088800196977773
1.1596600089293847
1.0885113787445206
0.9723430043724338
0.8669354749548988
0.849265576813253
0.9412969444890301
1.0588610408312074
1.1508050233304588
1.1329540446545192
1.0274935460976604
0.9113400252891979
0.8403201161078945
0.8912569190545434
1.0044289594837046
1.115933926673195
1.1582230487991882
1.080604397742736
0.963770537840223
0.8613718395493212
0.8533093652629443
0.9496611421690829
1.0671224040831238
1.1541779339966098
1.1269063378326918
1.0188655721013322
0.9036159886510337
0.8396699930702408
0.898601778866639
1.013112241699547
1.1226533230655653
1.1560338595481048
1.0725465829245175
0.9552661846991508
0.8563365851600097
0.8579652341335218
0.9581134896364201
1.075267624736506
1.1568512311440495
1.1204374660187546
1.0101986919408332
0.8961064969123078
0.8398013764481824
0.9061875637282721
1.0217678991611563
1.128986708590952
1.1531214582779892
1.0643604603961137
0.9468421079162566
0.8518808823589593
0.8631837243495359
0.9666421190051067
1.0832775801980954
1.1587906390505789
1.1136001189818436
1.0015101492431664
0.8888521988718336
0.840712398837566
0.9139755465981148
1.0303792493215411
1.1348810198011996
1.1495225022557642
1.056063639708704
0.9385102587325854
0.8480531293448095
0.8689129873076867
0.9752345181087767
1.0911278532416502
1.1599700678356377
1.1064449617625063
0.992818358580827
0.8818988393830788
0.8423902673103911
0.921933091022175
1.038931518798829
1.140282929536931
1.1452796525860716
1.0476702179929687
0.930283892869542
0.844897709389215
0.8750998837800942
0.9838765807178381
1.0987879746527012
1.1603730924954543
1.0990192402801218
0.9841419200238422
0.8752960523802552
0.8448120985224914
0.9300337325989347
1.0474117203626
1.1451400169186903
1.1404400629915836
1.0391924150789438
0.9221792232526924
0.8424535478336155
0.8816911181945861
0.9925522620887227
1.1062212855753026
1.1599939970892095
1.091365491288095
0.9754985796301183
0.8690959813503635
0.8479462773774958
0.9382566306790947
1.0558079029903893
1.1494018652026279
1.1350540713498947
1.0306421681352604
0.9142169332894499
0.840752502349976
0.8886344922561237
1.0012438567862516
1.1133854111255836
1.1588381596810484
1.0835205586847094
0.9669044401331874
0.8633519075697808
0.8517540705687328
0.9465854564601827
1.0641078782556423
1.1530212047367243
1.1291740533528734
1.022032418459596
0.9064233038179719
0.8398177459341047
0.8958802743172414
1.0099327760054364
1.1202332315222479
1.1569216898378178
1.0755151024968186
0.9583736653032732
0.8581169923657094
0.856191239523
0.9550068881510884
1.0722976313064705
1.1559552153350112
1.1228533251705395
1.013377879630841
0.8988307802342781
0.8396623962670633
0.9033825810779894
1.0186005838021397
1.1267141658175
1.1542704018183099
1.067373717099228
0.9499188048748706
0.8534431400684687
0.8612094896524244
0.9635089584457147
1.080359682845197
1.1581670317772745
1.1161449769528602
1.0046951799811004
0.8914779101792927
0.8402886611686021
0.91110059289633
1.0272299887770653
1.1327755658117291
1.1509183447813356
1.0591156705847191
0.9415517273543912
0.8493798998222419
0.8667577183977047
0.9720795301223544
1.0882716742184002
1.159627378706529
1.1091005772928835
0.9960024068789064
0.884408695717425
0.841687688954597
0.9189993992054746
1.0358054986565295
1.13836405866055
1.146906164945258
1.0507561639148102
0.9332850198779102
0.8459732824102139
0.8727831321475789
0.980705154826095
1.0960054035274414
1.1603161396943926
1.101768784386767
0.9873182170112657
0.8776715011451689
0.8438401582205196
0.9270503046394937
1.0443135265653605
1.1434267623143959
1.1422795326490875
1.0423079115076366
0.9251336229093278
0.8432643932983672
0.879232354365634
0.9893704975343419
1.1035264557947515
1.1602235916396626
1.0941939953602333
0.978660780401928
0.8713177132753416
0.8467174734635096
0.9352305098706946
1.0527418655549357
1.1479123982002293
1.1370877586831822
1.0337827830984097
0.9171164258680766
0.8412878719971849
0.8860526306077023
0.9980583933287376
1.1107944607109401
1.1593510501356272
1.086415226576803
0.9700468664645491
0.865400349695661
0.8502833176498562
0.9435221914722594
1.0610785873541488
1.1517724027018001
1.131382599191378
1.0251932319068338
0.9092575604866526
0.840070251969831
0.8931931623856373
1.0067504642744716
1.1177639001780586
1.1577107802369329
1.0784654238764058
0.9614913457092757
0.8599727530495722
0.8544952904540194
0.9519111156984627
1.0693105399531748
1.1549621609742737
1.125217155351765
1.0165532716288537
0.9015871870937741
0.8396284671850166
0.9006065020099038
1.0154280941731146
1.124385301361129
1.1553251932275386
1.0703713501771195
0.9530072812936179
0.8550874152662783
0.8593064285905153
0.9603850086133521
1.0774216951181306
1.1574424397610525
1.118644743403999
1.0078788524822762
0.8941416637722057
0.8399687802414838
0.908249852452287
1.0240734727659815
1.130606612328224
1.1522255079106143
1.0621541031389874
0.9446066492537126
0.8507948786192028
0.8646665242303422
0.9689319528906621
1.0853916219346604
1.1591809916195026
1.1117176477025112
0.9991876124984217
0.8869631011734769
0.8410863612517679
0.9160860710023568
1.0326704039783114
1.1363745774737553
1.1484501432038996
1.0538302023510742
0.9363015903421124
0.8471425980134485
0.8705232770618624
0.9775390800998205
1.0931943358365344
1.1601541770235386
1.1044857554324004
0.9904981201154256
0.8800984121126452
0.8429656138168077
0.9240841882415743
1.0412046301674578
1.1416360019151435
1.1440431003357696
1.045413079993092
0.9281059894072974
0.8441736483805535
0.8768233910318463
0.9861917732711007
1.100797701115884
1.1603483538495383
1.0969951717543767
0.9818288438772322
0.8735980384809718
0.8455811732294078
0.9322193212853261
1.0496635388536115
1.1463388931946017
1.1390525035419703
1.0369147324838717
0.9200371175632012
0.8419252285909397
0.8835137353109821
0.9948734928435824
1.1081634621157748
1.1597607630282896
1.0892869914026209
0.9731971512410891
0.8675145584358743
0.8488993607253436
0.9404719637570709
1.0580352577018215
1.1504335585696777
1.1335293429795248
1.0283472576414863
0.9121170640964631
0.840427029268878
0.8905426334156756
1.0035662055117311
1.1152478646485564
1.15839971543291
1.0813964304052956
0.9646186313736489
0.8619013386327986
0.8528798191650571
0.94882674844139
1.0663072729342018
1.1538737811498911
1.1275263540296043
1.0197240200186748
0.9043737269458562
0.8396996544180864
0.8978612498175494
1.0122512580780971
1.1220027305308107
1.1562840369170988
1.0733524903247813
0.9561069585359353
0.8568113122526558
0.8574770931778519
0.9572708768488725
1.0744647999583334
1.1566181765564565
1.1210969116323193
1.0110602571770027
0.8968412137640708
0.8397533638900323
0.9054249467546435
1.020910432420171
1.1283767898784491
1.153441897502115
1.0651782460050692
0.9476743864078183
0.8522958631589137
0.8626420231813144
0.9657924738269859
1.082489179299724
1.1586317455787416
1.1142938316069153
1.0023730537639743
0.8895596143468543
0.8405873941265676
0.9131944202717495
1.029526873521756
1.134317074189658
1.1499092699098263
1.056891738209943
0.9393328240442226
0.8484037173635587
0.8683229481740468
0.9743791426642988
1.0903565627597172
1.1598875149088443
1.107168042420047
0.9936807486145633
0.882574217054557
0.8421900099636243
0.9211364154311708
1.0380856135268508
1.1397702282213285
1.145728289924483
1.0485073413717587
0.9310953238719277
0.8451797177501658
0.8744668077919202
0.9830169612668999
1.0980370984793966
1.1603680443029736
1.0997671902865833
0.9850019714187439
0.8759343301953811
0.8445392755325674
0.9292238695104773
1.046573511555986
1.144683691676069
1.1409457271553154
1.0400373875380549
0.9229777332455827
0.8426634015065684
0.8810202681987156
0.9916900745796946
1.10549473026907
1.160066525562668
1.0921343299970936
0.976354594592619
0.8696919107346206
0.847604372338175
0.937435425125987
1.054978563432601
1.1490067995276492
1.1356116565695478
1.0314937774593527
0.9150002334590068
0.8408874017968565
0.8879309623646101
1.0003809138907507
1.1126876140895714
1.1589872395795167
1.0843069017699571
0.9677549067254302
0.8639001854903529
0.8513471998723587
0.9457543681792361
1.0632886721319903
1.152691914790577
1.1297783004233186
1.0228893086875255
0.9071885142940173
0.8398758211962886
0.8951488510156612
1.0090709337306696
1.1195690472713187
1.1571452670791993
1.076316184625254
0.9592172600561515
0.8586123801055063
0.8557239978547271
0.9541671519755792
1.0714900787066237
1.1556957114866218
1.1234989318074757
1.0142385020078244
0.8995744016852105
0.8396428240472638
0.9026276101997139
1.0177416354843587
1.1260887304455565
1.154565519576013
1.0681873517265017
0.9507543320679523
0.8538805724895497
0.860686815483174
0.9626617471428196
1.0795657166506043
1.1579806611558774
1.116826719048949
1.0055578071204012
0.8921958577455752
0.8401917201987592
0.9103258722660043
1.026375577350487
1.1321941588340374
1.151281301359928
1.0599401508226958
0.9423780023758203
0.8497545961087298
0.8661847777367172
0.971226092356358
1.0874937635731978
1.1595166618519932
1.109813443079223
0.9968652010594283
0.885096386097481
0.8415147409829858
0.9182081165714913
1.0349570736248104
1.1378319749757049
1.1473326765720808
1.0515901193057622
0.9341007154704646
0.8462808706232472
0.8721652101640522
0.979846905356497
1.0952466244994237
1.160282625149106
1.1025081133759882
0.9881793308688673
0.8783239754874697
0.8435935590340596
0.9262450346447479
1.043472361432104
1.142949197285164
1.1427648821808263
1.0431501438473267
0.9259371040797038
0.8435010554776989
0.8785747423657976
0.9885090461200814
1.1027904996775697
1.1602677561517705
1.0949556054964096
0.9795184604253566
0.871929775409141
0.846400433667869
0.9344132738994463
1.0519091376749405
1.1474943393117736
1.1376269236181211
1.034632108627131
0.9179056010132451
0.8414505054941244
0.8853605004326365
0.9971955117723864
1.1100855817900173
1.1594722662527963
1.0871955091933936
0.9708995290187621
0.8659667020366785