0.21052631578947367
0.21052631578947367
0.1333838937100525
0.06726218162569265
0.02511853377937541
-0.005892081918224348
-0.03959397321279802
-0.09000783389948103
-0.16556640943079726
-0.22533454703507105
-0.18265094306801213
-0.10388541992431531
-0.048198556122063634
-0.011999361144336342
0.01875906599320549
0.057934626216089836
0.11920403996307596
0.19865262303883874
0.2195486370072534
0.1481385724700335
0.07732540296576154
0.031659930931018564
-0.0002262053992148072
-0.03221593558143243
-0.07820115454769933
-0.1493886765820738
-0.22014520872723892
-0.19756357046327386
-0.1180554269780235
-0.05719219248427508
-0.01824513113601274
0.012508406319620441
0.048929366202248435
0.10505362683988323
0.18398100985465876
0.22508007693328583
0.16417976267117185
0.08895500259249312
0.038942055530570695
0.005413132100007621
-0.025642277216712174
-0.06804900001259022
-0.13455978932060086
-0.2113749239325381
-0.20965887915971193
-0.13221166305209892
-0.06647992824410574
-0.024595491095652698
0.006374878169855682
0.0402557617781303
0.09107749642403362
0.1669629934117159
0.22555345026385443
0.18130256410802018
0.10271649848645985
0.04746883841490075
0.011490372970591994
-0.019274355062028084
-0.05867990644068572
-0.12035391116306066
-0.1997243255400606
-0.21892886806379974
-0.14689591609395353
-0.07645906389588636
-0.031108209949340736
0.0006792570719044572
0.032777789339708624
0.07908870907322826
0.15064924093582066
0.22071922659732685
0.19645477833212527
0.11690542476132082
0.05645091106133799
0.017731507740801747
-0.01301833057687437
-0.04966223425433755
-0.10622248484608038
-0.18529416564423695
-0.22479081514466515
-0.16280159645953818
-0.08791730914831021
-0.03829881816957764
-0.004937047918205512
0.026167915180554654
0.06884224258167958
0.13574196497062185
0.21220611138512313
0.20877105028629392
0.13104052990597148
0.06570045233977877
0.024072019197759302
-0.006862424762254578
-0.04092848585992701
-0.09216544985094549
-0.16837056650881616
-0.2257357917195559
-0.17993480844092322
-0.10154584497446255
-0.04673946388351679
-0.010980753679449194
0.019791931530861794
0.05942958810693212
0.12150744697699961
0.20078067129846341
0.21828516559630046
0.1456580263308112
0.07560002982441548
0.03055937612386085
-0.001134126642483184
-0.03334696893301603
-0.0799903323335702
-0.15192301875755165
-0.22127094571087003
-0.19532398074184604
-0.11575168701681146
-0.055709297714286676
-0.01721728561278
0.013529849111466024
0.050397995212581995
0.10739315045854253
0.18659150662108892
0.22446743603739142
0.16143071748612164
0.0868933298004318
0.03766325516596967
0.00446299911860943
-0.02669645740826035
-0.0696434687294958
-0.13693253051037743
-0.2130207475896485
-0.20786154202476062
-0.1298685160249864
-0.06492239519096507
-0.02354729425374629
0.007355318038390846
0.04161276092362472
0.09327239722079937
0.16978911886111986
0.22588034698032566
0.17854760106472978
0.10037331479044447
0.046010221516548606
0.010470172289496066
-0.020312393858675244
-0.06018476252504569
-0.12266631863725716
-0.2018228325305407
-0.21761702599906257
-0.14442306673222705
-0.07474681924378347
-0.030012421805834216
0.0015916993148825387
0.033924622057930405
0.08090778068713675
0.15321196353560784
0.2218000342562276
0.1941695359571135
0.11459264096904592
0.05496637575171797
0.016701891881032764
-0.01404336777999014
-0.05113706369804938
-0.10856611495776222
-0.18787334296265945
-0.224110694498638
-0.16006671726150667
-0.08588228137551505
-0.037034774280996316
-0.0039904796302717704
0.02722853189948305
0.07045363635389365
0.1381326519247152
0.21381891820557647
0.2069297248633149
0.1286946398300828
0.0641450891504183
0.023020979855179542
-0.007853667264381591
-0.042308495335361615
-0.0943978707110674
-0.17121710129718123
-0.2259857755998883
-0.17714235424419725
-0.0991999946727115
-0.04528165348933658
-0.009958805446029659
0.02083585082008648
0.060945832357408004
0.12383112851082156
0.2028509248362811
0.2169244555056571
0.14319036717181086
0.07389878012967642
0.029466862270552355
-0.002052445039465521
-0.03451139785778213
-0.08184202495947493
-0.1545168595059958
-0.22230551436227067
-0.19299079333332286
-0.11342778517768469
-0.0542218560790302
-0.016185212107599677
0.01455886632528701
0.05187927072123684
0.10974095731530298
0.18913898444420918
0.22372160378576006
0.15871022776674093
0.08488418195299012
0.03641329646335886
0.0035193889515796606
-0.02776428388263974
-0.07127294304714696
-0.13934233382325445
-0.21459987286449955
-0.20597585807253013
-0.12751909117775245
-0.06336866166751579
-0.022493301689066714
0.008357014401502737
0.043014769995250744
0.09554004497382605
0.17265126995815294
0.22605083253923774
0.17572216176663824
0.09802828816459168
0.04455510041939984
0.009447372614980222
-0.021361878528641506
-0.06171244467228877
-0.12500132231635108
-0.20386401813126268
-0.2162081231827674
-0.14196047442113086
-0.07305610471115016
-0.02892275145854452
0.002516389057130336
0.03510739032712486
0.082793151823845
0.15583721418342972
0.22278585231942472
0.1917882333853057
0.11225774112867097
0.053476156779866946
0.01566759844405753
-0.015075896237165959
-0.052623867696805285
-0.11091636670512715
-0.19038683453702243
-0.22330154236071015
-0.15736285484412135
-0.08389977206862309
-0.035799206886802167
-0.0030500026812268627
0.028303398727674553
0.07210085605662989
0.1405604863921303
0.21536217774625882
0.2050010994423715
0.1263431223859859
0.06259395025126419
0.021964991457565287
-0.008864382152321913
-0.04372990199708794
-0.09669585340659921
-0.17408692734093628
-0.22607461543502083
-0.17429160343815184
-0.09686168205384224
-0.04383255162140212
-0.008937038467289236
0.02188960771559901
0.06248360832342392
0.12617538174882933
0.20486039555008906
0.2154693373691959
0.14073491001297353
0.07221964687234587
0.028380572066531468
-0.002983187265075689
-0.03571221392296782
-0.08376047557763419
-0.15717144884251907
-0.22323917021018477
-0.1905633348662356
-0.11108404058046494
-0.052730254770724676
-0.015149761143099738
0.015593695331270994
0.05336969861042109
0.11209042957196155
0.1916147581469843
0.22285224111769575
0.15602681237950156
0.08293022514463584
0.03519317423457611
0.0025828396941044024
-0.028845247312908787
-0.07293633318049597
-0.1417852730963925
-0.21610403211795431
-0.20400727378971298
-0.12516867266164156
-0.06182224316892296
-0.021437107683789904
0.00937444771331285
0.044451692988211514
0.0978614061640977
0.17551852864162854
0.22605676609562347
0.1728561757518915
0.0957042331597802
0.04311632720698071
0.008429199756086914
-0.022417926436305146
-0.06325797599236486
-0.12735126200580588
-0.20583799765144628
-0.21470983696128612
-0.1395156872021827
-0.07139058287554201
-0.027841023931023758
0.0034522913567029065
0.03632519820134394
0.08474284144747785
0.15851734800257802
0.2236635171233761
0.18931819144142156
0.10990869759155525
0.051985404793210586
0.014632569768627292
-0.016111390529358692
-0.054115496575925834
-0.11326110576154463
-0.19282061581143906
-0.22237563942236382
-0.154704359721038
-0.08197673001399211
-0.034595888737267384
-0.0021184604404706417
0.029389119746996442
0.07377818529832017
0.14301465881367906
0.21682366175367138
0.20299644748335272
0.12399781640256419
0.06105490874144616
0.020910775701129355
-0.00988580315353764
-0.045177808100970905
-0.0990326180143545
-0.17694050954800686
-0.22599755482043604
-0.1714214795523571
-0.09455990070368146
-0.042408670156050605
-0.007925208629646976
0.022945749612134272
0.06403422382384946
0.12852696836922287
0.2067949357201631
0.21393144342483014
0.1383047075056241
0.07057000036698907
0.027304763393416323
-0.0039231631941214345
-0.03694565433080736
-0.085739046665305
-0.15987265409438134
-0.22405712076038525
-0.18805497359594964
-0.10873367587509691
-0.051242798853071383
-0.014116816206978758
0.016628235137129257
0.0548602255209237
0.11442676463604722
0.19400281262596009
0.22187364262174103
0.15339719887791914
0.0810400616471565
0.03400779082891102
0.0016572499545315714
-0.02993448757942979
-0.07462548901124039
-0.14424701791699304
-0.21751968011064132
-0.20197041650210543
-0.12283217848380887
-0.06029300939209456
-0.02038691403100998
0.010397235463335347
0.045906188220804216
0.10020588412992659
0.1783481170351461
0.22589781655634777
0.1699923775381894
0.09343190062958301
0.04171135599961427
0.00742610492320276
-0.02347228544996119
-0.06481143064172107
-0.12970112212599105
-0.2077299372670064
-0.2131356652079954
-0.13710319444907573
-0.06975852238075385
-0.0267721614290464
0.004395482244268684
0.03757314304836064
0.0867482671135089
0.16123564610287305
0.22441854844912051
0.18677538253753867
0.10756039536010989
0.05050325778028314
0.013603003242360565
-0.017143816736238843
-0.05560337486654611
-0.11558663593528107
-0.19516071106100044
-0.2213478486770258
-0.15210599582665596
-0.0801202553610842
-0.0334288626529798
-0.0011992426947654913
0.030481226182829585
0.07547794217532594
0.1454816431926938
0.2181913209887238
0.2009302443345957
0.12167246897994591
0.05953700059058392
0.01986601847347528
-0.010907952620633377
-0.04663538653083009
-0.10137862472539198
-0.17973802386935245
-0.22575876240978554
-0.16857234514889902
-0.09232224999119588
-0.04102542127708919
-0.006932426841036489
0.02399722950574986
0.065589358013868
0.1308733683884404
0.20864260969502124
0.21232336405157495
0.13591131063365536
0.0689560620404998
0.026243142855273384
-0.004869290915252442
-0.03820767074316996
-0.08777037129901902
-0.16260554138722777
-0.22474673895193206
-0.18548025069941718
-0.10638941198224698
-0.04976703763725548
-0.013091214952245606
0.0176581808656129
0.05634512996531306
0.11674105775381341
0.19629480276608213
0.22079932360717425
0.15083014882007426
0.07921646522794527
0.032858533831849175
0.0007440328058961332
-0.031029741389642408
-0.07633607251649263
-0.14671902729936592
-0.21883848921582444
-0.19987597132640542
-0.12051825166666766
-0.058786587606346155
-0.019348056612612116
0.011417699619267339
0.04736474519353813
0.10254956308692062
0.1811085811616165
0.2255817337959673
0.16716317274691972
0.09123160544987298
0.040351072299856176
0.006444143963367281
-0.024520839628854853
-0.06636856222729648
-0.1320445259202671
-0.20953346525071875
-0.2114945752867765
-0.1347280487098053
-0.06816176430459496
-0.025717145093200756
0.005345039888247201
0.03884975909298698
0.08880603235980605
0.1639826083558238
0.22504091042502308
0.18416940462507947
0.1052203554355136
0.049033800715857896
0.012581101610680767
-0.01817183996807771
-0.05708637698691343
-0.11789146303441769
-0.19740660605177465
-0.22022849134424055
-0.14956785394229943
-0.07832703361321686
-0.03229571969971
-0.0002907887248516927
0.03158097192381633
0.07720125159609059
0.14796085424727495
0.21946163046139258
0.19880656698523191
0.11936799241738283
0.05804076679892158
0.01883249262973416
-0.011926741892324195
-0.04809437748301082
-0.10371868460353739
-0.18245967647087283
-0.22536798138203903
-0.1657650668276766
-0.09015940985084085
-0.03968778122528846
-0.005960720324893504
0.02504387911961834
0.0671503163100545
0.13321645114325742
0.21040371804319702
0.21064853037805994
0.13355141082915717
0.06737413978199687
0.02519320260218586
-0.005823521968367752
-0.03950036641993351
-0.08985660108727037
-0.16536795507325952
-0.22530038878483952
-0.18284183619439814
-0.10405214010866344
-0.04830275664114012
-0.01207198133050983
0.01868566712013341
0.05782854383703173
0.11904011354294053
0.19849832645084198
0.21963517131996765
0.1483164417921241
0.07744974552947323
0.03173897688265665
-0.00016163530367493267
-0.03213627072738278
-0.07807551605291195
-0.1492097126795055
-0.22006146748501315
-0.19772013268328842
-0.11821936211439425
-0.05729803108678174
-0.01831842841774966
0.012435729116915768
0.04882497382815424
0.10488691187407667
0.18379227124801775
0.22511853511596513
0.1643770892151602
0.08910428061824267
0.03903452841105738
0.005481282405811937
-0.025567448238235188
-0.06793636705857142
-0.13439165868569514
-0.2112549187447929
-0.20978387732399423
-0.13237882152401015
-0.06659135008781142
-0.024670133299051107
0.006305709636435189
0.040160674711652536
0.09092376116146596
0.16676303966756423
0.22552442258778396
0.18149615078181605
0.10288339712457226
0.04757293770585359
0.011563032859454841
-0.01920070066507955
-0.05857331570050389
-0.12018964654523212
-0.19957236843294984
-0.2190187591251381
-0.1470729005093931
-0.07658220296385208
-0.031186736637904805
0.0006145188576811289
0.03269719459596206
0.07896124028969236
0.15046860350266966
0.22063867649703778
0.19661430470490093
0.11706971437181593
0.05655668452741974
0.017804821843353566
-0.012945479201659529
-0.04955749051104054
-0.1060555956743323
-0.18510775989968997
-0.22483419642818886
-0.1629977985655038
-0.08806452516211391
-0.03839012116124515
-0.005004845810219524
0.02609274730574452
0.06872858673520538
0.13557279178119247
0.21208852301170855
0.2088990482650901
0.13120767177794113
0.06581157437261752
0.02414678253774638
-0.0067925323971970986
-0.04083178687702417
-0.09200903850699393
-0.16816901408603088
-0.22571205175655845
-0.1801311943506631
-0.10171302489695079
-0.04684354263663537
-0.011053534275530776
0.01971790419635456
0.059322288660155355
0.12134253546783808
0.20063081121770265
0.21837851168347847
0.1458344671386782
0.07572223464256446
0.0306375634433177
-0.001069066348733931
-0.03326524862502449
-0.079860732919114
-0.15174035255632587
-0.22119358299792252
-0.19548676716512875
-0.11591662816116538
-0.05581519273316534
-0.01729072984243868
0.013456736446566909
0.0502928010089571
0.10722595395079287
0.18640731669801142
0.22451564377785288
0.16162592714627644
0.08703865442921173
0.037753510618577735
0.004530546436579352
-0.026620826150506396
-0.06952859847225872
-0.13676206316623957
-0.21290549609850634
-0.20799269094945158
-0.13003586998663136
-0.06503337367071814
-0.023622269724911965
0.007284643232695499
0.04151440062698335
0.09311327340970674
0.16958605512975905
0.22586208046850462
0.178746714848657
0.10054072710172919
0.046114267172335424
0.01054309218740486
-0.020237935585436004
-0.0600766370124424
-0.12250058170558673
-0.20167496385102324
-0.21771387322731547
-0.14459915948105057
-0.07486825334052734
-0.03009038351154377
0.0015262140555956233
0.03384164001699117
0.08077584328219584
0.1530270552189707
0.22172594607401516
0.19433576253688237
0.11475839706308547
0.05507249223193373
0.016775521633035105
-0.013969960410661304
-0.05103139345947842
-0.10839859382202763
-0.18769138410260244
-0.22416360883430694
-0.16026093169111738
-0.08602577853315393
-0.03712403604145827
-0.004057824513990019
0.02715237608781427
0.07033745970966347
0.13796079292056102
0.21370604356997114
0.20706406343205416
0.12886227540455145
0.06425597114739635
0.023096181456326012
-0.007782228570391431
-0.04220853647193227
-0.09423618295132505
-0.17101285152167994
-0.2259731736590097
-0.17734389202540712
-0.09936740232512575
-0.045385538793295606
-0.010031805627742606
0.020760979057689487
0.06083686994124454
0.1236645519184441
0.20270509809617304
0.21702476425935224
0.14336613101221984
0.07401948305252155
0.029544633559939533
-0.0019864954042335056
-0.03442709549394976
-0.08170766503525675
-0.15432967596233077
-0.22223487788651886
-0.19316048411489
-0.11359435737544078
-0.05432819060007505
-0.01625901405156087
0.014485194609061319
0.05177318602512063
0.10957322963212887
0.18895941607205968
0.2237790591353232
0.1589032921268857
0.08502580048685467
0.036501544691462856
0.0035865208350985833
-0.027687612859874505
-0.07115547936006374
-0.1391691542314593
-0.2144895296062947
-0.2061132918922501
-0.12768691061094978
-0.063479381513831
-0.02256866350810737
0.008284911518444633
0.04291339404435719
0.09537613585564211
0.17244639594164562
0.2260440575346174
0.17592558221768478
0.09819527304719225
0.0446585888236926
0.009520319489847814
-0.021286684441932803
-0.0616027394752559
-0.12483405159952812
-0.20372042265169282
-0.21631175625007504
-0.1421357630438651
-0.07317600230565689
-0.029000294563724847
0.0024499968946713885
0.03502178674964665
0.08265640914839786
0.155647899735739
0.22271891339371996
0.1919612526562326
0.11242497739712658
0.05358261034547719
0.015741496728859154
-0.015002047187477292
-0.052517505945978774
-0.11074866563323688
-0.1902099284299185
-0.22336331869370907
-0.1575544914974778
-0.08403937120482317
-0.035886363886140825
-0.00311686330027304
0.02822628120040102
0.07198221953463271
0.14038619821486914
0.21525460161180393
0.2051414146266323
0.12651089372536078
0.06270435322352962
0.02204038376975795
-0.008791780922480473
-0.04362738821312187
-0.09653022353167778
-0.1738821686777846
-0.22607376654489214
-0.17449618019372792
-0.09702769734852097
-0.04393533016953441
-0.00900974567623452
0.021814235933729064
0.06237333160409628
0.12600767810585473
0.2047193090124131
0.21557607500581524
0.1409094629701815
0.07233858841371969
0.02845779906564204
-0.002916418788153692
-0.0356253871766095
-0.08362148548984613
-0.1569802804466242
-0.22317620776844233
-0.19073942279263095
-0.11125168110129624
-0.05283666338016733
-0.015223639337878264
0.015519789885823209
0.053263239375413746
0.11192304834743591
0.19144083261458175
0.22291807401116379
0.15621668827759927
0.08306762606074006
0.035279136701426586
0.002649347321136246
-0.028767784070642746
-0.07281669101705507
-0.14161016472351562
-0.2159994877879572
-0.20415018370308502
-0.12533609696029158
-0.06193213123977677
-0.021512368797267235
0.009301548742513762
0.04434837313861052
0.09769463857777658
0.17531469820504222
0.22606185637808426
0.17306109771404882
0.0958686897325232
0.043218059691685094
0.008501464001404405
-0.02234254058777195
-0.06314732791298086
-0.12718342823195683
-0.20569971535554699
-0.21481941684775588
-0.1396892096157942
-0.0715083962260053
-0.02791783142213334
0.003385229384618882
0.0362372516667822
0.08460178211495831
0.1583246588710699
0.2236048038015507
0.1894970311799381
0.11007644535429942
0.05209158520698213
0.014706302991514007
-0.016037551054279394
-0.0540091144006635
-0.1130943226941474
-0.19264995480600028
-0.22244524785171688
-0.154892173122392
-0.08211177900567895
-0.0346805675036937
-0.0021845409737100696
0.029311406982687867
0.07365770041801425
0.14283900942700206
0.2167223861015442
0.2031416617555602
0.12416461213694435
0.0611640968524817
0.02098575161663161
-0.009812801701051171
-0.045074007782823056
-0.0988652814236412
-0.1767383696931061
-0.22600850809948397
-0.1716259741169479
-0.0947222653548262
-0.042509056872678495
-0.007996850385964129
0.02287049231564873
0.06392337685250923
0.12835926352902738
0.20665969833761239
0.21404361572828726
0.13847695769478702
0.07068655101045761
0.02738107016083055
-0.0038558756030217835
-0.03685667682425506
-0.08559607580298809
-0.15967874581881644
-0.22400289113586663
-0.18823627230525955
-0.1089012737465257
-0.05134859739872418
-0.014190304875274416
0.01655455188523258
0.054754041927699365
0.11426076854053129
0.1938355925355304
0.22194676728630572
0.15358276136503152
0.08117268750482896
0.03409114728385104
0.0017228665815455096
-0.02985658035738286
-0.0745042622192038
-0.1440710131893344
-0.21742183663529524
-0.2021177142554514
-0.12299816102826243
-0.06040137750549458
-0.02046149551420231
0.010324283150296501
0.045802170230412796
0.10003844052770586
0.17814826966344996
0.22591448528219543
0.1701958238049994
0.0935917800438746
0.04181018423285682
0.00749700327213991
-0.023397243265640535
-0.06470047940127527
-0.12953368736553444
-0.20759787623632592
-0.21325024776896548
-0.13727405649145386
-0.06987376099091434
-0.026847939262061693
0.004327995000704823
0.037483173383823606
0.08660346540215813
0.16104071347816748
0.2243689835266739
0.18695894372023603
0.10772768864372044
0.05060858900244333
0.013676199352212225
-0.017070322264239046
-0.055497422423419866
-0.11542147200118094
-0.19499695481243512
-0.2214242898415855
-0.15228928767096528
-0.0802505059375534
-0.03351093237432977
-0.0012644164433101568
0.030403111507500108
0.07535596869102111
0.14530531419210985
0.21809697708374032
0.2010795320547544
0.12183760471065584
0.059644528244984
0.019940166022129432
-0.010835130912696833
-0.046531311121405294
-0.10121136561202064
-0.17954084263089248
-0.225780959949614
-0.16877434765508764
-0.09247943924986152
-0.0411225938833711
-0.007002539653589754
0.02392241178344197
0.06547828846075711
0.13070618291916009
0.2085137236152014
0.2124402823414285
0.1360808335750811
0.06907004881390913
0.026318432739765037
-0.0048015728344154955
-0.03811667652744795
-0.0876237083493366
-0.16240963090153349
-0.22470196980400978
-0.1856660171965216
-0.10655637959664552
-0.04987190255452565
-0.01316413400973232
0.01758483901323399
0.056239337593538455
0.1165766075319712
0.19613437213629145
0.22087896738481358
0.1510113341647294
0.07934451473724353
0.03293943196913985
0.0008088491100803966
-0.030951327416199194
-0.07621322354018087
-0.14654222742945694
-0.21874762060164984
-0.2000273104628852
-0.12068267413461996
-0.05889336315001094
-0.01942180761400627
0.011345011259834285
0.04726065655828082
0.10238258908885017
0.1809142000605212
0.22560926986968166
0.16736357939171403
0.0913860915758158
0.04044660884251184
0.006513509286161519
-0.02444617596587741
-0.0662572473252171
-0.13187740329360853
-0.20940763120694925
-0.2116138762356831
-0.13489644398284018
-0.06827466509031792
-0.02579205519685787
0.0052770030217942285
0.03875763574582193
0.08865736512410498
0.16378562203134683
0.22500103755758907
0.18435745954045468
0.10538710166006703
0.049138280195681706
0.012653817366898884
-0.01809855193742104
-0.0569805797793842
-0.11772746271234355
-0.19724923232802538
-0.22031131674275092
-0.14974725350618906
-0.07845316028520986
-0.03237562767004061
-0.00035538897921557483
0.03150209541483227
0.07707728466473983
0.14778327850872147
0.21937414942388236
0.19896016492695257
0.11953197858607979
0.058146970529511975
0.018905950053023556
-0.011854121233818155
-0.04799021802591473
-0.10355193034867904
-0.18226803240171474
-0.2254006892555411
-0.16596393132430626
-0.0903113338609885
-0.03978179394674649
-0.006029440083103403
0.02496923507592399
0.06703853827831852
0.1330490751979693
0.21028073248116708
0.2107703663987636
0.13371901045193585
0.06748619636645253
0.025267889161877832
-0.005755037548969843
-0.039406957306093296
-0.08970570639917497
-0.16516969952613586
-0.2252655091026453
-0.18303235998996145
-0.1042188491007731
-0.048406981829794346
-0.012144604848279734
0.01861229294059618
0.05772251465828454
0.11887620537341193
0.19834367041332096
0.2197212356173368
0.14849447097156732
0.07757428616483371
0.03181811429767222
-9.707469458473256e-05
-0.03205672051170901
-0.0779501110397858
-0.14903095337747013
-0.21997726604292162
-0.19787629988522076
-0.11838327614464458
-0.057403897700503644
-0.018391734847461663
0.012363067578673143
0.0487206207085415
0.10472020644498252
0.18360318468592435
0.22515628296041357
0.16457459234536226
0.08925387135444304
0.03912718116933244
0.005549493620684756
-0.025492654748707183
-0.06782386015751099
-0.13422364945788184
-0.211134556062329
-0.20990846425201612
-0.1325460084248085
-0.06670283265516991
-0.02474476930312866
0.006236635962738775
0.04006580834385306
0.09077039600386876
0.16656330934288366
0.22549465397813565
0.18168934348643856
0.10305026121222345
0.04767704478067154
0.01163568098478774
-0.01912709098077015
-0.05846681123390732
-0.12002545141828352
-0.1994200949801162
-0.219108164479367
-0.14724998760584013
-0.07670549527546186
-0.031265325165348426
0.0005498149872238262
0.03261674556232193
0.0788340526748645
0.15028822916738888
0.2205576731946829
0.19677338802334968
0.11723393273594154
0.05666245422828863
0.017878125523729513
-0.01287265901018177
-0.0494528043292075
-0.10588874166221832
-0.18492103098928475
-0.22487688088218294
-0.16319415049682237
-0.08821202288615276
-0.0384815822536615
-0.005072686699321996
0.026017636655714608
0.06861509053910994
0.1354037858532462
0.21197059726201745
0.2090266067909829
0.13137479874060087
0.06592272734448588
0.0242215214137878
-0.006722748516694091
-0.04073532327040999
-0.0918530151353278
-0.167967689570206
-0.22568754634315086
-0.18032718024221672
-0.1018801635608669
-0.04694762257193289
-0.011126294814086064
0.019643935260876415
0.059215099819404704
0.12117773075749375
0.20048066190769534
0.21847136024763994
0.1460109696517376
0.0758445599916487
0.030715790479319084
-0.0010040596967967746
-0.033183698924681856
-0.07973145284322965
-0.15155799281181703
-0.22111576231425636
-0.1956490740684159
-0.116081462745828
-0.05592106198646277
-0.017364150572082217
0.01338366454968113
0.05018767462486266
0.10705880545073405
0.18622281305816907
0.2245631692692011
0.16182127505657798
0.08718424231578273
0.03784391051169384
0.004598125187256684
-0.026545266397399223
-0.06941390971518208
-0.1365917904052953
-0.21278991155756244
-0.20812338486556098
-0.13020318544141624
-0.06514436704613556
-0.023697212153961186
0.007214080876543051
0.041416276375288656
0.09295453220354388
0.16938319296847126
0.22584302097207817
0.178945452209023
0.10070811622554618
0.04621832258816366
0.01061599395046333
-0.020163539569155654
-0.05996863263561968
-0.12233496740569977
-0.20152681152208043
-0.21781022100985453
-0.1447752965354559
-0.07498979208966934
-0.030168373404053955
0.0014607933776019794
0.033758843512311995
0.080644247707753
0.15284247325767225
0.2216513817199366
0.19450149286216964
0.11492403292671013
0.05517857487896651
0.01684912411125742
-0.013896594729199407
-0.05092578941049464
-0.10823111490699702
-0.18750910031705054
-0.22421586041127614
-0.1604552941799603
-0.0861695370528344
-0.037213439181016016
-0.004125197611347636
0.027076296167505474
0.07022147085590622
0.13778913198718562
0.21359282272191743
0.20719794948166392
0.12902987304578334
0.06436686843725055
0.023171353046018382
-0.007710894603317683
-0.042108797296750204
-0.09407484446184636
-0.1708087417663332
-0.2259597523642454
-0.17754511177916427
-0.09953483236790452
-0.045489459139676426
-0.010104800941060275
0.020686162304893604
0.06072802345699787
0.12349808966426637
0.20255897120478883
0.21712458519532155
0.14354194726781933
0.07414029249331684
0.02962243280709704
-0.0019206120084917858
-0.03434298206680551
-0.08157365109998438
-0.15414281210543931
-0.22216373506291287
-0.1933296853318789
-0.11376081918117922
-0.05443449807077906
-0.01633279477903031
0.01441155643086316
0.05166715356068105
0.10940551938454263
0.18877949197286198
0.22383587867450236
0.15909653531324586
0.08516769409357577
0.03658994124797468
0.003653685779159699
-0.027611012308597936
-0.07103819421169093
-0.13899615285458206
-0.21437881207749926
-0.2062502946751006
-0.12785471546664282
-0.06359013230202948
-0.022644009197089664
0.008212894537925175
0.042812205118623825
0.09521251612907486
0.1722415689430658
0.22603644314154447
0.17612877503082056
0.09836234952797943
0.04476215173666079
0.009593284481339955
-0.02121152842805009
-0.06149313114807824
-0.12466686595732598
-0.20357649312740106
-0.21641492677651816
-0.14231113352394623
-0.07329602279993834
-0.029077874778480145
0.00238366460271712
0.034936365149080974
0.08251999996482308
0.15545887480757542
0.22265143008885627
0.19213381055323625
0.1125921329650411
0.05368905588886116
0.015815387759430817
-0.014928216512704949
-0.05241117325622028
-0.11058094346535557
-0.1900326231663942
-0.22342449377667162
-0.15774635187102443
-0.08417926923594415
-0.035973682748912654
-0.003183767404451157
0.028149221600221
0.07186374080945215
0.14021205150110494
0.2151466144535687
0.20528133514716146
0.12667868953403583
0.06281481311082729
0.022115781291270023
-0.008719238931920274
-0.04352501712662698
-0.09636480446884846
-0.1736773442153276
-0.22607206903600308
-0.17470064087818332
-0.09719388712430561
-0.04403823069207794
-0.00908249956913696
0.021738879512904034
0.06226312426670264
0.1258400177699146
0.20457784596712292
0.21568238521941135
0.14108413910819143
0.07245767707387973
0.028535077554590296
-0.0028496989912420376
-0.03553872882161048
-0.0834828055423642
-0.15678935659330057
-0.22311266064216967
-0.190915091724448
-0.11141928208664423
-0.05294308970966136
-0.015297528220341187
0.015445884657275678
0.0531567827118092
0.1117556032508521
0.19126646269638514
0.222983345210841
0.15640683559202379
0.08320535134357067
0.035365275849316265
0.0027159103782709235
-0.028690363753375393
-0.07269718163801633
-0.14143515513262422
-0.21589449509471859
-0.2042927418322697
-0.12550358934284073
-0.06204210502693579
-0.021587658669338483
0.009228679744688863
0.04424514759849047
0.09752799714572834
0.17511068617052672
0.2260661018041081
0.17326601991653992
0.0960334036897668
0.04331996125948463
0.008573803421784376
-0.022267147107945234
-0.06303672102763626
-0.12701559525919143
-0.20556101617945
-0.21492860734119706
-0.13986289601800728
-0.0716263802777102
-0.02799470464922873
0.0033182044638923186
0.03614945872931023
0.0844610072645691
0.15813216664326804
0.22354546862359276
0.18967549757163674
0.110244195259712
0.05219780876676556
0.01478006392092291
-0.01596369556416494
-0.053902712089543045
-0.11292743991328993
-0.19247881398738662
-0.2225143343045409
-0.15508029577839672
-0.08224717042201733
-0.034765433330450915
-0.002250685854406888
0.02923372514505683
0.07353732761599982
0.14266342289742256
0.21662063191732261
0.20328656305559029
0.12433151186177749
0.061273394187059085
0.021060776299482838
-0.009739804221552167
-0.04497025795451888
-0.09869799441775293
-0.1765359470522621
-0.22601863237595765
-0.17183057222094156
-0.09488495657250584
-0.042609651104924644
-0.00806859003659801
0.022795209764514594
0.06381255021593431
0.1281915282589169
0.20652401543210183
0.21415543133772558
0.13864940006484408
0.07080328723850979
0.027457451599687738
-0.0037886174118354973
-0.036767842588179216
-0.08545337049009694
-0.15948499647290915
-0.22394800930411635
-0.18841723501507762
-0.10906890536848594
-0.05145445756364532
-0.014263832787004424
0.01648084280705899
0.0546478256601819
0.11409465363656149
0.19366787616508946
0.22201940413716376
0.15376865056989714
0.08130565922276749
0.03417469213843573
0.0017885496131543888
-0.029778699893274745
-0.07438313880152958
-0.14389505322081
-0.21732349693703923
-0.20226472383924124
-0.12316426555896866
-0.06050986643331592
-0.02053613749195956
0.010251317023641768
0.04569817083137934
0.09987098995385418
0.17794806657658763
0.22593034929569014
0.17039944957905423
0.0937520312859919
0.04190924364399913
0.007568012225412993
-0.023322167895144016
-0.0645895411905795
-0.12936621132591358
-0.20746535888378484
-0.213364493731273
-0.13744511764159795
-0.06998918579309642
-0.02692379174574032
0.004260536752045255
0.03739334551432857
0.08645892405023492
0.16084592055185845
0.2243187439050521
0.18714218900363655
0.10789502989466918
0.050713988911500925
0.013749437766058623
-0.016996801449738193
-0.05539143892025512
-0.11525619277044957
-0.19483270912792183
-0.2215002668732198
-0.15247289768073483
-0.08038108764966324
-0.033593180465202876
-0.0013296496426819931
0.030325030214435722
0.07523410673038186
0.1451290363099715
0.2180021333377163
0.2012285357262829
0.12200285693038565
0.05975217289878898
0.020014374958026653
-0.01076228859330199
-0.04642723852997864
-0.10104406963957531
-0.17934326737964412
-0.22580238041721765
-0.16897657099612712
-0.09263701742916661
-0.04122000411919607
-0.0070727640031450975
0.023847564569809035
0.06536724105484884
0.13053896963891937
0.20838438947283747
0.21255686723802794
0.13625053817299929
0.0691842063307655
0.026393787069825002
-0.0047338918572320705
-0.03802583335815826
-0.08747731733038816
-0.16221386292278028
-0.22465650970041912
-0.18585146690159357
-0.10672338989127368
-0.0499768307039603
-0.013237089287309184
0.017511480134751404
0.05613353053341427
0.11641206863492873
0.19597348086727412
0.22095815752786768
0.15119280360756154
0.07947286334531911
0.033020487494340854
0.0008737088999170375
-0.030872964664427967
-0.07609051196741556
-0.14636551017722732
-0.21865626036055302
-0.20017834724663588
-0.12084718430393662
-0.059000236808038294
-0.019495610207908035
0.01127230651142953
0.047156571272999076
0.10221557505635655
0.18071941937999636
0.2256360550703039
0.16756421457623455
0.09154095778790947
0.04054237376273127
0.006582976263497263
-0.02437149731832631
-0.06614597902936392
-0.13171028862041212
-0.2092813727822762
-0.21173282995528608
-0.13506498202080863
-0.06838770737528323
-0.025867010763126454
0.005209018830566431
0.03866568223556839
0.08850899623749696
0.16358879961669265
0.22496046026140795
0.18454517840922752
0.1055538693870103
0.0492428073901827
0.01272655590413687
-0.018025264139111
-0.05687479615729974
-0.11756341860213793
-0.19709144225605682
-0.2203936861464346
-0.14992688387316466
-0.07857954152120832
-0.03245566402659166
-0.00042000980350589967
0.03142329704548087
0.07695349556129666
0.1476058368167038
0.21928619161540258
0.19911342330046936
0.11969600601344026
0.05825324227113255
0.0189794412249899
-0.011781496899663478
-0.04788607516546992
-0.103385153543115
-0.18207600703937965
-0.22543266798253592
-0.16616300677022278
-0.0904636107213638
-0.0398760147950137
-0.0060982440413599945
0.024894598143711498
0.0669268420275607
0.1328817579987357
0.21015735440327654
0.2108918283473758
0.13388670051541984
0.06759835697401216
0.025342597043481213
-0.005686625716644786
-0.03931374229959268
-0.08955514475748425
-0.16497163843455936
-0.22522991036583645
-0.18322251869182862
-0.10438555095648185
-0.048511234547482095
-0.012217234136908763
0.018538940353072502
0.05761653363852419
0.11871230760086553
0.19818864797793045
0.2198068320567056
0.14867266887372782
0.07769903184713128
0.03189734775234024
-3.251979603161037e-05
-0.031977280286513414
-0.07782493239135035
-0.14885238974411374
-0.21989260267465977
-0.19803207926235544
-0.11854717686700952
-0.05750979730134171
-0.01846505350247045
0.012290419248351666
0.04861630392084744
0.104553506398642
0.18341374594793508
0.22519331839791165
0.16477227650014992
0.0894037798111489
0.039220017305004184
0.005617768612800007
-0.02541789327375813
-0.06771147391715471
-0.13405575410486076
-0.21101383201181106
-0.21003264454399334
-0.13271323106589594
-0.06681438100705657
-0.02481940228924661
0.006167654630815478
0.039971159746559376
0.09061739700265162
0.16636379985118843
0.22546414753871255
0.1818821449081448
0.10321709330440156
0.04778116156626751
0.011708319186202118
-0.019053523437054035
-0.05836038870805437
-0.11986131909877351
-0.19926749982500777
-0.2191970862860408
-0.14742718477928307
-0.07682894663687828
-0.03134397939712851
0.00048514216939719856
0.03253643807270277
0.07870713982932714
0.15010811026339257
0.22047621633436984
0.19693203466583634
0.11739808631161987
0.05676822423139218
0.01795142126719816
-0.012799868062493804
-0.049348173462826925
-0.10572191973822123
-0.18473397611546988
-0.22491886660779284
-0.1633906553629585
-0.08835980612851833
-0.038573204151813645
-0.005140572825748681
0.02594258050048624
0.0685017497877871
0.13523494159037847
0.21185233213878613
0.20915372928583137
0.1315419159395632
0.0660339147723459
0.024296237914581194
-0.006653071691775786
-0.04063909369260394
-0.0916973784317662
-0.16776659401309585
-0.22566227923649318
-0.1805227653723769
-0.10204726054757728
-0.04705170378573429
-0.011199035912070658
0.019570023311640924
0.0591080188677445
0.12101302870584854
0.2003302207371508
0.21856371249134948
0.1461875383942846
0.07596700958248088
0.03079405978951301
-0.0009391043967458546
-0.0331023168211178
-0.07960248750662538
-0.15137593462683185
-0.22103748515729366
-0.19581090559815056
-0.11624619459691626
-0.056026907826366386
-0.017437549141704263
0.0133106325426579
0.050082615268209285
0.10689170418391818
0.186037995560442
0.2246100102121627
0.1620167616364139
0.08733009512122865
0.037934456171602314
0.004665736533319323
-0.026469776685048987
-0.06929940024142817
-0.13642170972153866
-0.21267399442671805
-0.20825362497214028
-0.13037046432139832
-0.06525537662341517
-0.02377212207210909
0.007143631098145236
0.041318389081413734
0.09279617603008522
0.16918053827132715
0.22582317246427477
0.1791438076895251
0.10087547789450917
0.046322385510750005
0.010688876607515808
-0.020089205937231614
-0.059860748849431544
-0.12216947495390999
-0.20137837614418636
-0.2179060688427768
-0.14495147879665485
-0.07511143664733971
-0.030246392425167495
0.0013954362893771333
0.03367623111103889
0.08051299185903571
0.1526582164305812
0.2215763445907039
0.19466672791579484
0.11508954905595153
0.05528462391820414
0.016922699237903953
-0.013823271177219869
-0.050820252567560974
-0.1080636802560147
-0.18732649449898348
-0.22426744602919757
-0.16064980196168144
-0.08631355617412205
-0.037302983476806426
-0.004192598856148762
0.02700029214385368
0.07010566989135292
0.1376176701338279
0.21347925855631633
0.20733138146224045
0.1291974311798702
0.0644777799589334
0.023246493479837857
-0.007639667188459022
-0.0420092812024615
-0.09391386172919305
-0.17060478291851588
-0.2259455152122935
-0.17774600305735838
-0.09970227668823355
-0.04559340994996302
-0.010177788830246594
0.020611402251406175
0.06061929458092219
0.12333174435178341
0.20241254774334258
0.21722391577830685
0.14371781331413322
0.07426120717946262
0.029700259398442994
-0.0018547951594695689
-0.03425905778242404
-0.08143998366672388
-0.15395627046347354
-0.22209209079713715
-0.19349839460628093
-0.11392716783282819
-0.05454077667671117
-0.016406552871832528
0.014337953455792116
0.0515611759918989
0.10923783112868027
0.18859921753165798
0.22389205806526002
0.1592899518504531
0.08530986002790941
0.03667848463208507
0.003720882671593387
-0.027534483526577697
-0.07092108976059382
-0.13882333376946054
-0.21426772498917274
-0.20638686229549713
-0.12802250123168213
-0.0637009110169179
-0.022719336214358087
0.008140966728291121
0.042711208740237004
0.09504919572972424
0.17203680379167038
0.2260279916438364
0.17633172568201805
0.09852950660703368
0.04486578285998538
0.009666263848802398
-0.021136413371450443
-0.06138362308605462
-0.12449977057647182
-0.20343223515789471
-0.21651763042398928
-0.1424865806668048
-0.07341616319195274
-0.029155490360977053
0.0023173934774005298
0.034851127034998666
0.08238392689460539
0.15527014486355628
0.22258340810748864
0.19230590196402472
0.11275920265731078
0.053795490130353944
0.015889269191843483
-0.01485440666939098
-0.05230487329643661
-0.1104132062136772
-0.1898549253309697
-0.22348506228234544
-0.1579384290914474
-0.08431946244550595
-0.036061161329372086
-0.0032507133074158867
0.028072221991669068
0.07174542329555923
0.14003805214802617
0.21503822174860973
0.20542085518373415
0.12684650367312145
0.06292532584178938
0.022191180706623376
-0.008646760281115665
-0.04342279551086585
-0.09619960813239681
-0.17347247065938842
-0.22606952344972547
-0.17490496885974297
-0.09736023921443283
-0.04414124623166751
-0.009155295934047646
0.021663541848545825
0.06215299047055174
0.1256724070394128
0.20443601259720828
0.21578826263423045
0.1412589322593565
0.07257690923154843
0.028612405359434295
-0.0027830296065487203
-0.03545224100731275
-0.0833444394253177
-0.1565986841660519
-0.22304853450527043
-0.19109033513655055
-0.11158683736430049
-0.05304952993595531
-0.015371425169477385
0.015371982235611883
0.05305033233550229
0.11158810022260868
0.1910916545056372
0.22304804893215385
0.15659724783141077
0.08334339760947158
0.03545158970701534
0.002782527242237258
-0.02861298844549469
-0.0725778085505418
-0.14126025029534223
-0.21578905909113252
-0.20443494205333676
-0.1256711437782026
-0.062152160561376776
-0.021662974025939835
0.0091558448305222
0.044142023191643814
0.09736149377771558
0.17490650855742043
0.22606950104220497
0.1734709261590137
0.09619836374259035
0.04342202553930207
0.008646214181027748
-0.022191749073410375
-0.06292615908765635
-0.12684776872618
-0.20542190536362626
-0.2150374031479855
-0.14003674109877678
-0.07174453202763938
-0.028071641794295818
0.003251218106472359
0.03606182135230873
0.08432052034673392
0.15793987779382232
0.22348551653668336
0.18985358435375743
0.11041194175223208
0.05230407213076436
0.014853850369039544
-0.01588982607482226
-0.05379629239074615
-0.11276046170564591
-0.19230719742146046
-0.2225828933201544
-0.15526872333288172
-0.0823829024455442
-0.03485048520239101
-0.002316894154771633
0.029156075564666456
0.0734170692695785
0.14248790348235463
0.2165184028302069
0.20343114649430774
0.12449851135113775
0.06138279799297423
0.02113584730968443
-0.009666814019485177
-0.04486656428453438
-0.09853076693156657
-0.17633325458755392
-0.22602792476299488
-0.17203526052435034
-0.09504796576630023
-0.042710448164748956
-0.00814042487627998
0.022719903959465784
0.06370174617613777
0.12802376593329223
0.20638789009271638
0.21426688621243886
0.1388220317448039
0.07092020770739833
0.027533906920945317
-0.0037213893268339543
-0.03667915263449767
-0.0853109327157293
-0.15929141048751905
-0.22389247910915014
-0.18859785728866504
-0.10923656717331645
-0.05156037733784611
-0.01433739876725227
0.016407108778054038
0.05454157770113552
0.11392842134873311
0.19349966447938427
0.22209154884383986
0.15395486552406717
0.08143897738547307
0.03425842587162576
0.0018542992790221771
-0.029700846165284824
-0.074262119042786
-0.14371913919224316
-0.21722466267361168
-0.20241144287166465
-0.12333049087498694
-0.06061847542271741
-0.020610838922291187
0.01017833898554188
0.04559419364559594
0.09970353893386398
0.17774751612211281
0.22594540480222822
0.17060324605695887
0.09391264959257338
0.04200853189587259
0.007639130678314086
-0.023247059774723952
-0.06447861607239813
-0.12919869409576445
-0.20733238555759242
-0.21347840120195027
-0.1376163783958476
-0.07010479768590082
-0.026999719506196583
0.004193107040128156
0.03730365900601845
0.08631464279215116
0.16065126872522661
0.2242678323496503
0.18732511678277436
0.1080624182903607
0.05081945727819699
0.013822718618121732
-0.016923253750467663
-0.05528542319939156
-0.11509079627963328
-0.1946679715958403
-0.22157577716655627
-0.15265682871579203
-0.08051200372410698
-0.033675609066004975
-0.0013949438600814185
0.030246980653356008
0.0751123540209235
0.14495280705011254
0.21790678945348008
0.20137725615010021
0.12216822791598408
0.05985993606721827
0.02008864584009743
-0.010689425929278816
-0.04632316997030827
-0.10087673936852526
-0.17914530144915605
-0.22582301985823156
-0.16917901144255132
-0.09279498379354897
-0.04131765209926063
-0.007143100468455281
0.02377268662847679
0.06525621348955894
0.13037172515232265
0.2082546050147568
0.21267311936994285
0.13642042835942636
0.06929853773280789
0.0264692078983561
-0.004666246321076532
-0.037935139270646775
-0.0873311955843066
-0.16201823576116287
-0.22461036069839524
-0.18603660119570092
-0.10689044473550004
-0.05008182357294113
-0.01331008216942145
0.017438102346650473
0.056027705619883905
0.1162474359815601
0.19581212370554446
0.22103689336654586
0.1513745633868975
0.07960151653669177
0.033101703983563734
0.0009386149464407079
-0.030794649958390707
-0.07596793310091765
-0.14618886965001177
-0.21856440676993089
-0.2003290855815814
-0.12101178754476288
-0.059107212083713584
-0.019569466368839494
0.011199584169457006
0.04705248836541527
0.10204851998202957
0.1805242381888843
0.2256620858875727
0.1677650790067913
0.09169620669178881
0.0406383691897379
0.006652546863844762
-0.024296801055312563
-0.06603475305396114
-0.13154317566150608
-0.20915468590053143
-0.21185143935070075
-0.13523366942540987
-0.06850089599368975
-0.025942014919839336
0.005141084735486284
0.03857389542415046
0.08836092122692193
0.16339213722439155
0.22491918044195522
0.18473256483268286
0.10572066233241012
0.04934738494954796
0.012799319463372115
-0.017951973753837357
-0.05676902154749212
-0.11739932348767368
-0.19693322891754522
-0.22047560058115417
-0.1501067534600707
-0.07870618417515417
-0.03253583323397314
-0.0004846547689533881
0.03134457255975357
0.07682987784406975
0.14742852094568742
0.21919775475636144
0.1992663483124809
0.11986008207489149
0.058359586784859946
0.01905296903123417
-0.011708866707050972
-0.04778194645056432
-0.10321835078604336
-0.18188359678505656
-0.22546391478409916
-0.16636229676112801
-0.0906162450616786
-0.03997044709574475
-0.0061671349870936615
0.024819964876558607
0.06681522213200629
0.13271449176060887
0.21003357909438317
0.2110129206000409
0.1340544889068509
0.06771062718340946
0.025417329827354083
-0.005618283525688977
-0.03922071781790537
-0.08940491105462427
-0.16477376736075378
-0.22519359486381735
-0.18341231659263207
-0.1045522498077946
-0.04861551770156846
-0.012289871662261573
0.018465606239710438
0.05751059572053145
0.1185484123355252
0.19803325208750824
0.2198919627154102
0.14885104443486735
0.07782398962440547
0.03197668186446066
3.203318716744896e-05
-0.03189794539801414
-0.07769997298837888
-0.14867401280971326
-0.21980747551940227
-0.1981874779949365
-0.11871107214344363
-0.057615734913635634
-0.01853838748842704
0.01221778165150502
0.04851202052620543
0.10438680755415511
0.18322395075051562
0.22522963929449222
0.16497014615857025
0.0895540110613889
0.039313040364093915
0.005686110289958739
-0.02534316028861324
-0.06759920286046647
-0.1338879649424619
-0.21089274252967904
-0.21015642286514705
-0.13288049694914467
-0.06692600034740581
-0.02489403554168452
0.006098763018957665
0.03987672583952047
0.09046475995050653
0.1661645082300861
0.22543290626529705
0.18207455807684947
0.10338389626940585
0.04788529018347404
0.01178094943102144
-0.01897999534391751
-0.05825404362797856
-0.11969724264318823
-0.1991145773029671
-0.21928552676483284
-0.14760449973249057
-0.07695256308617605
-0.03142270334179169
0.00042049700860789796
0.03245626784712803
0.07858049517906604
0.1499282388417852
0.22039430532587911
0.1970902512208887
0.11756218183741737
0.05687399879026388
0.0180247116824378
-0.012727104306344408
-0.049243595514026864
-0.10555512658906549
-0.18454659218492792
-0.22496015171573872
-0.16358731656320316
-0.08850787894032461
-0.03866498971823506
-0.005208506552740071
0.02586757596591526
0.06838856004842261
0.135066253035536
0.21173372532861034
0.2092804194123234
0.13170902890839037
0.06614514044440632
0.024370934319947357
-0.006583500303256648
-0.04054309652054419
-0.09154212663425125
-0.16756572785318047
-0.22563625411940008
-0.18071794958478463
-0.10221431593396359
-0.0471557866783832
-0.01127175839076798
0.019496166739867586
0.05900104281339095
0.12084842474403477
0.20017948463815727
0.21865556980703607
0.14636417836440885
0.07608958746565998
0.030872374144934406
-0.000874197991400455
-0.03302109910540524
-0.07947383199915481
-0.1511941726363017
-0.22095875274644458
-0.19597226629089315
-0.11641082797530476
-0.05613273288583358
-0.017510927079056465
0.013237639372235457
0.04997762190628692
0.1067246489976722
0.18585286363971798
0.22465616439918124
0.16221238774190627
0.08747621484676871
0.03802514914224984
0.004733381808215191
-0.02639435534793837
-0.06918506751745801
-0.13625181812238155
-0.2125577448017536
-0.208383412832437
-0.13053770905490017
-0.06536640404706354
-0.023847000249173154
0.0070732937860895455
0.04122073930963342
0.09263820674373589
0.16897809620433202
0.22580253892579094
0.17934177655054734
0.10104280841293219
0.04642645403453459
0.01076173942328617
-0.020014934586665444
-0.05975298478269784
-0.12200410306566853
-0.20122965785368666
-0.21800141649756832
-0.14512770769810646
-0.07523318854092119
-0.030324441752706544
0.00133014160655881
0.033593801142009466
0.08038207325283651
0.15247428296614252
0.2215008378262795
0.1948314691634175
0.11525494643688071
0.055390639885519954
0.016996247141357106
-0.013749990005244569
-0.05071478368638287
-0.1078962915091359
-0.18714356912046273
-0.22431836263884186
-0.16084445271816192
-0.0864578354716895
-0.03739266892058655
-0.004260028354229749
0.026924363814130773
0.06999005658570312
0.13744640787438167
0.2133653536453115
0.20746435822324044
0.12936494871886728
0.06458870497729885
0.02332160184484696
-0.007568547914969137
-0.04190999123536772
-0.09375324067525011
-0.1704009851891164
-0.22593046581456844
-0.1779465560967629
-0.0998697276853795
-0.04569738695368429
-0.010250766950323759
0.020536700377454763
0.060510684690173566
0.1231655181310977
0.20226583091126782
0.21732275376274837
0.14389372699060599
0.07438222615483452
0.02977811292439888
-0.0017890449909188783
-0.0341753226242447
-0.08130666289124758
-0.1537700530588536
-0.22201994981728124
-0.19366661002079388
-0.11409340099888406
-0.054647024870160966
-0.016480287085096496
0.01426438719349685
0.0514552557766033
0.1090701691108098
0.1884185978420782
0.22394759313261864
0.15948353658658743
0.08545229577726152
0.03676717349383907
0.003788110526584322
-0.027458027651860305
-0.0708041679087422
-0.1386507006744943
-0.21415627284971112
-0.20652299095730786
-0.12819026374736506
-0.06381171487707503
-0.022794642186589942
0.008069131181864315
0.04261041017005792
0.09488618417287259
0.17183211486041122
0.22601870553815595
0.17653442012998427
0.09869673360578952
0.04496947608449962
0.00973925398303642
-0.02106134202172636
-0.061274218488622155
-0.12433277035205859
-0.20328765413453098
-0.21661986307652428
-0.1426620995588655
-0.07353642066594904
-0.029233139692750924
0.0022511847028533344
0.034766073764961415
0.08224819231121877
0.15508171502832502
0.22251485308875601
0.19247752209974325
0.1129261815671423
0.05390190994925786
0.01596313877872685
-0.014780620037502412
-0.05219860964543703
-0.1102454597684952
-0.18967684143457852
-0.2235450190004241
-0.1581307163827332
-0.08445994717943954
-0.036148797526064654
-0.0033176993681999847
0.02799528437195537
0.07162727029335059
0.13986420589192478
0.2149294289373623
0.2055599690820363
0.12701433013561353
0.06303588742835699
0.02226657876354165
-0.008574348998968993
-0.04332073002913688
-0.09603464626803287
-0.17326756459937043
-0.22606613059467878
-0.17510914765944888
-0.09752674149610026
-0.04424436985003715
-0.00922813057552524
0.02158822631244178
0.06204293433521922
0.1255048521595627
0.20429381509751768
0.21589370195998325
0.14143383628400358
0.07269628127812754
0.028689780319973754
-0.0027164123432922432
-0.035365925840339575
-0.0832063907530336
-0.15640826995477108
-0.22298383508359793
-0.1912651466073359
-0.11175434080634704
-0.053155980250578855
-0.015445327560060014
0.015298085235656761
0.05294389201896977
0.11142054531288394
0.19091641432571704
0.22311217941198827
0.15678791833741954
0.08348176134696757
0.035538076227678225
0.002849196240375544
-0.028535660277151403
-0.07245857532493871
-0.14108545628553595
-0.21568318495902755
-0.2045767781912301
-0.12583875411092862
-0.06226229378743153
-0.021738311536046766
0.00908304816143616
0.044039006811460474
0.09719514051021023
0.17470218163904616
0.22607205301863187
0.17367580002179106
0.09636355835522306
0.04352424600285311
0.008718692338950361
-0.022116349656244108
-0.0628156459736521
-0.1266799544719699
-0.2052823883676812
-0.21514579888923813
-0.14021073931897382
-0.07186284831357727
-0.028148640942921348
0.003184271894744524
0.03597434157596077
0.08418032492611302
0.157747798964736
0.22342495262340822
0.19003128512351952
0.11057967909500899
0.05241037183006978
0.014927660046152355
-0.015815944723455915
-0.05368985824655567
-0.1125933926797753
-0.19213510954577168
-0.22265091934058154
-0.15545745103329356
-0.08251897297271046
-0.03493572192794246
-0.0023831648143334896
0.029078459721911087
0.0732969279847629
0.1423124557807228
0.2164157027180822
0.2035754069188407
0.12466560603253722
0.06149230528672757
0.021210962046886633
-0.0095938345575735
-0.04476293267053966
-0.09836360928602231
-0.1761303058158583
-0.22603638256165082
-0.17224002515424439
-0.09521128387252473
-0.042811443071323084
-0.008212352001723426
0.02264457709222182
0.0635909672616675
0.12785598032851303
0.2062513257675361
0.21437797606908562
0.13899484944115514
0.07103731078875775
0.027610435157387155
-0.0036541921975201744
-0.03659060814896673
-0.08516876473850138
-0.15909799266368702
-0.22383630455998793
-0.1887781343509395
-0.1094042552467683
-0.051666354483150996
-0.014411001470977403
0.016333350860873178
0.054435299319079644
0.11376207355956756
0.19333095892127272
0.22216319687129843
0.15414140472869492
0.08157264220563161
0.034342348729953204
0.001920115625633878
-0.029623019369687212
-0.07414120356741313
-0.14354327277952547
-0.21712533579591725
-0.20255786855593894
-0.12349683529709024
-0.060727203406562846
-0.0206855985424316
0.010105351161546969
0.04549024262235712
0.09953609453555115
0.17754662735809318
0.22595964809059818
0.17080720372743258
0.09407362962017474
0.04210804629647547
0.007710357283584601
-0.023171919579577895
-0.06436770444672439
-0.12903113626436186
-0.20719895700480473
-0.21359196794524435
-0.13778783874581216
-0.07022059723449772
-0.027075722958180323
0.004125705583017992
0.037214113646554164
0.08617062170858006
0.1604567598578007
0.22421625176359777
0.18750772501828414
0.10822985260080445
0.05092499361124128
0.013896041851273265
-0.016849678829832942
-0.05517937441193714
-0.11492528104997124
-0.1945027402707959
-0.2216508178472981
-0.15284108309787311
-0.0806432570207855
-0.033758220085466945
-0.0014603004731598215
0.030168961408560832
0.07499070866043309
0.14477662444352185
0.21781094539051887
0.20152569366040898
0.1223337194533746
0.05996781894718674
0.020162979001798025
-0.010616543419403539
-0.046219106998903504
-0.10070937792142498
-0.17894694886637702
-0.22584287429854275
-0.1693816645550951
-0.09295333705669145
-0.04141553760425711
-0.007213549398289644
0.02369777695284472
0.06514520378443191
0.1302044465396028
0.20812436832367526
0.21278903900694876
0.13659050760588254
0.06941304586422457
0.02654469708873345
-0.0045986347245221375
-0.037844592506432725
-0.08718534077484724
-0.16182274813350978
-0.22456352492416265
-0.18622142106075107
-0.1070575456500082
-0.05018688242785341
-0.013383113879459972
0.01736470393857899
0.05592185994693123
0.11608270488941512
0.19565029574263954
0.2211151739593865
0.15155661931830633
0.07973047951889153
0.03318308483562453
0.0010035698684522504
-0.03071638031935485
-0.07584548255870999
-0.14601230039001617
-0.21847205826257238
-0.20047952896314444
-0.12117648883920146
-0.059214292233003105
-0.019643377894295266
0.011126843215229523
0.04694840714094478
0.10188142330998748
0.18032865608122933
0.22568735872183437
0.16796617283534948
0.09185184048656983
0.04073459700913362
0.006722222887607696
-0.024222084714844078
-0.0659235653524366
-0.13137605851578632
-0.20902756667904532
-0.2119697070404283
-0.13540251249162996
-0.06861423558968968
-0.026017070674938816
0.005073198259304874
0.038482272303249396
0.08821313581736245
0.1631956311930704
0.2248771999906511
0.184919622174828
0.10588748402663599
0.04945201540776636
0.0128721101981975
-0.017878678060519376
-0.05666325152629648
-0.11723517037530248
-0.19677458554216276
-0.22055706086229457
-0.15028687046825553
-0.07883309497407519
-0.032616139672651034
-0.0005493273654018083
0.03126591781772363
0.07670642526120566
0.14725132291378357
0.21910883658644625
0.1994189459135839
0.12002421394683248
0.05846600870979699
0.019126536267285194
-0.011636228573205079
-0.04767782958405984
-0.10305151892471523
-0.1816907983019908
-0.22549442677380688
-0.16656180459874606
-0.09076924131827802
-0.04006509406287797
-0.006236115632694078
0.02474533190092109
0.0667036732647578
0.1325472688220239
0.2099094018501535
0.2111336473896579
0.13422238343029738
0.06782301253479574
0.02549209107422249
-0.005550008041889671
-0.03912788028660148
-0.08925500018387356
-0.16457608182462236
-0.2251565648045678
-0.18360175800135722
-0.10471894982923817
-0.048719834226426055
-0.012362519902322976
0.01839228748086064
0.05740469585211917
0.11838451168386285
0.1978774756067039
0.21997662957252925
0.14902960662709305
0.07794916659339084
0.03205612127812422
9.658805699800516e-05
-0.03181871120198475
-0.0775752257338681
-0.14849581360203457
-0.21972188259888573
-0.19834250321877878
-0.11887496986737095
-0.05772171558944942
-0.01861173992493559
0.012145152310114937
0.048407767590122094
0.10422010573680748
0.18303379478471182
0.2252652434427634
0.16516820580087888
0.0897045702117568
0.03940625392089561
0.005754521586232575
-0.0252684522327535
-0.06748704144767403
-0.13372027416737559
-0.210771283384207
-0.21027980391962733
-0.13304781373505947
-0.06703769600228351
-0.02496867243337833
0.00602995841539776
0.03978250340971965
0.09031248041267526
0.16596543118023305
0.22540093304513129
0.1822665863271691
0.10355067325798259
0.04798943292818678
0.011853573801210208
-0.018906503906568495
-0.05814777135558008
-0.11953321487675689
-0.19896132146544065
-0.21937348817582947
-0.14778194044538073
-0.07707635087368725
-0.03150150113833219
0.00035587601567355076
0.03237623050582623
0.07845411199810562
0.1497486067029774
0.22031193935546528
0.1972480444575965
0.11772622630518761
0.05697978232736757
0.018097999489738503
-0.01265436558884769
-0.04913906794976225
-0.10538835868588792
-0.18435887583555371
-0.22500073431466627
-0.16378413775710365
-0.08865624559500962
-0.03875694196021378
-0.005276490356739383
0.025792620045004207
0.06827551667835774
0.13489771389613248
0.2116147742151983
0.2094066810515938
0.13187614354555782
0.066256408405385
0.02444561309057055
-0.006514032552033127
-0.040447329870511944
-0.09138725754680531
-0.16736509094275648
-0.22560947459217223
-0.1809127332813491
-0.10238133027244405
-0.04725987194233598
-0.011344463267440354
0.019422363749419143
0.05889416840227419
0.12068391389292116
0.2000284501183988
0.21874693376069404
0.14654089501658518
0.07621229802076232
0.03095073652281328
-0.0008093378631227333
-0.032940042380086666
-0.07934548111541213
-0.1510127010278911
-0.22087956602521733
-0.1961331610524561
-0.1165753675604045
-0.05623854006890877
-0.017584286093173827
0.013164683816246928
0.04987269327438844
0.10655763837395713
0.1856674163171032
0.22470162970348317
0.16240815465314998
0.08762260382622157
0.03811599118056216
0.004801062512153564
-0.02631900052412595
-0.06907090870133518
-0.13608211213978422
-0.21244116241558292
-0.20851275036118158
-0.1307049225581034
-0.06547745129508031
-0.023921847690022452
0.007003068593341974
0.04112332728177754
0.0924806256349698
0.16877587121208912
0.2257811243308356
0.17953935475991695
0.10121010465404426
0.04653052660043923
0.010834581897259776
-0.019940725185691052
-0.05964533924088974
-0.12183884995872826
-0.20108065631985464
-0.21809626401279808
-0.1453039852048842
-0.0753550496698653
-0.03040252280062084
0.001264907952912564
0.03351155169822796
0.08025148903200313
0.15229067054664625
0.22142486430294464
0.19499571854693498
0.11542022654464246
0.05549662362750578
0.017069768156681465
-0.013676751271821892
-0.05060938326019156
-0.10772894989936385
-0.18696032622404835
-0.22436860733603298
-0.16103924458649643
-0.08660237486231798
-0.03748249572306594
-0.004327486386226473
0.02684851076514995
0.06987463037625496
0.13727534522097007
0.21325111022716675
0.20759687901464352
0.12953242506980722
0.06469964308986868
0.023396677464085705
-0.0074975381318986255
-0.041810930090094775
-0.09359298664774914
-0.17019735809462136
-0.2259146078815899
-0.1781467618340732
-0.10003717828755423
-0.04580138619915079
-0.010323733174107327
0.02046205794742138
0.06040219485419013
0.12299941268493579
0.2021188235083612
0.21742109719557334
0.14406968661773528
0.07450334879251763
0.029855993187101006
-0.0017233614576934939
-0.034091776347438436
-0.08117368856359602
-0.15358416139430986
-0.22194731665984632
-0.19383433012905024
-0.11425951679348574
-0.05475324138052945
-0.01655399635480842
0.014190858990246209
0.051349395154610414
0.1089025372476636
0.18823763768160237
0.2240024798663375
0.1596772847179746
0.08559499908110449
0.03685600664624437
0.0038553684936042595
-0.027381645652945846
-0.07068743028655797
-0.1384782568662436
-0.21404445994417498
-0.20665867720984307
-0.12835799923444235
-0.06392254135203908
-0.022869924920690926
0.00799739080336253
0.04250981439103554
0.09472349052562881
0.17162751602603632
0.22600858752198
0.1767368448538498
0.09886402020056335
0.045073225510908754
0.0098122514201949
-0.020986316980369804
-0.061164920340931045
-0.12416586985904333
-0.2031427552120299
-0.21672162085443658
-0.14283768559878496
-0.07365679261429897
-0.029310821292345884
0.0021850393404925297
0.03468120653180588
0.0821127983202676
0.15489359005727577
0.22244577059128823
0.19264866652016763
0.11309306508368631
0.05400831240191596
0.01603699438202339
-0.01470685890745669
-0.05209238577299866
-0.11007770986788348
-0.18949837788089752
-0.22360435884734547
-0.1583232071017849
-0.08460071987234752
-0.03623658929830532
-0.003384724003944857
0.027918410656154663
0.07150928496614202
0.1396905182735066
0.21482024139924588
0.2056986713809266
0.12718216308110364
0.06314649398904448
0.022341972289297407
-0.008502009026380316
-0.0432188272108119
-0.09586993041322747
-0.1730626424563946
-0.22606189154264164
-0.1753131610022708
-0.09769338193205114
-0.044347594653376336
-0.009300999331835327
0.021512936235977328
0.061932959916930014
0.12533735928660406
0.20415125964336253
0.21599869801395813
0.1416088451076492
0.07281578964293879
0.028767200305780234
-0.002649848874448135
-0.035279785368034916
-0.08306866303783655
-0.15621812061889645
-0.22291856814003774
-0.19143951985228866
-0.1119217863619223
-0.05326243688072114
-0.01551923277714179
0.015224196282602898
0.052837465570474224
0.11125294464910998
0.1907407485772904
0.22317573092416704
0.15697884032103546
0.08362043894242659
0.03562473330508231
0.002915915663704298
-0.028458381408364153
-0.07233948556958619
-0.1409107792424853
-0.21557687798793973
-0.20471824405116526
-0.12600641409638294
-0.06237250058594131
-0.021813667828134584
0.009010293932659345
0.04393610539593089
0.0970289494654668
0.17449772189294321
0.22607375692277126
0.17388062491661743
0.09652897578343667
0.04362661598779785
0.008791233867281499
-0.022040952108149957
-0.06270518567291264
-0.12651215850235656
-0.2051424708445059
-0.2152537891249434
-0.14038488494373913
-0.07198132583613547
-0.028225700098500908
0.003117367469245097
0.03588702150126678
0.08404042465610978
0.15755593693102218
0.22336378209311403
0.19020859337079593
0.11074740139890056
0.05251670428669921
0.015001490572975965
-0.015742053756600746
-0.05358341277631329
-0.11242623774020219
-0.1919625551464949