0.576271186440678
0.5762711864406781
0.8331192143396138
0.5328417616991525
0.7306188372640903
1.2234873309217846
1.561189248683953
1.4142939065436242
1.8159696447351221
2.3309987020162843
2.265386953856638
1.7211387855785545
1.7025377419162966
2.240162006508848
2.41889038743771
2.00548757513192
1.6052010100310818
1.6833622092845786
2.155473893632771
2.664693146141921
2.59878033003698
2.3307180349283914
2.034079945713642
1.8444071036664522
1.3040981935761842
1.611992746102644
1.0768737715348817
0.5311046097802696
1.0448314399748715
1.4784465222128609
1.0015913392644726
0.5276388917327477
0.9438897067647671
1.4623587708792525
0.9105985333129902
0.4028601427308418
0.687602707388125
0.1363651006610992
-0.16399774405903378
-0.7208037074857048
-0.6351845303875415
-0.2784308599135952
0.07918236577740351
0.5972706090620368
0.0555358484741868
-0.40920964241208885
-0.18388919792818847
0.3731528019895851
-0.01572323405486248
-0.3633652106619751
0.19326785152106946
0.407515728565388
-0.053826814072678364
-0.592616001059127
-0.06477352966038219
0.34950051824432987
0.4090033797811382
0.05927118209933058
-0.10872742870264021
-0.5742809310563856
-0.020889982580562294
0.5360746895342224
-0.008733508850118477
-0.5590895808046584
-0.015012551560814824
0.5153920314393574
-0.028968340590742936
-0.5429437017655357
-0.10481386898023132
0.03116631568874359
0.2696549096995785
0.7398512748855596
1.00796480686768
1.3001678201997904
1.6604633757479583
1.8276536356130855
1.4366719927914313
1.9508524389467283
2.505833866149378
1.9529796083778397
1.4042271588921316
1.8023866397254225
1.5624323875095483
1.5919784540837505
1.871103858087929
1.7144730714845784
1.2278420023256853
0.8918498619280393
0.3512802284352692
0.7806710906845509
0.514626018441225
0.7346365228428512
1.2228023961427734
1.5702202159360807
1.4420130664883268
1.7549693731203166
2.2253341164794267
2.5927809759607907
2.5164959031796084
2.5352822334883816
2.6393648112231083
2.1524464757279045
1.6510196979219915
1.7459477476993956
2.2922472880921214
2.2539884352710455
1.6993946980202042
1.8232215634098952
2.3648364345354174
1.9093323639973114
1.6987082509910745
2.2545567841212657
2.2022102828890473
1.6569638699709783
2.0529443744271556
2.2992757021414816
1.7483605254907937
1.836424016838268
2.3528444369473416
1.875163200557823
1.7394661700457452
2.2875194153570346
2.062602322780519
1.6595371611889724
2.200536424086116
2.2396127919480344
1.6876742940609488
1.9678712660332598
2.338908519013355
1.7899261278661194
1.7451076164913897
2.301459169143847
2.0983980574862158
1.6322730371257386
2.1717651593363896
2.3041097206567196
1.74985604837215
1.6946887917628823
2.234643129426797
2.422939668163518
2.0122544331838492
1.6317345559185863
1.5896049605172455
1.9216904187190684
2.0031014712522586
2.095234980328946
2.480822604291869
2.1463548352334723
1.5893268793404158
2.0630270184556414
2.3870078100936065
1.8459500478061466
1.4300342643434376
1.6487022475238051
1.1067210499853517
0.6021398148355098
0.8650612440964267
1.4072565117037168
0.8842399595425923
0.6210359779009009
1.1501188962580804
1.6018439199466425
1.4341196294692946
1.8013336452674586
2.314999558196492
2.3087827164940595
1.791581304388392
1.4581294618677743
1.6640679728396086
1.1142511541747648
0.6412969125571917
0.7115093566886896
1.2312118368438072
1.4915375290830535
1.2054068266731064
1.5855823241736098
1.0505277810622626
0.49383787392745415
1.0508774184652918
1.580247170732771
1.2005202583651424
1.4723797393348215
1.2885573042729603
0.8221741407821163
0.3440363486130688
0.37304420254671833
0.7509440735873467
1.1624312316281418
1.6976365431649343
1.6708640197861588
1.1946104719542652
0.7605838114262137
0.38334792746947116
0.38948676913050895
0.7412020635177435
1.1530731607075262
1.6963032687431592
1.6328089539924862
1.2654073780739106
0.8841764824639056
0.32935362362322285
0.638293170027463
0.0848656068322391
-0.42393553940601936
-0.07643871363789034
0.432894238432193
-0.12414178555979594
-0.5182841802785492
-0.17186231718259792
-0.393231272525966
-0.537601281631371
-0.5231702417930536
-0.4566660583415828
-0.3719899952007318
-0.8273257300548658
-1.3236991886603984
-1.328152546598374
-0.8348462727302355
-0.36130992323747974
-0.44165588655313565
-0.5642219327022262
-0.6648657282310676
-0.14221726983555627
0.33546646816760417
0.33732388036903455
-0.13892064551510425
-0.6663511243689499
-0.556746003379528
-0.46882911275236144
-0.4480218897451129
-0.6463111840543379
-0.9400067891749742
-1.0388579310524921
-1.267295831718454
-1.747570122584789
-2.0223977128404935
-2.3624704321153267
-2.477193970640731
-2.285803361693208
-2.8384457226261874
-3.07063500122978
-3.4977470624477114
-3.075739549727674
-2.5340473357091073
-3.0909623525190977
-3.5658093323401285
-3.248001047509811
-3.7014600966754103
-3.256697246765556
-3.6104940303225255
-3.0633042540273263
-2.51842929421103
-3.046277420248602
-3.5009468670155375
-3.048200106521206
-2.7128446702594475
-2.357706985101381
-2.245538721072059
-2.787812706680431
-2.7916022130627147
-2.254474092211669
-2.417125977007415
-2.541081964351054
-2.559862803263481
-2.3378967916320637
-2.0193912072890416
-1.7587894844985712
-1.2528314538744532
-1.0288399522430614
-0.9004306296107794
-0.47892612891432473
-0.9448221845200028
-1.4867518638391524
-0.935983511013863
-0.39653499058046926
-0.741885469322944
-0.28778448009403185
-0.7081593542630404
-0.24598435547928216
-0.5451762588047396
-0.12636685873351167
0.4291490709023183
-0.05447997043736008
-0.41727187045705894
0.10756078196240593
0.6338023483798325
0.41893699685841135
0.8571218338222641
1.399206627335417
1.0381261942803284
0.5867151544634682
1.1419236976079639
1.52577372764533
1.2120325036805084
1.5851453154797472
1.0532894073616397
0.49654980643172797
1.0535566055133498
1.5772466196621362
1.2026093882251416
1.486797851750329
1.243282769508365
0.7324587295967994
0.5678335907853624
0.9377389122588287
1.1208919152534933
1.6159640749843454
1.0765769711739028
0.6628191756175481
0.5599066061460409
0.8568467864591236
0.6725314459765254
0.29413241029443743
0.004544443576620982
-0.2713400529050194
-0.71404112693499
-0.9443752205821447
-0.987107492886128
-0.9847580208296303
-0.9291543696033951
-0.6403153671054189
-0.45638535051757234
-0.49115912458744393
-0.48730582008921847
-0.4467653991788362
-0.667440403218321
-1.0022148701957805
-1.343152618463502
-1.5219978684064044
-1.4175426825318882
-1.7792578493939553
-2.2618661598878678
-2.5033269159447453
-2.2724115376821308
-2.8067293194455405
-2.845591116983896
-2.4091208295627236
-2.963411997711465
-3.515720501927241
-2.9589578328430663
-2.425105842879938
-2.828817776853192
-2.6829717282891172
-2.251961674005708
-1.9044177192661507
-1.3716819601175292
-1.857906579197902
-1.9511878642236955
-1.8743143607784705
-1.428394662603158
-1.9751227088540677
-2.5317954714094264
-1.9902203930038476
-1.4416624910839895
-1.988491358205935
-2.5262198728093828
-1.9719247163468236
-1.435927881177577
-1.8696515993169418
-1.9105344862890106
-1.64903009470735
-1.407883084865503
-1.335078479900965
-1.8473881576142277
-2.320701750070887
-2.382498421237531
-1.9642056692093992
-1.4744084263348483
-2.0003662854122006
-2.5259004867669117
-2.0372332417191164
-1.6238637727795817
-1.6561028197962206
-2.100268471782634
-2.657221775601204
-2.3423158214672197
-2.899237845904975
-3.341376010481187
-3.385756389164546
-2.9871030394683507
-2.558264850398587
-2.831422006245367
-3.388464068570688
-2.963034740919826
-2.631798395624306
-3.185721694266662
-3.457532909629289
-3.067135855957057
-2.873645888249257
-2.3655048417133697
-2.8734699224819376
-3.0659796236901804
-3.4527283344470723
-3.200245035343128
-2.6501234272961525
-2.9022745272606865
-3.394549730012955
-2.846067980869293
-2.6148301867627315
-3.123180620090615
-3.645925397400214
-3.480680940471256
-3.7091241562426753
-4.142477045674636
-4.68659716872531
-4.5854693285673
-4.392127280758267
-4.215145212028053
-4.692259408703029
-4.254147704704001
-4.60947367310696
-4.062583576119907
-3.5168689363347347
-4.047697168142495
-4.505010441749495
-4.057935058176746
-3.7584616646925504
-3.273517655522647
-3.073812011368954
-3.127817224710059
-3.5642333030490847
-3.0269295279681607
-2.4725492018549327
-3.009368727668022
-3.5540085085880055
-3.0015183566321006
-2.4497313397505716
-2.99793509572504
-3.544810419369138
-2.9900327253850385
-2.4332021998745805
-2.9479639357870995
-3.367089361244698
-3.357834865435294
-2.929697267723084
-2.390309344529071
-2.895057803730205
-3.149643294803547
-3.6999293998990135
-3.447400050109601
-3.8473870968512593
-4.394499183705014
-4.027691578103329
-3.5938483863768766
-4.148719238348615
-4.517985066411906
-4.1981034320637365
-4.5276454735384775
-4.125443334167417
-3.56856308407191
-4.068952984421612
-4.420357726188305
-3.904669773372653
-3.360007729219098
-3.6172258571012907
-3.094775827354334
-2.5538620201542503
-3.019914072815504
-3.4442457491851988
-2.9218323195804135
-2.369985323657584
-2.692378981508391
-2.1533725696205575
-1.9613363490300293
-1.6491574887035618
-1.4621896501713003
-1.5204161425008813
-1.3917977456049597
-1.151081143414087
-1.4193205865201532
-1.4218328664410314
-1.156902250497955
-1.4191577355675937
-1.4290445210745164
-1.1799632744255202
-1.524640196175036
-1.1166073215061711
-0.5596376229231035
-1.0812520618195598
-1.4408347961888266
-0.951276756479658
-0.4043862803501006
-0.9153609533855571
-1.2432883923812357
-1.7070012471654987
-1.8806954640231588
-1.6472107846490962
-1.3838523427155247
-1.2528847342007947
-1.7965968820121412
-1.837540331625416
-1.3853437116460614
-1.939777877401182
-2.4351022402886113
-2.0814536804423565
-1.5623438577095752
-2.119268560304875
-2.5192004112312874
-2.1688400902443035
-2.3757853253484456
-2.592621574865602
-2.693513860363283
-2.144766169141832
-1.7322104992167189
-1.4062722694440013
-1.4263899065930528
-1.656771609725678
-1.9520236820263857
-2.093719531161187
-2.5107610042522537
-2.0697227438671284
-1.5259909523942277
-2.0821681018798803
-2.5811744716062495
-2.266541079649316
-2.7563778436825572
-2.5109676648442694
-2.7213618783502884
-3.1911616897417128
-3.6399984117203457
-3.6080948923800014
-3.2835838698806024
-2.90883884468536
-2.370534082960287
-2.844447883268556
-2.8667694245280435
-2.468326091529049
-2.9358664641684005
-3.4847092720452504
-2.929262937450349
-2.409663425341162
-2.7398446576147455
-2.271065302638076
-2.6312008510464024
-2.074683832318783
-1.5673855063105977
-1.9353516764028336
-2.4386179185788666
-1.8824912515435535
-1.449695505873121
-1.752044805631129
-1.2881206380825572
-1.6977126231854893
-1.2082157548556756
-1.3379389529992363
-1.7309696500744374
-2.076012088935729
-2.5834541270003673
-2.0291482843579978
-1.4941561045397065
-2.0344841817290913
-2.533063696109327
-2.0964429678725893
-1.9345823158254298
-1.5732372248313549
-1.7087255561450678
-2.1962273539939012
-2.612098215119228
-2.5351627610390466
-2.4893271536771016
-2.4978593461996015
-2.4968191089263088
-2.486726780264357
-2.543178850870815
-2.6373019456693836
-2.159041125504988
-1.6601411103242247
-1.717766368270878
-2.2489044156434828
-2.4204509460658286
-2.015892045256574
-1.6515204478504333
-1.519643269350902
-1.7171447760261391
-1.1668669560207081
-0.9673345982423058
-0.6659953433275256
-0.4130245402426162
-0.37123826502329377
-0.8020306648283038
-1.2748140711459155
-1.4923978315569568
-1.2505777193340935
-1.7532680593388967
-1.5236431094514704
-1.6756230242231303
-2.0856031801507298
-2.6308905661312947
-2.1764308298833948
-2.2620748343532524
-2.804419178931498
-3.1060266349240337
-3.632567126411448
-3.143846556663696
-3.051529671913952
-3.1387780120475064
-3.616112702614897
-3.068885982953589
-2.6157894333488634
-2.738679582672083
-3.271889892361648
-3.358453953868724
-2.8765448881738904
-2.3368592374676367
-2.499061896336728
-2.3400031204873892
-1.9744943722412482
-1.546592216135146
-1.8533669957382368
-2.409187427920158
-1.9215020142489878
-1.6193894387616157
-2.1594687906594827
-2.565316767447115
-2.345399513002283
-2.8920385026882682
-3.3848986854953362
-3.1871976784290785
-2.6304366279022933
-3.0233861812777496
-3.35429429650541
-2.7973549085349743
-2.623840935251644
-3.1189803947844803
-3.6555945628482185
-3.4795697168187187
-3.721802094648196
-4.1728739561991075
-4.672223200411831
-4.655772593858866
-4.202921310820412
-3.7606202803905244
-3.393257847105651
-3.420795731987186
-3.662186202789995
-3.963181160085685
-4.148688828503094
-4.681335045531632
-4.3104900900671925
-4.8340627621566625
-4.933662764865963
-4.802853997242924
-4.248326129564756
-4.295358676745646
-4.814799014512473
-5.205236292928554
-5.69530602114839
-5.779520504635905
-5.253856703103526
-5.450858966853575
-5.421507327590123
-5.184005363723473
-5.549494632150657
-5.072904451551695
-4.517924081485491
-5.074770030051389
-5.564593153349356
-5.219289582528476
-5.582066447564963
-5.05802113365969
-4.50107557754784
-5.057938258318324
-5.573271831474383
-5.205555047859009
-5.506414157263148
-5.186910910066067
-4.642629400952932
-4.890012798870667
-5.398742987063407
-4.854724025818042
-4.61678315518729
-5.1307838538949175
-5.638029069849121
-5.4854357032213334
-5.686347356125092
-6.086667237352978
-6.629744826501788
-6.167131069856448
-6.206171425010539
-6.751522524010738
-6.6432179662778665
-6.282579111710348
-5.940209448877975
-5.460497627603197
-5.995067318443649
-6.53423377793994
-6.037370671726756
-5.612733615365691
-5.700679506114177
-6.197715400642864
-6.596126404623032
-6.489301437652114
-6.632607444546189
-6.934615117769575
-7.024562761186502
-7.19794640907297
-7.754957731945548
-7.766434258221657
-7.2136596189399045
-7.155571324028101
-7.582415435244137
-7.034368015593282
-6.477686426790912
-7.031706748217604
-7.586236838352296
-7.138390066754185
-7.102532776960594
-7.407720039016587
-7.407717282264925
-7.102526560923308
-7.138358013117439
-7.586122660039355
-7.031643837766165
-6.4775451916472715
-7.034180317273643
-7.582566221326483
-7.154835842616945
-7.208988681515231
-7.758888235549468
-7.700801733303372
-7.190726699348532
-6.796596007214288
-6.305951824076742
-6.227290265737474
-6.7619600327431355
-6.6462592104393075
-6.283268015316489
-5.945257461213161
-5.477736256877254
-5.982917841685298
-6.51033534328182
-5.9956609778321575
-5.475369201834945
-6.020113918484875
-6.5458425153522475
-6.094079426820747
-5.9005893745909885
-5.438165344977037
-5.983778861367396
-6.537982631178297
-6.012762949446332
-5.504097326010544
-6.00674959706284
-6.498771567123745
-6.00474842899526
-5.518622592668098
-5.969671815137993
-6.474469724420296
-5.938532426522531
-5.384860660262938
-5.7593522075190915
-5.369683165845856
-5.926581305759839
-6.419628012729656
-6.113540659368693
-5.5775274764199985
-6.122160784808983
-6.432895050812622
-5.960169205125784
-5.429193896593498
-5.980959122434197
-6.519650651914044
-5.967596404881795
-5.441983574195117
-5.8672962702210825
-5.886757389871815
-5.537976172169462
-5.774218564201345
-6.308665294697316
-6.2625919348206445
-5.7128362328933395
-5.752677545172286
-6.308884847900336
-6.136185415536692
-5.623092549682013
-6.141726250814072
-6.309950419266193
-5.754268210890616
-5.7004791750142845
-6.244763297628911
-6.3811411524990325
-5.91417451326046
-5.3575214925993855
-5.7218714291888455
-5.243014534783859
-5.506320995818029
-5.22373140518081
-4.703784184830008
-4.661145321680555
-5.1548086588575845
-5.646037428896543
-5.556083592729079
-5.450778010563593
-5.38460083063914
-5.800940406006123
-6.283216706999317
-6.455999824627439
-6.145230602295899
-6.320810480242027
-6.722425982443228
-7.033420420551723
-7.433916276214934
-7.223629850271249
-6.680185908797132
-6.800249627010077
-7.354592646752867
-6.972590176027643
-6.665717052098538
-7.221951175740892
-7.289942173429265
-6.737499828765485
-6.7096254278228065
-7.255159777270748
-7.350060341039136
-6.8503038961164515
-6.357002451769848
-6.461792018870273
-6.490090091135033
-6.42722933959507
-6.727977177531131
-7.150890933791168
-7.692048943762353
-7.62274642328874
-7.287184482847669
-6.932324764642522
-6.431936937804399
-6.9887721003429455
-7.5452928858043276
-7.00439026329929
-6.467365001085433
-7.023272506294646
-7.568069312560989
-7.120523715045828
-7.023118869648654
-7.006129366533061
-7.010589963516338
-7.05207703043207
-7.269900169642921
-7.751420969067131
-8.035769299876119
-8.41971574721532
-8.278651935102735
-7.773733825378446
-7.466054387570503
-7.668469593588433
-7.116907188910322
-6.655333450287093
-6.655690343554211
-7.1175635621463345
-7.668722487347016
-7.469775402193303
-7.763362164769691
-8.259709540145607
-8.481831858713058
-8.202967425280876
-8.583064804865808
-8.050559627285676
-7.493626097493337
-8.050553781985196
-8.583150570383996
-8.20304426470502
-8.482130909633078
-8.258813901124332
-7.761637925703959
-7.474765172442164
-7.6826472962812025
-7.126067329090815
-6.719002061038867
-6.424718463204948
-6.471224835737244
-6.525292085503805
-6.559640076201778
-6.324174430076754
-5.9789953940937135
-5.579285056232938
-5.745034172621194
-6.27141598645594
-6.381410642328981
-5.930292959472292
-5.383162488858427
-5.859451193533591
-5.93857091494999
-5.804292968118883
-5.249906021265346
-5.30390395274646
-5.808886180925763
-6.210716756410714
-6.682985085644379
-6.759546737359461
-6.213373004526355
-6.195399994699713
-6.713664207697814
-6.397464385633851
-6.925716709328068
-7.47700740868781
-6.94295398423582
-6.49839968164335
-6.93955647476447
-7.223194838800346
-7.743378584535719
-7.920832023415656
-7.824826678457055
-7.292162059137654
-7.588927230103633
-7.087388909196252
-6.533067525337396
-7.064124114129171
-7.486726237114548
-7.035360878047159
-6.667023908789311
-6.488112827700861
-6.627160953827818
-6.1436200633140166
-5.626907072369313
-5.838975719276616
-6.38812955989327
-5.908756089523475
-5.659920126416123
-6.214015663685966
-6.393994762242389
-5.926754917608166
-5.373426110102928
-5.806652876365942
-5.629420979528729
-5.3675663884882
-5.180370556795986
-5.576294094877064
-5.044271040453629
-4.4873720607326035
-5.041517522232512
-5.591548003602464
-5.177961039426943
-5.332658968527273
-5.720444538179167
-6.0418675490196945
-6.470538487379899
-6.114663963073629
-5.564500746119448
-6.104507328168758
-6.448764357634116
-5.983634769180243
-5.489499965681109
-5.999512717557847
-6.5102089442353215
-6.014822414723954
-5.545272117003195
-5.911848760810619
-6.4442310498863336
-5.887934267741212
-5.482589394127377
-5.843796390528039
-5.692036688828282
-5.245275542227209
-4.899445124033601
-4.362463225072362
-4.823782318110428
-4.750800228719383
-4.198199604233322
-3.954983697045704
-3.5815688150907206
-3.7043124950954143
-4.190675924791477
-4.62071177239902
-4.552077990443781
-4.4393966354457834
-4.341264004646553
-4.855125045016113
-5.340205728344471
-5.310785143676573
-4.805564928270774
-4.412271288833182
-4.54071405199928
-4.279299191796257
-3.8435712102179855
-3.313130647086732
-3.3611827482436554
-3.7552468024994243
-4.161734134496575
-4.69957467623722
-4.669785055592458
-4.197092539465255
-3.7642529824505964
-3.376310682304333
-3.3725512819263113
-3.7750610565238514
-4.218489955990287
-4.636268339119594
-4.640806077473823
-4.206944357334578
-3.754335091896729
-3.4174120449040033
-3.4899844509169093
-3.452288414286395
-3.324179783213237
-3.8660372106362972
-4.32335337367099
-4.404829426202537
-4.027266101256041
-3.725052773593104
-3.3100321155691104
-3.117452700596031