0.27272727272727276
0.27272727272727276
0.14669929252431466
0.08495890490173671
0.08846683707807122
0.15860599068457024
0.28592460038426604
0.2562925144782614
0.13373272443569562
0.07765194268427886
0.08169932465915632
0.1477200205579024
0.274439036475535
0.2673080005648874
0.14170883642283547
0.07892780630451728
0.07641845268746278
0.1329940580767511
0.25554322569685883
0.2857960092884743
0.1584863524067779
0.08765000815943888
0.08265226137745718
0.1414542692515045
0.2661905111960609
0.27893055350564255
0.152029724033883
0.08722243217453834
0.08900714391685768
0.15806495202469395
0.28538768573454854
0.2578543240486513
0.1350525780198696
0.07910794511153264
0.08447083140781692
0.15348717629856234
0.28073956653648774
0.26050321432064155
0.13640582365002335
0.07669441653277856
0.07589971796519661
0.1336368111353675
0.25666564370641726
0.28427746820255156
0.15695417705036496
0.08634350359805798
0.08057263486716411
0.13720199917949108
0.2606362075106131
0.28355477750515584
0.15628751409191388
0.08876587627734113
0.08860823746181515
0.1557552602437188
0.2829936967802551
0.2613708882906236
0.1377600534536809
0.08087837359793398
0.08661200299651615
0.15737032992726033
0.2846909502308864
0.2562585238292421
0.13336347284611205
0.07589112296691841
0.0769758010907419
0.13714165701661388
0.2614812903886474
0.2798532434322579
0.15264575367135236
0.08405350388598347
0.07886063542593796
0.13478039887204868
0.2575170882096799
0.2855532481134266
0.1582294136118586
0.08896070133179551
0.08688767221646462
0.15121562317871107
0.278012392546468
0.2672059791266817
0.14224806869732576
0.08300785163736316
0.08779567178041611
0.15855426077828255
0.28586449942442604
0.25559659402419344
0.13306324501607494
0.0765894422427788
0.07934914593623112
0.14264059982176913
0.26845152582965287
0.27333738885283987
0.1467587044759241
0.08124949221361424
0.07743946657368256
0.133580829879373
0.25612596812135163
0.2859401440802273
0.15862325629952415
0.08834977586515184
0.08458728185028806
0.14584436218573343
0.27169051978744346
0.27375573998051717
0.14755693225259853
0.08533050562671579
0.08857938449250605
0.15857734154715503
0.28589756591107157
0.2564733085568097
0.13389483329837834
0.07786852475142794
0.08214971599329479
0.14867780962085742
0.2755220510112091
0.2661688240976975
0.14079216427109617
0.0785183030715518
0.07626351376710322
0.13295613995177144
0.25553248578274695
0.2856961571913256
0.15838632328445593
0.08749334033099704
0.08230224063696305
0.1406838415170293
0.2651969047436258
0.279810775787213
0.152819235658356
0.08754001566039211
0.08902985393481645
0.15785500889415874
0.28517501880457374
0.2582422464005825
0.13536042433554957
0.0793635136602818
0.08487251841902539
0.1542813431646147
0.28156593263827334
0.2595899732353781
0.13572784448760203
0.07645058347799694
0.07595186618946212
0.13398974233329325
0.2571768061418874
0.2837832487663787
0.15645948889948902
0.08604686370817242
0.08027653509000582
0.13669412555599741
0.25996913028503155
0.2840437921813774
0.1567555228705122
0.08888606087344407
0.08841388970795722
0.1551611176802244
0.28236140606106264
0.26217005000089305
0.13836710161238341
0.08119377930345711
0.08685361691263019
0.15771119815130868
0.2850283769469103
0.2559509948868476
0.13316537533645484
0.07592297113647972
0.07729067477370584
0.1379274433407521
0.26251232719563705
0.2789145323347283
0.15176596414195456
0.08362386087697792
0.07862072137197715
0.1345386431025898
0.25722319597778914
0.28567919520615115
0.15835533510706692
0.08889452804995214
0.08653952947223738
0.150383133127253
0.27706252355751493
0.2682365910585404
0.1430609293889439
0.08336830847941777
0.08793300927078548
0.15859729415707025
0.2859086674639823
0.2556831517258931
0.13315676335651655
0.07677298155866716
0.0797798752063446
0.14358417972444534
0.2695950598886471
0.2722204087462448
0.14579681812121292
0.08080147671698322
0.07723137263587312
0.13343873817909574
0.2559729802025738
0.2859451299903284
0.15863001108802463
0.08822889263019636
0.0842166846659117
0.14499427651436053
0.2706482931699594
0.2747730401528135
0.14841495851216915
0.0857006599095745
0.0886858444137614
0.15853453971871267
0.285856215419363
0.2566712830739797
0.13406915796432506
0.07808947014766983
0.0825991933402286
0.1496281365870044
0.27658221045398573
0.26503977983058885
0.13989492749259191
0.0781237685641287
0.07612892985204972
0.1329579024911868
0.25557574702321034
0.2855564082327431
0.15824545744671745
0.08732244671103377
0.08195862759176019
0.1399419543441272
0.2642332685496673
0.28064579959974295
0.15357676470536377
0.08783610445113055
0.08902469565335948
0.15759272457777734
0.284907636591494
0.25868792666006324
0.13570907502013613
0.07962806478296965
0.08525493866872448
0.15501876896685018
0.2823245320468246
0.2587539814856904
0.13511578387166703
0.07624805200521803
0.0760496048164781
0.1344240810367284
0.25779268428448143
0.28320619484221454
0.15588600879023212
0.0857220343316224
0.07999001152098718
0.13623642575984526
0.2593708930923707
0.2844616896223632
0.15715874848639905
0.08896915302036199
0.08818473439680498
0.15450943766661462
0.2816608603705769
0.2630284097436512
0.13902048132018657
0.08151861724694864
0.08707046544449905
0.15798236134911553
0.2852963146836246
0.2557356147831437
0.13303622222299405
0.07599134477626827
0.07763476675791105
0.13875547863376608
0.2635850415140125
0.27793081672635966
0.15085612363140852
0.08318498942466471
0.07838736640900795
0.13432234357308157
0.2569655994460168
0.2857725069668475
0.15844931450731795
0.08881235442309163
0.08618137092080141
0.14953762183014668
0.2760865064903149
0.26927652893055415
0.14388903563724834
0.08373288525050274
0.08806403799809182
0.15862108769493766
0.28593395761564666
0.25579548883317
0.13326917358413237
0.07696627681854148
0.08021792976589556
0.14453667527799918
0.2707348159193327
0.27109127217132867
0.14483708678955753
0.08035666321558746
0.07702860332314555
0.13330766668628813
0.2558351302525441
0.2859386827510523
0.15862529496527122
0.08810411161427159
0.08384805730323457
0.14415158679305773
0.2696040859837522
0.2757755301519183
0.14927027203872834
0.0860673568480353
0.08878381471764228
0.15847322528720892
0.28579610850619763
0.25689114914360955
0.13425894414995782
0.07831533552743955
0.08304577245011187
0.15056554843223618
0.2776138701791421
0.2639286794346053
0.13902293866032642
0.07774811275031865
0.07601962922975092
0.1330086760004903
0.25568548040582906
0.2853673477929074
0.1580542617572716
0.08713386197303295
0.081622453677204
0.1392345209044855
0.263308954249619
0.2814276264387588
0.15429394794088966
0.088106075841148
0.08898780114633452
0.15727214573426762
0.28457861211228397
0.25919721457826966
0.13610292167131555
0.07990202976833352
0.08561442400560122
0.15569014110793944
0.2830080376480709
0.2580071513439532
0.13457710825408742
0.07608982956496457
0.07619349545457893
0.13493844974232316
0.258509394670692
0.2825475159900412
0.1552370705177262
0.08537043418349598
0.07971305173926412
0.13582768203950385
0.2588407442481702
0.2848112679009202
0.1574985949524932
0.0890166956327011
0.08792389260870341
0.1538066773451417
0.2808973659144438
0.26393838330217967
0.1397158553609025
0.08185223178389356
0.08726530841590782
0.1581913014657534
0.28550281391291304
0.2556024454130068
0.13296811636430828
0.0760916496983211
0.07800359466338881
0.1396181321127431
0.26468859001976364
0.27690947704767005
0.14992413107719246
0.08273982001022674
0.07815982105661841
0.13412689846602327
0.256737694602354
0.28583960924797547
0.1585175231560341
0.08871764920085445
0.08581626971254365
0.14868395181792843
0.27508956841476806
0.2703204829589302
0.14472877721232016
0.0841006957677424
0.08819015838775734
0.15862985598517138
0.2859444224543548
0.25592794020105925
0.13339630258397706
0.07716707644022625
0.0806614085436156
0.14549514323513624
0.271867064406959
0.2699534726010896
0.1438823953510488
0.07991670700110923
0.07683273244805736
0.13319024029230087
0.25571594320879154
0.28591842378032234
0.15860661131458192
0.08797474809832227
0.08348236384391788
0.14331944771684108
0.26856233791541545
0.2767586637130878
0.15011884615584126
0.08642801277148722
0.08887028380518433
0.15838798052758002
0.2857116914606653
0.2571387344785251
0.1344682179981312
0.07854678948823574
0.08348692817956473
0.1514831720190112
0.2786101900588983
0.26284514160819117
0.13818321942594736
0.07739576468920926
0.07594070817726169
0.13311774582277644
0.2558738749446951
0.28511962738176355
0.1578035191423243
0.08692424535005608
0.0812947695747885
0.13856741431091257
0.26243347330055566
0.2821486145312742
0.1549624530574999
0.08834557099565823
0.08891609417283738
0.1568890684367762
0.2841825579579567
0.2597738911350488
0.13654505740160203
0.08018555004575317
0.08594788155137095
0.15628784541509255
0.28361101482691475
0.25735897400947305
0.13411733439796042
0.07597758229206122
0.0763823880107442
0.13552821186857042
0.2593186043473941
0.2818117618803823
0.15451942566353818
0.08499483212493705
0.07944557598797641
0.13546526170489723
0.25837563931622654
0.2850973148604091
0.15777860830266405
0.08903142833855496
0.08763550463068331
0.1530608902132966
0.2800781716455768
0.26489071769432976
0.14044758119502448
0.08219362671065591
0.08744138180928444
0.1583469372163932
0.28565701390326304
0.2555396743229348
0.1329519902090846
0.07621884521280725
0.07839265572810677
0.14050813637002119
0.2658129393694677
0.27585758960355145
0.1489771963753032
0.08229101108096672
0.07793739884116284
0.133948114826169
0.25653342017544983
0.285886307104227
0.15856560647568935
0.08861356184899231
0.08544695476131366
0.14782639775197587
0.2740764798146066
0.2713637528513713
0.14557684525440917
0.08447077667307219
0.08831222570305797
0.1586265200819898
0.28594285419223786
0.25607644543912267
0.13353513766586983
0.0773736320222402
0.08110858030792303
0.14645665138802355
0.2729882149224929
0.2688107233526377
0.14293570547669449
0.0794834656142597
0.0766458575625374
0.13309026951039454
0.25562058250540265
0.2858806982900851
0.15857015345438474
0.08783957762878439
0.08312052687237306
0.14250140186354793
0.2675281989645437
0.27771732194632637
0.15095597535290126
0.08677964735978759
0.0889418694621956
0.1582727779405908
0.2855967153309179
0.25742049289693586
0.13470146399710947
0.07878455828306138
0.0839197934094822
0.15237327168032205
0.2795638248245066
0.261799825537995
0.13738334281276754
0.07707124712128376
0.07589693645139232
0.13329343874812283
0.256151545827602
0.2848048000755867
0.15748523259199512
0.086690668376742
0.08097635877013974
0.13794545473155068
0.26161504629749277
0.28280276214644706
0.15557522928694192
0.08855110904797779
0.08880764743687439
0.15644142701130603
0.28371605629721025
0.26041940120195123
0.13703712447748836
0.08047863932444818
0.08625343277586024
0.1568074045976256
0.2841311594800189
0.2568148044454864
0.13373890046401135
0.07591127872336918
0.07661363471225871
0.13618635888620426
0.2602089377033063
0.2810058300290774
0.15374203512832893
0.08459879234334464
0.07918725352388913
0.13514513647976684
0.2579703081269795
0.2853263537544859
0.15800426930747416
0.08901702468490899
0.08732418185837301
0.1522805653810565
0.27921130869263916
0.26587585879813547
0.1412096492134033
0.0825417360619605
0.08760215016060391
0.15845879309177457
0.28576841424896066
0.25553476065529457
0.13297841593253276
0.0763678932761803
0.07879783493557865
0.14141924154899949
0.26694964828694095
0.2747812325523907
0.14802126034110466
0.08184072792983423
0.07771949356891664
0.133782454099015
0.25634764454830705
0.2859174470230202
0.158598316355009
0.08850271414383788
0.0850756295488233
0.14696835867661626
0.2730511821458951
0.27240254719637835
0.146430494831371
0.08484218090351212
0.08843052181634149
0.15861255742609456
0.2859306355458002
0.25623877166423725
0.13368398945116547
0.07758479244634559
0.08155797811399976
0.14741844059505455
0.2740950109457827
0.26766677047301823
0.14199991054725633
0.07905893903913666
0.07647058790200671
0.1330127707775433
0.25555587734340474
0.28582052472415076
0.15851075718299817
0.0876967857360584
0.0827633345266983
0.1417011860781349
0.2665073074067108
0.27864606717222556
0.1517764684861474
0.0871189937008513
0.08899492520508517
0.15812115164445847
0.2854443761658595
0.2577433375198606
0.13496353563486857
0.07902945178760373
0.08434133143126557
0.15322766493901402
0.2804673959584365
0.26080387637787206
0.136630988864622
0.07677890160184699
0.07589245784888986
0.13354258564043583
0.25652676595094925
0.28441579988606
0.1570931864015485
0.08643079172681616
0.08066758057944236
0.13737182846936372
0.26085969073930737
0.2833863824941115
0.15612725569917554
0.08872040536330185
0.08866173909064748
0.15592917624901131
0.2831775969587745
0.26113310204059503
0.13757949231596428
0.08078134328628518
0.08653068136092523
0.15724798981225424
0.2845695903249488
0.25637533988461714
0.1334409372222315
0.07588930163319127
0.0768836573940042
0.13690489330131736
0.26116797084460497
0.2801374998211545
0.1529144583151858
0.0841860022280695
0.07893744120459396
0.13486233008971887
0.25761795309266206
0.28550588030734975
0.158182253445818
0.08897759058416148
0.08699438115724797
0.15147346452308502
0.27830434269517856
0.2668852454879298
0.14199661078833237
0.08289565651316208
0.08775095032095653
0.1585359285324485
0.28584591535012494
0.25557586148940864
0.13303860743138168
0.07653425861257587
0.0792157490417353
0.14234665645298222
0.26809232555609386
0.273685052005324
0.1470607026402914
0.08139058203446642
0.0775057279364623
0.13362747597701585
0.25617681002685466
0.2859364069552102
0.1586189703255416
0.0883869550305853
0.08470388874130962
0.14611235307401813
0.2720167415921897
0.27343390572430276
0.14728751110986726
0.0852139185255035
0.08854461343317192
0.15858769366595005
0.2859074258454955
0.25641487697380494
0.1338427465006823
0.07780007858110558
0.0820083349098817
0.1483776993215571
0.2751842710384057
0.2665256915833939
0.14107809622497203
0.078645419673522
0.07631018371237562
0.13296419362310802
0.25553061120836995
0.28573137486591027
0.15842169037403622
0.08754389854368391
0.08241148444961531
0.1409229087062237
0.26550603559142627
0.27953893126434276
0.1525744367585149
0.08744241068603346
0.08902553081312724
0.15792624372358932
0.2852473246620956
0.25811455562548563
0.13525961451840324
0.07928233905436326
0.08474830638111708
0.15403766750067688
0.28131342110308655
0.25986895900973217
0.135933978196972
0.07652285518646754
0.07593065486323518
0.13387019857635168
0.2570049944140387
0.28394729278415487
0.1566233387280666
0.086143056047892
0.08036846342406047
0.13684814790245992
0.26017116921002004
0.2838980030701708
0.15661557759348868
0.08885236270448395
0.08847876823687179
0.1553540947452514
0.282567451789493
0.2619124795605657
0.138171368695488
0.08109372212150401
0.08678054277473407
0.1576119924582403
0.28493026624154905
0.25603721623608916
0.13321981241034392
0.07590883941305665
0.07718846661328571
0.13767583156766863
0.26218361819704217
0.2792144380932417
0.15204579678770955
0.0837598848695207
0.07869529901749137
0.13461157459472153
0.2573112316924643
0.28564348625695457
0.1583195443856272
0.08891719704173673
0.08665006089689942
0.15064613987819492
0.27736380797219307
0.2679117602677749
0.14280391271293352
0.083254660425792
0.08789065320423842
0.1585860910182514
0.28589706062120757
0.2556528885076205
0.13312513931789305
0.07671418842056621
0.07964376450117482
0.1432868437529362
0.2692362750425267
0.27257255187414414
0.14609870368313602
0.08094185825161045
0.07729618890182452
0.13348224957641577
0.25601949791872536
0.2859447216388657
0.15862904683654028
0.0882672470862726
0.08433286735812247
0.14526049987545583
0.2709759005691838
0.27445505933494746
0.1481457051534496
0.0855847137574703
0.08865320736908536
0.15854973928875443
0.2858709809788522
0.2566070212552484
0.13401293583886037
0.07801960350951459
0.08245828526778795
0.14933088013850812
0.2762521441203444
0.26539272430426414
0.140174202070527
0.07824579924179728
0.0761687008113066
0.13295251986401435
0.25555560277115785
0.2856051414589923
0.15829465040327786
0.08737784023197635
0.08206575637490957
0.14017144934689565
0.2645320280165554
0.2803889874176697
0.15334287537411853
0.0877457400899157
0.08902956149214615
0.1576810948417623
0.2849979175290588
0.2585413946389624
0.1355949328847259
0.07954400805034856
0.0851371783116179
0.1547939440747692
0.28209413217155976
0.2590073747920079
0.1353003659839958
0.07630698614525892
0.07601394229433549
0.1342789673120398
0.2575881903294989
0.2833962806561503
0.15607441234144712
0.08582699546322767
0.08007893636897552
0.1363747660139222
0.25955130023857753
0.2843380179586324
0.15703908784971715
0.0889469917186306
0.08826026177471315
0.15471988000208373
0.281887874402468
0.2627529658482574
0.1388105912980926
0.08141564863486753
0.08700489627163625
0.15790431674382696
0.2852192173205026
0.2557938669021149
0.13306979479180997
0.07596621125368538
0.0775238593187258
0.13849142856327754
0.26324443733157676
0.27824405656465645
0.15114452009512555
0.08332358751028743
0.07845996950418149
0.13438779576003418
0.2570429726853832
0.28574632631853425
0.15842286716246493
0.08883966111383745
0.08629470306975333
0.14980417154742326
0.2763954237899368
0.26894936346591153
0.14362762931039297
0.08361803254922393
0.08802348450328387
0.15861540868731688
0.28592778020277165
0.25575781855575
0.13323212298653483
0.07690468642516234
0.08007972981018671
0.14423685249400262
0.2703776187721447
0.2714468728035669
0.14513799442698233
0.08049587394496976
0.0770916060176016
0.13334749624410247
0.25587659947138236
0.2859420556376757
0.15862813488342506
0.08814373740675226
0.08396351881546725
0.14441517505272058
0.269931880188536
0.27546265005223586
0.14900226292112445
0.08595275018882952
0.08875414396176586
0.15849478152097765
0.2858173186956577
0.25681942678395125
0.13419746244088387
0.078243855158209
0.0829060234034587
0.1502730289714863
0.27729344376678866
0.26427502667428043
0.1392935755789353
0.07786375560263495
0.07605091075038878
0.13298688340137363
0.2556431116766529
0.28543259187842024
0.15812028333032793
0.08719518227019403
0.08172712904550648
0.13945254366791615
0.263594322281973
0.28118838298837
0.15407365010133348
0.0880244065011266
0.08900300907238354
0.15737936630919916
0.2846889125626282
0.259030196220668
0.13597418839682746
0.07981499079406683
0.0855042387968797
0.15548698795919813
0.2828019187889813
0.2582313742561489
0.13473793636610734
0.07613459902900688
0.0761433860770973
0.13476856500445067
0.2582739483807773
0.28276288497336444
0.15544858308863835
0.08548355789482398
0.07979897550564809
0.13595086582330343
0.2589999901962939
0.28470862370944117
0.1573985528454696
0.08900545446247195
0.08800896205330776
0.1540323457466902
0.28114343619514204
0.2636476755669981
0.13949334215751708
0.08174660333269032
0.08720631824253586
0.1581318866766309
0.2854440616844494
0.25563608845902164
0.1329834566041367
0.07605702010626259
0.07788541213821529
0.1393440248360666
0.2643394383258255
0.2772337403321011
0.15021866249153873
0.08288009177899666
0.07823067649264276
0.13418627661778615
0.25680642871895476
0.2858209987775546
0.1584985293202251
0.08874853308664639
0.08593146818489888
0.1489525690970488
0.27540451128617316
0.26999259814671683
0.14446409410517005
0.08398493035758775
0.0881510287617212
0.15862851831852454
0.28594253910294665
0.25588446920708885
0.1333550111251917
0.07710334314427716
0.0805217022327635
0.14519376627603803
0.27151262316830815
0.2703113977661549
0.14418140064967921
0.08005419984855801
0.07689336643617978
0.13322542909387602
0.2557510711638372
0.2859264680963778
0.158614186375534
0.08801591889635192
0.0835968004899035
0.14357935417786613
0.2688888317304917
0.2764523932111606
0.14985343420012268
0.0863156087485208
0.08884457436270646