0.48
0.48
0.47900262981722747
0.4810299036824731
0.47810197407615435
0.482017119961382
0.4773458091269627
0.4828837992431154
0.4767644177027453
0.48355875299415874
0.47637343465341436
0.48398557361787053
0.47617891765978315
0.4841284271924031
0.47618237391708323
0.4839753197591679
0.47638378593340475
0.48353910634839925
0.47678155460879573
0.48285640780853806
0.47736937935436036
0.48198426000645883
0.47813119305849333
0.48099423196462643
0.47903613133181844
0.4799642394487571
0.4800358013208172
0.4789692477702735
0.48106552370888434
0.47807293283138813
0.482049832476971
0.4773224531910204
0.4829109557322591
0.4767475135761039
0.4835780954333456
0.47636332299069056
0.48399547931850717
0.476175702533023
0.48412806433299593
0.4761860712896687
0.48396471879803427
0.4763943767135588
0.4835191575183628
0.47679892388565004
0.48282878422512876
0.4773931629342766
0.4819512558793222
0.47816058811921514
0.48095851190411215
0.4790697498879693
0.4799285226971474
0.48007164036399
0.47893598759158823
0.4811010886909869
0.4780440709564203
0.482082394296311
0.4772993124631863
0.4829378745018953
0.47673084262330884
0.48359713167480145
0.4763534510561258
0.4840050358413264
0.476172728550607
0.48412733865150864
0.4761900097607456
0.48395377182588184
0.47640520687032545
0.48349890855724953
0.4768165251102349
0.48280093131164536
0.47741715890524994
0.4819181108568188
0.47819015757210476
0.48092274684509556
0.4791034830343388
0.479892852757684
0.4801075140655343
0.4789028516561878
0.48113659527230307
0.47801539005658344
0.48211480217317276
0.4772763878380757
0.48296455280084605
0.4767144052249314
0.4836158597587338
0.47634381895463673
0.48401424220256356
0.4761699957249728
0.4841262502225919
0.47619418931188495
0.4839424799697895
0.4764162762734632
0.48347836154892637
0.47683435784470696
0.48277285190862423
0.47744136628305645
0.4818848282250364
0.4782198997038665
0.4808869401266416
0.4791373282945089
0.4798572326249518
0.4801434193450988
0.4788698423133092
0.4811720400932515
0.4779868917103939
0.48214705287248805
0.4772536801885155
0.48299098790119205
0.4766982017479766
0.48363427775693874
0.47633442678539345
0.48402309745453853
0.4761675040672682
0.48412479915821294
0.4761986099229217
0.48393084439238837
0.4764275847857947
0.48345751860768477
0.47685242163615227
0.48274454887799967
0.47746578406047857
0.48185141127881936
0.4782498127740789
0.4808510950822211
0.4791712831671821
0.4798216652752335
0.48017935310637005
0.4788369618862565
0.48120741979164916
0.47795857746963727
0.4821791431708225
0.4772311903657985
0.48301717709863085
0.47668223254618375
0.48365238377302056
0.476325274642046
0.48403160068575124
0.4761652535874226
0.48412298560764455
0.476203271571847
0.4839188662917428
0.4764391322629565
0.4834363818779926
0.4768707160162844
0.48271602510271666
0.4774904112070759
0.48181786332127885
0.47827989501515505
0.4808152150392167
0.47920534512638613
0.4797861536661407
0.48021531223748276
0.47880421267225487
0.4812427310032151
0.47793044885946123
0.48221106985684575
0.47720891919994024
0.48304311771282965
0.47666649796032484
0.48367017594260464
0.4763163626129446
0.4840397510209716
0.47616324429421136
0.4841208097574511
0.47620817423469525
0.4839065469012279
0.4764509185531465
0.4834149535342428
0.4768892405011446
0.48268728348634093
0.4775152466689635
0.48178418766330344
0.47831014463231347
0.48077930331843305
0.4792395116216881
0.47975070073625165
0.48025129361143554
0.4787715969423138
0.4812779703620746
0.4779025073784757
0.48224282973179894
0.47718686749994094
0.48306880708777467
0.4766509983185036
0.4836876524335475
0.4763076907813574
0.48404754762132696
0.47616147619531474
0.48411827183147027
0.4762133178854244
0.4838938874894023
0.4764629434968668
0.4833932357804956
0.47690799459080124
0.4826583269526635
0.4775402893685935
0.4817503876230663
0.4783405598035552
0.4807433632336077
0.4792737800784159
0.4797153094047561
0.48028729408651183
0.4787391169410986
0.48131313450126406
0.4778747544988604
0.4822744196099581
0.47716503605404964
0.48309424259211414
0.4766357339364525
0.48370481144614097
0.4762992592256822
0.4840549896843847
0.4761599492973702
0.484115372090792
0.47621870249579157
0.4838808893598772
0.4764752069266639
0.4833712308502166
0.4769269777690503
0.4826291584453007
0.47756553820454256
0.4817164665255309
0.47837113867965053
0.4807073980909255
0.4793081478978887
0.4796799825711063
0.48032331050670624
0.4787067748868106
0.4813482200532366
0.47784719166647943
0.48230583631909557
0.4771434256300325
0.48311942161949767
0.47662070511782884
0.4837216512133126
0.47629106801965504
0.48406207644423205
0.47615866360601894
0.4841121108337333
0.47622432803522213
0.4838675538511815
0.4764877086668657
0.4833489410060106
0.4769461895031174
0.4825997809272912
0.477590992051305
0.48168242770195563
0.47840187938413314
0.4806714111885355
0.47934261245765536
0.47964472311467576
0.4803593397021556
0.4786745729710769
0.48138322365036784
0.47781982030100395
0.4823370767009372
0.47712203697544436
0.48314434158891034
0.47660591215451037
0.4837381700008209
0.4762831172325524
0.48406880717155104
0.47615761912594573
0.48410848839581
0.4762301944706734
0.48385388233662213
0.4765004485333147
0.4833263685393494
0.4769656292433594
0.48257019738068685
0.47761664975908996
0.48164827448939557
0.4784327800133025
0.48063540581607006
0.47937717111173983
0.4796095338944238
0.4803953784895744
0.4786425133588467
0.48141814192546145
0.4777926417960399
0.4823681376116155
0.4771008708179021
0.48316899994500073
0.47659135532688746
0.48375436610744554
0.4762754069293894
0.48407518117368964
0.47615681586091185
0.48410450514970366
0.476236301766492
0.4838398762241399
0.4765134263330984
0.48330351577029473
0.476985296422968
0.4825404108061399
0.4776425101536254
0.48161401023020334
0.4784638386362352
0.4805993852541671
0.47941182119089637
0.47957441774856735
0.4804314236726957
0.47861059818829826
0.48145297151225586
0.47776565751926475
0.48239901592212164
0.4770799278653624
0.4831933941584064
0.4765770349041558
0.48377023786517437
0.47626793717111354
0.4840811977947303
0.4761562538137834
0.48410016150522633
0.4762426498842668
0.4838255369561621
0.4765266418642775
0.4832803850472173
0.4770051904576752
0.4825104242224868
0.4776685720359679
0.48157963827152916
0.4784950532948044
0.48056335277399626
0.479446560002872
0.47953937749426123
0.48046747204271634
0.47857882957075376
0.48148770904592986
0.47773886881256944
0.48242970851875105
0.47705920880640124
0.4832175217260726
0.4765629511446063
0.48378578363938457
0.47626070801479253
0.4840868564155536
0.4761559329865518
0.48409545790928105
0.4762492387826754
0.48381086600945006
0.47654009491561056
0.48325697874651025
0.4770253107454592
0.4824802406663267
0.47769483418231723
0.48154516196481895
0.478526422003708
0.4805273116367874
0.47948138483267666
0.4795044159272843
0.48050352037874633
0.47854720959060304
0.48152235116360903
0.4777122769922087
0.48246021230354785
0.47703871431049677
0.48324138017156687
0.4765491042959135
0.48380100182902047
0.47625371951379836
0.48409215645389897
0.4761558533803489
0.4840903948458186
0.47625606841732554
0.4837958648949426
0.47655378526627623
0.4832332992722974
0.47704565666625215
0.4824498631915969
0.47772129534383795
0.48151058466531177
0.47855794275050473
0.48049126509336343
0.4795162929428611
0.4794695358217338
0.48053956544826215
0.4785157403052354
0.48155689450487005
0.4776858833489556
0.482490524194743
0.477018445028313
0.4832649670453879
0.47653549459542116
0.4838158908667653
0.4762469717179841
0.48409709736442036
0.47615601499545457
0.4840849728357904
0.47626313874059073
0.4837805351575947
0.47656771268559306
0.48320934905613694
0.4770662275816501
0.48241929486914276
0.47774795424648625
0.48147590973153587
0.4785896134956593
0.48045521638367544
0.4795512815738029
0.4794347399297263
0.4805756040075648
0.47848442374498046
0.48159133571224644
0.47765968914826507
0.4825206411271911
0.4769984015919878
0.4832882799252712
0.4765221222704272
0.48383044921921053
0.47624046467385817
0.48410167863874026
0.4761564178313
0.4840791924370986
0.4762704497014412
0.4837648783762127
0.47658187693273707
0.4831851305567205
0.47708702283462484
0.4823885387862855
0.47777480959084373
0.48144114052480447
0.4786214321725958
0.48041916873634294
0.47958634794399974
0.4794000309811071
0.48061163280224106
0.4784532619130574
0.48162567143173224
0.4776336956304413
0.48255056005280145
0.476978584615421
0.48331131641648734
0.47650898753846443
0.48384467538701886
0.4762341984247509
0.484105899805498
0.4761570618864623
0.4840730542445414
0.47627800124526876
0.4837488961632836
0.4765962777564566
0.4831606462595663
0.47710804174923727
0.4823575980463848
0.47780186005195735
0.4814062804087107
0.4786533966877601
0.4803831253681974
0.47962148925037085
0.47936541168316715
0.4806476485676291
0.4784222567855332
0.48165989831328554
0.47760790401081343
0.4825802779409662
0.47695899469456565
0.48333407415213775
0.47649609060758086
0.4838585679050842
0.4762281730109773
0.48410976043039583
0.47615794715865456
0.48406655888975547
0.47628579331370746
0.4837325901648019
0.47661091489478585
0.4831358986767085
0.477129283630354
0.48232647576839793
0.47782910427918573
0.48137133274862204
0.47868550492069073
0.48034708948383026
0.47965670266856547
0.47933088472036756
0.4806836480292875
0.47839141031128896
0.48169401301133125
0.4775823154799166
0.48260979177898433
0.47693963240772136
0.4833565507934445
0.4764834316766165
0.48387212534268714
0.4762223884699943
0.484113260116241
0.47615907364470933
0.48405970704115475
0.4762938258444485
0.48371596206009043
0.47662578807475603
0.48311089034638144
0.4771507477633659
0.48229517508643605
0.47785654089605223
0.48133630091117496
0.47871775472409805
0.48031106427514497
0.4796919853532782
0.479296452754072
0.4807196279034668
0.4783607244119948
0.4817280121852614
0.4775569312036779
0.4826390985724803
0.47692049831582706
0.4833787440300337
0.4764710109354766
0.4838853463036448
0.4762168448365513
0.4841163985029834
0.4761604413405544
0.48405249940386424
0.4763020987710497
0.48369901356161676
0.47664089701210394
0.48308562383269776
0.4771724334139083
0.4822636991493148
0.477884168500104
0.48130118826376767
0.4787501439239518
0.48027505292091266
0.4797273344385724
0.4792621184222866
0.4807555848975856
0.478330200982093
0.48176189249993573
0.4775317523236096
0.48266819534582034
0.4769015929627578
0.4834006515802173
0.476458828565404
0.48389822942645827
0.4762115421428363
0.4841191752677505
0.4761620502411843
0.48404493671965165
0.4763106120227411
0.483681746414806
0.47665624141098045
0.4830601017253233
0.477194339827586
0.4822320511201037
0.4779119856627796
0.4812659981740555
0.478782670319579
0.4802390585863344
0.47976274703821065
0.47922788433940905
0.480791515710709
0.47829984188879054
0.4817956506261805
0.4775067799570076
0.4826970791425235
0.4768829168756214
0.48342227119126674
0.4764468847392471
0.48391077338445426
0.47620648041861624
0.4841215901248785
0.47616390034062384
0.48403701976685426
0.4763193655242249
0.483664162397848
0.4766718209636559
0.483034326639146
0.4772164662296993
0.48220023417567026
0.47793999092928113
0.4812307340094437
0.4788153316837679
0.48020308442260584
0.47979822024599134
0.4791937530959839
0.48082741703402965
0.478269648972058
0.4818292832412847
0.47748201519715405
0.4827257470256679
0.47686447056505565
0.48344360063968345
0.47643517962172505
0.4839229768859233
0.47620165969137124
0.4841236428259394
0.4761659916318863
0.4840287493603021
0.4763283591954707
0.48364626332150046
0.47668763535022507
0.48300830121394006
0.4772388118249741
0.4821682515062216
0.4779681828184559
0.4811953991365821
0.4788481257628828
0.4801671335664879
0.4798337511360936
0.4791597272584678
0.4808632855513528
0.4782396240446391
0.48186278702949653
0.4774574591135281
0.4827541960782941
0.4768462545255283
0.4834646377314642
0.4764237133696903
0.48393483867425374
0.4761970799864235
0.4841253331597652
0.4761683241069253
0.48402012635123803
0.4763375929515067
0.4836280510288879
0.47670368423831094
0.482982028114026
0.47726137579729505
0.4821361063148429
0.4779965598226835
0.4811599969208603
0.47888105027698713
0.48013120913988333
0.4798693367634284
0.4791258093690023
0.48089911793958273
0.4782097688920671
0.4818961586825165
0.47743311275201955
0.48278242340380295
0.47682826923563637
0.4834853803023615
0.4764124861323877
0.4839463575280615
0.4761927413270608
0.4841266609524682
0.4761708977565802
0.484011151627233
0.4763470667022056
0.48360952739529517
0.4767199672827665
0.4829555100279251
0.4772841573094421
0.4821038018170321
0.4780251204077711
0.4811245307259026
0.4789141029199736
0.48009531424941665
0.47990497416399547
0.4790920019451944
0.48093491086921164
0.47818008527268957
0.4819293948999889
0.47740897713514835
0.4828104261263488
0.47681051515840617
0.4835058262181383
0.47640149805170906
0.4839575322613147
0.4761886437346523
0.48412762606745674
0.4761737125705149
0.48400182611209763
0.4763567803520656
0.483590694327956
0.47673648412537584
0.4829287496680086
0.47730715550283
0.48207134124023154
0.4780538630128551
0.4810890039130637
0.47894728135970466
0.48005945198602
0.4799406603552478
0.4790583074799056
0.48097066100481123
0.47815057491770097
0.48196249238999167
0.4773850532622889
0.4828382013912289
0.4767929927415941
0.48352597337481923
0.47639074926244596
0.483968361723456
0.4761847872287611
0.48412822840544933
0.4761767685371512
0.48399215076579055
0.47636673379998834
0.4835715537658382
0.4767532343945556
0.4829017497701436
0.4773303694972527
0.4820387278233572
0.4780827860503117
0.4810534198409263
0.4789805832381616
0.4800236254245256
0.4799763923364634
0.47902472844105043
0.4810063650055274
0.47812123953118485
0.4819954478695245
0.4773613421099003
0.48286574636526863
0.47677570241798845
0.4835458196989364
0.47638023989253797
0.48397884479951964
0.47618117182724934
0.4841284679044838
0.476180065643596
0.4839821265843224
0.47637692693905176
0.48355210767942336
0.4767702177050541
0.482874513093333
0.4773537983906307
0.48200596481632474
0.4781118879056738
0.4810177818647988
0.47901400617160106
0.47998783762326225
0.480012167089121
0.47899126727140157
0.4810420195255741
0.47809208079016186
0.4820282580649931
0.4773378446317593
0.48289305823720063
0.47675864460570994
0.48356536314777
0.4763699700633171
0.4839889804102447
0.47617779754637735
0.48412834453992315
0.47618360387556175
0.4839717545996558
0.47638735965627854
0.48353235807048156
0.4767874336576513
0.4828470424193511
0.4773774412587624
0.48197305547957237
0.47814116693755604
0.48098209333621467
0.47904754775072067
0.47995209162365843
0.48004798157728384
0.478957926388405
0.4810776212147318
0.4780631003446473
0.4820609197126925
0.47731456175919945
0.4829201342180403
0.4767418197085131
0.48358460170958417
0.4763599398897481
0.48399876751218357
0.4761746644008965
0.4841278583244574
0.47618738321728044
0.4839610358796009
0.47639803183240015
0.4835123069718413
0.47680488183885683
0.48281934055237385
0.47740129715508006
0.4819400030835814
0.4781706214775872
0.48094635760243276
0.4790812055408339
0.4799163904498512
0.4800838327479894
0.4789247081840028
0.4811131667188459
0.47803429981771584
0.4820934295592875
0.4772914944013537
0.48294697154145716
0.47672522811608764
0.4836035334038589
0.47635014948066606
0.48400820509780845
0.4761717724041378
0.4841270093081038
0.47619140365141377
0.48394997152770863
0.4764089433416187
0.4834919564471558
0.47682256182060995
0.48279141031860606
0.47742536511041017
0.4819068109083949
0.4782002498303514
0.4809105780059402
0.47911497708205236
0.4798807371083009
0.4801197175316438
0.47889161502446453
0.481148652680327
0.478005680805574
0.4821257843622899
0.4772686434454016
0.48297356746413994
0.47670887020435887
0.48362215628151617
0.47634059893900815
0.4840172921956113
0.47616912156809177
0.4841257975782003
0.47619566515895395
0.4839385626831576
0.47642009405136226
0.48347130859066295
0.47684047315997735
0.48276325456590174
0.4774496441327373
0.48187348224313226
0.47823005027333565
0.48087475788395545
0.47914885988947703
0.479845134587412
0.4801556328424234
0.4788586492502277
0.48118407573865296
0.47797724487764043
0.48215798089053374
0.4772460097568204
0.48299991926615854
0.47669274633578823
0.4836404684251418
0.47633128836204297
0.48402602787020227
0.4761667119034847
0.48412422325939874
0.47620016771912177
0.4839268105206391
0.47643148382203876
0.4834503655269415
0.47685861539885277
0.48273487616338195
0.477474133206974
0.48184002038550316
0.47826002105688675
0.4808389005679347
0.4791828514533983
0.4798095858571606
0.48019157557868125
0.4788258131757461
0.48121943253087085
0.4779489935766339
0.482190015924647
0.47722359417964005
0.48302602425132
0.47667685685967287
0.48365846794920236
0.47632221784159373
0.4840344112224016
0.47616454341984604
0.4841222865136513
0.4762049113092556
0.48391471625023563
0.476443112506784
0.48342912941066124
0.47687698806365497
0.48270627800104593
0.47749883129473397
0.48180642864131784
0.4782901604041753
0.48080300938307907
0.4792169492395035
0.47977409386872755
0.48022754262335926
0.4787931090893471
0.4812547196921014
0.4779209284186681
0.4822218862575211
0.47720139753670193
0.4830518797475207
0.4766612021124445
0.4836761530002579
0.47631338746425905
0.48404244138933056
0.47616261612557303
0.4841199875401969
0.47620989590469787
0.48390228111729866
0.47645497995120883
0.4834076024263306
0.47689559066502885
0.4826774629893803
0.47752373733411196
0.48177271032399704
0.4783204665111689
0.48076708764784537
0.47925115068909374
0.47973866155413913
0.4802635308444058
0.47876053925309786
0.481289933856043
0.47789305089335515
0.4822535886947769
0.4771794206299216
0.48307748310709286
0.4766457824179677
0.4836935217571694
0.47630479731162767
0.48405011754449595
0.47616093002798576
0.4841173265755405
0.47621512147867257
0.4838895064023184
0.4764670859931398
0.4833857867880363
0.47691442269754397
0.48264843405896113
0.4775488502394665
0.4817388687540779
0.4783509375466119
0.48073113867345796
0.47928545321930865
0.4797032918259139
0.4802995370951986
0.4787281059026799
0.4813250716554772
0.47786536246391503
0.4822851200552275
0.47715766424055445
0.48310283170714713
0.4766305980878368
0.48371057243130205
0.47629644746048977
0.4840574388978726
0.47615948513337836
0.4841143038934315
0.4762205880021593
0.4838763934207931
0.4764794304623593
0.48336368473918107
0.4769334836393964
0.4826191941600537
0.47757416890121
0.48170490725871995
0.478381571652015
0.48069516576342386
0.4793198542233586
0.47966798757671586
0.4803355582149721
0.4786958112472719
0.48136012972277364
0.4778378645672927
0.48231647717133735
0.4771361291294644
0.48312792294990864
0.476615649421671
0.48372730326672286
0.47628833798304215
0.4840644046959802
0.47615828144706235
0.48411091980483667
0.4762262954437596
0.4838629435230906
0.4764920131803402
0.48334129855221425
0.47695277295211
0.48258974626220646
0.4775996921856026
0.481670829171208
0.4784123669416521
0.4806591722130502
0.4793543510707664
0.4796327516790152
0.48037159102925064
0.47866365746944206
0.48139510469039676
0.47781055861428307
0.4823476568896797
0.4771148160373972
0.483152754263051
0.4766009367074099
0.48374371254039567
0.47628046894709086
0.48407101422195864
0.47615731897340513
0.484107174657911
0.4762322437695595
0.4838491580943089
0.4765048339599788
0.4833186305283586
0.4769722900802391
0.4825600933538413
0.4776254189345523
0.48163663783045424
0.47844332150256613
0.4806231613089651
0.47938894110761626
0.4795975869847559
0.4804076323502859
0.47863164672504843
0.4814299931914113
0.47778344598966144
0.48237865607138825
0.4770937256852544
0.4831773231000222
0.4765864602216052
0.4837597985623694
0.4762728404162466
0.48407726679563723
0.476156597715861
0.48410306883796367
0.476238432942985
0.48383503855413024
0.4765178926053246
0.4832956829973323
0.47699203445107285
0.48253023844183984
0.4776513479654207
0.48160233658049867
0.4784744333945825
0.4805871363286405
0.4794236216568107
0.47956249632503
0.4804436789774987
0.478599781143148
0.4814647918599886
0.4777565280523223
0.4824094715926072
0.4770728587743724
0.4832016269403682
0.4765722202297131
0.48377555967596325
0.47626545245011703
0.4840831617736018
0.47615611767699656
0.4840986027674214
0.4762448629246527
0.48382058635667186
0.4765311889113068
0.48327245831706517
0.47701200547434003
0.48250018455112476
0.4776774780708339
0.4815679287700082
0.478505700650332
0.48055110053991945
0.47945839001833584
0.47952748250975985
0.480479727697926
0.4785680628259148
0.4814994973319125
0.4777298061354239
0.48244010034493656
0.4770522159868024
0.48322566329004996
0.47655821698638257
0.48379099425794664
0.476258305104493
0.4840886985492573
0.4761558788585096
0.4840937769057873
0.47625153367221434
0.48380580299033216
0.47654472266345815
0.4832489588734109
0.47703220254191625
0.4824699347242374
0.47770380801850015
0.48153341775177466
0.47853712127528125
0.48051505720054594
0.4794932434695346
0.4794925483273869
0.4805157752866716
0.47853649384856617
0.4815341062450852
0.47770328154653974
0.48247053923587435
0.4770317979855942
0.4832494296817565
0.47654445073574414
0.4838061007187151
0.47625139843153047
0.48409387655288705
0.4761558812612418
0.48408859174959706
0.4762584451401971
0.483790689977633
0.4765584936376369
0.48322518707985396
0.47705262502753265
0.48243949202091185
0.47773033655103303
0.481498806882212
0.4785686932477725
0.48047900955769873
0.47952817926538704
0.4794576965445688
0.48055181850736134
0.4785050762592984
0.4815686152400323
0.4776769555678173
0.48250078518925477
0.47701160541508136
0.4832729236752126
0.4765309217116946
0.4838208775024612
0.4762447324799263
0.48409869525170757
0.47615612488518455
0.48408304783237005
0.4762655972798365
0.48377524887505663
0.47657250159974507
0.4832011453772111
0.47707327228648555
0.4824088595176437
0.47775706238578025
0.48146409952085184
0.47860041451907065
0.4804429608475277
0.47956319463879865
0.47942292990588253
0.48058785411260124
0.478473812079229
0.48160302096040686
0.4776508294561411
0.4825308351456819
0.47699163890116825
0.48329614285748107
0.47651763013818005
0.48383532308734134
0.47623830729508976
0.4841031541499206
0.47615660972947926
0.48407714572455834
0.4762729900389061
0.48375948127287904
0.47658674630544556
0.48317683623332874
0.4770941436553495
0.4823780403072557
0.47778398421466006
0.48142929902983905
0.47863228301342076
0.4804069142946958
0.47959828680089717
0.47938825113353695
0.4806238788444419
0.4784427033023508
0.48163732005349463
0.4776249044433051
0.4825606860629615
0.4769718990516211
0.4833190848432622
0.47650457622947806
0.4838494359856386
0.4762321229193084
0.4841072527887614
0.4761573357924112
0.4840708860334912
0.47628062336154087
0.48374338879499906
0.4766012274998768
0.48315226214277535
0.47711523845169196
0.4823470374984603
0.4778111007040032
0.4813944087734271
0.4786642966281126
0.480370873111924
0.4796334529413356
0.4793536629270922
0.48065988943484383
0.47841175189549157
0.4816715091707159
0.47759918173618837
0.4825903349165259
0.47695238645635807
0.4833417472751849
0.476491760190475
0.48386321474392024
0.47622617939190814
0.4841109907465422
0.47615830307139617
0.48406426940331554
0.47628849718805516
0.483726973098762
0.47661594491736453
0.483127425626528
0.4771365559737894
0.4823158542154167
0.4778384104944007
0.48135943211747134
0.47869645323355414
0.48033484049953984
0.479668690228603
0.4793191679631862
0.4806958826061477
0.47838095979828366
0.48170558496812776
0.47757366251693856
0.4826197786998574
0.4769331016877435
0.4833641278240963
0.47647918221694263
0.48387665794319146
0.47622047674940865
0.4841143676386936
0.47615951156296193
0.48405729651493357
0.47629661145475655
0.4837102358747799
0.4766308982811329
0.48310232923165525
0.47715809550034755
0.48228449359728554
0.47786591220056035
0.4813243724289242
0.4787287506733546
0.4802988196450319
0.47970399581034356
0.4792847688952706
0.48073185507154814
0.478350328923142
0.4817395441069253
0.4775483479431606
0.4826490144249059
0.47691404530088194
0.48338622418934385
0.4764668424958109
0.48388976419904484
0.4762150150256723
0.48411738311780106
0.47616096126272256
0.48404996808593564
0.47630496609375345
0.48369317884674595
0.47664608730301244
0.4830769755309936
0.4771798562902225
0.482252958797779
0.47789360441116746
0.48128923307532767
0.4787611867644143
0.4802628137226065
0.47973936681368123
0.4792504683533527
0.48076780353556975
0.4783198611552497
0.48177338325394087
0.4775232391481109
0.48267803912250284
0.4768952178339142
0.4834080340990541
0.47645474120543857
0.48390253216180534
0.4762097942520485
0.48412003687363875
0.47616265216534714
0.4840422848705306
0.4763135610327594
0.4836758037712464
0.4766615116831483
0.4830513671228214
0.47720183758214707
0.4822212529847091
0.47792148568875514
0.481254017424309
0.478793759297026
0.4802268258927518
0.4797748003455536
0.4792162689437479
0.4808037246945474
0.47828955835255393
0.48180709908214236
0.4774983372408985
0.48270684984277196
0.4768766198083156
0.48342955531040627
0.476442878515881
0.4839149605166716
0.47620481445751234
0.4841223286331996
0.4761645842645221
0.48403424765947134
0.47632239619489103
0.4836581124375659
0.4766771711097048
0.4830255066305251
0.4772240385944568
0.48218937933953
0.4779495545695785
0.4812187288430735
0.47882646603498125
0.4801908593018042
0.47981029349305
0.4791821732488378
0.48083961523710783
0.4782594223457677
0.4818406882711293
0.4774736433066896
0.482735443655533
0.4768582517291931
0.48345078560989985
0.4764312545891537
0.4839270479838516
0.47620007566879596
0.48412425816072024
0.4761667575529059
0.48402585727997643
0.47633147149846167
0.4836401066674888
0.47669306525856986
0.4829993967022627
0.47724645852482184
0.48215734105687913
0.4779778095634988
0.4811833706978992
0.47885930471568844
0.4801549170815206
0.47984584332375896
0.4791481838268373
0.48087547184465507
0.47822945493838126
0.4818741475076279
0.4774491584069191
0.4827638176507039
0.476840114085585
0.4834717228136188
0.4764198695794937
0.48393879331869577
0.4761955779105165
0.4841258252577051
0.4761691720220799
0.48401711459564895
0.4763407868567709
0.4836217883150966
0.4767091937930583
0.48297304001062114
0.47726909654998123
0.48212514134411394
0.4780062491538729
0.481147946353632
0.47889227305029824
0.4801190023486561
0.4798814468861216
0.47911430321157117
0.4809112911918584
0.47819965790668234
0.48190747348598423
0.4774248835795066
0.48279196893869714
0.4768222073507608
0.48349236476748964
0.47640872363361736
0.48395019531182465
0.47619132120529617
0.48412702976294403
0.4761718276624907
0.4840080205063903
0.4763503421778888
0.4836031592665596
0.47672555636361363
0.48294643925226943
0.4772919518254801
0.48209278342084566
0.4780348717974513
0.48111245917318113
0.4789253687238379
0.4800831182045465
0.47991710120979125
0.4790805339122568
0.4809470699471423
0.4781700329997833
0.48194066290865545
0.47740081983907817
0.48281989465081204
0.47680453198252215
0.48351270934753626
0.47639781689097505
0.483961252789254
0.47618730557387867
0.48412787155252923
0.47617472446338827
0.48399857594831147
0.47636013736443655
0.4835842214399253
0.47674215260750935
0.4829195971476074
0.47731502348541177
0.482060270518471
0.47806367592428267
0.48107691251701573
0.478958589395354
0.48004726773469636
0.47995280330600004
0.47904687841329696
0.4809828047731783
0.4781405819396566
0.4819737124866976
0.47737696817719155
0.4828475919396217
0.4767870884235027
0.4835327544601272
0.47638714948400074
0.48397196461251324
0.4761835310352368
0.48412835053986536
0.4761778624127554
0.4839887818936384
0.4763701723133612
0.48356497678489985
0.4767589821485484
0.48289251644040787
0.47733831064216126
0.48202760587969823
0.47809265993762556
0.4810413097426611
0.47899193269806356
0.48001145400837153
0.4799885501679316
0.4790133391740795
0.48101849232737937
0.4781113064211789
0.4820066189402539
0.4773533295625677
0.4828750579793567
0.47676987710147023
0.4835524980422215
0.4763767215383605
0.4839823296787629
0.4761799976066774
0.48412846667567955
0.47618124149723423
0.48397863935061597
0.47638044691570824
0.4835454272826276
0.47677604459676415
0.48286519989745663
0.477361812386156
0.4819947927580742
0.47812182221386956
0.4810056542041985
0.4790253962395149
0.4799756800781996
0.4800243387711008
0.4789799186287873
0.4810541292623967
0.47808220811218316
0.48203937899903815
0.47732990494132654
0.48290228996628365
0.4767528984296276
0.4835719380616067
0.4763665331731948
0.4839923469209056
0.4761767053039375
0.4841282199480249
0.4761848617020438
0.48396814936340593
0.47639096105638823
0.48352557494546394
0.47679333954811887
0.4828376503081858
0.477385527785618
0.48196183441750584
0.47815116110246225
0.48096994925176434
0.47905897760175614
0.4799399489797743
0.4800601660737388
0.47894661918621534
0.48108971222661695
0.4780532886535181
0.4820719894028172
0.4773066952372266
0.4829292851190784
0.476736152806914
0.4835910725171339
0.47635658450135815
0.48400201530769404
0.47617365414127644
0.4841276103822822
0.47618872301089304
0.4839573130119818
0.47640171461394
0.48350542181674355
0.4768108665842024
0.4828098704843027
0.4774094558863204
0.48192873413177906
0.4781806749258438
0.4809341982310507
0.4790926743415112
0.4799042637312656
0.4800960290171836
0.4789134432295957
0.48112523786466116
0.478024549659115
0.4821044469018897
0.47728370135190895
0.48295604067919523
0.4767196406183057
0.4836098994389473
0.4763468756296545
0.4840113338438348
0.4761708441315603
0.4841266380411571
0.4761928254058868
0.4839461314120194
0.47641270746028974
0.4834849699705444
0.4768286252719314
0.48278186325941475
0.47743359571135024
0.481895495184077
0.47821036197939154
0.4808984044828091
0.47912648399036717
0.47986862733303765
0.48013192452627884
0.4788803931164336
0.48116070281788687
0.4779959927160641
0.48213674825756386
0.4772609241651468
0.4829825539112319
0.47670336223511706
0.483628416888709
0.47633740665906843
0.48402030157008846
0.4761682752863417
0.4841253030246745
0.4761971688674272
0.483934605714784
0.476423939460507
0.4834642215114472
0.4768466151632479
0.48275363148864947
0.477457946260874
0.48186212086649427
0.47824022053137
0.4808625713423543
0.4791604040549673
0.4798330427672712
0.4801678495097753
0.47884747117834897
0.48119610372488886
0.4779676193846962
0.4821688902426304
0.4772383645350969
0.4830088221032883
0.47668731801530023
0.48364662295981936
0.4763281776849922
0.48402891756336525
0.4761659476159326
0.48412360547016886
0.4762017533741075
0.4839227371070127
0.47643541047255566
0.48344317857428903
0.4768648357948185
0.4827251780482697
0.47748250651190843
0.4818286144795496
0.4782702488228906
0.48082670213907097
0.47919443201721373
0.4797975129975931
0.48020380086074027
0.47881467972092906
0.48123143722200307
0.47793943119867427
0.48220086964183434
0.47721602329855656
0.4830348425673224
0.4766715083037452
0.4836645157776326
0.47631918879744867
0.48403718093681736
0.47616386112947123
0.4841215455522712
0.47620657890260104
0.4839105268107929
0.4764471203470421
0.48342184332391297
0.47688328668773294
0.4826965058352843
0.47750727541809596
0.48179497933169585
0.4783004450678781
0.4807908001959224
0.4792285653344786
0.4797620409687125
0.48023977545697105
0.47878202102358813
0.4812666999438099
0.47791142966509026
0.4822326832523425
0.47719390127122335
0.4830606126394992
0.4766559334325779
0.483682093499667
0.4763104400813092
0.48404509083992653
0.47616201583498224
0.484119123482892
0.47621164542754385
0.4838979760834368
0.47645906892695994
0.4834002179549126
0.4769019673472046
0.48266761776705447
0.47753225190948567
0.48176121873882866
0.47833080745304685
0.4807548688289613
0.4792628014398231
0.4797266296060629
0.4802757701614147
0.47874949733943656
0.4813018885236392
0.4778836162645709
0.4822643278842088
0.47717199924795883
0.4830861296805367
0.4766405937214578
0.4836993543158114
0.4763019316165076
0.48405264645858875
0.4761604117394316
0.4841163395112009
0.47621695292141125
0.48388508621735143
0.47647125604742996
0.48337830469137094
0.4769208772622697
0.4826385167808951
0.4775574348923182
0.48172733602379203
0.4783613341378831
0.4807189113468423
0.47929713774222477
0.4796912818154511
0.4803117818225923
0.4787171108951583
0.4813369995940759
0.4778559924513899
0.48229580036083625
0.4771503180030556
0.48311139107604634
0.47662548947787503
0.48371629644852693
0.47629366347824964
0.4840598470151946
0.4761590488487748
0.4841131939236036
0.47622250135438954
0.4838718585399053
0.4764836815354396
0.48335610578659627
0.47694001590548996
0.48260920583367317
0.47758282324881784
0.4816933345158838
0.47839202325463775
0.4806829310503388
0.4793315716268135
0.4796560004827137
0.48034780727502846
0.47868486389089676
0.481372029787465
0.4778285596535876
0.4823270975194349
0.47712885829050716
0.4831363942368681
0.4766106209974451
0.48373291815304303
0.476285635737217
0.4840666917687056
0.47615792716799843
0.4841096870437132
0.47622829069424094
0.4838582944132897
0.47649634520957596
0.483333623522851
0.476959382732653
0.4825796879013996
0.4776084158369876
0.48165921755035784
0.47842287290832575
0.4806469312318609
0.47936610045511524
0.4796207884733792
0.4803838433396858
0.4786527585001501
0.4814069757364182
0.4778013192730977
0.4823582162114774
0.4771076208442816
0.4831611365994015
0.4765959885642031
0.4837492177175506
0.47627784845976756
0.48407318001472727
0.4761570467011562
0.4841058192323202
0.4762343209061635
0.4838443952343768
0.47650924687975826
0.48331086021107705
0.4769789771824767
0.4825499659788189
0.4776342114904119
0.4816249884679257
0.4784538811767347
0.480610915174977
0.4794007215653036
0.4795856486323386
0.4804198868244039
0.47862079686967435
0.48144183407431973
0.4777742726858809
0.4823891533031504
0.47708660637859757
0.4831856156259314
0.476581592450896
0.4837651934633891
0.4762703017081298
0.48407931108557795
0.47615640745139814
0.48410159088735705
0.4762405919526451
0.48383016243457266
0.476522386346966
0.4832878181906157
0.4769987986763132
0.48252004307899304
0.4776602090180639
0.48159065061425665
0.47848504611044196
0.4805748861539386
0.4794354322724604
0.4795505837835224
0.4804559345243435
0.478588981119396
0.48147660143583254
0.4777474212420655
0.48241990567580306
0.4770658155882034
0.48320982880494867
0.4765674329192734
0.48378084374523
0.4762629955405932
0.48408508435035424
0.47615600942099373
0.48409700244386034
0.47624710379331225
0.483815597479667
0.4765357634029651
0.4832644998289231
0.47701884661785465
0.4824899222328826
0.47768640720411865
0.4815562073394766
0.47851636573283923
0.48053884743320796
0.47947022986884247
0.4795155967295843
0.48049198322243347
0.4785573133423322
0.4815112744574038
0.4777207662660942
0.4824504702263908
0.47704524914865853
0.48323377365146647
0.4765535102203764
0.4837961669512553
0.4762559300116928
0.48409049921499236
0.47615585261134863
0.48409205437392844
0.4762538563847727
0.4838007018696772
0.4765493778300306
0.48324090752127963
0.47703912039284047
0.48245960648892194
0.47771280480777223
0.48152166199766516
0.47854783804016665
0.48050280226698916
0.479505111624158
0.4794806902515937
0.4805280296898242
0.4785257956045208
0.48154584977777104
0.4776943090568785
0.48248084386791656
0.4770249077166175
0.4832574477073308
0.47653982459482414
0.4838111615033316
0.47624910517238894
0.4840955551223259
0.476155937023015
0.484086747186676
0.47626084968045324
0.4837854771386891
0.4765632294006674
0.4832170436904956
0.47705961936876673
0.48242909891259195
0.47773940056306724
0.4814870179463527
0.478579461001555
0.4804667538987632
0.47954007478584953
0.479445867108734
0.4805640706863434
0.4784944299449577
0.4815803240384663
0.477668050887958
0.48251102352986713
0.4770047919301159
0.4832808485415269
0.47652637627309874
0.4838258258571796
0.47624252107024173
0.48410025155213954
0.47615626265569544
0.48408108142818446
0.47626808363043194
0.4837699248546928
0.4765773178773285
0.4831929107866115
0.47708034289459705
0.48239840258598793
0.47776619317872426
0.4814522785460159
0.4786112325590765
0.48043070556082607
0.4795751165793852
0.47941113003800967
0.48060010296095645
0.47846321837554395
0.4816146938843215
0.47764199300766796
0.4825410061586469
0.4769849024088593
0.4833039737504806
0.476513165475828
0.48384015850254014
0.47623617774958105
0.48410458802122064
0.4761568295082417
0.48407505768144987
0.47627555818126555
0.48375404661941485
0.4765916430121309
0.4831685112865933
0.47710129030047616
0.4823675206073844
0.4777931813379799
0.48141744715957346
0.4786431506278043
0.4803946604738315
0.47961023420855725
0.47937648175396075
0.480636123252231
0.47843216288104073
0.48164895596397134
0.4776161366393116
0.48257078871800646
0.47696523975451316
0.48332682095835444
0.4765001924140656
0.4838541579633344
0.4762300752516697
0.48410856408340464
0.47615763757864493
0.4840686765663252
0.4762832732758107
0.48373784406814496
0.4766062045465695
0.4831438476940233
0.4771224608974447
0.48233645609079506
0.4778203636984307
0.4813825271518801
0.4786752130958805
0.4803586218463376
0.4796454248557884
0.4793419249483846
0.4806721282888041
0.4784012654190332
0.48168310693035626
0.47759048298133916
0.48260036818946733
0.4769458045509948
0.48334938781733866
0.4764874572895682
0.48386782279782053
0.4762242136148624
0.48411217932961853
0.47615868686402135
0.48406193873946024
0.4762912288530406
0.4837213188695584
0.47662100221122794
0.4831189225387844
0.47714385397715664
0.48230521216552896
0.47784773889188376
0.48134752188922075
0.47870741782459236
0.48032259287435664
0.47968068568244493
0.47930746229006577
0.4807081147898539
0.4783705279199026
0.48171714344122435
0.4775650332075331
0.48262974157274385
0.47692659736476756
0.48337167200793835
0.47647496029507125
0.4838811515987462
0.47621859287475904
0.48411543338792096
0.4761599773605916
0.4840548448942382
0.47629942484785714
0.4837044727255352
0.47663603572549
0.48309373837674247
0.4771654688116008
0.48227379197574505
0.4778753055242154
0.48131243473880536
0.47873976264845824
0.48028657674091113
0.4797160138291578
0.47927309642451393
0.48074407946557374
0.47833995228680687
0.48175106215963087
0.4775397884671982
0.48265890588615873
0.47690761874513554
0.4833936712392541
0.47646270161456056
0.48389414299349587
0.4762132130643518
0.48411832592353693
0.47616150906365223
0.4840473957607068
0.47630786119089696
0.4836873073709729
0.47665130479724643
0.48306829778942056
0.4771873046528225
0.4822421986799999
0.47790306217523404
0.48127726906826174
0.478772245375321
0.48025057661559256
0.47975140641615033
0.4792388299737094
0.4807800190176499
0.4783095403956699
0.48178485975443835
0.47751474988535897
0.48268785816705667
0.4768888692245405
0.48341538324925915
0.47645068142354213
0.4839067956442352
0.4762080742141677
0.48412085663889076
0.47616328196754276
0.48403959210550734
0.47631653780833344
0.4836698245735961
0.47666680912260206
0.4830426033836705
0.47720936073265013
0.48221043545079484
0.47793100739855243
0.48124202824513024
0.47880486378645076
0.480214595654126
0.47978686054357367
0.4792046655358572
0.4808159301397423
0.47827929409517905
0.48181853290081356
0.47748991856296086
0.48271659547221196
0.4768703493188591
0.48343680580507087
0.4764388998893083
0.4839191082480498
0.47620317635240456
0.4841230252736345
0.4761652960656054
0.48403143473179905
0.47632545462167364
0.4836520261337611
0.4766825483855809
0.4830166577913386
0.4772316362624237
0.4821785054741177
0.47795913972146514
0.4812067156363576
0.478837615636656
0.48017863699793883
0.4798223732918482
0.4791706056851486
0.4808518095179676
0.47824921520679065
0.4818520782807234
0.4774652955770781
0.4827451148782325
0.47685205952770177
0.4834579367032173
0.47642735717120094
0.48393107953708037
0.47619851950506137
0.48412483160467235
0.4761675513501383
0.48402292447917944
0.47633461154755
0.4836339138842553
0.4766985222578296
0.48299046366892656
0.477254130432727
0.4821464119489825
0.47798745764483486
0.4811713346077917
0.4788704986544039
0.480142703773735
0.4798579417220129
0.47913665297153113
0.48088765383138543
0.47821930552474423
0.4818854925834296
0.47744088198112655
0.4827734134819597
0.4768340003347122
0.4834787737698994
0.4764160534208715
0.4839427082786542
0.4761941036960639
0.4841262754461829
0.4761700478123437
0.484014062223602
0.47634400849750885
0.48361548969009316
0.47671473039832063
0.48296402369724767
0.4772768424131229
0.482114158086965
0.478015959642984
0.4811358885236765
0.4789035105419483
0.4801067990930741
0.479893562876081
0.47910280992048776
0.4809234597524871
0.4781895668160852
0.481918772505981
0.4774166788050818
0.48280148840086334
0.47681617220786776
0.48349931486124814
0.47640498878253806
0.4839539932754119
0.4761899289473833
0.48412735664963663
0.47617278544226893
0.48400484887728884
0.47635364537779273
0.4835967554483066
0.47673117245305374
0.4829373405810789
0.4772997713518925
0.4820817471117363
0.47804464416359543
0.48110038074614825
0.47893664897546706
0.48007092605195545
0.4799292337774013
0.47906907903282225
0.4809592239476856
0.4781600008206944
0.48195191475370286
0.47739268705570126
0.4828293367734317
0.4767985755997791
0.4835195578635755
0.47639416339323715
0.48396493336542906
0.4761859952791489
0.48412807510380934
0.47617576422874086
0.4839952853886394
0.4763635220891188
0.4835777130877305
0.4767478480547561
0.48291041704880594
0.4773229163757768
0.4820491822585911
0.4780735096276191
0.48106481463473105
0.47896991160520785
0.480035087730408
0.47996495143102785
0.4790354627844547
0.4809949430778091
0.47813060925132694
0.48198491604068644
0.4773689077167525
0.4828569557595582
0.4767812109479922
0.48353950069362317
0.4763835773830745
0.48397552742233646
0.476182302709756
0.4841284307347939
0.47617898415929555
0.4839853727421365
0.476373638526454
0.48355836456878465
0.4767647568225837
0.4828832558520667
0.47734627658972456
0.4820164667739768
0.47810255442918814
0.4810291935458363
0.47900329605564335
0.4799992871920863
0.48000071282409507
0.47900196362622555
0.4810306137985966
0.4781013937936597
0.4820177730902747
0.4773453417492466
0.4828843425409233
0.4767640786752896
0.48355914129880456
0.47637323087547073
0.48398577435543355
0.47617885125596715
0.48412842350600693
0.4761824452201008
0.4839751119582474
0.4763839945787842
0.48353871188324987
0.47678189836181933
0.4828558597653872
0.47736985107664087
0.4819836039150156
0.47813177693553965
0.48099352083225966
0.4790367999256324
0.47996352748387044
0.4800365149261976
0.47896858398370595
0.48106623276119276
0.47807235610634413
0.482050482635545
0.47732199009167364
0.48291149432137
0.47674717918999093
0.4835784776574419
0.4763631239874024
0.483995673109799
0.47617564093300696
0.48412805341819193
0.47618614739587206
0.48396450409332076
0.47639459012888064
0.4835187570540398
0.47679927226357305
0.4828282315858144
0.4773936388971429
0.48195059694902714
0.47816117548694653
0.48095779984268267
0.4790704207885936
0.4799278116354741
0.48007235468977955
0.47893532625701957
0.48110179661264835
0.47804349782107
0.48208304141979125
0.4772988536602454
0.48293840832727725
0.4767305128862546
0.48359750777899957
0.4763532568296409
0.48400522266639767
0.476172671754652
0.48412732050941976
0.476190090669784
0.4839535502394806
0.47640542505306116
0.483498502134968
0.47681687810448004
0.48280037413254356
0.47741763908931784
0.4819174491530467
0.4781907483966544
0.48092203392117355
0.47910415619268376
0.4798921426590565
0.48010822905052647
0.4789021928206703
0.4811373019964187
0.4780148205426346
0.4821154461970017
0.4772759333491404
0.4829650818079269
0.47671408014437866
0.483616229704312
0.47634362950698594
0.48401442204218237
0.4761699437333131
0.48412622485508433
0.4761942750233739
0.48394225152451503
0.4764164992209485
0.4834779492105096
0.47683471544639955
0.48277229024654106
0.47744185066848593
0.4818841638133412
0.47822049395082755
0.4808862264066906
0.4791380036609872
0.4798565235488415
0.4801441349277649
0.47886918602337974
0.4811727455528653
0.47798632584902057
0.4821476937323349
0.47725323003075387
0.4829915120358664
0.4766978813311005
0.4836346415058069
0.4763342421184954
0.48402327029019293
0.4761674568801132
0.48412476656789605
0.47619870043644097
0.48393060911176206
0.4764278124952244
0.48345710039555956
0.4768527838361143
0.4827439827901633
0.47746627262696917
0.48185074422492424
0.47825041040850386
0.48085038063258795
0.4791719606917131
0.47982095728074353
0.480180069224868
0.4788363081879338
0.4812081239197589
0.47795801529148213
0.4821797808025935
0.47723074455595227
0.48301769630726754
0.47668191679989846
0.48365274128772434
0.4763250947577116
0.4840317664996511
0.4761652112049581
0.4841229457978711
0.4762033668869388
0.48391862419999104
0.47643936473138027
0.48343595783518484
0.47687108280502905
0.4827154546467703
0.4774909039338627
0.48181719369106724
0.47828049600155526
0.4808144999261225
0.47920602475839996
0.47978544681199864
0.4802160288296649
0.47880356161103715
0.481243433732782
0.4779298903946375
0.4822117041966931
0.47720847775433034
0.48304363194227895
0.47666618689128953
0.48367052718633013
0.4763161875128818
0.48403990979605027
0.47616320671660095
0.48412076273231636
0.4762082743508614
0.48390629802327906
0.4764511557774628
0.4834145237043715
0.47688961186886936
0.48268670872033437
0.4775157435348118
0.48178351552280835
0.4783107489346578
0.48077858760796255
0.47924019331012957
0.4797499950808023
0.48025201061485684
0.47877094856317554
0.4812786716260331
0.47790195265656904
0.48224346071612995
0.4771864304344721
0.48306931628537453
0.4766506919331279
0.4836879973701247
0.4763075204671748
0.4840476993412429
0.4761614434227007
0.4841182175958121
0.47621342280212425
0.4838936318508844
0.47646318547381833
0.48339280020776837
0.47690837052738255
0.48265774793504546
0.4775407903517953
0.48174971303846104
0.47834116738527044
0.4807426469917001
0.47927446377174937
0.47971460500595436
0.4802880114384383
0.47873847128848807
0.4813138342325319
0.47787420354893073
0.48227504717544417
0.4771646033842158
0.48309474670569713
0.47663543224090243
0.48370515004004805
0.4762990936988936
0.48405513433352315
0.4761599213298745
0.48411531065018987
0.4762188122124392
0.4838806269871152
0.4764754536528321
0.48337078957942414
0.4769273582640373
0.4826285752349109
0.4775660432829121
0.48171578956311906
0.47837174950362077
0.48070668138336464
0.47930883354410264
0.4796792794865106
0.4803240281441238
0.4787061320046481
0.4813489181847252
0.47784664451706416
0.48230646040268194
0.47714299737092264
0.4831199205973983
0.47662040811803347
0.4837219834296802
0.4762909072816836
0.4840622140077067
0.4761586404437444
0.48411204219450843
0.4762244425511841
0.4838672847711948
0.47648796013866584
0.4833484940825215
0.47694657454572614
0.4825991935833521
0.47759150120217453
0.4816817484281612
0.47840249341269986
0.4806706940809403
0.4793433000042669
0.479644021401441
0.4803600575617782
0.4786739329027519
0.481383920114992
0.47781927698011956
0.4823376972398513
0.4771216131417473
0.4831448353799705
0.4766056198561664
0.4837384958054351
0.47628296128473413
0.4840689376352049
0.47615760076897595
0.48410841256502385
0.47623031378526526
0.48385360657712106
0.4765007047469899
0.4833259160091043
0.47696601882246675
0.4825696059627954
0.4776171629593059
0.4816475929707527
0.47843339720826467
0.4806346883738848
0.47937786050580017
0.4796088336092948
0.4803960965078532
0.4786418761472164
0.48141883665614976
0.47779210233118524
0.48236875454337674
0.47710045142391233
0.4831694884985773
0.476591067735466
0.4837546854667525
0.4762752557729776
0.4840753045240972
0.4761568023093127
0.4841044221351579
0.47623642587897597
0.48383959381352354
0.4765136872847148
0.4833030576798011
0.47698569052710604
0.48253981537425955
0.4776430273795446
0.4816133265333469
0.47846445895884954
0.480598667542652
0.47941251237899574
0.47957371894787243
0.48043214178582766
0.47860996387568566
0.4814536644419605
0.4777651219374234
0.48239962918454965
0.4770795129249856
0.4831938774243772
0.47657675202490796
0.4837705507462835
0.47626779080728227
0.4840813140191984
0.476156245067603
0.48410007131546207
0.47624277879384863
0.483825247923515
0.47652690754971866
0.4832799214435437
0.47700558907502505
0.4825098248369389
0.47766909326345386
0.4815789524631845
0.47849567670578624
0.4805626348582184
0.47944725293114515
0.47953868023390617
0.48046819018665343
0.4785781981989462
0.48148840010763727
0.477738337140213
0.4824303180499752
0.4770587983331602
0.48321799965484274
0.47656267298256894
0.4837860900100725
0.47626056644464076
0.4840869655021229
0.47615592904582116
0.48409536055357777
0.47624937248850124
0.48381057038453923
0.47654036533057176
0.4832565096772805
0.4770257138638453
0.4824796373877822
0.4776953593867363
0.48154447411179185
0.4785270484632314
0.480526593581611
0.479482079446808
0.47950372026274574
0.4805042384892041
0.4785465812008504
0.481523040290349
0.47771174925529936
0.48246081804201524
0.47703830831753613
0.48324185271407477
0.47654883085591465
0.48380130165773394
0.4762535827383528
0.4840922583913446
0.4761558542450817
0.48409029033419326
0.47625620691847864
0.4837955627082141
0.4765540604062591
0.48323282478568463
0.4770460642731364
0.4824492560810676
0.47772182450005585
0.4815098948344783
0.47855857221820347
0.48049054696344035
0.4795169891880904
0.47946884180805316
0.48054028346072897
0.4785151149382489
0.4815575816297264
0.47768535957294955
0.4824911260792278
0.47701804352840566
0.48326543415311174
0.47653522588208597
0.48381618412262506
0.4762468397382033
0.4840971921422538
0.47615602066564783
0.4840848611789966
0.4762632820360882
0.4837802264401706
0.4765679925458998
0.4832088692008578
0.47706663966412627
0.4824186839879729
0.4777484873288648
0.4814752179898324
0.4785902459306278
0.48045449824343617
0.47955197939493105
0.479434047621504
0.4805763218573111
0.47848380144093156
0.48159202076836716
0.47765916935811553
0.48252123909680306
0.4769980045975403
0.48328874155023455
0.4765218582881833
0.4838307358720143
0.47624033749063555
0.48410176624720946
0.4761564283069334
0.4840790736466253
0.4762705977902305
0.4837645631598875
0.4765821615084651
0.48318464538202893
0.4770874393794128
0.4823879241961431
0.477775346573238
0.4814404469392178
0.478622067533391
0.48041845064998784
0.4795870472853955
0.47939934043249727
0.4806123504243289
0.4784526427115774
0.48162635435233964
0.4776331798506026
0.4825511540469948
0.4769781921384799
0.483311772511266
0.47650872829154833
0.4838449554072453
0.4762340760389187
0.4841059802355895
0.476157077167499
0.48407292833261245
0.4762781541262247
0.48374857448052144
0.4765965670424929
0.4831601558152478
0.47710846274267743
0.4823569798092531
0.47780240090771203
0.48140558504626796
0.4786540349324019
0.4803824073996874
0.47962219005597584
0.4793647229478718
0.48064836589692117
0.47842164072571197
0.481660579031686
0.4776073922652443
0.4825808678995476
0.476958606746823
0.48333452466986454
0.47649583610004265
0.4838588412638951
0.47622805542330904
0.48410983367383453
0.47615796724504
0.48406642586932774
0.4762859509856277
0.4837322620487324
0.4766112088858008
0.4831354030130734
0.47712970905840135
0.4823258539465662
0.47782964898113206
0.48137063567638055
0.47868614600666376
0.4803463716968778
0.47965740488190073
0.47933019785163106
0.48068436500045614
0.47839079743167445
0.481694691460925
0.47758180779208326
0.4826103776421213
0.47693924900052004
0.48335699568781515
0.4764831819123255
0.483872392011931
0.4762222756812082
0.4841133261654915
0.4761590985363713
0.48405956692591706
0.4762939883060504
0.4837156275445053
0.4766260867651979
0.48311038951425883
0.4771511776115846
0.4822945497424909
0.47785708941650545
0.481335602196212
0.4787183986083532
0.480310346733205
0.4796926889174506
0.47929576780467575
0.4807203444510039
0.4783601147505927
0.4817286882995528
0.4775564275965586
0.48263968028070986
0.47692011946016755
0.48337918325531315
0.47647076591812726
0.4838856062558597
0.476216736847313
0.48411645735125064
0.4761604710374025
0.4840523522082363
0.4763022660209664
0.4836986726809663
0.47664120039619323
0.4830851178834291
0.4771728676674664
0.48226307034613153
0.47788472081086075
0.4813004879731711
0.4787507905629087
0.4802743356871746
0.47972803929628133
0.4792614354445446
0.48075630095581207
0.4783295945763668
0.4817625662125434
0.4775312528196983
0.48266877284005716
0.47690121866930363
0.48340108509124446
0.47645858829852084
0.4838984826348746
0.47621143895376217
0.48411922690898046
0.4761620847431091
0.4840447824587823
0.47631078405951754
0.483681399204195
0.4766565494827037
0.4830595907107557
0.47719477847124947
0.4822314189208366
0.4779125417351146
0.4812652963749127
0.478783319669127
0.48023834172371244
0.4797634531317541
0.47922720338516195
0.48079223121378384
0.4782992387756606
0.4817963218708463
0.4775062845783174
0.4826976523640674
0.4768825471547047
0.48342269894346
0.4764466492261898
0.4839110198229975
0.47620638203027543
0.48412163455375834
0.47616393964749604
0.4840368584566199
0.47631954234631346
0.48366380889303184
0.47667213371675987
0.4830338106116254
0.4772169092478269
0.48219959864374395
0.47794055073394554
0.48123003076883186
0.47881598369926903
0.4802023679937308
0.47979892751727343
0.47919307421659496
0.48082813191596036
0.4782690491879025
0.48182995195188494
0.4774815239652223
0.482726315916213
0.47686410542668384
0.4834440225890466
0.4764349488656943
0.483923216529217
0.4762015661042889
0.4841236800378987
0.4761660357435562
0.4840285810173056
0.4763285408012277
0.48364590355888165
0.4766879527782113
0.48300778022630514
0.47723925920151206
0.4821676127053219
0.4779687463256746
0.4811946945215586
0.4788487803991742
0.48016641763369905
0.4798344595266312
0.4791590505048183
0.4808639997460046
0.47823902762529397
0.481863453140051
0.47745697204942
0.48275476057993616
0.47684589397938965
0.4834650538345911
0.47642348737373275
0.483935071497622
0.47619699120108305
0.4841253631509759
0.47616837302322146
0.48401995099280665
0.47633777933918775
0.48362768504551135
0.4767040063344291
0.48298150221960057
0.4772618275157717
0.4821354643089072
0.477997127002153
0.481159290998452
0.47888170748838277
0.4801304937652194
0.47987004621435775
0.4791251347914865
0.4808998313806879
0.4782091758728262
0.4818968221271982
0.4774326298763323
0.482782983459047
0.47682791329110585
0.48348579051644125
0.4764122648994007
0.4839465835075311
0.476192657343906
0.48412668371984474
0.47617095147730826
0.4840109692714166
0.47634725786996107
0.4836091552288441
0.4767202940400089
0.48295497928051145
0.47728461335296246
0.4821031566702403
0.4780256912286574
0.4811238235630959
0.4789147626602676
0.4800945994946074
0.4799056846160798
0.47909132959371553
0.48093562349038005
0.4781794956883053
0.48193005561313423
0.47740849846801586
0.48281098167811765
0.47681016382455166
0.48350623050096064
0.4764012815844464
0.4839577513736185
0.47618856455409037
0.48412764160865734
0.47617377109545667
0.4840016367776676
0.47635697629793716
0.48359031601674857
0.4767368155364718
0.482928214121881
0.4773076158540714
0.482070693016997
0.47805443744379233
0.48108829557679517
0.4789479435821746
0.4800587379124792
0.47994137174888524
0.4790576374038724
0.4809713727395402
0.47814998880238596
0.48196315030611037
0.4773845788233869
0.4828387523828707
0.4767926460271828
0.48352637168477947
0.4763905375635227
0.4839685739460347
0.4761847128511643
0.4841282367188754
0.4761768318660631
0.48399195447223725
0.4763669345219037
0.4835711693488224
0.47675357045196487
0.4829012094800407
0.4773308341384589
0.48203807658831715
0.4780833640593998
0.481052710398072
0.4789812478955705
0.4800229120933419
0.4799771046116932
0.4790240606893724
0.4810070757872105
0.47812065691861166
0.48199610292330847
0.47736087191844995
0.4828662927405638
0.47677536033149204
0.48354621199503967
0.4763800329644349
0.4839790501105239
0.47618110225295684
0.48412846898928
0.4761801337762072
0.4839819233518533
0.47637713243482005
0.4835517171961724
0.47677055840096105
0.4828739681144506
0.47735426730360697
0.48200531063433044
0.4781124694604771
0.4810170713821646
0.47901467321620117
0.4799871250951915
0.48001288018563176
0.4789906018924856
0.48104272928751207
0.47809150171346465
0.4820289101913267
0.4773373787065324
0.48289359994036984
0.47675830715531103
0.48356574938963637
0.4763697679083857
0.4839891787885374
0.47617773277569736
0.4841283383959779
0.4761836768115728
0.4839715444491935
0.4763875699235859
0.48353196156118977
0.47678777898395874
0.48284649280733466
0.47737791442487093
0.48197239841567985
0.47814175200510173
0.48098138188052586
0.4790482171342569
0.4799513799591157
0.48004869543442125
0.4789572634301514
0.4810783298901418
0.47806252483642264
0.4820615688466619
0.4773141001185231
0.48292067119375215
0.4767414869021112
0.4835849818574535
0.47635974251021573
0.4839989589373426
0.47617460443410836
0.48412784495240296
0.47618746095636183
0.4839608188327813
0.47639824686880516
0.4835119044773195
0.47680523178718054
0.4828187863633117
0.47740177455523514
0.4819393432030422
0.47817121002436463
0.48094564524032474
0.47908187721454715
0.4799156797089032
0.4800845473047638
0.47892404769380204
0.48111387424087193
0.47803372791002446
0.48209407563619033
0.47729103706311526
0.482947503734835
0.476724899961305
0.4836039074185952
0.47634995687864007
0.4840083895501279
0.47617171724149304
0.4841269887093155
0.4761914861932032
0.4839497476068782
0.4764091631445472
0.4834915480088264
0.47682291638227225
0.48279085160902124
0.4774258467250731
0.4819061482766457
0.47820084182231026
0.480909864803948
0.4791156509966835
0.4798800273506583
0.48012043272673843
0.4788909570491942
0.4811493589820499
0.4780051125299422
0.48212642731764477
0.4772681904270536
0.48297409482076964
0.4767085467085468
0.48362252412461204
0.47634041111648107
0.48401746965610426
0.47616907120981644
0.48412576975479743
0.4761957525030554
0.4839383319113718
0.47642031861810286
0.48347089425055517
0.4768408323260013
0.48276269139274497
0.47745012994191216
0.4818728169257859
0.47823064567588547
0.48087404390850425
0.4791495359952707
0.47984442587242215
0.4801563486142022
0.47885799383624905
0.48118478075309984
0.4779766802650617
0.4821586206600894
0.47724556107538557
0.4830004417320951
0.4766924275060326
0.48364083005872266
0.4763311053208961
0.4840261983206016
0.47616666634977967
0.4841241882142431
0.4762002598651021
0.4839265729216589
0.4764317131497372
0.48344994532768615
0.47685897915995573
0.48273430858402316
0.4774746231902027
0.48183935244833825
0.47826061983489593
0.48083818588532967
0.47918352970010686
0.47980887824379964
0.4801922918651972
0.47882516036890127
0.4812201361910259
0.4779484326575706
0.48219065244439224
0.47722314985171654
0.48302654177309523
0.47667654270280047
0.4836588233360312
0.47632203958360275
0.4840345746451632
0.4761645026708898
0.4841222442503484
0.47620500825664375
0.48391447184852665
0.4764433465924392
0.4834287033954866
0.4768773564102436
0.4827057060732677
0.47749932543109236
0.48180575815026994
0.4782907625219707
0.48080229405949604
0.47921762957639136
0.4797733874155936
0.48022825936236235
0.4787924589349563
0.48125542193091525
0.4779203712230537
0.4822225194636936
0.47720095757846837
0.4830523922721496
0.47666089263502887
0.48367650210373914
0.4763132139910974
0.48404259776763386
0.47616258018152147
0.4841199380630943
0.47620999765298133
0.48390202993802717
0.47645521879166675
0.4834071706390563
0.476895963587192
0.4826768867713688
0.47752423560220486
0.4817720373451479
0.4783210719325352
0.4807663717493208
0.4792518330649421
0.4797379563194455
0.480264247973352
0.4787598917959572
0.48129063460644345
0.47789249745059637
0.48225421852387274
0.4771789850571425
0.4830779905820809
0.4766454776263351
0.483693864541353
0.4763046286248714
0.48405026686224645
0.4761608988889742
0.48411726988972825
0.4762152280272957
0.4838892484713499
0.476467329585089
0.4833853492730688
0.47691480018504745
0.4826478536092989
0.47754935261742393
0.4817381933536462
0.4783515462347913
0.4807304222658792
0.4792861375824193
0.47970258786748127
0.4803002545512576
0.4787274611870582
0.48132577085037864
0.47786481280289383
0.48228574644401007
0.47715723306858543
0.4831033340804966
0.4766302979880719
0.4837109088608874
0.4762962835616212
0.4840575811397029
0.4761594587995222
0.4841142400047414
0.4762206993505203
0.4838761287646888
0.4764796788023253
0.4833632415415082
0.4769338656816769
0.4826186095377116
0.4775746753666828
0.48170422950305136
0.4783821835697072
0.48069444891251983
0.4793205405215593
0.47966728495196626
0.4803362759350364
0.47869516931690936
0.4813608272950876
0.47783731871636925
0.48231710005684697
0.4771357023732579
0.48312842017012597
0.47661535401962324
0.4837276333070631
0.4762881788734545
0.4840645398472518
0.47615825991845767
0.48411084871984145
0.4762264115912078
0.483862672169105
0.47649226626468005
0.4833408497173995
0.47695315953826867
0.48258915752653486
0.4776002027157581
0.48167014912676487
0.4784129820510139
0.48065845498438126
0.4793550392514152
0.4796320504449646
0.48037230894994376
0.47866301836754716
0.4813958005730414
0.4778100166012972
0.4823482762092418
0.47711439371150693
0.4831532462791522
0.4766006460086983
0.4837440361575006
0.4762803146280912
0.4840711422687628
0.4761573022501293
0.48410709638392374
0.47623236471539265
0.4838488800703868
0.4765050917848762
0.48331817610253586
0.4769726811990363
0.48255950056456265
0.477625933506071
0.48163595556380595
0.47844393976521216
0.4806224437679138
0.47938963111760713
0.4795968871980081
0.48040835040797164
0.47863101049429674
0.4814306873173222
0.47778290784193644
0.4823792717626235
0.47709330780384224
0.48317780986154085
0.4765861742316257
0.4837601157229106
0.4762726908890611
0.4840773877247975
0.47615658579797393
0.4841029833830377
0.47623855868644654
0.48383475388890407
0.47651815516678436
0.4832952230272004
0.476992430090922
0.4825296416590401
0.4776518665544922
0.48160165215831197
0.47847505477158564
0.48058641854040257
0.4794243134425786
0.47956179804177046
0.48044439710829
0.4785991478256807
0.4814654841621287
0.47775599379666744
0.4824100835934397
0.47707244535121307
0.48320210839736055
0.476571938953643
0.4837758703472765
0.4762653077158937
0.4840832755726743
0.47615611056454044
0.48409851014034877
0.4762449934649283
0.4838202950794584
0.47653145620514886
0.483271992849882
0.47701240562330166
0.48249958383524494
0.4776780006531531
0.48156724225903663
0.47850632510222324
0.48055038256949373
0.4794590835258617
0.47952678578574875
0.48048044583769334
0.4785674324633363
0.4815001877432817
0.4777292757981369
0.48244070859360255
0.47705180703528927
0.4832261393931018
0.4765579404291871
0.4837912984080359
0.47625816516430575
0.48408880520653225
0.47615587655150954
0.4840936771160984
0.4762516690084294
0.4838055051311297
0.47654499468531286
0.48324848795698766
0.47703260718769247
0.48246933013606536
0.47770433456926376
0.48153272921884904
0.47853774876205124
0.4805143391127255
0.47949393864435125
0.4794918532179536
0.48051649337105257
0.47853586648194346
0.48153479469873084
0.4777027551534106
0.4824711436709316
0.47703139351874513
0.4832499003819893
0.47654417890218187
0.4838063983162562
0.4762512632863827
0.48409397605739
0.4761558837597059
0.4840884848075594
0.4762585852714127
0.48379038556711773
0.4765587703829387
0.4832247107625492
0.4770530341574608
0.48243888362157333
0.47773086704493595
0.48149811639423
0.47856932372887157
0.4804782914170612
0.47952887605258454
0.47945700310460554
0.48055253647176915
0.47850445192915925
0.481569301669059
0.4776764331441308
0.4825013857495905
0.477011205445544
0.4832733889242893
0.4765306546063229
0.4838211685168047
0.47624460213075404
0.4840987875932003
0.476156132189104
0.4840829337489875
0.47626574220504664
0.4837749379445797
0.47657278306372736
0.4832006637079249
0.47707368588753307
0.482408247368594
0.4777575967970125
0.4814634071447682
0.4786010479534106
0.48044224271842656
0.47956389298303054
0.4794222381898388
0.4805885718922348
0.47847319082556167
0.48160370529798696
0.47765031102668076
0.48253143177052227
0.4769912434412264
0.48329660260761265
0.47651736776536124
0.4838356074885163
0.47623818174276544
0.48410323931890237
0.4761566218388285
0.48407702451157003
0.4762731397570341
0.4837591638544633
0.476587032483135
0.4831763492614968
0.4770945617141081
0.4823774244702713
0.4777845225169036
0.48142860483265576
0.47863291935937563
0.48040619624125125
0.4795989866463861
0.47938756119541404
0.4806245963742943
0.47844208516460257
0.48163800223287767
0.4776243900323563
0.48256127869187937
0.47697150811320005
0.4833195390472128
0.47650431859338455
0.48384971374435537
0.47623200216464384
0.48410733077646934
0.4761573527071471
0.4840707577033701
0.47628077787143547
0.4837430649213351
0.4766015183860871
0.483151769918362
0.47711566095437125
0.4823464180356294
0.47781164287042815
0.4813937128221824
0.4786649358435199
0.4803701551980131
0.4796341542318792
0.47935297482043676
0.4806606066497116
0.4784111369125681
0.48167218912523885
0.47759867136754186
0.48259092348944965
0.4769520000510305
0.48334219588627825
0.4764915072950948
0.48386348583157374
0.47622606343565776
0.4841110615449527
0.47615832479145836
0.4840641339692677
0.47628865648848734
0.4837266428032051
0.4766162405066914
0.4831269282000209
0.47713698290621237
0.4823152311891308
0.4778389564976635
0.48135873447923083
0.47869709527571713
0.480334122788789
0.47966939290758115
0.4793184817410862
0.4806965994406411
0.4783803480085488
0.4817062626312253
0.47757315621389446
0.4826203631570792
0.4769327198267353
0.48336457079622086
0.476478934066085
0.48387692233186413
0.4762203655922723
0.4841144312405227
0.4761595380882719
0.4840571539908962
0.47629677554441524
0.4837098991913458
0.47663119856794756
0.4831018266540582
0.47715852684794413
0.48228386707023024
0.47786646201280003
0.4813236731707697
0.47872939549904314
0.4802981022008065
0.4797046998207236
0.4792840846103489
0.4807325714600996
0.47834972036441686
0.4817402194121394
0.4775478457285319
0.48264959470709007
0.47691366799507817
0.48338666147695897
0.47646659909311184
0.4838900218615099
0.4762149086682988
0.48411743951650577
0.4761609925931836
0.48404981848657674
0.47630513497124255
0.48369283581010836
0.47664639228145683
0.4830764678538211
0.4771802920380249
0.4822523288329258
0.4778941580040037
0.48128853226434826
0.4787618343298678
0.48026209660800373
0.47974007209802566
0.47924978605776325
0.4807685194124443
0.4783192558648136
0.4817740561349311
0.4775227410442281
0.4826786151706945
0.4768948450938656
0.4834084656571955
0.4764545025543664
0.4839027830715295
0.4762096926950381
0.4841200860634172
0.4761626883008435
0.48404212821124676
0.4763137346965928
0.4836754544167318
0.47666182134712803
0.4830508543980909
0.4772022777147832
0.48222061964530527
0.4779220430332846
0.48125331512758984
0.4787944095579539
0.4802261091705906
0.4797755068460253
0.47921558868916975
0.48080443999385114
0.47828895636714286
0.4818077694726949
0.4774978432696124
0.48270742159840363
0.4768762516442431
0.4834299810946903
0.47644264461974056
0.483915204647817
0.4762047177014186
0.48412237060899094
0.47616462520491726
0.4840340839563858
0.4763225746434887
0.4836577568011499
0.47667748545288363
0.48302498891075085
0.4772244830961455
0.48218874268908996
0.4779501156363736
0.48121802512768613
0.4788271189465666
0.48019014303461705
0.4798110011514204
0.47918149508647057
0.4808403298927985
0.47825882370157524
0.4818413561051679
0.4774731534893764
0.48273601106043434
0.47685788815099484
0.4834512055765303
0.4764310254510926
0.4839272853112796
0.4761999837141296
0.4841242929182064
0.47616680329804295
0.48402568654993855
0.4763316547301461
0.48363974478579275
0.4766933842743643
0.4829988740404489
0.477246907379368
0.4821567011591752
0.47797837432260487
0.4811826656308917
0.47885996023259014
0.48015420133154546
0.47984655208141475
0.4791475078073973
0.48087618579055164
0.4782288596710591
0.48187481271922333
0.4774486727644844
0.4827643806471089
0.476839755102842
0.4834721369193912
0.4764196452025073
0.483939023817969
0.47619549075774703
0.4841258527933103
0.47616922257177957
0.48401693685623176
0.47634097486976235
0.4836214202253829
0.4767095174746313
0.4829725124602551
0.4772695497407696
0.482124498263167
0.4780068175748064
0.48114724000201864
0.4788929311266534
0.4801182871778277
0.4798821566840714
0.4791136293852861
0.4809120043616506
0.47819906605134027
0.48190813600936416
0.4774244021323898
0.4827925274692523
0.4768218529727432
0.4834927729697971
0.4764085040205538
0.48395041895921
0.47619123885485504
0.48412705007383583
0.47617188301655095
0.48400783577588946
0.47635053497030144
0.4836027850067281
0.4767258847038689
0.482945906867315
0.47729240933547135
0.48209213722091643
0.47803544384919777
0.48111175160393277
0.4789260293132648
0.4800824036744884
0.47991781198867356
0.47907986232886257
0.48094778227440055
0.4781694445909902
0.4819413226782139
0.47740034260725683
0.48282044865858353
0.47680418221819476
0.4835131116043735
0.4763976020445402
0.4839614695617243
0.4761872280261606
0.48412788463661816
0.4761747846215821
0.48399838424574265
0.47636033493427343
0.4835838410485083
0.4767424855990848
0.4829190599824971
0.47731548529713574
0.48205962126404944
0.47806425157529436
0.4810762037970491
0.47895925245095444
0.48004655390671214
0.4799535150060896
0.47904620912203255
0.48098351619136315
0.478139997011441
0.481974369437005
0.477376495180186
0.4828481413681036
0.47678674328153137
0.4835331507300963
0.4763869394067634
0.48397217448775043
0.4761834582906027
0.4841283563958057
0.47617792737483033
0.48398858323873617
0.4763703746585104
0.48356459030105864
0.47675931978381103
0.4828919745500368
0.4773387767377135
0.4820269536354957
0.47809323915582075
0.4810405999388296
0.47899259817242684
0.4800107409434378
0.479989262729148
0.4790126722236842
0.4810192027698522
0.4781107250070305
0.48200727300606677
0.4773528608194461
0.4828756027724787
0.4767695365902279
0.48355288828453624
0.47637651623275706
0.4839825326351596
0.4761799296654557
0.4841284653028688
0.47618131126290986
0.4839784337638311
0.47638065403393753
0.483545034746147
0.47677638686780316
0.4828646533371741
0.47736228274719167
0.48199413758901255
0.47812240496663005
0.4810049433832816
0.47902606408472037
0.4799749678369571
0.480025052133015
0.4789792540674959
0.48105483866242843
0.47808163024505285
0.4820400301153081
0.4773294404707086
0.48290283006841755
0.4767525625571996
0.48357232223609714
0.4763663326415337
0.4839925429375674
0.47617664216642624
0.4841282113466041
0.47618493627101044
0.48396793686590356
0.47639117294534084
0.48352517639674825
0.4767936864467402
0.4828370991337885
0.47738600239334733
0.4819611763887083
0.47815174735663246
0.48096923748045767
0.4790596477693768
0.4799392376225203
0.4800608801755816
0.478945957061755
0.4810904205173989
0.4780527143658201
0.4820726375047015
0.4773062350572893
0.4829298204750468
0.47673582158110506
0.48359145058425185
0.47635638874582564
0.48400220436444213
0.4761735958077453
0.4841275945531363
0.4761888023828103
0.4839570936256397
0.47640193127112995
0.48350501729681195
0.4768112181019228
0.4828093147520276
0.4774099347215044
0.4819280733085611
0.4781812646477298
0.4809334855759566
0.4790933467826179
0.47990355331794665
0.48009674379785355
0.4789127835891831
0.4811259449793149
0.47802397898272814
0.4821050919247601
0.47728324548039136
0.482956571234278
0.4767193140466452
0.48361027135976986
0.4763466846523182
0.48401151592120756
0.47617079060225204
0.48412661498591447
0.47619290958038124
0.48394590515942537
0.4764129288830969
0.4834845595210262
0.47682898139997215
0.48278130302593114
0.47743407875429544
0.4818948316319364
0.4782109551347597
0.48089769101042645
0.4791271586555317
0.47986791792324174
0.4801326399243498
0.478879736006771
0.4811614086894739
0.4779954256823333
0.4821373901370163
0.47726047261935484
0.48298307961117365
0.47670304032486543
0.48362878262494363
0.4763372204618827
0.4840204766493435
0.47616822656147373
0.484125272745707
0.4761972578440905
0.4839343726192337
0.47642416564617207
0.4834638051745769
0.47684697589252906
0.4827530668110517
0.477458433491428
0.4818614546511016
0.47824081708544613
0.4808618571190687
0.47916108089426646
0.47983233442022033
0.48016856546350456
0.4788468166456216
0.48119680828642075
0.4779670560244344
0.48216952891449427
0.47723791733190846
0.4830093428943056
0.4766870007734549
0.483646982473808
0.47632799626980227
0.4840290856264814
0.4761659036956984
0.4841235679705915
0.4762018471524942
0.4839224971925073
0.47643564141817524
0.4834427563929013
0.4768652011159525
0.482724608984069
0.4774829979094552
0.481827945666738
0.4782708487403589
0.48082598723114495
0.4791951109802336
0.47979680577213607
0.48020451730807684
0.4788140278108021
0.48123214040645135
0.4779388715421639
0.4822015050421819
0.4772155804544267
0.4830353583961103
0.4766711957370462
0.4836648690323556
0.4763190121659948
0.484037341966496
0.4761638220140411
0.48412150083594147
0.476206677482226
0.48391028010203624
0.4764473560495635
0.4834214153414376
0.47688365659101883
0.48269593244240117
0.4775077709615515
0.4817943079874516
0.47830104831288117
0.4807900846694855
0.47922924637031866
0.47976133492331735
0.480240492335564
0.4787813717812039
0.4812674016841162
0.47791087374208546
0.4822333153174981
0.47719346280218916
0.48306112345323854
0.47665562554751373
0.4836824404587476
0.47631026823523104
0.48404524481959366
0.47616198152450495
0.4841190715544098
0.47621174880788
0.48389772260583297
0.4764593093831758
0.48339978421536905
0.47690234182262187
0.48266704010381056
0.4775327515772937
0.48176054492928094
0.47833141398918466
0.4807541527499999
0.4792634844971007
0.47972592479880977
0.48027648740862144
0.4787488508094118
0.4813025887527256
0.4778830641042995
0.48226495655075846
0.4771715651696452
0.4830866354269013
0.47664029052427204
0.4836996949435201
0.476301764557349
0.484052793372397
0.4761603822340357
0.4841162803759087
0.4762170611018876
0.48388482599700283
0.47647150125397436
0.4833778652393641
0.47692125629947324
0.48263793490600604
0.47755793866244645
0.48172665981520385
0.4783619439282135
0.4807181947811911
0.47929782276908023
0.479690578304026
0.4803124993754874
0.47871646712158233
0.48133769824485456
0.4778554440825561
0.4822964255656364
0.4771498883306802
0.48311189170320895
0.4766251909745715
0.48371663070978477
0.476293501207462
0.484059986848024
0.47615902414856875
0.48411312758758485
0.4762226143343879
0.48387159160360904
0.47648393148878115
0.48335566066731
0.47694039949380274
0.4826086198062394
0.47758333109875306
0.4816926559746414
0.47839263626167594
0.48068221406367034
0.47933225857091444
0.4796552983244012
0.4803485250704122
0.47868422291732926
0.4813727267928488
0.47782801510437434
0.4823277191996219
0.4771284330388864
0.48313688969350777
0.4766103271937943
0.4837332460134261
0.47628547825616385
0.4840668245061657
0.47615790727307206
0.48410961351379267
0.47622840847309356
0.4838580207885354
0.4764965999060137
0.4833331727820435
0.47695977086106134
0.48257909778089925
0.4776089277437324
0.4816585367429613
0.47842348909404436
0.4806462138896763
0.47936678926366155
0.4796200877250561
0.4803845613140926
0.4786521203696187
0.4814076710293303
0.4778007785711691
0.4823588343044762
0.4771072000278355
0.48316162683470976
0.47659569946574787
0.48374953914329355
0.47627769576972834
0.48407330564315854
0.4761570316115812
0.4841057385160629
0.4762344434831502
0.4838441149493436
0.47650950631541567
0.4833104038950752
0.4769793698396238
0.482549371825099
0.4776347274304804
0.4816243054609788
0.47845450050256433
0.48061019754259665
0.4794014121850327
0.47958494935046747
0.4804206049141113
0.4786201616246734
0.4814425275877039
0.47777373585838534
0.48238976774668385
0.4770861900113559
0.48318610058961864
0.4765813080629573
0.48376550842138877
0.4762701538103037
0.48407942959205275
0.47615639716722824
0.48410150299306753
0.4762407193269901
0.4838298755181261
0.4765226505177857
0.48328735634630915
0.47699919585049316
0.48251944495226157
0.4776607289674779
0.48158996547445704
0.47848566853727104
0.4805741682964925
0.4794361246496521
0.47954988602414483
0.48045665266538073
0.47858834880188433
0.4814772931026629
0.47774688831563805
0.4824205164079003
0.4770654036838108
0.48321030844725066
0.47656715324695603
0.48378115220304907
0.4762628524361027
0.48408519572267816
0.47615600394226537
0.4840969073805818
0.47624723596418095
0.48381530396135586
0.47653603230470304
0.4832640325037583
0.4770192482970064
0.48248932019369917
0.47768693113840366
0.481555520133605
0.4785169912210146
0.4805381294156258
0.4794709239493244
0.47951490054831464
0.48049270135059063
0.4785566839937316
0.48151196421069503
0.4777202372668595
0.4824510771853961
0.47704484172037964
0.48323424792314995
0.47655323526857424
0.4837964688771254
0.4762557917015871
0.4840906034417051
0.47615585193808074
0.4840919521514417
0.47625399335126867
0.48380040177973027
0.4765496514582509
0.4832404347632544
0.4770395265645426
0.48245900059818997
0.47771333270195465
0.48152097279257605
0.4785484665494951
0.48050208415399176
0.47950580735331183
0.47947999570361316
0.48052874774066157
0.4785251692657149
0.48154653755058885
0.47769378401045426
0.4824814469924987
0.4770245047773437
0.48325791655970074
0.4765395543682267
0.4838114568661575
0.4762489716576481
0.4840956521927033
0.4761559411552101
0.4840866378154991
0.4762609914416153
0.4837851705080126
0.476563507750737
0.48321656554815345
0.4770600300202318
0.48242848923155046
0.4777399323916709
0.4814863268089644
0.4785800924913038
0.480466035754853
0.4795407721086163
0.47944517424878497
0.48056478859520035
0.4784938066562911
0.48158100976393725
0.4776675298194583
0.48251162275902776
0.4770043934923706
0.4832813119264319
0.4765261107761965
0.4838261146265423
0.47624239235177995
0.484100341456194
0.47615627159333895
0.48408096491957137
0.47626823018523046
0.48376961171486654
0.47657760094441104
0.4831924273090351
0.47708075801266525
0.48239778917620235
0.47776672891576677
0.4814515855433003
0.4786118669879744
0.48042998745027815
0.4795758154402712
0.4794104389203898
0.48060082066296084
0.47846259817682085
0.48161537749564304
0.4776414759417065
0.4825416014317291
0.47698450848480367
0.4833044316203191
0.47651290471291813
0.4838404406487
0.47623605382824974
0.48410467074970215
0.47615684325130203
0.48407493404738927
0.4762757095285989
0.4837537270026891
0.47659193079118134
0.4831680225233988
0.4771017098716099
0.48236690353073797
0.4777937209569694
0.4814167523585458
0.4786437879540429
0.4803939424606844
0.47961093455164017
0.4793757924325173
0.4806368406823081
0.47843154581152436
0.48164963739442174
0.4776156236000051
0.48257137997470295
0.4769648503559519
0.4833272732660802
0.4764999363892571
0.48385443345723417
0.47622995612826075
0.4841086396278016
0.4761576561270732
0.48406854581953945
0.4762834294145016
0.4837375180074366
0.47660649703232805
0.4831433536953536
0.47712288490772287
0.48233583540948005
0.4778209071723633
0.48138183061958933
0.47867585327711565
0.4803579039943843
0.47964612662472333
0.4793412374765092
0.48067284538168636
0.47840065151744526
0.4816837861133048
0.4775899739923114
0.4826009553698295
0.47694541968938214
0.4833498345164669
0.47648720600678796
0.48386809161108874
0.4762240992901116
0.48411224768215905
0.4761587102177514
0.4840618008934044
0.4762913897818327
0.48372098639844796
0.4766212993982149
0.4831184233553037
0.47714428241226936
0.48230458794203823
0.4778482861932403
0.4813468236927391
0.4787080608179456
0.48032187524713577
0.47968138882047046
0.47930677672068867
0.48070883148008975
0.47836991722442235
0.4817178203101407
0.477564528291918
0.48263032461718924
0.47692621705121285
0.48337211305255084
0.4764747137580688
0.4838814137036996
0.4762184833493484
0.48411549454157254
0.47616000551953847
0.4840546999630978
0.4762995905654107
0.48370413387826233
0.47663633760799906
0.48309323405962856
0.4771659016568431
0.48227316427286204
0.4778758566249583
0.481311734945218
0.4787404084105187
0.4802858594016977
0.4797167182791028
0.47927241281009897
0.48074479568753753
0.47833934483507107
0.48175173664809584
0.47753928764764403
0.4826594847354801
0.47690724299040926
0.48339410658400533
0.47646245982691404
0.48389439836314296
0.476213108338913
0.48411837987200823
0.4761615420277126
0.4840472437593974
0.4763080316957855
0.4836869621824332
0.4766516113693395
0.4830677883903593
0.4771877418930896
0.48224156756079056
0.47790361704680545
0.48127656774465716
0.47877289386214755
0.48024985962738964
0.47975211212044067
0.47923814836624923
0.48078073470555166
0.47830893622477283
0.48178553179615363
0.4775142531840325
0.48268843276243
0.47688849803908034
0.48341581284938184
0.47645044438866363
0.4839070442522789
0.47620797428928485
0.48412090337663194
0.47616331973659404
0.4840394330496729
0.4763167130990396
0.4836694730793374
0.47666712037810355
0.4830420889548492
0.4772098023524319
0.48220980097859834
0.4779315660118714
0.4812413254585902
0.4788055149535742
0.4802138790796563
0.47978756744423884
0.4792039859868685
0.48081664522763695
0.4782786932416724
0.4818192024296112
0.47748942600155114
0.4827171657552042
0.47686998271277575
0.4834372296163807
0.4764386676104488
0.48391935006888975
0.47620308122861643
0.4841230647958372
0.4761653386395043
0.4840312686378098
0.4763256346965848
0.48365166836997897
0.4766828643180713
0.48301613838543866
0.4772320822457989
0.4821778677125372
0.4779597020469253
0.4812060114539468
0.47883826943908103
0.4801779208996356
0.4798230813305281
0.47916992824566706
0.4808525239397647
0.4782486177066837
0.48185274523057625
0.47746480717680095
0.48274568079081004
0.476851697510785
0.48345835468211873
0.47642712965145567
0.4839313145458162
0.4761984291828646
0.484124863907271
0.4761675987287205
0.4840227513641311
0.47633479640495446
0.4836335498877895
0.4766988428606399
0.48298993933911727
0.47725458076335825
0.4821457709618758
0.4779880236523019
0.4811706290965478
0.47887115504661165
0.480141988213734
0.479858650839965
0.4791359776921076
0.48088836752085906
0.47821871141350436
0.48188615688846065
0.4774403977627285
0.4827739749664958
0.47683364291643665
0.48347918587339067
0.4764158306631853
0.4839429364510878
0.4761940181759148
0.4841263005258545
0.4761700999954224
0.4840138821053135
0.4763441981355913
0.4836151194984233
0.4767150556645264
0.48296349449717924
0.4772772970742515
0.48211351393843555
0.47801652930179417
0.48113518175060005
0.47890416947789916
0.48010608413320505
0.47989427301418713
0.47910213685118297
0.48092417264328513
0.47818897612863803
0.48191943410047317
0.47741619878884445
0.4828020454001462
0.47681581939739875
0.48349972104692596
0.47640477078970994
0.4839542145880497
0.47618984822970045
0.48412737450380106
0.4761728424296337
0.4840046617743006
0.47635383979463
0.4835963790995479
0.47673150237546885
0.482936806564875
0.477300230326333
0.48208109986612346
0.4780452174425531
0.4810996727781926
0.4789373104086035
0.480070211753734
0.4799299448761757
0.4790684082232037
0.48095993597334025
0.4781594135914251
0.48195257357210947
0.4773922112614465
0.48282988923067255
0.47679822740597955
0.483519958089641
0.4763939501679261
0.48396514779548505
0.4761859193643154
0.4841280857306301
0.4761758260201564
0.483995091320212
0.47636372128267557
0.48357733062062974
0.47674818262592733
0.4829098782710574
0.47732337964591237
0.4820485319804617
0.4780740864949956
0.481064105538793
0.47897057548845734
0.4800343741550277
0.47996566343062375
0.47903479428359197
0.48099565417174617
0.47813002551408085
0.48198557201764003
0.4773684361638464
0.4828575036183982
0.47678086737942743
0.48353989491888555
0.4763833689278035
0.4839757349477335
0.4761822315981213
0.4841284341331777
0.47617905075449973
0.4839851717282479
0.47637384249457765
0.4835579760227153
0.47676509603478395
0.48288271236782354
0.4773467441375012
0.48201581352811423
0.47810313485271905
0.4810284833887446
0.47900396234142106
0.47999857440041
0.48000142566431236
0.4790012974826864
0.4810313238941453
0.47810081358174283
0.482018426160597
0.47734487445660406
0.4828848857454415
0.4767637397402341
0.4835595294826868
0.47637302719263214
0.48398597495480655
0.4761787849478492
0.48412841967560416
0.4761825166188036
0.4839749040195916
0.47638420331920106
0.483538317298208
0.4767822422070426
0.48285531163015183
0.47737032288356346
0.48198294776641154
0.47813236088242467
0.48099280968076674
0.4790374685658456
0.4799628155364233
0.4800372285464913
0.4789679202455534
0.4810669417915964
0.47807177945252516
0.48205113273425676
0.47732152707776365
0.48291203281609096
0.4767468448964342
0.4835788597599851
0.47636292507926287
0.48399586676249695
0.4761755794286944
0.4841280423593969
0.476186223597754
0.48396428925130563
0.47639480363919057
0.4835183564706395
0.47679962073352755
0.4828276788555342
0.4773941149442695
0.48194993796287133
0.4781617629238471
0.4809570877634536
0.4790710917346441
0.479927100592435
0.4800730690292664
0.47893466497180753
0.48110250451107317
0.47804292475758087
0.4820836884821213
0.4772983949430954
0.482938942057178
0.47673018324190697
0.4835978837608673
0.4763530626983456
0.484005409352485
0.4761726150544048
0.48412730222336975
0.47619017167449323
0.4839533285162253
0.476405643330733
0.4834980955944362
0.4768172311905826
0.482799816863603
0.4774181193572552
0.48191678739471755
0.47819133928969315
0.4809213209807765
0.47910482939547216
0.47989143258025085
0.4801089440479936
0.4789015340354407
0.4811380086959646
0.4780142511011723
0.48211609015839696
0.4772754789463415
0.4829656107184445
0.4767137551566773
0.4836165995267953
0.47634344015456354
0.4840146017424418
0.4761698918373653
0.48412619934366063
0.4761943608305255
0.4839420229428483
0.4764167222633154
0.48347753675468197
0.4768350731397699
0.482771728495755
0.4774423351373854
0.4818834993483964
0.47822108826558735
0.4808855126715871
0.47913867907091673
0.4798558144937338
0.4801448505216779
0.47886852978465966
0.481173450986576
0.47798576006074917
0.4821483345284699
0.4772527799594661
0.4829920360729053
0.47669756100721605
0.4836350051308286
0.47633405754686287
0.4840234429861273
0.47616740978867406
0.4841247338337233
0.47619879104561436
0.4839303736952198
0.4764280402994787
0.4834566820668752
0.4768531461275685
0.4827434166147686
0.477466761276521
0.4818500771190907
0.4782510081100263
0.48084966616912284
0.4791726382586931
0.47982024930842965
0.4801807853533782
0.47883565454173194
0.481208828020631
0.47795745318703386
0.4821804183693789
0.4772302988329091
0.483018215417206
0.47668160114673985
0.48365309867784273
0.47632491496867774
0.48403193217348434
0.47616516891821287
0.48412290584431644
0.476203462297675
0.4839183819728133
0.47643959729456814
0.483435533676681
0.4768714496850735
0.482714884104418
0.47749139674329205
0.4818165240102309
0.4782810970543403
0.48081378480051373
0.4792067044318504
0.47978473998119825
0.4802167454306183
0.4788029106028408
0.4812441364337756
0.47792933200411475
0.4822123384702859
0.47720803639584386
0.48304414607197643
0.4766658759155105
0.48367087830474365
0.4763160125081521
0.48404006843073005
0.4761631692347126
0.48412071556348996
0.47620837456266146
0.4839060490104081
0.47645139309647977
0.48341409375967925
0.4768899833276955
0.4826861338690824
0.47751624048287505
0.4817828433330054
0.478311353302664
0.4807778718862924
0.47924087503898605
0.4797492894498527
0.48025272762580273
0.4787703002379488
0.4812793728600824
0.47790139800954684
0.4822440916329424
0.4771859934564389
0.4830698253821789
0.47665038564113343
0.48368834218067647
0.47630735024835624
0.48404785092044234
0.47616141074581125
0.4841181632165665
0.4762135278144467
0.4838933760779623
0.47646342754540394
0.4833923645211069
0.47690874655486015
0.48265716883335036
0.47754129141677476
0.4817490384058674
0.4783417750319135
0.4807419307399046
0.4792751475044664
0.47971390063280256
0.48028872879663703
0.47873782569066886
0.4813145339325544
0.47787365267445886
0.4822756746721533
0.4771641708021218
0.483095250717451
0.4766351306388538
0.4837054885072291
0.476298928267498
0.48405527884164173
0.4761598934581054
0.4841152490661193
0.4762189220246972
0.48388036448048066
0.4764757004735646
0.48337034819559566
0.476927738849709
0.48262799194162
0.4775665484426124
0.4817151125540407
0.478372360391774
0.4807059646672245
0.4793095192286594
0.47967857642870704
0.4803247457865557
0.478705489178146
0.4813496162836323
0.47784609744366935
0.48230708441623843
0.4771425691998486
0.48312041947244583
0.4766201112118546
0.4837223155186339
0.47629074663913207
0.4840623514298724
0.4761586173771978
0.48411197341194856
0.47622455716274287
0.48386701555788075
0.4764882117049568
0.4833480470469059
0.47694695967880124
0.48259860615769534
0.4775920104339183
0.4816810691090242
0.47840310750469384
0.4806699769660707
0.4793439875881711
0.4796433197161322
0.4803607754251519
0.4786732928909457
0.48138461654569864
0.4778187337358079
0.4823383177074883
0.477121189396374
0.48314532906716406
0.47660532765154956
0.48373882148196085
0.476282805432361
0.4840690679572755
0.4761575825077352
0.48410833659105096
0.4762304331954394
0.48385333068485165
0.4765009610550791
0.4833254633676534
0.47696640849181526
0.4825690144643769
0.4776176762399299
0.48164691140809335
0.4784340144658876
0.4806339709257263
0.47937854993609386
0.47960813335321717
0.48039681452861477
0.47864123899295247
0.48141953135158494
0.4777915629434451
0.4823693714026196
0.47710003211852653
0.48316997694728414
0.47659078023787793
0.48375500469730964
0.4762751047120346
0.48407542773266166
0.4761567888534433
0.4841043389775885
0.4762365500870267
0.4838393112707115
0.4765139483306649
0.4833025994790336
0.47698608472125315
0.4825392198630498
0.477643544685396
0.4816126427938018
0.47846507934334775
0.48059794982646126
0.4794132036022603
0.47957302017734615
0.4804328599001695
0.47860932962127645
0.4814543573350774
0.4777645864332282
0.4824002423732243
0.4770790980734854
0.48319436058448567
0.47657646923959546
0.4837708634979949
0.47626764453894216
0.48408143010157834
0.476156236417153
0.48409998098285195
0.4762429077989807
0.48382495875925857
0.47652717332940947
0.48327945773053926
0.477005987782145
0.48250922537326635
0.47766961457038626
0.4815782666134806
0.4784963001778641
0.4805619169390582
0.4794479458935062
0.47953798300482814
0.48046890833052247
0.47857756688616804
0.48148909113142263
0.47773780554602396
0.48243092750621697
0.4770583879490602
0.48321847747676827
0.47656239491456426
0.4837863962507278
0.47626042497000054
0.4840870744463732
0.4761559252008208
0.4840952630552208
0.47624950628985935
0.4838102746286186
0.47654063583969475
0.48325604049967363
0.4770261170717552
0.4824790340323244
0.4776958846701061
0.4815437862187361
0.4785276749830522
0.4805258755243412
0.479482774093941
0.4795030246305838
0.4805049565983114
0.4785459528709423
0.48152372937783394
0.47771122159706847
0.482461423704278
0.47703790241397376
0.48324232514876675
0.4765485575100419
0.48380160135579353
0.4762534460584381
0.4840923601862556
0.47615585520554465
0.48409018568012135
0.476256345515145
0.483795260391089
0.4765543356403122
0.4832323501916596
0.4770464719692913
0.4824486488948432
0.4777223537347191
0.4815092049649482
0.47855920174539057
0.4804898288327086
0.4795176854652267
0.47946814782784014
0.4805410014705588
0.4785144896319115
0.4815582687139963
0.4776848358761231
0.48249172788629263
0.4770176421181466
0.4832659011520593
0.47653495726296635
0.48381647724722315
0.4762467078539714
0.48409728677735125
0.4761560264315706
0.48408474937997786
0.4762634254270785
0.4837799175929764
0.4765682725001813
0.4832083892391419
0.47706705183561254
0.4824180730323327
0.47774902048917356
0.48147452621076553
0.47859087842426534
0.4804537801036688
0.47955267724686346
0.4794333553478319
0.48057703970313
0.478483179198326
0.48159270578257163
0.47765864964763716
0.4825218369877867
0.4769976076929843
0.4832892030654727
0.47652159440024117
0.4838310223929627
0.4762402104029791
0.48410185371275677
0.476156438878296
0.48407895471416396
0.4762707459744913
0.48376424781443256
0.4765824461780685
0.4831841601018871
0.4770878560129429
0.4823873095327617
0.47777588363303697
0.4814397533176021
0.4786227029520247
0.4804177325653805
0.47958774665648357
0.47939864991951125
0.48061306804119464
0.4784520235723241
0.48162703722970224
0.47763266415091665
0.4825517479613581
0.4769777997516662
0.4833122284953809
0.476508469139016
0.4838452352950356
0.4762339537486683
0.4841060605225873
0.4761570925442638
0.48407280227894656
0.47627830710262886
0.483748252669283
0.47659685642230065
0.48315966526647586
0.47710888382458405
0.48235636150011985
0.4778029418403356
0.48140488964913125
0.4786546732340411
0.48038168943419624
0.4796228908901528
0.47936403424926477
0.4806490832196922
0.47842102472889003
0.48166125970551477
0.47760688060029954
0.48258145777710426
0.47695821888943657
0.4833349750760004
0.4764955816869668
0.4838591144897031
0.47622793793123736
0.48410990677402277
0.47615798742715243
0.48406629270742896
0.47628610875297167
0.48373193380485346
0.4766115029704791
0.4831349072459924
0.4771301345746319
0.4823252320539767
0.4778301937594015
0.4813699385707809
0.47868678714878243
0.48034565391421036
0.4796581071226793
0.47932951102063837
0.4806850819638012
0.4783901846158212
0.481695369864622
0.47758130018533645
0.4826109634230461
0.4769388656838972
0.483357440469679
0.4764829322425721
0.4838726585476187
0.4762221629880322
0.4841133920713494
0.4761591235237586
0.4840594266694888
0.4762941508630498
0.4837152929017908
0.47662638554919057
0.48310988857970816
0.4771516075476953
0.48229392432903767
0.47785763801272546
0.4813349034492272
0.47871904254789166
0.48030962919681125
0.4796933925079294
0.4792950828940698
0.48072106098941136
0.47835950515370323
0.4817293643666247
0.47755592407097835
0.48264026190554715
0.47691974069530196
0.483379622367181
0.4764705209953871
0.4838858660739788
0.4762166289536976
0.4841165160559978
0.4761605008299739
0.48405220487171263
0.47630243336625255
0.4836983316738795
0.47664150387371584
0.4830846118327602
0.4771733020086171
0.4822624414746952
0.4778852731968173
0.4812997876518887
0.47875143725627556
0.4802736184602383
0.47972874417915146
0.47926075250662964
0.48075701700359913
0.4783289882358933
0.48176323987661057
0.4775307533977686
0.48266935024972873
0.47690084446685177
0.4834015184879665
0.47645834812631477
0.4838987357086691
0.4762113358603222
0.48411927840657726
0.4761621193407545
0.48404462805732634
0.4763109561916333
0.48368105186785343
0.47665685764773796
0.48305907959582545
0.47719521720219804
0.4822307866545771
0.4779130978820722
0.48126459454641995
0.47878396907220133
0.48023762486914223
0.4797641592493059
0.4792265224717694
0.4807929467051068
0.478298635728513
0.4817969930656539
0.4775057892820423
0.48269822549988145
0.47688217752499257
0.48342312658046666
0.4764464138078748
0.48391126612640706
0.4762062837375796
0.48412167883890717
0.47616397905008606
0.4840366970061229
0.47631971926370964
0.48366345526320415
0.4766724465630481
0.48303329448479004
0.477217352352924
0.48219896304609117
0.47794111061264477
0.4812293275002059
0.47881663576740235
0.4802016515741519
0.4797996348114029
0.4791923953790785
0.48082884678482346
0.478268449470448
0.48183062061131154
0.4774810328161294
0.48272688471987124
0.47686374037971235
0.483444444422353
0.47643471820446776
0.48392345603687903
0.4762014726128614
0.4841237171060437
0.4761660799509406
0.48402841253438467
0.47632872250225855
0.48364554367198287
0.4766882702992497
0.4830072591404127
0.4772397066646957
0.48216697383996665
0.4779693099063299
0.4811939898798562
0.4788494350871929
0.4801657017114447
0.4798351679388475
0.47915837379404935
0.4808647139262702
0.4782384312733577
0.48186411919811933
0.47745648506856514
0.48275532499354235
0.4768455335248408
0.4834654698208031
0.4764232614726383
0.48393530418487446
0.4761969025114065
0.4841253929983038
0.47616842203522847
0.48401977549480346
0.47633796582210675
0.48362731893859934
0.47670432852346256
0.48298097622798475
0.4772622793205617
0.482134822239792
0.47799769425445027
0.48115858505069936
0.47888236475059065
0.48012977840232224
0.4798707556857898
0.4791244602578498
0.4809005448060862
0.47820858292169144
0.48189748551808465
0.47743214708430365
0.48278354342511476
0.4768275574383486
0.4834862006127598
0.47641204376133295
0.48394680935041506
0.4761925734564236
0.4841267063432851
0.476171005293743
0.48401078677639564
0.47634744913291677
0.483608782939615
0.4767206208900245
0.48295444843698404
0.4772850694824556
0.48210251146154975
0.47802626212175203
0.48112311637627864
0.4789154224504485
0.48009388475279136
0.4799063950874835
0.47909065728710465
0.48093633609451825
0.47817890617271386
0.4819307162711784
0.4774080198849382
0.48281153713957786
0.47680981258264776
0.48350663466518745
0.4764010652121562
0.48395797034888055
0.4761884854692082
0.4841276570058827
0.47617382971610034
0.4840014473044142
0.4763571723389686
0.48358993758353275
0.4767371470401934
0.4829276784807255
0.47730807629093613
0.4820700447331491
0.4780550119463078
0.48108758721784856
0.4789486058535955
0.4800580238531513
0.4799420831606512
0.4790569673736859
0.48097208445591316
0.4781494027565392
0.4819638081658253
0.47738410446892643
0.4828393032830798
0.47679229940489315
0.4835267698753216
0.4763903259596221
0.4839687860311295
0.476184638569254
0.484128244888302
0.4761768952906716
0.4839917580402561
0.4763671353389363
0.48357078481058013
0.4767539066018467
0.4829006690960047
0.47733129886493025
0.48203742529395305
0.4780839421394253
0.48105200093387074
0.47898191260098444
0.4800221987775841
0.4799778169038537
0.4790233929845098
0.4810077865492102
0.47812007437617154
0.48199675791939
0.47736040181181894
0.4828668390233111
0.4767750183372827
0.4835466041709148
0.4763798261314022
0.48397925528361646
0.4761810327743571
0.4841284699300675
0.47618020200450917