0.2711864406779661
0.2711864406779662
-0.28092761277038175
-0.24685479325026105
0.30970919424054055
0.12724425062766087
-0.3773141464925789
0.14907636614092712
0.31414100768298503
-0.2399964750323631
-0.33150462885223286
0.192320151155697
0.5552073749438792
0.3576101600736721
0.8874998476921498
1.402001946589476
1.1053016764081287
0.5815469882170682
1.1310311052680846
1.4375066696448993
0.9763662831353369
0.4740689771297637
1.008777078681204
1.5340651869921915
1.0601411909565848
0.7276560893562034
0.33164426003886394
0.18467130232385218
0.6186938886831924
0.06295023339910688
-0.43523939161744635
-0.07635366337657373
0.43865126895770906
-0.11838255117754365
-0.5303781736149735
-0.196990244610889
-0.5097259778011948
-0.16942166454014962
0.38128845578582804
0.03363573124419639
-0.397582176678745
0.158969786048407
0.47986905531890595
0.1040945195600731
0.05604675380653631
0.20236577803359032
0.7590954450601609
0.772264592240073
0.22265447780296266
0.21804164988334251
0.7629526959585418
0.692013189516545
0.20105201237396142
-0.19838583258541226
-0.6936864002604206
-0.7611774540713172
-0.21433792463722112
-0.19630218133232338
-0.7156929194369304
-0.4079392038787618
-0.9194722042292749
-1.473790018409188
-0.9359927761503416
-0.4979204613418227
-0.931459760243383
-1.179398093807519
-1.7363533491332022
-1.6984671110014893
-1.1836476891543906
-0.7806655423342049
-0.3260365248297679
-0.2492255708446482
-0.8005664150539114
-0.8972891538553411
-0.6445999812331905
-0.4084843837702301
-0.33224720439072053
-0.8496594696346468
-1.3200909149077384
-1.3893964984339753
-0.9822379712944275
-0.5352742773569976
-0.89822535522232
-1.44163683568333
-0.8904425342549722
-0.5159075430152612
-0.9297175426760897
-1.1444573640670905
-1.681703860261191
-1.3243357823489066
-1.866779412960955
-2.135939601962818
-2.680468395915355
-2.3436902232267487
-2.8997110554267556
-3.3290783566399704
-3.436379956055485
-3.1248103290260225
-3.2303578304427467
-3.786142266331156
-3.9477257186040524
-3.92870925888745
-3.6704526327891616
-3.361041814033198
-3.2048569948365926
-3.67448136718751
-3.1934294964896193
-3.289329654350409
-3.7979276839571954
-4.165766733037204
-4.7125707575249205
-4.688540437588903
-4.182048963842443
-3.761259594345556
-3.3674180859706446
-3.3408252040324125
-3.823428597389258
-4.287374385153033
-4.479265270303385
-4.221063451319962
-4.659828239535231
-4.134757650360227
-3.9262581109143047
-3.5088778874968214
-3.905041631779881
-4.452786221276502
-3.89933999870021
-3.4903012936407665
-3.875552132543567
-3.8653999617933783
-3.441819811471709
-3.966732790178648
-4.5189091999649005
-3.9793334622464176
-3.4263795345926247
-3.9512842794819982
-4.395601430116237
-4.248411482337517
-3.709725051113862
-3.707288280196046
-4.2450325387072585
-4.407094930822376
-3.9781363756568395
-3.504553519459107
-3.9695526758104998
-4.484387265086592
-3.951195883036263
-3.39420034702804
-3.8281398744958026
-3.7247161801732895
-3.200612795487854
-2.860878494030981
-2.3042986051168053
-2.5119083210251847
-2.2662393281332585
-1.7939199676828226
-1.3810869472182001
-1.42980953854945
-1.6226176515176465
-1.8482245824128487
-1.5634337333992705
-1.6401053548849411
-2.016628223477871
-2.4339103613978548
-2.2009598545870928
-1.648148260804972
-1.9232998418970815
-2.3915976413150744
-1.8378530001405602
-1.5990095510315099
-2.086365248255687
-2.643024655947846
-2.3125699342079162
-2.853390000735922
-3.074251890387978
-3.5015306888557065
-3.0708344517711135
-2.5300084895653123
-3.0862586973857336
-3.578110300021396
-3.2675597282859052
-3.76138583853062
-3.539599111530639
-3.628726244935443
-3.965006180005111
-4.1963328320924305
-4.751067955381388
-4.805435648869928
-4.302899878460265
-4.694041374135173
-4.18698005160024
-4.2041810349424
-4.742927614261315
-4.5775430894709075
-4.4746525134125665
-4.489419383700565
-4.511677013530255
-4.530279544795552
-4.406731188706592
-4.209263572665518
-4.6631693581243265
-4.151607718308941
-4.0347677040109415
-4.038740464185089
-4.176849311907777
-4.721761212337487
-4.511782966044605
-4.683022710428882
-5.0968884106781065
-5.649616942408186
-5.267777885409004
-5.713393601795289
-5.2863539740838394
-5.73143900124404
-5.346969150233564
-5.89754761721795
-6.287152131452275
-6.58435714909547
-6.566117053868282
-6.35811545341074
-6.086758018874026
-6.1069770617483945
-6.469425827108684
-6.194404687628607
-5.645116006927564
-5.908238635367309
-6.396479055989881
-5.84553960270971
-5.602176652332843
-6.097124270151169
-6.649204122053714
-6.38227139380781
-6.9090134449434535
-7.45004489982485
-6.976384393400914
-6.55126837699822
-7.0684770205219785
-7.624829125691935
-7.2505873667490475
-7.664566276271051
-7.132569071769323
-6.896898690267208
-6.404397845246702
-6.9577907349326145
-7.475150181914205
-6.996192783278351
-6.524175556188409
-7.0355165385368865
-7.583080260849071
-7.057420656079511
-6.6306735266055306
-6.659457985417005
-7.112631992188218
-7.667562717831855
-7.434907594810487
-7.849652401408383
-8.39402087562145
-8.038933184623898
-7.590469325431211
-8.146278548519955
-8.512850610164023
-8.18130191988809
-8.449166264987134
-8.34820762653579
-7.959834666127594
-7.484053201877423
-7.986427175970817
-8.507474056309759
-7.9962491777409905
-7.47995285752411
-8.01843089520458
-8.536824282697758
-8.078996141060053
-7.827526394275819
-7.270581873409228
-7.352754797062966
-7.743365908534322
-8.123882350590456
-8.680469682423599
-8.424578387067177
-8.878067061487947
-9.429141517639735
-8.966808411869934
-8.578823677390396
-9.110154703569794
-9.62597806675325
-9.413093536389566
-9.862342892620365
-10.404420052344467
-10.029665963181278
-9.585026618647946
-10.13856429462992
-10.54294502874575
-10.255321454263845
-10.741711646659876
-10.445245751739874
-10.88340212767494
-11.439192572101584
-10.937392200553283
-10.566623452876469
-11.074365657435592
-11.630884269635043
-11.269876139314128
-11.735767628280795
-11.390026774537171
-11.934806501017187
-12.480810371749275
-11.952042727329657
-11.499100840018015
-11.950203614573514
-12.278814828140186
-12.662082697304399
-12.805077367105426
-12.34712162624842
-12.869451279428993
-13.084135993271506
-13.528761556032485
-13.03106453696999
-12.494294620120113
-13.025382703273754
-13.576419136268138
-13.050009923828506
-12.605682602184643
-12.748549721500648
-13.285635326828993
-13.31046109441026
-12.78444073717163
-12.492473088360862
-12.761687075674343
-12.295084606731569
-12.71764100424642
-12.2768317340459
-12.686530593742102
-12.179642152957046
-12.171580746856458
-12.658497218793299
-12.166652882004941
-12.147153146005053
-12.579866804717838
-12.031764602871727
-11.474835743300268
-12.026587684708286
-12.583393731890837
-12.10940752878138
-11.928762401599236
-11.537852915780094
-11.824261207977457
-12.379802413230708
-12.00331494325547
-11.618358601265271
-12.174254899449464
-12.460687011087552
-12.066133801145952
-11.863890588438379
-11.339490983682197
-11.778019471747026
-11.516639216252475
-11.72525798394376
-12.203230183320048
-12.61548706274728
-12.555684066323144
-12.422025245756618
-12.285494674029966
-12.842368401918495
-13.136260426550416
-13.686286717927638
-13.390769452475096
-13.918601728139054
-14.466019202454927
-13.952877973190349
-13.525306390158118
-14.00401669061163
-14.489762407660969
-14.022548390096539
-13.51718506486191
-14.04485683252503
-14.601351800404483
-14.13925227847607
-14.081773396572265
-14.304034065593232
-14.711640923450396
-14.983049354905651
-15.201208932208244
-15.75569440575649
-15.828805260718335
-15.377644092257816
-15.929079035892423
-16.3926849654776
-16.223339209429138
-15.671855051527215
-15.862662726365297
-16.38433658038952
-15.864683221019042
-15.672573086362041
-16.224593293234378
-16.386023560239913
-15.914257419455282
-15.357348791928077
-15.714669327565286
-15.219145735949429
-15.37338091872375
-15.647754843598818
-15.871506264005603
-15.657665076317011
-15.344683266293233
-15.138454526137066
-15.400951418540293
-15.474075504758257
-15.312366065301008
-15.86677267929377
-16.2782154677951
-16.57528376217268
-16.52551165677695
-16.48609240329547
-16.476868464375237
-16.56665973799463
-16.70821452073177
-16.15118098453596
-15.824576259166685
-15.27446649750985
-15.27212476901375
-15.824112950012774
-16.138861288947922
-16.693240093768072
-16.448709940929724
-16.839168300952664
-17.38321060261135
-17.059313581145318
-16.592636511763217
-17.149673285765992
-17.476011206460242
-17.08558651885705
-16.953778502328294
-16.672509122912
-16.379167986732025
-16.265986160256407
-16.82000918867776
-17.00352442159178
-17.198640549529234
-17.75533856749739
-17.79357915608303
-17.26889459415324
-17.51680997891455
-17.217687221284148
-16.697108602443393
-16.67956238143082
-17.190199931707674
-17.5846414401248
-17.444137864075216
-17.76141020212934
-18.240819075685714
-18.551647292322134
-18.40443004245017
-18.829454541149502
-19.34905824838375
-19.2092563959813
-18.65221558867137
-18.974384904467257
-19.36521261747925
-18.808974949748297
-18.63544358585285
-19.14786393102396
-19.629586273514516
-19.50231692169701
-19.621678328649075
-19.912160593749984
-19.910302607039007
-19.611150219026026
-19.53813403957922
-19.740119453725782
-19.20945607360217
-19.23965165149874
-19.796661543882113
-19.95188563164088
-19.9407926447874
-19.728019612701413
-19.247408878815367
-18.95800263482415
-18.554470783674137
-18.80572434723828
-19.358905184115436
-19.05997070607345
-18.609056676621655
-19.165172240700986
-19.420076396182555
-18.958240053378773
-18.431424116593806
-18.985687066601816
-19.532718938721647
-18.97574539438326
-18.42389848501598
-18.878925952096953
-18.986983191719336
-19.050035613036272
-19.281144703038176
-19.733372046268453
-20.009685781966375
-20.314905443007536
-20.621619444156334
-20.721927728333668
-20.164891520979936
-19.883252041351675
-19.35228356952978
-19.80533821920739
-19.655009703331434
-19.295856082631833
-18.989663234603427
-18.65391432970796
-18.478609212633387
-18.581483473752673
-18.223598677313593
-17.74349677072876
-17.48085864213748
-17.682661044591384
-17.126383197990883
-16.71566156631127
-16.43601245275609
-16.504849627181724
-16.41920342072158
-16.226471250813475
-16.715019407916465
-16.347328749321914
-16.901041763553486
-17.31570451081828
-17.490045808784494
-17.28297760709571
-17.831640905943317
-18.017039502052988
-18.257507345689508
-18.748075044076533
-19.0060154335849
-19.282427977083916
-19.700117560999267
-19.92193689438328
-19.876909501279133
-19.456829630351915
-19.959567458537254
-20.506460619682375
-19.964313559837084
-19.407287138755212
-19.874758421874976
-19.990279507964217
-20.072323804148002
-20.387885903066177
-20.444709053831204
-20.2026206790151
-20.61123257113723
-20.054842269025364
-19.52205712198621
-20.027272499243043
-20.48507840215197
-19.999573626360185
-19.513338974611447
-19.975114153267345
-20.479771348129113
-19.949291079580433
-19.392269166830133
-19.823495199483354
-19.699940739862225
-19.221644909083487
-18.85586803195922
-18.299554787866963
-18.442863883456088
-18.497811805183343
-18.435247986752415
-18.711741475998085
-19.115587879331954
-19.672317153456074
-19.394750296243032
-19.91041343885789
-20.4589460526885
-19.95330496441079
-19.536862213801253
-20.027108472980103
-20.555092874742947
-19.99818217567037
-19.4411695136617
-19.96263557171243
-20.42423179748085
-20.156860635724563
-19.601809431608242
-20.075207154788803
-20.36310346529719
-19.813857712827758
-19.513853008367445
-19.853523488104962
-19.707864230492817
-19.22704978228012
-18.879604047083745
-18.328075506311933
-18.65687463518884
-18.100428144181095
-17.666330598682936
-17.582231527908103
-17.927373507588708
-18.04453159357503
-18.30752738174455
-18.673841858118806
-18.87768648107077
-18.663910719778016
-18.333034469676804
-18.10942553958868
-18.26040571386907
-18.785587192952114
-19.08310884093825
-19.575870242848843
-19.018847815279933
-18.465170831574486
-19.018915722281523
-19.575930226318892
-19.083668474090764
-18.788711284983997
-18.25904087904474
-18.116922586301417
-18.372503375104085
-18.550066182689527
-18.544581711489386
-18.39585644920316
-18.187127145800826
-18.58347840970161
-18.04439502147877
-17.487517538609463
-18.043744772991086
-18.587269164956442
-18.18700673156003
-18.39014605395563
-18.56375891924788
-18.610306733559266
-18.219844352413574
-17.756129083881003
-17.429855471442295
-17.532345136344624
-17.32145383200211
-16.94850181014642
-16.46334438408359
-16.99817503779394
-17.53475619927439
-17.04332705891098
-16.64051942603888
-16.599000966298657
-16.956425784383757
-17.185019096052464
-17.74200225234901
-17.722131812841994
-17.177417948275817
-16.83288990374681
-16.28177513466468
-16.31163795432179
-16.81540487739343
-17.234586218476824
-17.640256132520193
-17.67670535438991
-17.162566563881516
-16.711280016386844
-16.503055125944595
-16.721158827978634
-16.177675364703948
-16.048871346203647
-16.089903529258848
-16.421944432997268
-16.339708864333286
-15.9179336484329
-15.371577411485314
-15.827928362406952
-15.76064927035191
-15.204423859886639
-15.018380854397329
-14.894081399723373
-14.461029385946688
-14.966101802426063
-15.509423973767383
-14.974325226705792
-14.421308762473634
-14.93981757986305
-15.346536168182807
-15.427418981872576
-15.11208259692788
-15.169068498733811
-15.680821624932388
-15.265768191617695
-15.676519815441987
-15.156670709801437
-15.035699061891146
-15.038702475975525
-15.175743147529001
-15.719600986290317
-15.498066837752514
-15.725792472267912
-16.1937867765292
-16.639138141668223
-16.61006272188693
-16.277701410808284
-15.894986597312892
-15.344499040712641
-15.723104567324555
-15.25664884140508
-15.580355793881978
-15.077756655633003
-14.52122339915352
-15.069650227610744
-15.525035279577082
-15.125528924719385
-15.119377521518029
-15.49458434901167
-15.133601943907715
-14.57675301837776
-15.076901093217362
-15.405848518293851
-14.882105301470355
-14.3675803608057
-14.556253688476092
-14.197826333921034
-13.678717879934771
-13.721402494018276
-14.2602366363911
-14.36656958538716
-13.888893025858613
-13.338766905254866
-13.555686490431215
-13.176032606583599
-12.64148115565957
-12.856715486049323
-13.39300798084162
-12.879602319451047
-12.654567151832385
-13.20223122994402
-13.461384989979855
-13.091356476832402
-13.006729811150041
-12.945452786761091
-12.70167616183429
-12.296603745666106
-12.047428248657294
-11.955512557675915
-11.715584711211552
-11.276047053418587
-11.010030179124902
-10.775364906398751
-10.239324952627936
-10.052221989625302
-10.044186506696237
-10.189116495421878
-10.742197052523066
-10.648853932863954
-10.262313362204337
-9.892287283954735
-9.34304113451439
-9.723596316938295
-9.259551952208309
-9.594984926190447
-9.067598953583751
-8.513173155720937
-9.061242476800887
-9.531854408227575
-9.129889097949548
-9.135457938829646
-9.55800951749697
-9.033829712960774
-8.481681003562331
-9.021714867632896
-9.575309760071084
-9.054344155339317
-8.629491226473084
-8.659474158095522
-9.111982225661595
-9.66719980733662
-9.430293526466222
-9.858655183643895
-10.405187263102793
-10.013230341640556
-9.589761606541616
-10.141104439959335
-10.551178313450325
-10.281277208680278
-10.811886118067148
-10.856147656530398
-10.447234772747578
-10.957003677681856
-11.508216425915556
-10.961885753765463
-10.405359646672297
-10.852925979869708
-10.857942854368785
-10.427346144903522
-10.969626191000543
-11.526225376688004
-10.980809415211187
-10.42573542906955
-10.942516989951145
-11.35248110359345
-11.407979666111272
-11.058592242140097
-10.888751200340185
-10.417377570640785
-10.973908879527649
-11.526871657382292
-10.970464028379956
-10.418705180686404
-10.8626189890542
-10.895452107095943
-10.581880364360257
-10.62831062445492
-10.996766558626756
-11.356659382066859
-11.46634415554648
-11.244472196963953
-11.747408564480665
-11.499770654672748
-11.748127333226597
-12.243783805074122
-12.51715030827235
-12.297569133255443
-12.851467078602273
-13.13366364852788
-13.679632232993232
-13.346137713907746
-13.90278186846428
-14.34668874098515
-14.369597468883828
-13.947272514350928
-13.429764635326988
-13.985726868840434
-14.536349692234081
-13.980933531908732
-13.424415025520299
-13.908301266698922
-14.163727736251655
-14.719567781260826
-14.578019751140749
-14.449243527177071
-14.401605893362426
-14.76210081699073
-15.212920614838689
-15.635360446369043
-15.629621856453564
-15.228422403392798
-14.79130292457263
-14.34540894371419
-14.321324211152756
-14.83332661983775
-15.279345965748606
-15.52562540794274
-15.362631232222867
-15.873343778326985
-16.389594421580977
-16.126441373601548
-15.591762425203765
-16.125186154342213
-16.388319981241402
-15.87041843780149
-15.36574289046487
-15.52511243599108
-15.283852104464485
-14.844011298920256
-14.315153704429273
-14.365167571926785
-14.747822810643667
-15.147360441871182
-15.697729653425744
-15.601576638959813
-15.351914399131738
-15.101772080834936
-15.198069765524924
-15.74864376215221
-15.659312405546311
-15.244541968464508
-14.858703862194993
-14.3035404590133
-14.44364622537667
-14.499165427517061
-14.440740542676755
-14.69669324273889
-15.079823140790879
-15.610175718425008
-15.093169604070233
-14.776827168186161
-14.27175333077246
-14.107823834282897
-14.313805400410057
-14.709943409598868
-14.990579015333637
-15.242256522347448
-15.750853896651579
-15.98079032931937
-16.147963889421163
-16.673801014056714
-16.268397680193974
-16.694633356901225
-16.212175395990656
-16.369207599817493
-16.653697033685688
-16.885755545089612
-16.727467860915848
-16.221066096672626
-15.901271022241694
-15.37592493902057
-15.87976247398254
-16.08363666229558
-16.520054009434755
-16.04359295268618
-15.506833734728872
-16.049491764459255
-16.604606339332296
-16.193428198274827
-16.402645087077673
-16.527831814125207
-16.49899086871724
-16.531358433065837
-16.60847862958368
-16.201015849809856
-15.715598101945442
-15.552816014516056
-15.880276738787892
-15.811470300552243
-15.273494286393596
-15.495542130668458
-15.287888861046984
-14.83454486512158
-14.325807009293896
-14.35742347632682
-14.771866470664074
-15.197321300581468
-15.675630065574783
-15.715075089089698
-15.16416920193022
-14.810511409544487
-14.279624339634104
-14.212099022287418
-14.733500047508674
-14.484540838230114
-14.780652944326695
-15.300427433140094
-15.32883590150673
-14.82588056722853
-14.382328780111253
-14.483009962513176
-14.441276659947173
-14.279866033736877
-14.833762552175626
-15.060886883978979
-15.46146638062539
-15.16537535626898
-14.608562565625169
-15.030702273131753
-15.375333714891761
-14.822326191003492
-14.51944741463032
-14.87705103059789
-14.835063033375457
-14.33568142208609
-14.803623427939886
-14.673107814446984
-14.254183401885117
-13.898171325192711
-13.356784732020623
-13.796090527663921
-13.593302091463661
-13.475205791640887
-13.507407457015358
-13.449367263041491
-13.331203048627245
-13.863944985089075
-14.336375639917932
-14.345111276260532
-13.879752858342512
-13.331084830366898
-13.51467283790455
-13.2834474491441
-12.836049299498386
-12.321245324968366
-12.35226684108041
-12.778932883160984
-13.208292133685681
-13.662299259244072
-13.699577860344544
-13.159830502722485
-12.753925562418079
-12.36253743699466
-12.315449947662422
-12.843045885552401
-13.283251829830434
-13.52586824445875
-13.367591220117404
-13.868998931647058
-14.387867043069587
-14.123803434630904
-13.591482204156563
-14.127478129076328
-14.391632065349894
-13.877663365675316
-13.35888923085971
-13.529532464672549
-13.263988067283767
-12.799510974743347
-12.364595784007266
-12.389714395473103
-12.725868745194425
-13.114180412818818
-13.669349105295437
-13.359994753480626
-13.91412298837398