-0.9191919191919192
-0.9191919191919192
-0.9810964102843475
-1.0557488195217049
-1.0904735476952974
-1.0537923444691288
-0.9787572051873252
-0.9180782976919765
-0.9203673391331832
-0.9834470077841952
-1.0576680888333188
-1.0903996233336393
-1.0518002672996
-0.9764308438733795
-0.91702778302729
-0.9216031998560015
-0.9858075525498641
-1.0595485427851747
-1.0902518743268454
-1.0497741842125115
-0.9741187847146239
-0.916041629607635
-0.9228980991430782
-0.9881766049219992
-1.0613885674546724
-1.0900304996316064
-1.0477156828058747
-0.9718224937991861
-0.91512103316908
-0.924250594880783
-0.9905527299420679
-1.0631865465731383
-1.0897357964974483
-1.0456263411422417
-0.969543445621493
-0.9142671261532176
-0.92565920963833
-0.9929344965686111
-1.0649408637534559
-1.089368159059024
-1.0435077270447126
-0.9672831237273876
-0.9134809731959972
-0.9271224351324215
-0.9953204768895362
-1.0666499049880906
-1.0889280764837115
-1.0413613976085057
-0.9650430213008632
-0.9127635667672926
-0.9286387365477389
-0.997709245332323
-1.068312061415252
-1.0884161306948994
-1.0391888989119478
-0.9628246416773746
-0.9121158230019462
-0.9302065566866146
-1.000099377873453
-1.0699257323482532
-1.087832993695576
-1.0369917659090422
-0.9606294987670395
-0.9115385777624309
-0.9318243199243068
-1.0024894512474771
-1.0714893285601699
-1.0871794245209476
-1.034771522485441
-0.9584591173700839
-0.9110325829719059
-0.9334904359497603
-1.0048780421560337
-1.0730012758127982
-1.0864562658518493
-1.032529681658388
-0.9563150333655168
-0.9105985032545654
-0.9352033032748155
-1.0072637264769666
-1.0744600186159552
-1.085664440323874
-1.0302677459017455
-0.954198793754156
-0.9102369129178535
-0.9369613124978775
-1.0096450784733426
-1.075864024199759
-1.084804946569278
-1.0279872075774028
-0.952111956536883
-0.9099482933083054
-0.9387628493117931
-1.0120206700029415
-1.077211786679428
-1.0838788550306002
-1.0256895494553477
-0.9500560904096964
-0.9097330305692444
-0.9406062972477932
-1.0143890697286122
-1.078501831388833
-1.0828873035860531
-1.0233762453057136
-0.9480327742579422
-0.9095914138246288
-0.9424900401510836
-1.0167488423307256
-1.0797327193557746
-1.0818314930277462
-1.0210487605482057
-0.9460435964336744
-0.9095236338090116
-0.9444124643859975
-1.0190985477239827
-1.0809030518893905
-1.080712682433642
-1.0187085529455662
-0.9440901538019132
-0.909529781959182
-0.9463719607714107
-1.0214367402812268
-1.0820114752464358
-1.0795321844740278
-1.0163570733300895
-0.9421740505432148
-0.9096098499772102
-0.9483669262496792
-1.0237619680690935
-1.0830566853420305
-1.0782913606927242
-1.0139957663539874
-0.9402968967022963
-0.9097637298700534
-0.9503957652951529
-1.0260727721010696
-1.0840374324670383
-1.0769916168011762
-1.0116260712560317
-0.938460306475209
-0.9099912144655188
-0.9524568910703665
-1.0283676856158426
-1.084952525973351
-1.075634398022692
-1.0092494226390132
-0.936665896229051
-0.910291998398261
-0.9545487263404335
-1.0306452333902578
-1.0858008388872797
-1.0742211845219025
-1.0068672512541978
-0.9349152822520581
-0.9106656795550638
-0.9566697041584656
-1.0329039310984889
-1.086581312409574
-1.0727534869507038
-1.0044809847889622
-0.9332100782329437
-0.9111117609634832
-0.9588182683369249
-1.0351422847309368
-1.0872929602616286
-1.0712328421411306
-1.0020920486569196
-0.9315518924728237
-0.9116296531027418
-0.960992873720762
-1.0373587900876315
-1.0879348728365785
-1.0696608089710498
-0.999701866788448
-0.9299423248341903
-0.9122186766120765
-0.9631919862804358
-1.0395519323632576
-1.088506221115675
-1.0680389644258637
-0.9973118624215541
-0.9283829634354402
-0.9128780653677041
-0.9654140830435568
-1.0417201858417815
-1.08900626031108
-1.0663688998764222
-0.9949234588929472
-0.9268753811021989
-0.9136069698959708
-0.9676576518835147
-1.0438620137189256
-1.0894343331982523
-1.0646522175898314
-0.9925380804288688
-0.9254211315897088
-0.9144044610879218
-0.9699211911850691
-1.0459758680722002
-1.0897898731040145
-1.0628905274866225
-0.990157152936131
-0.9240217455935736
-0.9152695341778916
-0.9722032094047843
-1.0480601899971203
-1.0900724065181258
-1.0610854441546467
-0.9877821047925568
-0.9226787265700969
-0.9162011129470182
-0.9745022245444243
-1.050113409928255
-1.09028155530124
-1.0592385841272478
-0.9854143676364786
-0.9213935463898395
-0.9171980541117146
-0.9768167635536822
-1.0521339481625698
-1.0904170384645175
-1.0573515634300197
-0.9830553771539439
-0.9201676408517196
-0.9182591518559143
-0.9791453616764443
-1.054120215600403
-1.0904786735016279
-1.05542599539838
-0.98070657386173
-0.9190024050880895
-0.919383142465878
-0.9814865617542757
-1.056070614719428
-1.0904663772586498
-1.0534634887642595
-0.9783694038822723
-0.9178991888928597
-0.9205687090276338
-0.9838389134977167
-1.0579835407926375
-1.0903801663312027
-1.0514656460091063
-0.9760453197072704
-0.9168592920093467
-0.9218144861458958
-0.9862009727340255
-1.0598573833611764
-1.0902201569852186
-1.0494340619768765
-0.9737357809426143
-0.9158839594136182
-0.9231190646473643
-0.9885713006397518
-1.0616905279693176
-1.0899865646015532
-1.0473703227381659
-0.9714422550275342
-0.9149743766337962
-0.9244809962304045
-0.9909484629621841
-1.0634813581669988
-1.0896797026515075
-1.045276004695585
-0.9691662179184349
-0.9141316651446348
-0.9258987980275588
-0.9933310292349536
-1.0652282577823193
-1.0892999812136093
-1.0431526739163894
-0.9669091547251066
-0.9133568778786382
-0.9273709570481126
-0.9957175719898156
-1.066929613464555
-1.0888479050494846
-1.0410018856787455
-0.9646725602864135
-0.912650994894408
-0.9288959344717561
-0.998106665966624
-1.0685838174944176
-1.0883240712585367
-1.0388251842137595
-0.9624579396696009
-0.9120149192437044
-0.9304721697679066
-1.0004968873228737
-1.0701892708566787
-1.0877291665379623
-1.0366241026266856
-0.9602668085770854
-0.9114494730763094
-0.9320980846161843
-1.00288681284238
-1.0717443865658094
-1.0870639640765234
-1.0344001629784132
-0.9581006936421578
-0.9109553940217486
-0.9337720866100145
-1.005275019144686
-1.0732475932349654
-1.0863293201150581
-1.0321548765071926
-0.9559611325945659
-0.9105333318841086
-0.935492572725688
-1.0076600818938732
-1.0746973388714491
-1.0855261702083654
-1.02988974397273
-0.9538496742775854
-0.9101838456842994
-0.9372579325444322
-1.0100405750078474
-1.0760920948827735
-1.0846555252263863
-1.027606256103664
-0.951767878497095
-0.9099074010809926
-0.9390665512165283
-1.0124150698676568
-1.0774303602711661
-1.0837184671338789
-1.0253058941304316
-0.949717315684171
-0.9097043681973122
-0.9409168121612335
-1.0147821345285295
-1.07871066599276
-1.0827161445884348
-1.0229901303882472
-0.9476995663547001
-0.9095750198778215
-0.9428070994969591
-1.0171403329323991
-1.079931579453585
-1.0816497683981756
-1.0206604289743744
-0.9457162203489858
-0.9095195303943643
-0.9447358002018655
-1.01948822412582
-1.0810917091123342
-1.0805206068798838
-1.018318246447898
-0.9437688758383603
-0.9095379746153324
-0.9467013060046894
-1.0218243614856113
-1.0821897091567796
-1.0793299811588517
-1.0159650325608547
-0.9418591380860135
-0.9096303276480435
-0.9487020150095965
-1.024147291956755
-1.083224284217972
-1.0780792604490408
-1.01360223101163
-0.939988617953122
-0.9097964649574999
-0.9507363330621993
-1.026455555308789
-1.0841941940852085
-1.0767698573536766
-1.0112312802139978
-0.9381589301411711
-0.9100361629611597
-0.9528026748649634
-1.0287476834199363
-1.0850982583822604
-1.0754032232209016
-1.0088536140757087
-0.9363716911674477
-0.9103491000923333
-0.9548994648522936
-1.031022199596177
-1.0859353611642337
-1.0739808435904215
-1.0064706627838684
-0.9346285170699031
-0.910734858320113
-0.9570251378395286
-1.0332776179397627
-1.0867044553955765
-1.0725042337620432
-1.0040838535929344
-0.9329310208418065
-0.9111929251101435
-0.9591781394598154
-1.035512442779294
-1.0874045672662271
-1.070974934515701
-1.0016946116150343
-0.9312808095993613
-0.9117226958033131
-0.961356926406432
-1.0377251681771371
-1.0880348003064535
-1.0693945080079255
-0.9993043606104952
-0.9296794814877554
-0.9123234763873904
-0.963559966497632
-1.0399142775316867
-1.088594339260425
-1.067764533868238
-0.996914523778885
-0.9281286223346071
-0.9129944866325134
-0.9657857385827859
-1.0420782432914013
-1.0890824536798418
-1.0660866055149685
-0.9945265245501271
-0.9266298020621816
-0.913734863556723
-0.9680327323095673
-1.044215526800834
-1.089498501201387
-1.0643623267060185
-0.9921417873750816
-0.9251845708725772
-0.9145436651867688
-0.9702994477705333
-1.0463245782970747
-1.0898419304744618
-1.0625933083381291
-0.9897617385167613
-0.923794455226288
-0.9154198745777156
-0.9725843950483514
-1.0484038370751627
-1.090112283707017
-1.060781165503993
-0.9873878068403735
-0.922460953632204
-0.9163624040492896
-0.9748860936759716
-1.0504517318419018
-1.090309198804107
-1.0589275148153159
-0.9850214246030494
-0.9211855322766702
-0.9173700996014059
-0.9772030720288497
-1.0524666812740486
-1.0904324110745955
-1.0570339719945048
-0.9826640282400607
-0.9199696205167248
-0.9184417454660463
-0.9795338666637424
-1.0544470947972795
-1.0904817544864873
-1.0551021497365747
-0.9803170591468512
-0.9188146062704355
-0.919576068755815
-0.9818770216157925
-1.0563913736000858
-1.0904571624596562
-1.0531336558412099
-0.9779819644524907
-0.9177218313354407
-0.9207717441669562
-0.9842310876653388
-1.0582979118930822
-1.090358668182985
-1.0511300916090425
-0.9756601977808987
-0.9166925866740212
-0.9220273986990862
-0.9865946215828085
-1.060165098425336
-1.0901864044564824
-1.0490930504970648
-0.9733532199914435
-0.915728107698832
-0.92334161635133
-0.9889661853589478
-1.0619913182634206
-1.0899406030568408
-1.0470241170238292
-0.9710624998934914
-0.9148295696027356
-0.9247129427605557
-0.9913443454254202
-1.0637749548386328
-1.0896215936359819
-1.044924865913455
-0.9687895149230589
-0.9139980827693635
-0.9261398897454276
-0.9937276718690049
-1.0655143922647772
-1.0892298021632445
-1.042796861465052
-0.9665357517697846
-0.9132346883077677
-0.9276209397264445
-0.9961147376433797
-1.0672080179255772
-1.0887657489294313
-1.0406416571324104
-0.9643027069411455
-0.9125403537510368
-0.9291545499926667
-0.998504117779133
-1.0688542253293554
-1.0882300461341796
-1.0384607952973552
-0.962091887247599
-0.9119159689598628
-0.9307391567886287
-1.000894388592635
-1.0704514172241422
-1.087623395082961
-1.036255807218975
-0.9599048101923047
-0.9113623422715068
-0.9323731792010223
-1.003284126895145
-1.0719980089646715
-1.0869465830228584
-1.0340282131392513
-0.9577430042460212
-0.9108801969301278
-0.9340550228236303
-1.0056719092022741
-1.0734924321202732
-1.0862004796511247
-1.0317795225270174
-0.9556080089896856
-0.910470167837995
-0.9357830831865755
-1.0080563109425749
-1.0749331383067293
-1.0853860333309395
-1.0295112344401738
-0.953501375104986
-0.9101327986581216
-0.937555748935716
-1.0104359056668897
-1.0763186032250838
-1.0845042670535845
-1.0272248379889264
-0.9514246641932645
-0.9098685393008535
-0.9393714047534829
-1.0128092642577158
-1.0776473308850647
-1.0835562741840508
-1.0249218128812259
-0.9493794484062946
-0.9096777438211447
-0.9412284340140589
-1.0151749541406403
-1.078917857989515
-1.0825432140334914
-1.0226036300351617
-0.9473673098689943
-0.9095606687481466
-0.9431252211691813
-1.0175315384977772
-1.0801287584501142
-1.0814663072976727
-1.0202717522450246
-0.9453898398827675
-0.9095174718682144
-0.9450601538631497
-1.019877575486187
-1.0812786480045238
-1.0803268314021084
-1.0179276348865585
-0.9434486378907463
-0.9095482114713606
-0.9470316247791973
-1.022211617465265
-1.082366188901617
-1.0791261157962093
-1.0155727266523806
-0.9415453101979789
-0.9096528460733622
-0.9490380332210546
-1.0245322102377372
-1.0833900946192903
-1.0778655372344337
-1.0132084703083197
-0.9396814684329549
-0.9098312346139461
-0.951077786436841
-1.0268378923098753
-1.0843491345746668
-1.0765465150830402
-1.0108363034645065
-0.9378587277467165
-0.9100831371294229
-0.9531493006928666
-1.0291271941802749
-1.085242138790337
-1.0751705066889714
-1.0084576593555679
-0.9360787047433641
-0.9104082158936988
-0.9552510021107277
-1.0313986376666033
-1.0860680024746987
-1.0737390028446494
-1.0060739676262442
-0.9343430151396191
-0.9108060370128515
-0.9573813272799269
-1.0336507352831892
-1.0868256904746394
-1.0722535233791823
-1.0036866551198487
-0.9326532711548498
-0.911276072456182
-0.9595387236611101
-1.035881989683337
-1.0875142415629953
-1.0707156129069035
-1.001297146668874
-0.9310110786347451
-0.9118177025030151
-0.9617216497978427
-1.0380908931809767
-1.0881327725142849
-1.0691268367548394
-0.9989068658855381
-0.929418033914921
-0.9124302185766378
-0.9639285753531454
-1.0402759273697404
-1.088680481934822
-1.0674887770949413
-0.9965172359530852
-0.9278757204329383
-0.9131128264368339
-0.9661579809917312
-1.042435562858499
-1.0891566538068278
-1.065803029297529
-0.9941296804160793
-0.9263857051016063
-0.9138646496971797
-0.9684083581258176
-1.0445682591407126
-1.0895606607093633
-1.0640711985227882
-0.9917456239720907
-0.9249495344592086
-0.9146847336318865
-0.9706782085432302
-1.0466724646171965
-1.0898919666845013
-1.06229489656214
-0.9893664932622175
-0.9235687306144668
-0.9155720492338071
-0.9729660439377337
-1.0487466167924075
-1.0901501297175589
-1.0604757389391797
-0.9869937176608544
-0.9222447870079282
-0.9165254974834716
-0.9752703853564508
-1.0507891426608509
-1.0903348038056917
-1.0586153422775018
-0.9846287300657652
-0.9209791640168571
-0.9175439137899143
-0.9775897625824452
-1.0527984593006967
-1.0904457405899064
-1.0567153219368188
-0.9822729676827119
-0.9197732844289738
-0.9186260725624444
-0.9799227134660983
-1.0547729746909305
-1.0904827905346282
-1.0547772899203913
-0.9799278728075529
-0.9186285288184156
-0.919770691869608
-0.9822677832153245
-1.0567110887653723
-1.0904459036420153
-1.052802853051317
-0.9775948935972922
-0.9175462308564923
-0.9209764381489847
-0.9846235236598502
-1.058611194714533
-1.090335129690079
-1.0507936114120227
-0.9752754848278462
-0.9165276725932927
-0.9222419309245815
-0.9869884924916621
-1.0604716805444145
-1.0901506179953095
-1.04875115704251
-0.972971108632426
-0.9155740797493344
-0.9235657474966235
-0.989361252494283
-1.062290930900468
-1.0898926166998577
-1.0466770728856767
-0.9706832352092223
-0.9146866170550483
-0.9249464275658227
-0.9917403707617105
-1.0640673291595415
-1.0895614715931004
-1.044572931969756
-0.9684133434910045
-0.9138663836793354
-0.9263824777596291
-0.9941244179124946
-1.0657992597926755
-1.0891576244796086
-1.0424402968137452
-0.9661629217630173
-0.9131144087889015
-0.9278723760279878
-0.99651196730033
-1.0674851109970462
-1.0886816111130087
-1.040280719041387
-0.9639334682150354
-0.9124316472776121
-0.9294145758817595
-0.9989015942243497
-1.0691232775945496
-1.0881340587153119
-1.0380957391834476
-0.9617264914111974
-0.9118189757090641
-0.9310075104488847
-1.0012918751381863
-1.0707121641897508
-1.087515683112602
-1.0358868866556137
-0.9595435106629626
-0.911277188508706
-0.9326495963240636
-1.0036813868588532
-1.0722501885776579
-1.086827285513913
-1.0336556798882683
-0.957386056282784
-0.9108069944455739
-0.9343392371963772
-1.006068705775721
-1.073735785389585
-1.0860697489681381
-1.0314036265907376
-0.955255669702613
-0.9104090134397078
-0.9360748272376468
-1.008452407060223
-1.0751674099616735
-1.0852440345354324
-1.0291322241321197
-0.9531539034374824
-0.9100837737268094
-0.937854754238953
-1.0108310638738207
-1.0765435424050278
-1.0843511772098533
-1.026842960019209
-0.9510823208743937
-0.9098317094110372
-0.9396774024887548
-1.0132032465791794
-1.0778626918584806
-1.083392281634499
-1.024537312453982
-0.9490424958691235
-0.9096531584324759
-0.9415411553823133
-1.0155675219505378
-1.079123400896475
-1.0823685176478686
-1.0222167509563045
-0.9470360121343155
-0.9095483609716176
-0.9434443977626562
-1.0179224523882104
-1.0803242500639612
-1.0812811157043138
-1.0198827370369057
-0.9450644624033456
-0.9095174583078668
-0.9453855179913461
-1.0202665951383354
-1.0814638625072743
-1.080131362208464
-1.0175367249087566
-0.9431294473564515
-0.9095604921455657
-0.9473629097498902
-1.0225985015221342
-1.082540908667353
-1.078920594802692
-1.0151801622256982
-0.9412325742973554
-0.909677404414625
-0.949374973578644
-1.0249167161796553
-1.0835541109988007
-1.0776501976522235
-1.0128144908424213
-0.9393754555722184
-0.9098680375475408
-0.9514201181572743
-1.0272197763340338
-1.0845022486757208
-1.0763215967582338
-1.0104411475871575
-0.9375597067247425
-0.9101321352314811
-0.9534967613392161
-1.029506211085459
-1.0853841622464946
-1.0749362553409043
-1.008061565042992
-0.9357869443809015
-0.9104693436252282
-0.9556033309502068
-1.0317745407461199
-1.0861987581956578
-1.0734956693232534
-1.0056771723340774
-0.9340587838639467
-0.9108792130274165
-0.9577382653650359
-1.0340232762273214
-1.0869450133721577
-1.0720013629465739
-1.0032893959144598
-0.9323768365398694
-0.9113611999794777
-0.9599000138778511
-1.0362509184935356
-1.087621979243489
-1.0704548845463653
-1.0008996603589866
-0.930742706897079
-0.9119146697771515
-0.9620870368832153
-1.0384559580995658
-1.088228785934723
-1.0688578025134767
-0.9985093891536492
-0.929157989367683
-0.9125388993675224
-0.9642978058854857
-1.0406368748270005
-1.0887646460129043
-1.067211701461569
-0.9961200054869696
-0.9276242648987874
-0.9132330805973135
-0.9665308033578548
-1.042792137441612
-1.0892288579796066
-1.0655181786184373
-0.9937329330405883
-0.9261430972879072
-0.913996323781597
-0.9687845224667598
-1.0449202035859344
-1.0896208094351751
-1.0637788404589998
-0.9913495967800919
-0.9247160292968675
-0.9148276615540257
-0.9710574666823364
-1.047019519830461
-1.089939979883527
-1.0619952995892616
-0.9889714237465901
-0.923344578565011
-0.9157260529631421
-0.9733481492939379
-1.0490885218996775
-1.0901859431447558
-1.0601691718911137
-0.9865998438460085
-0.9220302333436282
-0.9166903877732938
-0.9756550928456796
-1.051125635091426
-1.090358369352484
-1.0583020739343638
-0.9842362906378892
-0.9207744480754507
-0.9177194909299695
-0.977976828510282
-1.0531292749083923
-1.0904570265129871
-1.0563956206582363
-0.9818822021203215
-0.9195786388505995
-0.9188121271476347
-0.9803118954114441
-1.05509784791231
-1.0904817816071795
-1.0544514233240565
-0.9795390215108605
-0.9184441787696438
-0.9199670055816854
-0.9826588399101658
-1.057029752818035
-1.0904326012257761
-1.0524710877349364
-0.9772081980152099
-0.9173723932468508
-0.9211827845411756
-0.9850162148636136
-1.0589233818386907
-1.0903095517295005
-1.0504562127194361
-0.9748911875824817
-0.9163645552904676
-0.9224580762047093
-0.9873825788646754
-1.0607771222880964
-1.0901127989314892
-1.0484083888711078
-0.9725894536385385
-0.9154218807993367
-0.9237914513014066
-0.989756495467972
-1.0625893584482347
-1.0898426073064014
-1.046329197534566
-0.9703044677892143
-0.9145455239149809
-0.9251814437213364
-0.9921365324082471
-1.0643584737070548
-1.0894993387361018
-1.0442202100257267
-0.9680377104812675
-0.9137365724688636
-0.9266265550219117
-0.994521260813541
-1.0660828529655402
-1.0890834508039102
-1.0420829870733277
-0.965790671610567
-0.912996043566785
-0.9281252587998385
-0.996909254416077
-1.0677608853144587
-1.0885954946566139
-1.0399190784647654
-0.9635648510619557
-0.9123248793515237
-0.9296760049005016
-0.999299088761515
-1.069390966976734
-1.0880361124599662
-1.0377300228801523
-0.9613617591645383
-0.9117239429837183
-0.9312772234410354
-1.0016893404188876
-1.0709715045076762
-1.087406034471328
-1.0355173478951298
-0.9591829170445249
-0.9111940148798613
-0.9329273286250094
-1.004078586188945
-1.0725009182432466
-1.086706075763543
-1.0332825701353896
-0.9570298568593233
-0.9107357892455042
-0.9346247223303434
-1.0064654023134438
-1.0739776459842605
-1.0859371326311946
-1.0310271955615726
-0.9549041218911076
-0.9103498709402698
-0.9363677974572597
-1.0088483636839636
-1.0754001468991607