0.3959322033898305
0.3959322033898306
0.05710093785187109
-0.10490754143775746
-0.5593889937694667
-0.018764535411996075
0.5338975636548451
0.008460263212221264
-0.5064072572231659
0.016600464124588155
0.5168042300135949
0.045220551374611895
-0.3243436192885039
-0.5300691256608553
-0.42522522983777
-0.7663911855274883
-1.2394751184628698
-1.5641823887846744
-1.4431414599654624
-1.746684266488176
-2.2073332984359957
-2.631370844345551
-2.6092169671879084
-2.273679180817521
-1.8836824478995713
-1.3277943503065872
-1.6204627210654328
-1.0822465973315456
-0.543364415545229
-1.0244028851672675
-1.4568985403551116
-0.9462514432670048
-0.390705485292031
-0.8461951320448855
-0.8411860600975483
-0.37040054642395276
-0.9100773649068563
-1.2919925865853408
-1.5838655016876428
-1.5701849468156166
-1.34486579774303
-1.0497689171114968
-0.9143271439212695
-0.5210274290211182
-0.8589331150502784
-1.415678324708828
-0.9260678597909284
-0.6073585015790619
-1.1415968929566789
-1.6005382249313211
-1.4165900660079107
-1.8389656253986808
-2.3708590411061157
-2.1246861479864525
-1.597632484709628
-2.1323890159892667
-2.3772638455336463
-1.8529454193291015
-1.3868478270203206
-1.5409716463636511
-1.2556411199474482
-0.7876360191144732
-0.38429621160548605
-0.4303124661429863
-0.6240171375435741
-0.8532228562242652
-0.5870612183195557
-0.5598554192996933
-0.7895060328642
-0.3539814209825922
-0.8944839080142567
-1.237564121149959
-1.7018582409625789
-1.857353195384195
-1.5367031724571547
-1.7447490706451254
-2.2543381744860476
-2.465344103168757
-2.147949183178182
-2.324944681160957
-2.71533581859331
-3.01894601192088
-3.3758721805952603
-3.422853105451635
-3.122645282125282
-3.2340955551991053
-3.7882707007003633
-3.975069138936839
-4.077710697370704
-4.425191989771589
-4.312582607481041
-3.8518243812685227
-3.32560848849814
-3.4037944780721183
-3.6529140369005084
-3.9185723308700093
-3.9105005860510764
-3.6067055876972787
-3.5546321506944714
-3.7903261949998144
-3.360801600071966
-3.90840518341777
-4.312224392770973
-4.513082661509999
-4.35556351751738
-4.8735713075211216
-5.382701538225428
-5.157598139638416
-4.608082845110812
-5.093002603481755
-5.346231210871724
-4.794087835297805
-4.572181896377797
-4.995516774868457
-5.40848635848618
-5.265228155791715
-4.743070706163787
-4.571950893306813
-4.957451320619395
-5.22303513763484
-5.750460156166244
-5.9312019948550185
-5.874580548087668
-5.441769172556865
-5.971391730035189
-6.523342112111603
-5.9882989538861695
-5.443315844303034
-5.994293164150145
-6.541977513287901
-5.98672550626904
-5.429686076616737
-5.932476931892482
-6.291984981217888
-6.609023285833221
-6.653287535081039
-6.172137665549531
-5.69825492510825
-5.57216585422193
-5.923194076888697
-6.0334130806209245
-6.2550054988705375
-6.758855095097619
-7.024059920999999
-7.360011909878263
-7.488192443105664
-7.320183938214083
-7.87218785730245
-8.309339248744498
-8.471628379481398
-8.217420422247876
-8.651052739591119
-8.114265429548423
-7.80789930686209
-7.264108273846058
-7.191945228093349
-7.682209461952827
-7.238816117338692
-7.544044182110298
-7.1231164780006395
-6.567056931363608
-7.0609599298740475
-7.422803931339399
-6.905235662870096
-6.3612207958203175
-6.619500756566704
-6.0939438785927065
-5.5545566849811046
-6.0157983717157055
-6.443816917611166
-5.918939342225078
-5.369724003896002
-5.6770507291952885
-5.124428676083995
-4.7816102473979285
-4.28354247337921
-4.143807474969576
-4.480925913715877
-4.199244108375373
-3.6545856026810886
-3.86546570865339
-4.3911305666415
-3.8672528873392173
-3.655515521327377
-4.201035422009349
-4.473652001047683
-4.124709912253109
-4.183991724285567
-4.7148007019103435
-4.433542613621157
-4.885625122449501
-5.440172126022029
-4.943681694423306
-4.565474156774081
-5.075665270000046
-5.631625187131436
-5.280745500194901
-5.772702375433587
-5.583998737881536
-5.483076649715335
-5.525286947383805
-5.395729269031997
-5.1683751856278395
-5.499925279327218
-5.168585376181755
-4.6159239970173065
-4.9819399922751675
-5.393149397512585
-4.837433915589256
-4.514499692488111
-4.877388145635889
-4.843490092916025
-4.361894197287622
-4.886821392883457
-5.162857025596351
-5.719663791124211
-5.598269540946416
-5.382498726659413
-5.1964561636519235
-5.630662745271654
-5.0793880052348594
-4.633531985903849
-4.683017836645533
-5.16922363546311
-5.643109103163838
-5.577438025796674
-5.376839231472867
-5.157122865636296
-5.463224446140362
-5.271842955078167
-4.779811424072477
-4.431601179709049
-4.566987830847133
-4.222645889096075
-3.7323418653057354
-3.5238723374148893
-3.8071923541287376
-3.457851052295686
-3.908580649852998
-4.464820241065247
-3.9155600077980197
-3.4887585997367254
-3.8892333534598045
-3.948332837112495
-3.82767273187324
-3.290765986299389
-3.5703643808294725
-3.1115160057209152
-2.5571369577369034
-3.0570582177030245
-3.4389802877068
-2.933098521624653
-2.376093581978619
-2.7771829893756124
-2.4644259563452495
-2.8715787429312236
-3.427755117499476
-2.9415162504280175
-2.585377370683577
-3.110398429087417
-3.6331053936179454
-3.425694305304529
-3.8436039300178693
-4.38188413241267
-4.082049201555001
-3.5897400582246455
-4.14513347514706
-4.451306731554643
-4.019188033977072
-3.632483905740063
-3.5962462289490364
-3.9420885917503
-4.109876974963972
-4.577507783921321
-4.022594539699437
-3.4663795238854456
-4.016593561923396
-4.572869058905511
-4.060972166980358
-3.6682967666943256
-3.5169712294040565
-3.7244944789701195
-3.1810605247542814
-3.0640322635859443
-3.1695961866714266
-3.699310853053931
-3.369774297607536
-3.922841075263282
-4.44313578466235
-4.025285637730468
-3.5544190492239194
-4.097821738855782
-4.612422525284213
-4.359380253424843
-4.903512374932085
-5.4186124496719685
-5.07318264755219
-4.5696942135608545
-5.126731633142193
-5.5179746009336155
-5.173910626685028
-5.404577925581668
-5.500251417402646
-5.405444929378633
-5.791271903062475
-6.2785608159230915
-6.457149126853526
-6.144643522571908
-6.31628041837051
-6.7314965221382845
-7.052162801437464
-7.502387000818731
-7.047294052393917
-6.518090393882884
-7.063602467571567
-7.610000081839605
-7.258076387966049
-7.70716515654964
-7.270047567973661
-7.667515662193062
-7.131595696611729
-6.880465564120438
-6.357587288042819
-6.8345754342651475
-6.8282500839365206
-6.3342346872160835
-6.80582735177051
-6.6894577927069445
-6.226853583781124
-5.85277647954888
-5.298014976056666
-5.414769617330217
-5.592297623641342
-5.733115144981171
-5.1822843968521
-5.0304893399717745
-4.983518466766857
-4.879421981931345
-4.427747590142404
-4.9766438224376035
-5.533519261153666
-4.991798644205365
-4.444114003371091
-4.993352137769034
-5.538231212985622
-4.981454072527475
-4.4264547475869715
-4.901995144881744
-5.12262854421496
-5.637192717379635
-5.140287534550946
-5.018511841402044
-4.960640769364004
-4.768910756182576
-4.2268641710440455
-4.021319137048463
-3.8867596043901957
-3.4318825624077136
-3.979180688994491
-4.535333928516907
-3.9997574773283042
-3.4639482804272976
-4.020281216011407
-4.568531711856069
-4.111475020897137
-3.967259641015766
-3.7161796616364136
-3.2830706613512697
-3.0296512620249483
-2.872501462555375
-2.3793633689819393
-2.9155836092627316
-3.3018026174505897
-3.55863724557991
-3.497059660372094
-3.5688542719775254
-3.735268891483433
-3.1905598144254275
-3.1003543319030507
-3.351583730691613
-3.6011923524424905
-3.6960793761484623
-3.146844022669498
-2.7411775845223554
-2.382492569056155
-2.360927387154433
-2.80158214572885
-3.264933474051344
-3.529356200996459
-3.3593397081655567
-3.8772955923744314
-4.391628975076609
-4.12665053838456
-3.5911915054746237
-4.124382179790215
-4.389283186993781
-3.87188557314522
-3.3644933212457624
-3.5258986259653153
-3.2802513541188496
-2.8357126612760046
-2.3195466054622087
-2.3482199797160863
-2.7853148103468794
-3.2183592216489068
-3.6473667750093743
-3.6734560326654
-3.1680770566654175
-2.715351413456641
-2.496240951123168
-2.703195308157349
-2.1482388979644362
-1.855743445540747
-1.3021657087412
-1.539107192033274
-1.186649926997977
-0.6523973119147886
-0.8309111137794608
-1.3787372988503677
-0.9127187201750768
-0.6741264115752621
-1.230844969030201
-1.3165383593439663
-0.7787406396107943
-0.5393567523807676
-0.8945753244994843
-0.9107767652925929
-0.6284444101954029
-0.4769010350514309
-0.5493268720051672
-0.31190053159699094
0.06434196809005116
0.5718342301250432
0.014985598232099995
-0.5380155558507821
0.01513135852149139
0.5720230023567392
0.06552257210873891
-0.30588151608267944
-0.567967423471841
-0.5330079696326242
-0.45274289603981466
-0.3682162692177898
-0.8309475924489043
-1.327148328580631
-1.3199102802966003
-0.8188703952826597
-0.3877744956167619
-0.4874166706203765
-0.43137195882784973
-0.2506444665665567
-0.7782815384044945
-0.695768869797398
-0.2041195831065593
0.18672212934299037
0.7040056452105133
0.7546905005046658
0.20169330238958183
0.10035906644140113
0.34146946323779603
0.6318850426889111
0.7859460184938667
0.29872765933808826
0.7030467496820387
0.21886911937365794
0.39495553366764746
0.5798750860731374
0.6705364321627298
0.1446070253542756
-0.3235267800766099
-0.3851253652765111
0.02690469838369519
0.496130781952569
0.03434092148274259
-0.4834378003408786
0.05287902316235227
0.6089648713308307
0.19883162940424903
0.42686384151710066
0.4478999108893443
0.2489977851687613
0.7680560916493251
0.6259419068916311
0.3427339637945729
0.09803994820338377
0.18745401395009847
0.7296011338383694
0.5333983066925116
0.6166950745721567
0.9234197626987533
0.9801130015946009
0.9673012086691041
0.8411465983931338
0.31678411729902556
0.7020956300499476
0.2036662075577344
0.2988618880562482
0.793277722784655
1.1732515639939116
1.7103433446406682
1.7210787423017655
1.1713699506293462
0.8313839933242791
0.28019868081946797
0.3050362904938666
0.8201636567914499
1.231695106577241
1.6518591240059506
1.707252888264109
1.1581447106379041
0.7800254984986762
0.3073211028121675
0.19812303810863635
0.6806295294891072
0.2245833690750162
0.46786481302169614
0.33001912507659636
-0.07648526159887331
-0.6130089926220308
-0.10850202312025858
0.13442565330078055
0.6705505525219384
0.281134511740807
0.7475420294071629
0.4358099785120371
0.9037139856092382
1.4604811447749908
0.9250919786378794
0.5176610647770025
0.9646521554553804
1.3274427070773869
1.5314405566842133
1.4331428719821258
1.7465076298198006
2.2000627769397427
2.6476544917142197
2.6446265793400934
2.2071470045032715
1.758366579443945
1.4052531966625241
1.456031440627265
1.558485940135399
1.6595822334633867
1.1434445517265184
0.6588403047403164
0.6906285461539359
1.1969286400502328
1.582136548098499
1.4456626280672653
1.7550832475655638
2.2279287391011366
2.5849360768897376
2.4950902326856585
2.6018498307208087
2.8426853292521783
2.55564825797365
2.6617777228385053
3.0708703915298536
3.6029145381595056
3.078867534115193
2.707664470401998
2.4045159508152576
2.390872190803309
2.7540412595801715
3.1855050874916078
3.6793956958389953
3.7000956222293606
3.1641947694791384
2.7586223506540954
2.3553740947356827
2.3001734646736565
2.844272682133581
3.247086630410643
3.6391511935146186
3.691177776444549
3.1552263696460114
2.728911244444764
2.429836871005146
2.4997871500095465
2.430576011233336
2.2597786825257713
2.799477272476011
2.8332588744120404
2.368481110362831
2.9092187418548177
3.2921106030778238
3.5824862631336685
3.56573570660321
3.357589807068157
3.0847627598498253
3.0963178063623755
3.422660670165047
3.3449345788114133
2.9322574775444523
2.401910846967833
2.9331653949027316
3.3499621648311653
3.4040894601699123
3.0452558153212537
2.820358357508324
2.263511325727132
2.32542266869825
2.7897532099972646
3.2027033516226955
3.681092059493794
3.7394239555404
3.1827935472678277
2.9742045198207596
2.684999827971102
2.3629282920570107
2.2279498821728305
2.7445719957558574
2.518755890801432
2.68313485597789
3.102040573453866
3.6573657557776125
3.315580037601264
3.8555079169954674
4.079796219018466
4.5215502651881945
4.038032271855277
3.502784390685936
4.040649528172656
4.597675101587265
4.139811332600392
4.091756732201752
4.353988869992597
4.584817963238505
4.643566578946246
4.172522975026598
3.689364353214535
3.6116717255936948
4.027057794944884
4.499250300429792
4.028455062226096
3.512215376768701
4.042981071871443
4.599614523055771
4.135996953922172
4.064491382027207
4.2165529496975935
4.772370091746314
4.886796740885183
4.617594906517409
4.48817075264847
4.577005293087308
4.242558634008438
3.781946144645305
3.383138740914513
3.4186010498571022
3.659760956228411
3.9537960610926968
4.100099114687536
4.534604460510689
4.035136564593822
3.4937832626987726
4.029597272662375
4.5843349812924075
4.080088696427741
3.7525014401563035
3.296872574728528
3.122459742514688
3.3652435749865615
3.5799697880086256
3.639316638254427
3.1760457328982223
2.691922817146761
2.6072939464404614
3.017096433761312
3.464988904166318
3.1001598825231023
2.5574544769430414
3.1095308887392608
3.4888112614687588
3.0818104408070908
2.914408136657837
2.49848677299685
2.9179124085728247
3.463573737271645
2.9067252981254463
2.4509284507058995
2.788054022603674
2.4370665414823294
2.927589120187542
3.4842136437357265
2.9281890262671237
2.442485011481609
2.8003865999932565
2.5061720531352196
2.781826775878078
3.310993809287828
3.2745103345679705
2.7308389032766103
2.6756974168429646
3.1955041619656432
3.5586505406528066
3.3720441233461576
3.87947934709765
4.406097849647776
4.069531795766932
3.576769696160232
4.133809824338222
4.506460696891818
4.150919560282951
4.29197632248039
4.775455569081362
5.125589499960365
5.679736850196196
5.3916844249477105
5.915571279569412
6.46323871273877
5.9534131651100655
5.530036355024173
6.013810213472977
6.51969603987821
5.988895045711551
5.471164940647031
5.943383376385083
6.283129469201889
6.644828088109748
6.757291913204377
6.217444047697008
6.24225392116192
6.799291501762974
6.966881443739241
7.021107548929108
7.148167668904038
7.659107603033104
7.196236844118921
7.3352334136876225
7.728202985459981
8.065660301627272
8.552503153436724
8.004220863733352
7.4535220547176895
7.956771668688459
8.377499839900981
8.32942877783333
7.865160554329245
7.327092041724147
7.450085836336596
7.500699768264319
7.452525375558605
7.661667037610071
7.990251206486154
8.290683977929131
8.668557211784998
8.840371437433786
8.48604124186199
8.876658866555317
9.43360385070355
8.920206225637767
8.57387586812336
9.078883460536417
9.634924406558124
9.29204220724727
9.805347664268691
9.776865576538935
9.22367386785335
9.19707752583637
9.714323997852732
9.397754048795758
9.925827092109877
10.477253219332786
9.94268777859964
9.497604320820123
9.937595593415532
10.21365309664941
10.747415554141925
10.898081604713836
10.69847288295859
10.268941388053019
9.967767889568922
9.578494908551699
9.732731194985917
10.2481449375239
10.465431116318662
10.14271743935072
10.29602122739119
10.765605422101325
11.109780447097817
11.653996993809718
11.24739873972133
11.621457151335195
11.065834789100204
10.541097205044824
11.000700226220479
11.45891405798921
10.935017414933705
10.379031351339243
10.758380870019787
10.371003672144345
10.928024829696016
11.426929771575708
11.089488878474642
10.56772133080913
11.123486786465326
11.493791430783578
11.107539260922435
11.057192665726133
11.205154051230535
11.762149796855942
11.797448534103047
11.27641694587438
11.55682814264498
11.12587194191736
10.571877890190729
11.044930694779499
11.417318861417536
10.888395754910803
10.371533158819565
10.578915676835216
10.150534463853381
9.61113586359935
9.934865077797847
10.412246133621604
9.855231586589749
9.517582075816925
9.902017690423364
9.983077973350163
10.005194195589846
10.045460766569644
10.240643043869714
10.772937992410267
11.011876246145944
11.287663436675137
11.693499085449673
11.9102067643236
11.818927670577974
11.281841164740314
11.533394152374331
11.183838608062537
10.645901404640092
10.858408837325765
11.392232209734196
10.876466167497298
10.655840975627262
11.203440373866577
11.45915455838196
11.086199219864678
10.979920883688818
10.805684099945362
10.248922461147151
10.262833166435465
10.816771981402223
11.096040611799287
11.599500821028265
11.051757446647036
10.56510698672843
10.903789020359538
11.43381062197317
10.879728277004267
10.51579702671973
10.919726760048286
11.087988531309906
11.510031325311148
11.065927012488032
10.52404425543556
11.079180110978063
11.588995670154322
11.275904554766651
11.781278005926808
11.650174380030801
11.288773176583803
10.964573031377922
10.548371538892537
10.834698337014293
11.391724206329341
10.961398459356017
10.628620098309522
11.181495245071439
11.47399338295949
11.108270951592308
11.088254892077646
11.364352080535399
11.546816706742991
11.52478496324747
11.460220525919416
11.38592430737757
11.804615391896494
12.291483157636929
12.42753124990369
12.06779648222215
11.915951572889778
11.514736229074416
11.878505054212754
12.432991312724512
11.905144228308465
11.568204426194585
12.059004968589957
12.611913008643485
12.146353039666261
12.107407062119771
12.424179242218154
12.352801735694932
11.95460996695758
11.462908443471411
12.001773755731158
12.539032661107344
12.05357463117469
11.68559252344673
11.446063412542179
11.504778386754095
11.429461183365651
11.260812813853244
11.801936123442013
11.850159703882113
11.429906701148159
11.965928596207437
12.52191727467022
11.975893176177935
11.41948600713417
11.919087573570584
12.235583061647002
12.720729812707974
12.901123599508214
12.741051063647761
12.217342578496927
11.924811744827291
11.448609229785191
11.991909291500848
12.540755941492568
12.033920175025921
11.58743640601857
11.794294486964898
12.348432885409055
12.07343087095892
11.61152392182638
12.165343003125693
12.39466149998536
11.901768609285673
11.349613256576731
11.613407004671368
11.093042486578394
10.549389161544502
11.030004882166734
11.449327723017005
10.936292122493741
10.379249826389854
10.783464451312602
10.492988505213452
10.804115412461787
11.34348049338714
11.16047084765075
10.61781599322717
11.103293835910089
11.324975953677749
10.768996800569871
10.668637891729693
11.195612639556018
11.542307357142567
11.322330311817236
11.878717489291914
12.299870295693129
12.516891528121064
12.355438278702598
12.875099985977448
13.384556723873095
13.152796185041808
12.604918554285621
13.09963421500791
13.350519289193183
12.800986067397874
12.54141812502647
12.919066582709599
13.049557868417468
13.3396883804321
13.586702549813838
13.63418091394207
13.188171409939034
12.710374082390318
12.550572866959923
12.86910017189132
12.750938839003041
12.205885584102967
11.946174619353966
11.537673287248293
11.845974171447557
12.402940553314664
11.941106761783331
11.623171251474375
12.170245704001662
12.525069821357107
12.241999694570605
12.706928162051526
12.286984255682878
12.739839897694434
12.387237871610107
12.935588710009764
13.478236871505072
12.957804541447594
12.507597234274495
12.972944648731014
13.379785610476253
13.344426982421396
12.903284248630847
12.346914302984233
12.687595550631094
12.150139887568526
11.953141994596995
11.613422504771027