0.14423728813559322
0.14423728813559322
-0.2942712798645418
0.15645532723644712
0.13398674997527035
-0.2961307398520492
0.16600504408944572
0.13004171048529478
-0.29988893101416947
0.16961956857056804
0.13445139105172568
-0.30463681765162165
0.16593448706019387
0.14562569506578113
-0.30795359848525505
0.15574245665249437
0.15847821556145397
-0.3074792040879995
0.14272989418050397
0.16740641622048238
-0.3035820689957778
0.13274010644036793
0.16942255456420435
-0.29889461399256523
0.1302253807406763
0.1642765262687752
-0.2955385412177881
0.13588574542211557
0.15377200155416615
-0.2941136234030886
0.1470058218801989
0.14157053906171055
-0.2945233105808549
0.15899566437841733
0.13242026183577385
-0.2968241629392202
0.16742185107142793
0.13030106129079816
-0.30094135891375234
0.1694346881560138
0.13652517663536412
-0.3056192562243815
0.16411710652429873
0.1486098301113365
-0.308220414426956
0.1528510152639474
0.16099993616247188
-0.30681878827242104
0.13999577526735296
0.16851328426093087
-0.30249050210567374
0.1314284014138336
0.16885103232144866
-0.2979756779873845
0.13084185333432607
0.16226577376848236
-0.29504799183252983
0.13807224094211917
0.15099661220400473
-0.29404850893263695
0.1498178568662225
0.13906319575199835
-0.29487218114720526
0.16134634156743938
0.1312249639681121
-0.2976157688715042
0.16850256171734995
0.13100371695912713
-0.30202963453461085
0.16886572291047924
0.13891363114659003
-0.30649306113567765
0.16198189911212768
0.15160731356207038
-0.3082671998677098
0.1498699818029547
0.16325817285755745
-0.30600112564755555
0.13749195739267817
0.1692427041355852
-0.3013949932192682
0.13054220077986683
0.16791737427338235
-0.29714458134114985
0.13187164078358243
0.16000741907241312
-0.2946577227934029
0.14049600873919893
0.14818355242348882
-0.2940751123818395
0.152615839527944
0.1367707862924124
-0.295320420509911
0.1634654806697166
0.13043221898154422
-0.29849910814125463
0.16922779448976083
0.13213942949899007
-0.3031266573065885
0.16791607928226526
0.14155912167597925
-0.30722328445508196
0.1595652260210722
0.15454477048208137
-0.3080917470119926
0.14687113637432275
0.16521273755046717
-0.30505986258207307
0.13527974751165162
0.1695887568865127
-0.3003245296150489
0.13009631895813412
0.16663888447194247
-0.29640942012099186
0.13328672019672616
0.1575412303841716
-0.2943653854097342
0.1431028130263749
0.14538968423448997
-0.2941937752476531
0.15534420780218294
0.13474537418213559
-0.2958699057058186
0.16531628428507195
0.13006518927552346
-0.2994636201808004
0.16958310831349138
0.13368696180758677
-0.30420105762204575
0.1665953437662624
0.14439581970784512
-0.3077788070911368
0.15691264946372935
0.15735342758175244
-0.3077022979437125
0.14392917901127994
0.16683241896641546
-0.3040310334760161
0.13341124072636212
0.16955134505814656
-0.29930344468609976
0.13009482333068217
0.16503783905119637
-0.29577457280435093
0.1350513648379565
0.15491191908888335
-0.2941684083321294
0.1458357380693152
0.1426731485449908
-0.2944059401847268
0.1579504731682871
0.13303429717677395
-0.2965210650136829
0.16686711796058834
0.13013806633671834
-0.30049409252909265
0.16955900988176886
0.13561389380343783
-0.3052182521768002
0.16491999999955997
0.14735200771960638
-0.30813478062281346
0.1540788797746232
0.15997148991743743
-0.3071167825246402
0.14111853944915648
0.16809434064888856
-0.30295072372227844
0.13192810499455326
0.16913571132383848
-0.2983510989398051
0.13053158513549123
0.16314156821638814
-0.2952414625773069
0.1371230922161943
0.15216870780738692
-0.29406463590825693
0.14863660411465868
0.14009201874455687
-0.2947138660958909
0.160386099337197
0.13167901900979365
-0.2972720538033662
0.1680914710924699
0.1306553792311418
-0.3015703587221654
0.1691510916351711
0.13787682286042932
-0.3061420188538678
0.16291421502802172
0.15035299122167958
-0.3082747458565227
0.15112696281174015
0.1623456870409063
-0.3063612140598941
0.13851017053187953
0.1689831813853748
-0.30185309216556677
0.1308609619709032
0.1683521506346266
-0.2974819284872698
0.13139092040944422
0.16098253701649273
-0.29480937246929334
0.1394537234801777
0.14936464477892508
-0.294052789214477
0.15144738863894647
0.13770287321296126
-0.29512013548947996
0.16260714823007955
0.13071408722999897
-0.29811794444387874
0.16896787292545812
0.13161136432563744
-0.30266730395785035
0.16836035077771588
0.14042207186190891
-0.3069365430364804
0.1606106081586261
0.15332433122268974
-0.3081921160187158
0.14812659263489386
0.16443195114411926
-0.3054674967557791
0.13616871908191303
0.16949039518845171
-0.3007688790095175
0.1302292581319982
0.16721589733300177
-0.29670579038634437
0.1326482920872633
0.1585983707245881
-0.2944762680762496
0.1419905491519659
0.14655569073368727
-0.29413271583459855
0.15421155140141823
0.13555938925303662
-0.2956269926366799
0.16457467089940286
0.1301662039429829
-0.2990499780191206
0.16947981426211667
0.13298943647980563
-0.3037552505257225
0.1671937002332748
0.14318700984922197
-0.3075687947435387
0.15805085203432773
0.15619499249890512
-0.30789078754569155
0.14515161704983615
0.1661953684174778
-0.3044709619490549
0.13415033057221754
0.16961351164091382
-0.2997244327306046
0.13004151023804156
0.16574713309082428
-0.29602853493835996
0.13427109662967668
0.15603174482621143
-0.294239585386905
0.14467760911130767
0.14379960616936086
-0.29430541854944947
0.15687519525392135
0.1337110331804323
-0.2962355733883302
0.16625486676345008
0.13005341200478768
-0.30005494576750524
0.16961571829177763
0.13476186808186147
-0.3048008013969977
0.16566463687113836
0.1461020656478026
-0.3080110109127579
0.15528586996107963
0.15890001356164596
-0.3073847775997014
0.14227697840291015
0.1676096569063913
-0.3034079390140742
0.13250115461231343
0.1693555794911966
-0.2987412135712715
0.13029579260480162
0.16397105699660264
-0.2954527276879175
0.13621956282118758
0.15333005863293264
-0.29409692690381956
0.14745707873486968
0.14115466420194314
-0.29457286239927016
0.15938803306654892
0.1322018659657185
-0.2969450869745236
0.1676190847575897
0.13038437435215294
-0.30111477805895753
0.16936901630650164
0.1368898092556811
-0.3057681977606618
0.1637940073575262
0.14909341003218554
-0.3082429891930566
0.15237536545663338
0.16138241664618586
-0.3066969483619924
0.13957546222771844
0.16865642305324624
-0.30231360642647215
0.13125648839769471
0.1687247970556317
-0.29783569701319856
0.13098034797893482
0.1619179721418349
-0.2949784488662894
0.13844776576184303
0.15054485433874046
-0.294046602896775
0.15027070056395148
0.13867824509736007
-0.29493756619720646
0.16170413534070005
0.13106945648190568
-0.29775199510782735
0.1686437506448677
0.13115771728471526
-0.3022064126931512
0.16873838665089624
0.13932376998264873
-0.306621179412661
0.1616107978394566
0.15208609893970113
-0.3082538725819909
0.14938650454426644
0.16359424241121823
-0.3058570245053978
0.1371146681672873
0.16932436993957697
-0.3012202866490492
0.13044045531845305
0.1677343311059138
-0.2970196027822775
0.13207426317447535
0.15962334257189909
-0.29460411770717077
0.1409047475693112
0.1477309953231844
-0.29408797208635645
0.1530611607541778
0.13642540925628316
-0.2954020051472674
0.16378242863797965
0.13034390361943238
-0.2986492306898944
0.169310281279894
0.13236144945233352
-0.3033020115658945
0.16772818702705944
0.1420046713813153
-0.3073252459470074
0.1591528295087375
0.15500730857829606
-0.30804314732739946
0.1463917397790428
0.1654967794376762
-0.3048992038154842
0.1349545299722662
0.16960855569097424
-0.3001562568523062
0.13006610878282254
0.16640228171110838
-0.2963003809726114
0.13354821602105932
0.1571277509115435
-0.29432730085724035
0.1435357484369173
0.14494563449617934
-0.29422156338071104
0.15577332398695348
0.13444754152728847
-0.29596787815433845
0.16558694536950197
0.13004697521454076
-0.2996255154640334
0.16960502891086865
0.13397253781917784
-0.30436960293249116
0.16634906315555087
0.14486556320086286
-0.3078501273359623
0.1564671581571182
0.15778924848367473
-0.3076206908020227
0.14346594868338985
0.167060207362988
-0.3038596794630225
0.13314552944577962
0.16950977005980578
-0.2991450609259507
0.13013583441426085
0.16475173259053696
-0.2956818808010946
0.1353653251847185
0.1544766706840237
-0.2941454547988333
0.14628355215396222
0.14224699609672578
-0.2944489757611559
0.15835528429682877
0.13279110883591871
-0.29663530336858435
0.16708688049893977
0.13019135241133445
-0.30066485264969267
0.16951930533475934
0.1359567688387845
-0.30537421993921504
0.16461868164046867
0.14783403932439076
-0.30817219562193404
0.15360991320506862
0.16037141477402578
-0.30700586140750974
0.1406832122739638
0.16826291984225294
-0.30277434860375896
0.1317275840537515
0.16903408341685147
-0.29820525482205296
0.13064192041910194
0.1628108357520106
-0.2951651252220697
0.13748211688560646
0.15171999300543293
-0.29405653914793467
0.14908990966535607
0.13969300992376582
-0.2947725585328982
0.16075920852783138
0.1314965291300709
-0.29740199362778685
0.16825654074806679
0.13077994816506822
-0.3017462698242888
0.16904954634807506
0.1382690233424388
-0.3062795570713217
0.1625625203474862
0.15083522516607142
-0.3082765012313222
0.1506453475535945
0.16270199414445835
-0.3062257798266161
0.1381136448465322
0.16909073771759955
-0.30167690689061766
0.13072951392343668
0.1681925895564914
-0.2973505073944017
0.13156720848642967
0.16061288767451204
-0.2947491299761133
0.1398496013587751
0.1489113021107111
-0.29405944519956617
0.1518969513132738
0.137339880399461
-0.29519488807629235
0.16294194199026424
0.13059714667744482
-0.2982624526096407
0.16907525862741046
0.13180528865065175
-0.30284388059047307
0.16819766222482785
0.1408540762267777
-0.3070500815743457
0.16021462270564074
0.1537950252177203
-0.3081581287477744
0.14764401087046086
0.16473841136191292
-0.3053130708775755
0.13582065452154135
0.16953613724431546
-0.3005974400096091
0.13016898155504442
0.16700131642357946
-0.296589987188539
0.1328858072021793
0.1581963388390048
-0.2944317238298099
0.14241445632012845
0.1461069285225065
-0.2941542103618639
0.15464848876780585
0.13524069236771874
-0.29571808415263917
0.1648653589501023
0.13011832176116625
-0.2992072423500982
0.16952731891753475
0.1332490093955586
-0.3039273385346569
0.16697157730160284
0.14364802473406912
-0.3076534448086746
0.15761815160980452
0.15664321893175684
-0.3078226537247837
0.14468014374801885
0.16644718591887112
-0.30430338583537775
0.13385886076933845
0.16959756951742574
-0.29956153165006916
0.1300527853691293
0.1654812477317518
-0.2959289641669063
0.13456389538740254
0.15560465370844193
-0.29421032588737595
0.14512032566653305
0.14336480620217415
-0.29434201111799174
0.15729114607689804
0.13344411974310325
-0.2963430282671772
0.16649649056896604
0.13007663401282818
-0.3002223928679332
0.16960194225712993
0.13508158025531913
-0.3049627610326718
0.1653859182624619
0.1465804155294202
-0.30806295539536255
0.15482549628560127
0.1593160234824366
-0.3072856249335889
0.1418285599569113
0.16780335877972807
-0.3032330038359521
0.13227270879187863
0.1692789320415283
-0.2985898367954285
0.13037737375505315
0.16365839849270192
-0.2953695486353295
0.13656063987916212
0.15288594439671183
-0.2940826208743664
0.14790921857597317
0.14074316131218062
-0.29462493464583045
0.15977529330261797
0.13199324906624602
-0.29706854232198543
0.16780750886811535
0.13047917355035565
-0.30128903148844716
0.16929338353718193
0.13726239236325424
-0.30591417073735394
0.16346278939214492
0.1495770202410229
-0.3082598125216297
0.1518976738187901
0.16175786582521215
-0.3065711576707443
0.1391614035391221
0.1687897318650739
-0.3021367456445924
0.1310957062635415
0.1685892306698261
-0.29769804234353414
0.13112946840948436
0.1615639003543575
-0.2949114976994488
0.13882922714226348
0.15009234905213995
-0.2940470704565181
0.15072293942091852
0.1382990960996754
-0.29500553737750473
0.16205575578465137
0.13092450975112874
-0.2978905709785843
0.16877564856767868
0.13132289393610952
-0.30238330241593975
0.16860120109987375
0.13974032474910386
-0.3067454298207731
0.16123255693955874
0.15256302123958335
-0.30823478044247465
0.14890286908872613
0.16392227833057083
-0.305709864066611
0.136745190150179
0.1693960790281303
-0.30104634917094364
0.13035017811746602
0.1675424257398533
-0.2968971421589063
0.1322867497188786
0.15923404802087945
-0.294553039782411
0.14131800108596676
0.14727917442196786
-0.2941032193031477
0.15350444615895642
0.136087168063994
-0.29548622164650706
0.1640922711271553
0.1302667146786737
-0.29880141169908236
0.16938312336767286
0.13259404918669923
-0.30347664649302797
0.16753071979178813
0.14245489696734262
-0.30742254999464236
0.15873451303292885
0.1554662220942702
-0.3079890407069342
0.1459141322444824
0.16577201641574682
-0.30473642853089344
0.13463843412703508
0.16961841920104598
-0.29998936380642427
0.13004742746276404
0.1661574147500212
-0.29619395786081626
0.1338186182263154
0.15671023277542356
-0.294291676247362
0.14397171282281418
0.14450383266529063
-0.2942517811379588
0.1561990574856159
0.13415805122778254
-0.2960684872710526
0.1658497028268549
0.13004021761952492
-0.2997890552295678
0.16961707932992443
0.13426780646041087
-0.30453651928502173
0.1660936636875363
0.14533809988157473
-0.307916173474181
0.15601720338600183
0.15821987396467224
-0.3075340820679905
0.14300643391752016
0.16727863263547527
-0.3036871432032095
0.13288997536464509
0.1694584176063403
-0.2989885375071626
0.13018817313840103
0.16445809127930072
-0.2955918296092669
0.13568706307599337
0.1540386780182358
-0.2941249074247563
0.1467328827586763
0.1418245957786097
-0.29449450295423174
0.15875547191938683
0.13255731239210852
-0.2967521208270456
0.16729807379252043
0.13025617175333865
-0.3008367136680459
0.16946963751102007
0.1363081656423494
-0.3055276134448378
0.16430890302093382
0.14831691687929988
-0.30820394619882646
0.15313815207837067
0.16076480042840935
-0.30689064634064916
0.14025342341569463
0.16842177011851825
-0.30259766738798
0.13153796724557187
0.16892296570725387
-0.2980616244245643
0.13076313721589616
0.16247343123046326
-0.2950914014355372
0.1378476471034885
0.15126992451232815
-0.2940508193638893
0.1495432293584531
0.13929921265526674
-0.2948338108073151
0.1611265751826409
0.13132429713972518
-0.2975343716865386
0.16841250575189143
0.13091585778536768
-0.30192261007777466
0.16893808613901173
0.13866831152037523
-0.3064135951040206
0.16220324636360733
0.15131637834193584
-0.30827246382401285
0.15016277150603918
0.16305065914003747
-0.3060869023735148
0.1377243050107289
0.1691883716131785
-0.3015011970126278
0.13060942705437384
0.16802395395860903
-0.2972215363252992
0.1317537054498652
0.16023756294405342
-0.29469144313446516
0.14025060026898156
0.14845806789853705
-0.29406847914511847
0.15234506969267558
0.13698347748578663
-0.29527225709261085
0.1632700049873272
0.13049112286282888
-0.2984091557006032
0.16917313248798505
0.1320100783863337
-0.3030200980560007
0.16802526263406808
0.14129150784003375
-0.30715927636296186
0.15981217616110638
0.15426281329862598
-0.30811849429235605
0.14716239884261395
0.16503636314137035
-0.3051561307505979
0.1354811940979873
0.1695719178491047
-0.3004271402514039
0.1301202412146914
0.16677820459199544
-0.29647676900469305
0.13313265283641346
0.15778975865672912
-0.29438966691499296
0.14284202115562933
0.14565977883200087
-0.29417811381850234
0.15508259669426733
0.1349298491787449
-0.2958118166801368
0.16514846194793625
0.13008178743970228
-0.2993663403899119
0.16956503220774544
0.13351868233301892
-0.30409818631068686
0.16674012071451821
0.14411263524693407
-0.3077330546592868
0.15718034890940297
0.15708688284288597
-0.30774927867182267
0.14421158583402782
0.16668984984121463
-0.3041342400336601
0.13357714842313684
0.16957176765126653
-0.2994003051231251
0.13007550337689416
0.1652075054065117
-0.2958320313859588
0.13486496434861006
0.15517426237693
-0.29418349263456156
0.14556519408705543
0.14293313062631197
-0.2943810676396202
0.15770297985769277
0.13318617878998312
-0.29645309535964304
0.16672980837235118
0.13011138897915875
-0.3003911848024347
0.16957822542062978
0.1354103389577098
-0.30512254402404093
0.16509843712059702
0.14706043068468377
-0.3081093688639232
0.15436160459542797
0.15972602891834684
-0.3071818603975869
0.1413849327367323
0.16798746308890256
-0.30305740474086845
0.13205488922499153
0.16919265853382492
-0.29844054048338065
0.13047005225538705
0.16333868964295026
-0.2952889995343585
0.13690877163330506
0.15243988285726434
-0.29407070058051477
0.14836199933196614
0.14033626556509357
-0.2946795384205514
0.16015726488961168
0.13179455069700557
-0.2971945064312659
0.16798703722822866
0.13058542797356876
-0.3014640109920084
0.16920779753920928
0.1376426948656675
-0.30605702568461984
0.1631235943401872
0.15006035004203044
-0.30827086366967943
0.1514182359962183
0.16212610619004691
-0.3064415535766953
0.13875386477074786
0.16891317966141725
-0.3019600457121502
0.13094612853116572
0.16844440000965819
-0.29756275191341286
0.13128910621306644
0.16120371886826101
-0.29484712887499626
0.13921640198705476
0.14963933191126513
-0.2940499117714881
0.15117433846929862
0.13792597086079422
-0.295076103932494
0.16240104379807024
0.13079022996951664
-0.2980314574190688
0.16889818994214834
0.13149917045574355
-0.30256017664681667
0.1684541989595577
0.14016302778982656
-0.30686567613611826
0.1608473563921315
0.15303778621150546
-0.3082099469777113
0.14841938674895355
0.16424214126126546
-0.30555979428857877
0.13638375188539503
0.1694578252117118
-0.3008732877185639
0.1302713972663429
0.16734174566817095
-0.29677722107393606
0.13250895886374792
0.15883971691699247
-0.29450447790459144
0.14173553348092288
0.14682833206465037
-0.29412085905631613
0.15394547260597086
0.13575626635716614
-0.2955730741051359
0.16439487062131464
0.13020072167911942
-0.2989555930860617
0.16944627574143412
0.13283710548061425
-0.303650420011338
0.16732373819306207
0.1429095031061287
-0.30751508409359113
0.1583104954283025
0.15592124405027166
-0.30792949274580206
0.14543862754037223
0.16603834476522367
-0.3045716891396291
0.13433164576039613
0.16961836384652165
-0.2998239366549701
0.13004025986203843
0.16590439206466856
-0.2960901591755835
0.13409775595025292
0.15628887699546995
-0.2942585016588335
0.14441046353770842
0.14406452236263684
-0.29428443745270616
0.15662120090167148
0.13387708356478012
-0.2961717285598563
0.16610444061538993
0.13004494639721018
-0.29995416079529735
0.16961923546999053
0.13457259804997135
-0.30470165560697465
0.1658292371634102
0.14581311845317255
-0.3079768662054536
0.15556304042885316
0.1586450717527915
-0.3074425734158772
0.14255093719303297
0.16748762344839815
-0.3035135707823413
0.13264471837784603
0.16939732534001356
-0.2988339397235013
0.13025178376581825
0.16415704495494615
-0.29550441779402337
0.13601638264997534
0.15359815902616297
-0.2941067596363414
0.14718348642148754
0.14140618652417922
-0.2945425327495912
0.15915084735621998
0.1323330603004745
-0.29687150086810066
0.16750060292041657
0.13033251194797082
-0.30100957593295863
0.16941000433078246
0.13666787038355382
-0.30567828075383846
0.1639907904606101
0.14880032661544051
-0.3082299933819931
0.15266388201613884
0.16115145299904568
-0.3067712662805835
0.1398294515606704
0.1685708491930895
-0.3024208130299645
0.1313593476073251
0.16880241643489566
-0.29792025333817107
0.1308951420349196
0.16212950608302354
-0.2950202834162374
0.13821946675029068
0.1508187335837538
-0.29404747461299063
0.14999632462529044
0.13891085521015142
-0.294897633325937
0.16148803124232403
0.13116244365957674
-0.2976691561894754
0.16855929193539027
0.1310630509577873
-0.3020992599880019
0.16881673289474086
0.13907443417012985
-0.30654398988623477
0.16183655679631664
0.1517961481178316
-0.3082626386208666
0.1496795409242786
0.1633915268985318
-0.30594472766064784
0.13734239596470982
0.1692760667734246
-0.30132607776007725
0.13050074828221603
0.16784632263907043
-0.29709504337957426
0.13195028321237623
0.15985673562045724
-0.2946363011470694
0.14065648904246575
0.14800518227531326
-0.29407989409747715
0.15279151515275258
0.13663387648117617