0.030303030303030304
0.030303030303030335
0.006206813482029186
-0.02274556465411104
-0.033743266620551896
-0.017802021291603205
0.012139714733168386
0.032564125299081176
0.027027606557116016
7.277269374286396e-05
-0.026938956937831635
-0.032604488513542446
-0.012275676952697101
0.017677647085762988
0.033729431406165564
0.02285376675264421
-0.006063623076616131
-0.030237038431162513
-0.03036845587552835
-0.006349891681937531
0.022636943906008084
0.03375646591693451
0.017926070303125544
-0.012003532159878903
-0.03252315022045811
-0.027115754681826733
-0.00021831676754767784
0.026849807559604512
0.032644239043859165
0.012411416322865819
-0.01755295001113747
-0.033714960557216934
-0.022961548131660875
0.0059203230614513665
0.030170481579181344
0.03043331384014501
0.0064928550821071705
-0.022527906585150154
-0.033769029024872894
-0.01804979179973295
0.01186713173155025
0.03248156410984303
0.027203399585234458
0.00036385690032571943
-0.02676016016692318
-0.032683376082262204
-0.012546930351236264
0.017427932398150783
0.033699854370138164
0.02306890672812919
-0.0057769160337703546
-0.03010336107704787
-0.030497602899152595
-0.0066357010898588815
0.02241845477517335
0.03378095568693683
0.018173183465807128
-0.011730515949986569
-0.03243936781156512
-0.027290539549559643
-0.0005093904647843241
0.02667001651308628
0.032721898833223226
0.012682216548571726
-0.017302596582075305
-0.033684113154342485
-0.023175840485979066
0.005633404592255132
0.03003567826538772
0.03056132176564717
0.006778427114104757
-0.022308590566488377
-0.03379224565871529
-0.01829624299075383
0.011593687320034799
0.03239656218208513
0.027377172866017253
0.0006549148337179032
-0.026579378360156763
-0.03275980651348144
-0.012817272428877296
0.017176944902986543
0.033667737232213134
0.023282347356149646
-0.005489791336997233
-0.02996743449545056
-0.030624469163587565
-0.006921030565384942
0.022198316056233305
0.033802898708824435
0.018418968069046103
-0.011456648349545129
-0.032353148089966956
-0.027463297834863294
-0.000800427380043725
0.02648824747891529
0.032797098352068864
0.01295209550943887
-0.01705097970572113
-0.03365072693909229
-0.023388425296635613
0.00534607886946311
0.029898631129070194
0.03068704382783475
0.007063508855903754
-0.02208763334822756
-0.033812914618916744
-0.01854135640026894
0.01131940154933227
0.03230912641584942
0.02754891276544027
0.0009459254768361923
-0.026396625648814138
-0.03283377359033662
-0.01308668331086403
0.016924703339832422
0.03363308262326945
0.02349407227253457
-0.005202269792456679
-0.029829269538623093
-0.030749044504190116
-0.0072058593995668226
0.021976544552924263
0.03382229318368738
0.018663405689163935
-0.011181949433134955
-0.03226449805241684
-0.027634015976223014
-0.0010914064973623246
0.026304514657929868
0.03286983148197989
0.013221033357122196
-0.016798118159546793
-0.0336148046459695
-0.023599286256093865
0.005058366710084427
0.02975935110698783
0.030810469949433966
0.007348079612016459
-0.02186505178736473
-0.03383103421088198
-0.01878511364567284
0.011044294517578514
0.032219263904370375
0.027718605794864633
0.0012368678151167996
-0.02621191630291789
-0.03290527129306312
-0.013355143175584287
0.016671226523721536
0.03359589338134017
0.023704065226758005
-0.0049143722277186185
-0.029688877227503796
-0.0308713189313639
-0.007490166910669848
0.02175315717513075
0.033839137521303075
0.01890647798498286
-0.010906439322134625
-0.03217342488839787
-0.027802680558241213
-0.0013823068038563355
0.026118832388964754
0.03294009230204407
0.013489010297063755
-0.016544030795800312
-0.033576349216439184
-0.02380840717121513
0.004770288951962128
0.02961784930392999
0.030931590228833118
0.007632118714754804
-0.021640862846298924
-0.03384660294881652
-0.01902749642757063
0.010768386369082974
0.03212698193314454
0.02788623861249826
0.0015277208376353602
-0.02602526472974268
-0.032974293799798576
-0.013622632255856727
0.0164165333437708
0.0335561725512208
0.023912310083444806
-0.00462611949061215
-0.02954626875040318
-0.030991282631787576
-0.007773932445346701
0.02152817093739396
0.033853430340357316
0.019148166699247834
-0.010630138183472006
-0.03207993597918235
-0.027969278313095286
-0.0016731072908406017
0.025931215147361856
0.033007875089644
0.01375600658978239
-0.016288736540121928
-0.03353536379852248
-0.024015771964764232
0.004481866452625171
0.02947413699139696
0.03105039494130378
0.007915605525405357
-0.02141508359134195
-0.03385961955593436
-0.019268486531204665
0.010491697293080582
0.0320322879789791
0.02805179802485107
0.0018184635382264037
-0.02583668547232415
-0.03304083548736256
-0.013889130840224015
0.016160642761800237
0.033513923384050126
0.02411879082387603
-0.00433753244808029
-0.029401455461678692
-0.031108925969626174
-0.008057135379812529
0.021301602957424233
0.033865170468636185
0.01938845366005609
-0.010353066228378668
-0.031984038896868246
-0.028133796121989848
-0.0019637869549503292
0.025741677543475946
0.03307317432122486
0.014022002552170423
-0.01603225439016693
-0.033491851746364196
-0.024221364676916067
0.004193120088143716
0.02932822560626845
0.03116687454020423
0.008198519435408357
-0.021187731191231105
-0.03387008296463487
-0.019508065827886008
0.010214247522489506
0.03193518970901707
0.028215270988184875
0.002109074916607185
-0.025646193207961573
-0.03310489093201162
-0.014154619274255317
0.015903573810955817
0.03346914933686333
0.024323491547498976
-0.004048631985033531
-0.029254448880395734
-0.031224239487728657
-0.008339755121029007
0.021073470454614933
0.033874356943189916
0.01962732078229255
-0.010075243711150372
-0.03188574140339512
-0.02829622101660367
-0.0022543247992644413
0.025550234321176514
0.03313598467303662
0.014286978558799061
-0.015774603414230964
-0.03344581661977049
-0.02442516946676594
0.0039040707519844356
0.02918012674945806
0.03128101965816779
0.008480839867542379
-0.02095882291564532
-0.03387799231665181
-0.019746216276432423
0.009936057332675198
0.03183569497974261
0.028376644609953264
0.0023995339794976207
-0.025453802746720513
-0.033166454910168244
-0.01441907796184979
0.015645345594343215
0.03342185407211606
0.024526396473432625
-0.003759439003211084
-0.02910526068897748
-0.03133721390880451
-0.008621771107887446
0.020843790748561325
0.03388098901046517
0.01986475006906747
-0.009796690927914714
-0.031785051449537596
-0.028456540180524778
-0.00254469983442622
0.025356900356349344
0.033196301021851
0.014550915043225476
-0.015515802749887307
-0.033397262183721174
-0.024627170613835438
0.003614739353872902
0.02902985218455767
0.031392821108271504
0.008762546277110556
-0.020728376133726037
-0.03388334696317141
-0.01998291992460937
0.009657147040219215
0.03173381183596399
0.028535906150237517
0.0026898197417472777
-0.02525952902992956
-0.03322552239912632
-0.014682487366553205
0.015385977283661444
0.03337204145718208
0.02472748994197914
-0.0034699744200391985
-0.02895390273184201
-0.03144784013658741
-0.008903162812402422
0.020612581257581322
0.03388506612641095
0.020100723613164097
-0.009517428215401167
-0.0316819771738792
-0.02861474095068331
-0.0028348910797708522
0.025161690655391453
0.033254118445653846
0.014813792499311959
-0.015255871602624264
-0.03334619240785284
-0.024827352519583727
0.0033251468186539443
0.028877413836470127
0.03150226988519173
0.009043618153135827
-0.02049640831260096
-0.033886146464924556
-0.02021815891057887
0.009377537001695357
0.03162954850977945
0.028693043023171258
0.0029799112274565553
-0.025063387128680125
-0.0332820885777304
-0.014944828012873754
0.015125488117851586
0.033319715563825986
0.024926756416131124
-0.003180259167499099
-0.028800387014033015
-0.0315561092569794
-0.00918390974090354
0.02037985949724484
0.03388658795655453
0.020335223598485906
-0.009237475949722414
-0.031576526901767654
-0.028770810818771295
-0.00312487756444731
0.024964620353710484
0.03330943222431134
0.01507559148254528
-0.014994829244495987
-0.03329261146591714
-0.025025699708913884
0.003035314085160265
0.028722823790032277
0.0316093571663372
0.009324035019555782
-0.02026293701591361
-0.03388639059224638
-0.020451915464350295
0.009097247612450014
0.03152291341951925
0.028848042798358845
0.0032697874711055917
-0.024865392242319043
-0.033336148827028914
-0.015206080487609956
0.01486389740174365
0.03326488066764443
0.02512418048308069
-0.002890314190990704
-0.02864472569983385
-0.03166201253917631
-0.009463991435237993
0.02014564307890194
0.03388555437604754
0.02056823230151335
-0.008956854545154939
-0.03146870914424731
-0.028924737432657627
-0.0034146383285485055
0.024765704714216474
0.033362237840211244
0.015336292611368641
-0.014732695012773182
-0.03323652373521055
-0.02522219683168392
0.002745262105076876
0.02856609428862623
0.031714074312967654
0.0096037764364282
-0.020027979902354116
-0.0338840793251089
-0.020684171909239574
0.008816299305386827
0.031413915168669884
0.029000893202284047
0.0035594275186822642
-0.024665559696942077
-0.03338769873090161
-0.015466225441182722
0.014601224504714013
0.03320754124748373
0.02531974685572719
-0.00260016044820224
-0.028486931111375458
-0.03176554143677562
-0.009743387473975195
0.019909949708217682
0.03388196546968296
0.020799732092762285
-0.008675584452928774
-0.031358532596974055
-0.029076508597790818
-0.003704152424238702
0.024564959125815317
0.03341253097887616
0.015595876568515021
-0.014469488308604637
-0.03317793379597776
-0.02541682866421227
0.002455011841812644
0.028407237732781816
0.03181641287129154
0.009882822001136583
-0.01979155472419825
-0.033879212853123786
-0.02091491066332957
0.008534712549760466
0.03130256254478124
0.029151582119709946
0.0038488104288105576
-0.02446390494388859
-0.033436734076661964
-0.01572524358897346
0.014337488859350347
0.03314770198483197
0.02551344037418624
-0.0023098189079803384
-0.028327015727234953
-0.03186668758886732
-0.010022077473617368
0.019672797183713123
0.03387582153188485
0.021029705438250283
-0.008393686160020234
-0.031246006139111736
-0.02922611227859622
-0.003993398916886659
0.024362399101900488
0.03346030752955369
0.015854324102351672
-0.01420522859568259
-0.033116846430790284
-0.025609580110787497
0.0021645842693698673
0.028246266678769654
0.03191636457354713
0.010161151349606191
-0.01955367932584727
-0.03387179157551661
-0.021144114240938955
0.00825250784996898
0.031188864518349946
0.029300097595069293
0.00413791527388609
-0.02426044355822942
-0.03348325085563093
-0.015983115712671327
0.014072709960117984
0.03308536776318112
0.025705246007294118
-0.0020193105492022183
-0.028164992181022013
-0.03196544282110153
-0.010300041089815401
0.019434203395307305
0.03386712306666531
0.021258134900963108
-0.008111180187951497
-0.031131138832208034
-0.02937353659985787
-0.004282356886195892
0.024158040278845
0.03350556358577491
0.016111616028225615
-0.013939935398916383
-0.033053266623895766
-0.02580043620517003
0.0018740003712196668
0.028083193837184196
0.03201392133905927
0.010438744157518425
-0.019314371642376215
-0.03386181610106931
-0.021371765254089264
0.00796970574435953
0.03107283024168993
0.029446427833842204
0.00442672114120559
-0.024055191237261908
-0.03352724526368469
-0.016239822661621297
0.013806907362039836
0.033020543667366974
0.025895148854112735
-0.0017286563596507175
-0.028000873259960164
-0.03206179914673951
-0.010577258018589067
0.019194186322868227
0.033855870787556
0.021485003142329026
-0.007828087091594313
-0.031013939919054878
-0.02951876984809579
-0.004571005427342942
0.023951898414491777
0.033548295445891954
0.016367733229821345
-0.013673628303111307
-0.03298719956054588
-0.025989382112099117
0.0015832811391747643
0.027918032071520056
0.03210907527528288
0.01071558014153896
-0.01907364969808361
-0.03384928724803749
-0.021597846413984326
0.007686326804030332
0.03095446904778085
0.02959056120392819
0.004715207134108737
-0.02384816379899758
-0.033568713701776776
-0.016495345354186276
0.013540100679375274
0.032953234982880976
0.026083134145432826
-0.0014378773348881595
-0.02783467190345675
-0.0321557487676836
-0.010853707997555605
0.01895276403476514
0.03384206561750759
0.02171029292369498
-0.0075444274579784115
-0.030894418822528774
-0.029661800472927474
-0.004859323652113279
0.023743989386645504
0.033588499613583074
0.016622656660519396
-0.01340632695165531
-0.032918650626294746
-0.026176403128791857
0.001292447572267489
0.027750794396739557
0.032201818678820535
0.010991639060543252
-0.01883153160505066
-0.033834206044035774
-0.02182234053248517
0.007402391631646223
0.03083379044910301
0.029732486237002025
0.005003352373112668
-0.023639377180657024
-0.0336076527764314
-0.01674966477910778
0.01327230958431334
0.0328834471951594
0.026269187245273728
-0.0011469944771354892
-0.027666401201668744
-0.032247284075487034
-0.011129370807159082
0.018709954686430365
0.03382570868876266
0.02193398710780839
-0.007260221905104839
-0.030772585144416126
-0.02980261708842205
-0.005147290690043296
0.02353432919156345
0.03362617279833441
0.016876367344766552
-0.01313805104520975
-0.03284762540627466
-0.026361484686444163
0.0010015206756252872
0.027581493977831318
0.03229214403642256
0.011266900716854652
-0.018588035561700498
-0.033816573725894625
-0.022045230523595676
0.007117920860249427
0.030710804136450366
0.029872191629861707
0.005291135997058272
-0.023428847437157882
-0.03364405930020945
-0.017002761996880406
0.013003553805663235
0.03281118598884334
0.02645329365238196
-0.0008560287941468056
-0.02749607439405572
-0.03233639765234202
-0.011404226271911747
0.018465776518920597
0.033806801342697326
0.022156068660300822
-0.006975491080763875
-0.030648448664219858
-0.029941208474439998
-0.005434885689562973
0.02332293394244849
0.033661311915892
0.01712884637944821
-0.01286882034040937
-0.03277412968444618
-0.02654461235172656
0.0007105214593500948
0.02741014412836467
0.03238004402596515
0.011541344957484084
-0.01834317985136684
-0.033796391739488986
-0.022266499404947453
0.006832935152082997
0.030585519977732043
0.03000966624576232
0.00557853716425185
-0.02321659073961062
-0.03367793029214777
-0.017254618141125656
0.012733853127560413
0.03273645724701803
0.026635439001724767
-0.0005650012980911827
-0.027323704867931543
-0.03242308227204707
-0.011678254261634626
0.018220247857489557
0.033785345129634575
0.02237652065117582
-0.0066902556613571106
-0.03052201933795022
-0.030077563577961514
-0.005722087819142806
0.02310981986794124
0.03369391408868582
0.01738007493526873
-0.012598654648566267
-0.032698169442822375
-0.026725771828276606
0.00041947093739718236
0.027236758309033538
0.032465511517406107
0.011814951675375898
-0.018096982840867033
-0.033773661739536866
-0.022486130299289003
0.006547455197414315
0.030457948016754017
0.0301448991157386
0.005865535053614767
-0.023002623373810586
-0.03370926297816963
-0.017505214419977353
0.01246322738817253
0.0326592670504258
0.026815609065982474
-0.0002739330044306716
-0.02714930615700621
-0.032507330900953216
-0.011951434692708422
0.01797338711016285
0.03376134180862995
0.022595326256300077
-0.006404536350724809
-0.030393307296901016
-0.030211671514403245
-0.006008876268442528
0.022895003310616002
0.03372397664622838
0.01763003425813836
-0.012327573834382335
-0.0326197508606718
-0.026904948958189106
0.000128390126455262
0.027061350126197557
0.03254853957372017
0.012087700810661219
-0.01784946297908012
-0.03374838558936994
-0.02270410643597883
0.0062615017133637076
0.03032809847198737
0.030277879439914474
0.0061521088658339045
-0.022786961738734273
-0.033738054791468165
-0.017754532117470218
0.012191696478414539
0.032579621676654964
0.026993789757035883
1.7155069199619594e-05
-0.026972891939922167
-0.03258913669888734
-0.012223747529329775
0.017725212766318756
0.033734793347226774
0.022812468758897912
-0.006118353878975427
-0.03026232284640827
-0.030343521568920378
-0.006295230249465059
0.022678500725475254
0.033751497125481957
0.01787870567056574
-0.012055597814665347
-0.03253888031369377
-0.0270821297235017
-0.0001626999551743412
0.026883933330414465
0.032629121451811606
0.012359572351917335
-0.017600638795530053
-0.03372056536067482
-0.022920411152481262
0.0059750954427361565
0.030195981735318986
0.03040859658879918
0.006438237824517606
-0.022569622345034537
-0.03376430337286043
-0.018002552594936754
0.011919280340668068
0.03249752759930473
0.0271699671274502
0.00030824190411215743
-0.026794476038784345
-0.032668493020053625
-0.012495172784772475
0.017475743395275023
0.03370570192118364
0.023027931551048583
-0.005831729001319855
-0.030129076464594933
-0.030473103197697346
-0.006581128997713442
0.022460328678447695
0.03377647327120066
0.01812607057305709
-0.011782746557053605
-0.03245556437317343
-0.027257300247676274
-0.0004537782886963222
0.026704521814968782
0.03270725060340409
0.012630546337430732
-0.01735052889897766
-0.03369020333320663
-0.023135027895863892
0.005688257152859578
0.030061608370790714
0.03053704010456991
0.006723901177352391
-0.02235062181354149
-0.03378800657111487
-0.018249257292407478
0.011645998967510347
0.032412991487127736
0.02734412737195241
0.000599306481684013
-0.026614072417687092
-0.03274539341391129
-0.012765690522653594
0.017224997644883486
0.03367406991417241
0.0232416981351825
-0.005544682496912888
-0.02999357880110152
-0.030600406029220557
-0.0068665517733482485
0.0222405038448893
0.033798903036240946
0.018372110445519556
-0.011509040078745918
-0.03236980980511057
-0.02743044679707456
-0.000744823855941306
0.026523129614394278
0.03278292067590699
0.012900602856468692
-0.0170991519760149
-0.03365730199447231
-0.023347940224297432
0.005401007634424637
0.029924989113321032
0.030663199702339453
0.007009078197265265
-0.022129976873762492
-0.03380916244324833
-0.018494627730019537
0.011371872400446393
0.03232602020314941
0.02751625682890744
0.0008903277844784854
-0.026431695181234238
-0.03281983162603161
-0.01303528085820952
0.016972994240127843
0.03363989991744975
0.02345375212558643
-0.00525723516769221
-0.029855840675801895
-0.03072541986554257
-0.007151477862354247
0.02201904300808499
0.033818784581847505
0.01861680684867324
-0.01123449844523821
-0.032281623569329135
-0.027601555782430447
-0.001035815640484633
0.026339770902993262
0.03285612551325995
0.01316972205055578
-0.016846526789668248
-0.033621864039387835
-0.02355913180855906
0.00511336770032848
0.02978613486741431
0.03078706527141022
0.007293748183589591
-0.021907704362386003
-0.033827769254795956
-0.018738645509429566
0.011096920728648367
0.032236620803762536
0.027686341981784053
0.0011812847973630032
-0.02624735857305467
-0.03289180159892735
-0.013303923959573756
0.016719751981729283
0.03360319472949801
0.023664077249904034
-0.004969407837226492
-0.02971587307750556
-0.03084813468352591
-0.007435886577706094
0.02179596305775368
0.033836116277906655
0.018860141425466707
-0.010959141769065171
-0.03219101281856042
-0.027770613760314918
-0.001326732628766647
0.02615445999334987
0.03292685915675264
0.013437884114757166
-0.016592672178006373
-0.033583892369905693
-0.023768586433535882
0.004825358184522777
0.029645056705857296
0.030908626876513166
0.007577890463235121
-0.021683821221788004
-0.03384382548005223
-0.018981292315234342
0.010821164087700015
0.032144800537802186
0.027854369460620573
0.0014721565086314968
-0.02606107697431427
-0.032961297472863284
-0.013571600049065654
0.0164652897447566
0.033563957355638774
0.023872657350641875
-0.004681221349563124
-0.029573687162645988
-0.0309685406360745
-0.0077197572605411865
0.02157128098855558
0.03385089670317303
0.019102095902499717
-0.01068299020854823
-0.03209798489750601
-0.027937607434596116
-0.0016175538112131946
0.025967211334839292
0.03299511584581986
0.013705069298967778
-0.016337607052753812
-0.033543390094613636
-0.023976287999730422
0.004536999940864515
0.029501765868400143
0.03102787475902929
0.007861484391860619
-0.02145834449854137
-0.03385732980228169
-0.019222549916393494
0.01054462265834915
0.03205056684559743
0.028020326043479062
0.001762921911122102
-0.025872864902225238
-0.03302831358663847
-0.0138382894044804
0.01620962647724561
0.033522191007619995
0.024079476386676194
-0.004392696568081396
-0.029429294253958172
-0.03108662805334959
-0.00800306928133599
0.02134501389860363
0.0338631246454678
0.01934265209145196
-0.010406063966549174
-0.03200254734187917
-0.028102523657893865
-0.001908258183357426
0.02577803951213516
0.03306089001881487
0.013971257909209674
-0.016081350397911174
-0.03350036052830778
-0.024182220524769097
0.004248313841968408
0.029356273760426994
0.031144799338198727
0.008144509355054917
-0.02123129134192707
-0.0338682811139031
-0.019462400167663627
0.010267316665262274
0.03195392735800011
0.02818419865789731
0.002053560003342208
-0.025682737008548447
-0.033092844478346414
-0.014103972360390984
0.015952781198819228
0.03347789910317171
0.024284518434759726
-0.004103854374346481
-0.02928270583914022
-0.031202387443967236
-0.008285802041085925
0.021117178987976992
0.03387279910184565
0.01958179189051404
-0.010128383289231425
-0.031904707877423506
-0.02826534943302387
-0.0021988247469595934
0.025586959243712872
0.033124176313755194
0.014236430308931548
-0.015823921268383796
-0.033454807191536415
-0.02438636814490825
0.003959320778065874
0.02920859195161497
0.03125939121231008
0.008426944769516356
-0.021002679002452652
-0.033876678516643347
-0.019700825011030855
0.009989266375790326
0.031854889895395685