0.2482758620689655
0.24827586206896554
0.1687030599075751
0.12904961114221605
0.15174439783491706
0.22707557137826467
0.26327046378119257
0.18963258882294307
0.13434400129709986
0.14038595931156875
0.2054869304017659
0.2674448939401424
0.21102917639258814
0.1429034608671822
0.13260541132003362
0.18407795453908013
0.26035051197353065
0.23274648647868826
0.15556161434343663
0.12845896084503267
0.1637583921032531
0.24306666963642337
0.2530542716371418
0.17392893058479963
0.130011657308122
0.14832932996879897
0.22142060732074093
0.26543723716898826
0.1951905179659211
0.13628025712778355
0.13809249418140954
0.19995172820907914
0.26669037336202706
0.21660052623844916
0.14568738179984914
0.13109408599262407
0.178570138268179
0.25670873820478285
0.2383650758727976
0.15979770479664152
0.12827769104207415
0.15917391075441403
0.2375779660146335
0.2572650993500549
0.17934328568611052
0.13129229991115443
0.14527595811848967
0.2158107457661873
0.26684290180382375
0.20073423968127818
0.13840421870973593
0.13599526239910287
0.19440587742710264
0.2651772264703899
0.22221724658405645
0.14878884251522023
0.129855095869007
0.17317690085809517
0.25241065502396887
0.24382318106945852
0.16443679430986796
0.12851822318218215
0.1549968697338852
0.23194630423842394
0.26080796041081344
0.18486130081639113
0.13283816919112218
0.1425326586026297
0.21024474791011533
0.2674906141950408
0.2062691537646197
0.14072726186767356
0.13408584490494385
0.18884675157791436
0.2629031306921309
0.22787708061710407
0.15225870897355584
0.12894251577487942
0.1679852049881696
0.24756242638066903
0.24898067050015948
0.1694265531790675
0.12916414755563058
0.1512381563784486
0.22627444632479277
0.263622718926671
0.19041844831696644
0.1346060721533201
0.14004910649138133
0.20470484103443531
0.26738411559590664
0.2118141946190735
0.1432795679214806
0.13237716588500703
0.18329550338307038
0.2598785941655474
0.2335456904390049
0.15613477686793523
0.12840791637952867
0.1630872373546081
0.2423046040561308
0.2536864907349068
0.17468470824936289
0.1301745802396346
0.14787705789964342
0.22062491959321406
0.2656820325711218
0.19597483571083713
0.13656896397187046
0.13778465571986254
0.19916897924711202
0.2665226953148356
0.21739124239116253
0.14610514531022878
0.13090129394277553
0.17779924519395676
0.2561392030084746
0.23914903659716466
0.1604296075004486
0.12828616202542414
0.15855831358554312
0.2367880596719877
0.2578080547936985
0.18011846798693865
0.1314957919694481
0.14487072255733138
0.2150218674064825
0.26698029611396323
0.20151655317911304
0.1387198872649944
0.13571398197062107
0.1936209311912831
0.2649020006283681
0.22301480066305143
0.14925573284097898
0.12970505532644697
0.17242888443309703
0.2517559923710617
0.24457371029786973
0.16512225097093824
0.12858562198614848
0.15444053048953021
0.2311453864246068
0.2612508163665079
0.18564538815558068
0.13307533403368826
0.1421670265244246
0.20946084670565485
0.26752128306390033
0.2070515748797933
0.14107311972288594
0.13383166525318477
0.18806102843054745
0.2625207716272223
0.2286788316029162
0.1527811731709695
0.1288429962717122
0.16727324426923984
0.24684079411275162
0.24967642735386664
0.17015542317671584
0.1292859839922287
0.15073989145680453
0.22547383172526633
0.26395985365830976
0.19120424892177734
0.13487200315775022
0.13971660364298066
0.20392282349414712
0.2673082704454316
0.2125998630079933
0.14366111807826615
0.1321535445979516
0.1825141111148865
0.2593923438683306
0.23434365707198043
0.15671635662713632
0.12836516045181767
0.16242350930405877
0.24153740557254133
0.2543069768419443
0.17544397250067553
0.13034370536620504
0.14743188454346912
0.21983020757870558
0.265911616831929
0.19675882323850602
0.13686138960522962
0.1374806532909015
0.1983859593704796
0.2663398524931799
0.21818292055811195
0.14652940060538638
0.13071407149681472
0.17703083425622573
0.25555674245081705
0.2399294818089447
0.16106951544444942
0.128303092034704
0.15795098642951855
0.23599569512677482
0.2583373896202306
0.18089547436798348
0.13170442287273085
0.14447152429468074
0.21423385122414154
0.2671025715753648
0.20229871361686905
0.13903956545724933
0.1354364268794382
0.19283570640689407
0.2646115648604233
0.22381321954773875
0.14973013295788085
0.12956169434892023
0.17168514953341438
0.2510906503469414
0.24531782410383898
0.16581455604684367
0.12866106554331647
0.15389257123035385
0.2303439592818748
0.2616789699365907
0.1864300723470091
0.13331680687242292
0.1418064340647201
0.2086774088165841
0.2675369051125439
0.20783425856431
0.1414236439470444
0.1335815323442875
0.1872755218387605
0.26212344870948656
0.2294806655329144
0.15331186343570152
0.12875118041495184
0.16656742637517655
0.2461114003939192
0.2503627164934193
0.17088940398480662
0.12941497409684521
0.15024950079251748
0.2246738379463709
0.2642818343216679
0.19198992026839157
0.1351417481753988
0.1393883571008703
0.20314081775538578
0.2672173479269977
0.21338623934099513
0.14404825300474558
0.13193466517154728
0.18173395107172435
0.2588919122871126
0.23514011115442252
0.15730633933298865
0.12833075262985502
0.1617673728524002
0.24076548709764828
0.25491541109071114
0.17620646703032955
0.13051887429192383
0.14699366450364343
0.2190364837168165
0.26612599767186984
0.1975424823459796
0.13715754951861214
0.1371804450372896
0.19760264192921126
0.26614183058282476
0.2189755789473876
0.146960299198762
0.13053256991192502
0.17626514116545305
0.25496162246482323
0.240706032164831
0.1617173099413926
0.1283284572080362
0.15735198755652963
0.23520119576786885
0.2588529052663994
0.18167410294017106
0.13191805813820415
0.1440782139840904
0.21344665174771676
0.26720974284129434
0.20308077062129093
0.13936332625237552
0.13516261696176407
0.1920502405720876
0.26430593020919024
0.22461243926032728
0.15021216877181023
0.12942516998894524
0.1709459659781145
0.2504150098036743
0.24605508587832198
0.16651349134000576
0.1287444523336225
0.15335295416934325
0.22954223251508082
0.2620923238505581
0.18721521918143716
0.13356249546278343
0.14145075499662296
0.20789436930571206
0.26753748268791655
0.20861727018729206
0.1417789508301961
0.1333355236648188
0.18649034473916992
0.26171123485300585
0.23028240711123427
0.1538508418521581
0.1286671881722354
0.1658679913302
0.245374682855652
0.2510391316791545
0.17162822689659193
0.12955096708373837
0.14976687366249627
0.22387455980094317
0.26458863537240285
0.19277540276046964
0.13541526945165816
0.1390642796047755
0.20235876652170737
0.2671113358509061
0.2141733781274953
0.1444411173312416
0.13172065106273428
0.18095520602699333
0.2583774654909457
0.23593476150082693
0.15790469673348514
0.12830474109124457
0.16111897813322892
0.2399892518406616
0.2555114916354844
0.17697194147220427
0.13069993026095553
0.14656224957281913
0.21824374956165193
0.266325185655964
0.19832582352839115
0.13745746792946223
0.13688399749812574
0.1968190077128141
0.26592861672567814
0.21976922673709007
0.14739799142762222
0.13035694342172463
0.17550240903195044
0.2543541263098747
0.24147829626110964
0.16237285707849558
0.12836222188619
0.156761360622599
0.23440486966269708
0.25935441907815254
0.18245416093025524
0.1321365684304301
0.14369064428976208
0.21266021875667412
0.2673018235535072
0.2038627778606931
0.1396912496665791
0.13489258075565808
0.1912645817516842
0.2639851142989087
0.22541238125433893
0.15070195928894367
0.12929563677642758
0.17021160382208833
0.24972946456962433
0.24678505748321725
0.16721882751861908
0.1288356716054468
0.15282162956108258
0.22874039925327938
0.26249079288783556
0.1880007046079622
0.1338123145343972
0.14109986772476382
0.20711166276191234
0.26752301587703575
0.20940067517572275
0.142139161600158
0.13309372393933508
0.18570562039580765
0.2612842143774583
0.23108386448192098
0.15439815906464963
0.1285911309780413
0.16517516927439316
0.24463107967405662
0.25170527814199495
0.1723716218978637
0.1296938086546563
0.14929189162202097
0.22307607697612458
0.2648802386501341
0.19356064751561886
0.13569253778564477
0.13874429060974264
0.2015766158411026
0.2669902206672237
0.21496132992200764
0.14483985821876222
0.13151163119877765
0.18017806804636413
0.25784918493173753
0.2367273012359167
0.15851138628328065
0.12828716239501853
0.16047846022328424
0.2392090920893788
0.25609493388731625
0.1777401521728445
0.13088671883557285
0.14613748953523334
0.21745199666544462
0.26650919350440616
0.1991088653988221
0.13776117764607818
0.13659128579073065
0.19603504558109164
0.26570020016713924
0.2205638631732151
0.14784262568190615
0.1301873486271357
0.1747428877315403
0.2537345545123785
0.2422458716864479
0.163036007870136
0.12840433877634527
0.15617913496541383
0.23360700921130145
0.2598417638237469
0.1832354648466311
0.13235982986257727
0.14330867037076417
0.2118744980197011
0.2673788260163957
0.20464479239760758
0.14002342245579663
0.13462635536440484
0.19047878871563093
0.26364914208066526
0.2262129518953579
0.15119961585188707
0.12917324579933806
0.16948233192395254
0.24903442005686205
0.2475073011766805
0.1679303252739256
0.12893460402181536
0.1522985361813005
0.22793863606153048
0.2628743032805301
0.18878641489219497
0.13406618603647413
0.1407536555697804
0.20632922379371982
0.2674935025056101
0.21018453852132343
0.1425044021386657
0.13285622488548765
0.18492148224325453
0.26084248360714274
0.23188482921257253
0.15495385379494758
0.12852311108262643
0.16448917929821924
0.24388102764246639
0.2523607739884258
0.1731193191023504
0.1298433419184511
0.1488244292671635
0.2222784545480074
0.2651566326336491
0.19434561623111074
0.13597353266904955
0.13842831659760538
0.2007943157529424
0.2668539877875622
0.2157501405879898
0.1452446248777005
0.13130773967864606
0.17940273832556403
0.257307267934831
0.23751740813323374
0.1591263508439547
0.12827804131342946
0.15984593898171906
0.23842538814712516
0.2566654705840578
0.17851086283378653
0.13107908850992772
0.1457192329413162
0.216661207481508