0.2803448275862069
0.2803448275862069
0.20220938240812503
0.19350394520457145
0.26464661886031526
0.29361311265427587
0.21442163252415744
0.18923222470132586
0.24989632934423756
0.30143768228753937
0.22757690816120635
0.18788173847490044
0.23656219930387923
0.3033939365221794
0.24060113750368367
0.18809636495469761
0.22351723986015073
0.29965937750501875
0.2542730044479503
0.19014943259270836
0.2104317080450298
0.2900058824651868
0.2695121145930958
0.19570216817626523
0.19903567656463217
0.2755509655303844
0.2849015087344182
0.20573374543763184
0.19175213073272782
0.25989993351706375
0.29667495654686277
0.21848668024810453
0.1885910038903105
0.2456664988513851
0.30265215366452136
0.23160921025282327
0.1878038498751799
0.232544305440962
0.30285538365461695
0.2446999714512185
0.18847510056113082
0.21943642393538657
0.29730545626496074
0.2588181154423232
0.19140506524812056
0.2065948307524671
0.285913550405438
0.27441618857952194
0.198355373119356
0.1962791321907674
0.270653129514297
0.28909429714422963
0.20952233965554842
0.1904090243871794
0.2553148670538743
0.2991634615326581
0.22256918975535436
0.18816848557189364
0.241547726020362
0.303316908628288
0.2356269747575317
0.18785208276248544
0.22851714668361578
0.3017699778703376
0.24890043611601603
0.18906067129936724
0.21536301412912018
0.29437553484689605
0.2635296754242772
0.19305757752519015
0.2030008701730473
0.28143086793494165
0.2792459236302105
0.20143695625927965
0.19397459561316754
0.2657701556848491
0.2928210376497583
0.21348422660493516
0.18941868838656095
0.25090022849361454
0.3010748685574677
0.2266351070507575
0.1879187213172211
0.23749852593136964
0.30344185978773336
0.2396577770259048
0.18803305812192367
0.22446404946740117
0.30012409855885097
0.25324035676999945
0.18990816885290632
0.21134930432565885
0.29089106614927096
0.26837333208678865
0.1951499784360287
0.19973869295994987
0.2766801809271937
0.2838696660573192
0.20488697598791894
0.1921213900045724
0.26099064472368405
0.29601332838672945
0.21753777833015947
0.18871869153029383
0.24663905919644613
0.3024191974570765
0.23067326512076236
0.18781060048533502
0.23347884080783024
0.303029047160779
0.24373895921958755
0.18837033509003692
0.22038646497401984
0.2979046941170024
0.257745444299442
0.19107954107855005
0.2074690630843672
0.28690434616948535
0.2732774730862134
0.19769839696434904
0.19688071127208112
0.27179508302424826
0.2881573439251712
0.20862230599648246
0.19068773137301806
0.2563660620634088
0.29863626005551525
0.22162014306137306
0.1882498898097484
0.24249807232061693
0.3032107065979539
0.2346924138574932
0.18782953722083312
0.22945590381749495
0.3020719446835094
0.24791214006506357
0.1889032601016209
0.21630753169497358
0.29510781533991426
0.26242004324788765
0.1926351296321138
0.20381038261336593
0.28250235530022216
0.2781358659366793
0.20068456852679084
0.19446980407586972
0.26689945448452457
0.29199989622379163
0.21255169781137673
0.18962084693147915
0.2519125012011512
0.300681352924299
0.22569171835805657
0.18796329767054307
0.2384364182570045
0.30346072225263776
0.23871712385645155
0.18797814089608422
0.2254094408039123
0.30055774785496187
0.2522167374376278
0.18968443559759163
0.21227405887209547
0.2917489196741718
0.26723797558426515
0.19462261534481762
0.200463711258099
0.27780216693026294
0.28281954384372965
0.20405567907621708
0.1925134418653677
0.2620898934576602
0.2953207770607218
0.2165903337206448
0.18885884442886589
0.2476181542509754
0.3021563416489776
0.22973622343270966
0.1878241525440547
0.23441314667116334
0.3031732869767311
0.24278293364501383
0.18827609845579749
0.22133633022843585
0.29847260119174
0.25668207736226667
0.1907748606796908
0.20835527212122396
0.28787253682197783
0.27213638378669985
0.19706526063166194
0.19750663815719302
0.27293658828855816
0.2871961599565015
0.2077327433361379
0.19098632276298166
0.25742663114921827
0.29807772225131907
0.22067041163436996
0.18834109178031694
0.2434527109836832
0.3030752364896188
0.23375810690940912
0.1878139348356741
0.23039331426358958
0.3023437725247906
0.24693099748176323
0.1887592445118511
0.2172544107527673
0.2958095580002954
0.26131832744114153
0.19223615800866595
0.20463683352478246
0.28355763571908177
0.2770163694145801
0.1999531256333611
0.19498975207324293
0.2680335709116045
0.2911503760342845
0.21162500492725964
0.18983949593756946
0.2529334676955015
0.300256962875284
0.22474677585191455
0.18801578269996003
0.23937636147954924
0.3034505412900215
0.2377786702534834
0.1879312359069908
0.22635330018951239
0.30096047424100947
0.2512018974485609
0.1894774318703826
0.21320494628236128
0.2925786200555077
0.266107132797473
0.19412002700557468
0.20120993024017494
0.27891522533504015
0.2817527293135691
0.20324098808175606
0.1929288229215439
0.26319721781149386
0.2945975866928516
0.215645032211176
0.1890121746344778
0.24860426425592538
0.30186340295866465
0.22879788528315648
0.18784460759875074
0.2353475901352665
0.3032882261370182
0.24183136050395804
0.18819182157406952
0.22228561738498362
0.2990091655664427
0.2556280812558026
0.19049028995417688
0.20925229624048172
0.288816856221714
0.27099441494153464
0.19645637123506077
0.1981565377180447
0.27407617427316894
0.2862119823962787
0.20685480882508173
0.19130554195446547
0.2584965335729632
0.2974878444788513
0.21972037678945358
0.1884426482045366
0.24441217700492626
0.3029103816512509
0.23282367648542185
0.18780515894696842
0.23132956336758953
0.30258564683872163
0.24595653566023126
0.1886279039150333
0.21820294479553842
0.2964804538502914
0.26022502241984274
0.19186014626117293
0.20547909868622974
0.2845951046544965
0.2758891384204197
0.1992434542795352
0.19553452198361557
0.2691714497603787
0.2902732686652669
0.21070515889192504
0.19007543607447944
0.25396339434835224
0.29980154317051955
0.22380037447917062
0.18807653959158988
0.24031885871274208
0.30341130751421314
0.23684192527525216
0.18789201355031085
0.22729557581646473
0.3013324457171083
0.2501955319894618
0.1892863599088242
0.21414099160369968
0.2933794487981042
0.2649817814944681
0.19364206105524306
0.20197646637959632
0.2800176427575069
0.28067086307453804
0.2024440017596733
0.1933679993038731
0.26431204603308467
0.2938441267441524
0.21470262820282873
0.1891794214270484
0.2495978422053631
0.30154019240904517
0.22785810052735392
0.18787211765081877
0.23628257161853672
0.3033739655734955
0.2408837046180331
0.1881169774083767
0.22323399396943258
0.2995144247465964
0.25458343825382845
0.1902250665616163
0.2101589920029699
0.2897361368971254
0.26985297954529064
0.19587202836322026
0.19882992862166415
0.27521229609000813
0.2852061433242175
0.20598967121337552
0.19164609830270912
0.2595756397936796
0.29686667782295134
0.2187704904197586
0.18855515641059561
0.24537700111777141
0.302716004921105
0.2318887809116944
0.18780314354034933
0.23226488411032647
0.3027977443810031
0.24498825868133023
0.18850854769061362
0.21915249716141885
0.2971202747600151
0.25914051513022146
0.1915065132920318
0.2063360272086328
0.2856132197777168
0.2747558514238225
0.1985562932115681
0.19610409292530073
0.27031192856918135
0.2893694710634895
0.20979321681140986
0.1903294666421261
0.25500248709751316
0.29931496226497945
0.2228526726328779
0.1881459786434852
0.2412644272134424
0.30334298494488515
0.23590641847412305
0.1878601927914867
0.22823627537695243
0.3016738432865219
0.2491972869257817
0.18911043124569674
0.21508127576146183
0.29415078959022306
0.2638627869725116
0.19318846960700883
0.2027623628749836
0.28110770618890163
0.2795756254465803
0.2016657729366132
0.19383135880938457
0.26543369409764356
0.2930608578395129
0.21376394224862444
0.18936134696486104
0.25059930793043433
0.3011865199710147
0.22691677168413188
0.1879068847808398
0.23721852133703106
0.3034305822494614
0.23993943434902554
0.18805108273186255
0.2241811959423078
0.2999884581986414
0.2535480528376562
0.18997840791852683
0.21107424292289353
0.2906293139415657
0.2687134000529389
0.1953124234552417
0.19952622649022939
0.27634334678956324
0.28418006290409104
0.20513850088592817
0.19200865865180852
0.26066372544633815
0.2962143356446658
0.21782127562411185
0.1886792519506824
0.24634770484904572
0.3024919513053646
0.2309531176991918
0.18780787341457605
0.23319955395191716
0.30298022933073576
0.2440256529904351
0.18840051874741193
0.2201025021272178
0.2977288665857776
0.25806508927980554
0.19117462177004643
0.207206452738826
0.28661051226677314
0.27361814629539266
0.19789228627587174
0.19669833781280371
0.2714537427867345
0.2884399856390188
0.20889027518272668
0.19060237866095114
0.25605088477675164
0.29879711909533063
0.2219038942526237
0.18822455617804093
0.24221359445965945
0.30324551164049895
0.2349717035142881
0.18783554183950088
0.2291754635472775
0.3019848552106621
0.24820676514961312
0.18894887232655208
0.21602494017530754
0.2948921248562424
0.2627509010196068
0.19275891520253557
0.20356659964515655
0.2821837185321941
0.27846872177704596
0.20090729749548625
0.1943192036438004
0.26656136452949375
0.2922483367852476
0.21282985776315905
0.18955873144464
0.25160904200759787
0.30080219963844973
0.22597385668570824
0.18794916065955408
0.23815589575571103
0.3034581277708396
0.23899802584741986
0.18799369958995116
0.22512702596760184
0.3004313800835482
0.25252175837810054
0.1897495188142266
0.2119969674819752
0.2914954272851848
0.26757690067677087
0.19477764060835528
0.2002447485602721
0.27746767045636256
0.2831352407787184
0.20430245930473667
0.19239383874496696
0.2617604658653074
0.2955310009923769
0.21687332674151427
0.18881560579674575
0.24732479531645063
0.302238051128311
0.23001642689009055
0.18781938422060332
0.23413389154967265
0.3031332498617821
0.24306819274656571
0.18830319659481434
0.2210524652736826
0.29830614191707455
0.2569989304010963
0.1908637867236871
0.20808920431104505
0.28758559645100146
0.2724776065278092
0.19725197688063312
0.19731702172586243