0.7777777777777778
0.7777777777777778
0.90316739528747
1.0186934683773359
1.1396961001675685
1.2474835011595355
1.1814225615053326
1.054933926077347
0.9408320029606233
0.8140008059977258
0.7540635985412885
0.8648307829860256
0.985134279374926
1.1010245679423505
1.2256113414586465
1.2186770862495595
1.092640414501478
0.9774307173592187
0.8557166448163908
0.7512544124628465
0.8232232655365972
0.9492898834733867
1.063419930803186
1.190508675108366
1.2441167601851575
1.1306884875834686
1.0110657875262286
0.8947617753803535
0.771151518854571
0.7850299134457176
0.9115719602566104
1.0265108238657334
1.1489408941641048
1.2497076271338263
1.1720632170089558
1.046492441137405
0.9323053133911455
0.8050503522026226
0.7579636392351216
0.8737576977603045
0.9927233891412669
1.1094910965275193
1.2319308270701197
1.211099569312008
1.0841835616880031
0.9694725378690834
0.8463322346814596
0.749647178002985
0.8327068845402172
0.9577150163731427
1.0719897720275762
1.199312506989888
1.239709339803226
1.12182627518191
1.0034881378416394
0.8862080633498028
0.7651534830522316
0.792927388734549
0.9200933842395568
1.0346169081073555
1.1584487855476502
1.2506661314664185
1.1624894153266534
1.038101172748819
0.9237060446509784
0.796421292524804
0.7628457350495252
0.8825561226939078
1.0003021715527465
1.1181399924573168
1.237576002568398
1.2029059868539833
1.0756078035287626
0.9612341634011272
0.8367437353185427
0.7493611201342101
0.8423160468176589
0.9660395028027763
1.0805903278248667
1.207724516838886
1.2343935766093106
1.1131029788994944
0.9959077390532324
0.8774717710006997
0.7599038494837491
0.8013771491972912
0.928695978949145
1.0429546329224866
1.1680565840515327
1.2502718613167882
1.1529099767569022
1.0298820139867584
0.9151374388010557
0.7882725748954129
0.7685498325793216
0.8911900375211786
1.0078805001963171
1.1269491155937548
1.2423849730290228
1.1942465030110119
1.0670116358479866
0.9528356057462999
0.8271810950227277
0.7504249560895262
0.8518064817526722
0.9741224875725085
1.0891015812692533
1.215572087429433
1.2283425843513427
1.1045641862256965
0.9883294881724677
0.8685997029983651
0.7555753483234309
0.8102057891971373
0.937259418047967
1.0513830725255116
1.1775220737152117
1.2485640584088245
1.1435474649493411
1.021947349780459
0.9066903288273573
0.7807470055262904
0.774918752154071
0.8996446565738054
1.0154735937812407
1.135887466811244
1.2462016142959051
1.1852740961133263
1.0584919671777233
0.9443919184514096
0.8178432063711321
0.7527444017765348
0.8610293022485891
0.981919476944974
1.097500357354592
1.2227728398133406
1.2216676431324258
1.0961648421721186
0.980692359216971
0.8595769539514014
0.7522958340856942
0.8193134369252095
0.9457399761449481
1.0598444867567303
1.1867225927196505
1.2456642631226003
1.134452134262656
1.0142585472783485
0.8983056465016557
0.7738624128637075
0.7819029451803258
0.9080293725309034
1.0231929038760499
1.1450210551831024
1.2489194947585598
1.176029653790188
1.0500372984432724
0.9359001238632366
0.8087785836410522
0.7561977642138727
0.8700224598903099
0.9895386787951863
1.1059132789126467
1.229350463224192
1.2143639104437771
1.0877536571935291
0.9728539307018491
0.8503099368126952
0.7501678462580038
0.8286939352624609
0.9541792728650225
1.0683782734185345
1.1956508269210877
1.2416814701115124
1.1255362380055585
1.0066727228922348
0.8898265294135004
0.7675927325469312
0.7895322840746584
0.9164962869166762
1.0311747848576285
1.1544269574732358
1.2504253334671813
1.166528773287804
1.0416159218949907
0.9273242330771985
0.8000002821235624
0.7606832762845926
0.8788748336749811
0.9971160420529542
1.114482108230022
1.2352947320642451
1.2064171417012126
1.0792223342736298
0.9647251554342162
0.8407856966903375
0.7493152936578464
0.838277482085355
0.9625623939291295
1.0769799075647049
1.2042483654132212
1.2367272998389631
1.1167488201379328
0.9990934918718809
0.8811628701140503
0.762007583497083
0.7977696954627987
0.9250784732554442
1.0394315120545978
1.1640229257708545
1.2506029723936878
1.1569199368091083
1.0333056828553528
0.9187265894068144
0.7916272255218657
0.7660639987261566
0.8875847464575205
1.004696325470545
1.123231001179882
1.2404770720642497
1.1979308387935603
1.0706185740910408
0.9563752001153002
0.8311809345840764
0.7498174939615156
0.8478463212085275
0.9707615288887796
1.0855406918256076
1.212351237135139
1.2309653525721738
1.1081300502791205
0.9915155822871128
0.8723433188873408
0.7572727567666494
0.8064585518565297
0.9336708532291972
1.0478365531801954
1.1735730634485848
1.2494344736456262
1.147447962186122
1.025246115037699
0.9102256877186068
0.7838300918016052
0.772167200955072
0.896108895321845
1.0122755538079367
1.1321130061518214
1.2447258615800523
1.189078039714482
1.0620618185768007
0.9479438273237637
0.8217343460057953
0.7516250265415926
0.8571866428667368
0.9786729572476811
1.0939784700191177
1.2198248018967928
1.2245472975492555
1.0996865927255366
0.9839177513667672
0.8633930568209813
0.7535401449060908
0.8154527100022483
0.94218363520463
1.0562825211978413
1.1828892688795023
1.2470205111117048
1.138246781177797
1.0174687209710758
0.9018318077120295
0.7766804787272349
0.7788909241037515
0.9045030211586375
1.01992312243818
1.1411515902020741
1.247917536518949
1.1799487912893984
1.0535863463499062
0.9394785331462108
0.8125557011138442
0.7546147547517883
0.8662638390228428
0.9863480058619609
1.1023647842568824
1.2266599888811676
1.2175128806468107
1.0913002430134953
0.9761817295807402
0.8542394150743692
0.7509142874719854
0.824719144128474
0.9506353822518592
1.0647804237497038
1.1919324124843318
1.2434811287895446
1.1292674219072314
1.009857058059309
0.8934105979134987
0.7701515018642269
0.7862464299900347
0.9129215889656696
1.0277832606897275
1.150440988797714
1.2499485551613632
1.170547521636266
1.045149292091755
0.930937635499869
0.8036500214833129
0.7586796320923418
0.8751690746131745
0.993931185269478
1.110857096225916
1.2328794192224732
1.2098319178696892
1.0828230427279029
0.96817605612273
0.8448125424236055
0.7495106546018403
0.8342363225870721
0.9590524780896845
1.073361941601141
1.200684390325475
1.2389183888807864
1.1204249321465967
1.0022797262660352
0.8848265292802624
0.7642618706540447
0.7942418034483986
0.9214624524452502
1.035934231225943
1.159980371793315
1.250694590158538
1.1609557137041389
1.0367752218921518
0.9223344141379011
0.795085139474387
0.763704796120808
0.8839451443443179
1.001510825411015
1.1195352535780558
1.2384034115061995
1.2015517616007412
1.074235199189236
0.9599018858911595
0.8352107396066156
0.7494415637912667
0.8438431379536465
0.967347468904727
1.08195580917619
1.2090173052493556
1.2334738782423407
1.1117287742722715
0.9946996667102267
0.8760654312098786
0.7591479763044043
0.8027634438098727
0.9300665133149313
1.04429541945329
1.1695804527105464
1.2500848145535761
1.1513989493491112
1.0285968563195695
0.9137820584036365
0.787029033917633
0.7695235589983561
0.8925486649324217
1.0090883955707959
1.128365007516721
1.2430631107332606
1.1928345323499532
1.065647238816101
0.9514911087713253
0.8256743645195289
0.7507140135769949
0.8532957568715696
0.9753833960139949
1.0904462709943796
1.2167635496586349
1.227319145255798
1.103218915188413
0.9871190222187506
0.8671733424047963
0.7549796575015884
0.8116398273140273
0.9386163751336828
1.052729428529745
1.1790074638246242
1.2481783970865614
1.142080997649256
1.0207082939648235
0.9053531115358905
0.7796074668494872
0.7759905224799252
0.900981773803847
1.016691768777692
1.1373277068928709
1.2467110764208365
1.1838187648856797
1.057141156328166
0.943042722310335
0.816380001708041
0.753221708021184
0.8624757091941407
0.9831420227295515
1.0988362022755094
1.2238622900485823
1.2205464932415924
1.0948289258458348
0.9794600068385653
0.8581182161705803
0.7518764450206701
0.8207907577416218
0.9470871319353139
1.0611989653608298
1.1881643160069386
1.2450993935504544
1.1330212421734172
1.0130459844222683
0.8969640592875702
0.7728214544463657
0.7830754523235653
0.9093707999097685
1.0244454330729793
1.146501956445573
1.2492441721167267
1.1745303719892541
1.048692079951975
0.9345384261118612
0.8073583646771437
0.7568465085358448
0.8714418943134941
0.9907470515977748
1.107266640782518
1.230342547169181
1.213139082514472
1.086402286751885
0.9715775981192258
0.8488063753697588
0.7499432356688893
0.8302123306124505
0.9555218177608324
1.0697469220692009
1.1970470346595476
1.240953124252518
1.124126372209149
1.0054648698732473
0.888458021393847
0.7666527918864505
0.7908077653422078
0.9178584148253344
1.032474893641057
1.1559491618684516
1.250544812219488
1.1649979532844326
1.040279861531092
0.9259517715249528
0.7986335718151398
0.7614855754908283
0.8802743951032461
0.9983245494841364
1.1158659974106147
1.2361766143402328
1.205095868080819
1.0778523234017854
0.9634050108622185
0.8392531468177218
0.7493042247519988
0.8398108559748683
0.9638858955047618
1.07835091703717
1.205578094263101
1.2358580736585485
1.1153620168714637
0.9978848884707311
0.8797656720956856
0.7611911062741383
0.7991295415475002
0.9264511061497411
1.0407655590963167
1.165555133276313
1.2505053044989196
1.1553948486896244
1.032001102294899
0.917362525711348
0.790341964286183
0.7669927086255947
0.8889564505522225
1.00590429036298
1.124638913051622
1.2412209278417863
1.196540083433749
1.069248809349668
0.9550335681105947
0.8296593536168284
0.7500211514897338
0.8493541430596526
0.9720428156324253
1.0868943065470944
1.213586579481417
1.2299834853400615
1.1067737852487871
0.9903075286640048
0.8709258907399947
0.7566074822778964
0.807874201699225
0.9350340747477426
1.0491813883190202
1.1750765722587646
1.2491296523756834
1.1459623688786238
1.0239889440816645
0.9088824969641058
0.7826469821560217
0.7731983630198057
0.8974524523719813
1.0134868523388212
1.1335412982569646
1.245308047959698
1.1876406155709538
1.0607059806677397
0.9465971435020132
0.8202525028022731
0.7520256081600439
0.8586496536498611
0.9799089686274349
1.0953150081910938
1.2209562144353645
1.2234677709042674
1.0983501524447017
0.9826977610816399
0.8619501807489974
0.753044770331127
0.8169114909576387
0.9435336922954525
1.0576323847455777
1.184348993710124
1.246528991287459
1.1368031657690567
1.016248206751226
0.9004955200691955
0.7755988329437272
0.7800201320601187
0.90583940296268
1.0211583297623372
1.1426136737475905
1.2483221612664082
1.1784679159950315
1.052239567142247
0.9381229927962902
0.8111173561638176
0.7551932461516624
0.8676926739328764
0.9875595553320426
1.1037078991254534
1.227693250532069
1.2163320439199234
1.0899574441648814
0.9749255639649541
0.8527548266769714
0.7506051960615925
0.8262217590620894
0.9519803031369016
1.0661433209744355
1.1933490504075264
1.2428193783424626
1.1278495697357103
1.0086489478223455
0.89205496489994
0.7691674345911002
0.7874795281922451
0.9142747220264008
1.0290634885181975
1.1519479144939961
1.2501567162313654
1.1690265977137304
1.0438074499581043
0.9295680974519986
0.8022580783294736
0.7594201874547041
0.8765774086544292
0.9951391233504068
1.1122281167303294
1.2338105553518142
1.2085487321416541
1.081459381771148
0.9668724182403305
0.8432880409121495
0.7494083064403068
0.835768268811217
0.9603869783745942
1.0747345571431397
1.2020457329718737
1.2381049220836504
1.1190272187314028
1.0010711405977546
0.8834403415889918
0.7633899086934159
0.7955697482395583
0.92283326752096
1.037257036505446
1.1615136074868184
1.2506882606893082
1.1594229492891421
1.0354543363163822
0.9209641702234839
0.7937620296013399
0.7645839948270364
0.8853296655657379
1.0027193560822594
1.1209343183022875
1.23920877111955
1.2001864940869253
1.0728626817787112
0.9585662345495496
0.8336795870480804
0.7495563838514592
0.8453659900727355
0.9686485493748176
1.0833183628131238
1.2102948983457287
1.2325363205968798
1.1103595816904253
0.9934917929060172
0.8746559802255136
0.7584162897950497
0.8041585042916808
0.9314354128066372
1.0456377831883872
1.1710995545635359
1.2498646722796936
1.1498944604165668
1.0273194618421828
0.9124302091693379
0.7858019483450835
0.7705134678246907
0.893902637468756
1.0102966879628874
1.1297840065111346
1.2437154090015694
1.1914152822070234
1.0642852132813232
0.9501459691080526
0.8241741671177293
0.7510344587391834
0.8547776617608152
0.9766369069983992
1.0917880610887758
1.2179383235392813
1.2262802823844692
1.1018769269820305
0.9859067500408648
0.8657430210479564
0.7544110679455094
0.8130806302595666
0.9399711379980388
1.0540764773464855
1.1804857529112773
1.2477630182965573
1.1406213577456534
1.019475179098829
0.904017085515007
0.778484127148475
0.7770778424212181
0.9023177209775451
1.0179137442381583
1.138773341317756
1.2471922648029163
1.1823565105404354
1.05579178503403
0.9416921235437596
0.8149237330014706
0.7537273419891442
0.8639166552431198
0.9843606754840418
1.10017311700431
1.2249361700953667
1.2194091734788983
1.0934919096846893
0.9782217946072298
0.8566526983679796
0.7514867066392015
0.8222751828687804
0.9484335740678042
1.0625556136308028
1.1895992777943263
1.2445073724245541
1.1315943646237834
1.0118353051839308
0.8956192689971412
0.7717959085687528
0.7842646380010664
0.9107150723504378
1.025705316476314
1.147990230243256
1.2495375379218743
1.1730245093508367
1.0473474867732049
0.9331743465935703
0.80594538316621
0.7575211535038632
0.8728582019612039
0.9919549827184573
1.1086246184656285
1.2313185018532695
1.2118977684954677
1.085047386459816
0.9702934919358621
0.8472962075100849
0.7497516515810282
0.8317355958909353
0.9568628465369371
1.071117256857774
1.1984345604967235
1.2402005094697615
1.1227196003648234
1.0042568279238562
0.8870844962347665
0.7657306218983877
0.7920985178123896
0.9192235198243096
1.0337819494920915
1.1574757311640933
1.250629954643696
1.1634651454467888
1.0389470853604923
0.9245791449256235
0.7972777954094991
0.7623100249971672
0.8816701909438264
0.9995331919600337
1.1172544212867888
1.2370384637652034
1.2037614455783308
1.0764808475525816
0.9620797105297335
0.8377195064710856
0.7493279476828775
0.8413427319985389
0.9652040028427706
1.0797202554266803
1.206894395727935
1.2349690932806436
1.1139798359815956
0.9966764492960359
0.8783648080608046
0.7603970461745586
0.8005000346395308
0.9278233686059603
1.0421026544250465
1.167084972577306
1.2503734153537
1.1538744516268151
1.0307036235429643
0.9160015616984722
0.7890721681225144
0.7679389585546447
0.8903231324548103
1.007112098641511
1.1260498797270206
1.2419402997885172
1.1951408625396187
1.0678808596033993
0.9536905745832939
0.8281429066420003
0.7502576475805163
0.85085519117427
0.9733163128684145
1.0882444067467285
1.2148053635669787
1.2289856219167714
1.1054220220388067
0.989098906285229
0.8695052749437759
0.7559682682847102
0.8092969860696992
0.9363948957803591
1.050526811743752
1.176573384059519
1.2487937220751564
1.144484141431114
1.0227390016976359
0.9075419955294938
0.781480518252309
0.7742449159295927
0.8987930261447681
1.0147002465674473
1.1349737538504547
1.2458629490747006
1.1861964326502672
1.0593522416253893
0.945249684360709
0.8187777661347221
0.7524556649938338
0.8601060182475476
0.9811393419203902
1.0966506955471196
1.2220715357257308
1.2223726147258467
1.0970145131359037
0.9814736302480738
0.8605016668538821
0.7525778698530302
0.8183772419536993
0.9448824447036391
1.0589837865919152
1.1858018292652845
1.2460093398743646
1.1353647667779085
1.0150312466055083
0.8991577963157164
0.774532686698033
0.7811656152662404
0.9071772148593984
1.0223996889178293
1.1440827032890069
1.2486968873523818
1.1769799555907274
1.0508934315120109
0.9367651983157637
0.8096857915557311
0.7557987036115438
0.8691176859500069
0.988769499544619
1.1050545026296847
1.2287110498817473
1.2151344996443405
1.0886116102784698
0.9736618958241056
0.8512628873671318
0.7503276960743139
0.8277307680600131
0.9533245254337989
1.0675085534321527
1.1947582872108042
1.242131955776188
1.126434780315982
1.007441123147574
0.8906945824256612
0.7681997004050778
0.7887289899713156
0.9156313779838902
1.030351439883556
1.1534611832267254
1.2503316015628216
1.167501193474185
1.0424673564096651
0.9281970692133575
0.8008751328360979
0.7601847050776961
0.8779825788851642
0.9963472792537973
1.113604127427474
1.2347235899491797
1.2072505622778555
1.0800929338100027
0.9655620676999574
0.8417596460163328
0.7493404333595073
0.8373016664483204
0.9617178625454303
1.0761070483301962
1.2033957420721788
1.2372696781777817
1.117633411848572
0.9998624654206886
0.8820497482719393
0.7625383649652893
0.796910450683612
0.9242052572885417
1.0385846629098783
1.163047369932771
1.2506471626615026
1.157892235787312
1.0341391634192558
0.9195958712572084
0.7924527192676362
0.7654825688498171
0.8867094544771219
1.0039276896011993
1.1223369183472485
1.2399913544845953
1.1988109662970223
1.0714908078323704
0.9572278492273649
0.8321513093113219
0.7497052488070514
0.8468837283005672
0.9699423386473054
1.0846776714096966
1.2115567815692658
1.2315815246444484
1.108995397209035
0.9922840148281736
0.8732435110622022
0.7577093711274674
0.8055617525306036
0.9328023399900871
1.0469813169705133
1.172613187045904
1.2496119571427202
1.1483969413657087
1.0260498504729438
0.9110818253068165
0.7845914973964341
0.7715192112768836
0.8952522875069955
1.0115057420212037
1.131206296125372
1.2443414350513398
1.1899890171744785
1.062925593751356
0.9488002702133082
0.8226808002765023
0.7513857372842542
0.8562522394138592
0.9778833851429638
1.0931273986556125
1.2190965111174799
1.2252260393995291
1.1005376050256757
0.9846920789500211
0.8643083201121712
0.7538699468394772
0.8145282015372675
0.941323910369084
1.0554243991435188
1.1819569463231197
1.2473183984853495
1.1391681644672786
1.018247386722206
0.9026815582091264
0.7773767700585257
0.7781808825611343
0.9036532376326397
1.0191401996460385
1.1402248529872703
1.2476447722128576
1.1808872416114982
1.0544435870232254
0.9403398520807246
0.8134743098946295
0.7542609163687148
0.8653526281035671
0.9855761093906059
1.1015118279192573
1.2259946066426666
1.2182554786287327
1.0921531494772672
0.9769771556871584
0.855180092033899
0.7511271224048071
0.8237666527872577
0.9497794238441127
1.063914583722106
1.1910274210326928
1.2438885740358554
1.1301711352209396
1.0106259694957254
0.8942707253429737
0.7707858986274385
0.7854705398567438
0.9120625405824023
1.0269728212191391
1.1494857963788598
1.249799032189764
1.171512471644545
1.0460036917474367
0.9318080028973031
0.804539992302846
0.7582212309872275
0.8742714880135781
0.993162762837611
1.1099874524049147
1.2322778960608225
1.2106402407156822
1.0836890023261458
0.9690017445886472
0.8457799978653154
0.7495935800295415
0.8332629223442309
0.9582018725706993
1.0724888654295162
1.199812753294977
1.2394242518829435
1.1213160792466172
1.003048555952678
0.8857060295695032
0.7648268985863911
0.7934039449571381
0.9205911987457636
1.0350954604620068
1.1590056982200414
1.2506805069551088
1.1619314352585635
1.037618263400404
0.9232069376843168
0.7959337556699733
0.7631558724113386
0.8830619370327883
1.0007418742219105
1.1186471142335903