0.6779661016949152
0.6779661016949153
1.1789209998422958
1.6149917586753684
1.5170790947890307
1.555695255220486
1.7099391647135382
1.1531287434479098
0.8479469479633108
0.29125786435901835
0.45312928235147026
0.4529360366546443
0.29078728063636844
0.8474040334251476
1.1493686033637742
1.7054295027567297
1.5199711409102619
1.638232891973008
1.9773888383920168
2.2505589852244174
2.7350594302196387
2.9633072754749787
3.06940244036257
3.396545206915855
3.408980096143528
3.097113004376014
3.106002556612862
3.4571293670684122
3.233744921028069
2.703339029998369
2.6936940209103284
3.2195015852375306
3.5001877688807594
3.2200694422467167
3.6406985439235724
3.0915980763829483
2.6819684824280774
2.5082566574144884
2.709179674322311
2.1556607243189543
1.898322170451765
1.3971518148285909
1.9436910716671991
2.4190785670431705
2.145173886342417
1.5939440064565327
2.096572899286012
2.3725483845827036
1.8330533040853454
1.443877764191819
1.6714637080323156
1.1158880047939794
0.6743185573761477
0.5745671321901854
0.9110442351516844
0.9609095746692966
0.8743771245887272
0.42280269983026486
0.9743586737267896
1.5312822804184805
0.9828362709104224
0.4270838361680218
0.9422803064300703
1.3488186004771736
1.4220510259378236
1.0976576186301548
1.093192887678638
1.3973150022746825
1.4349734217860892
1.1796075039421714
1.517730953213214
1.132487619496524
0.575624041141418
1.0643431932426939
1.408519963581389
0.8815318693948628
0.37163220340623093
0.5625710115414011
0.185726849890201
-0.33958104857788046
-0.2160168675323682
0.34099668187257187
0.04435402335813793
-0.37054531424110043
0.18458559375134126
0.3641139397888894
-0.1513421037150654
-0.6226892481798433
-0.491437269679161
-0.6516110351775267
-0.9935563150154011
-1.3174226248507992
-1.5974456830080928
-1.6450449717271884
-1.1772456596944476
-0.6993997291658276
-0.5768371318652081
-0.937658514631321
-1.1091361982005261
-1.5774615945907327
-1.022451737760751
-0.4662707932045643
-1.0165220139397166
-1.5727968871212403
-1.0607957474611855
-0.6674952851788278
-0.5197215218573705
-0.7327442362747543
-0.19801420303550865
-0.17426559909196576
-0.6580923343748806
-0.16267379974727397
-0.12156646406605684
-0.476128171892955
-0.1897467036364316
0.3600569419631539
0.0783957436346881
-0.3970484749699975
0.15727933955181894
0.416394827745784
-0.05506708393176779
-0.5992040303242743
-0.087807055833099
0.23196381346624262
0.7213155303449894
0.895426617007818
0.710099609131413
0.24718865113257765
-0.07079365815389588
-0.5546320194206231
-0.006116544661883938
0.5457243789836189
0.03802107394536047
-0.40102817449672057
-0.24388413405550652
0.2961757725997057
0.2724689527233564
-0.2751959929791677
-0.28936380621760033
0.2540212188971938
0.3628465181923769
-0.12265277879997943
-0.6612238209737313
-0.49684320888742617
-0.6717475378032052
-1.0553975223250451
-1.553794550378855
-1.0010978362239387
-0.4479352565352609
-0.9506735501628424
-1.356293389776401
-1.4048566789018915
-1.0523902653225377
-0.8582889575402616
-0.33031549130550253
-0.7410434620163707
-0.34224142607831537
-0.8860535593658718
-1.2171363675778641
-1.7234735251612343
-1.86845858575988
-1.5710611599080724
-1.6359205482434827
-2.0104211690913303
-2.411100905317823
-2.276406907386586
-1.7655633773259227
-1.494635065620429
-1.749005870493394
-1.2518546606920358
-1.5089012312013594
-1.2246319090127904
-0.7065375164086736
-0.649218928400682
-1.1297979553213329
-1.6643075581014144
-1.5248624031571771
-1.5787040346198928
-1.7944482662357926
-1.360252008938081
-1.906070577416505
-2.2976444225645207
-2.5607355526220763
-2.499426209998337
-2.562731214038769
-2.7168126721108026
-2.161203152440792
-1.9009199774495393
-1.4022937869551684
-1.9529273125342583
-2.4550938371248607
-2.039909727595504
-1.5455580951355075
-2.0922850116516702
-2.6081110039747157
-2.3388938889215938
-2.8951206246893384
-3.3533343488816403
-3.3286032612578174
-2.850334377529782
-2.3377181110344187
-2.4204452959092326
-2.6118693181032646
-2.8039771910455764
-2.3748042036071237
-2.9293147237111716
-3.407235941537696
-3.1657266248797242
-2.6105138337465528
-3.0660338694975793
-3.353662913603012
-2.7999112827736337
-2.571576152544375
-2.998085021563929
-3.42025187242872
-3.2245556847677985
-2.6785179568981725
-2.8163503309037314
-3.365656110759293
-2.93155338157703
-2.6825178898779725
-3.2391260883807114
-3.255189608967436
-2.698151258573294
-2.8744401455458486
-3.3736110997713613
-2.8473980464187
-2.6946791561181924
-3.250362139332806
-3.2879891231767098
-2.739080091354974
-2.6820933694135753
-3.2101191073164967
-3.5129493344824305
-3.249119127284819
-3.7382528162779356
-3.4363669969335247
-3.8966699510052893
-4.452987629215905
-3.9290329822036902
-3.5378719310536106
-4.0114954130239155
-4.505044119350645
-4.00355910221078
-3.4967768952394573
-3.9987727560677975
-4.498891919089934
-4.000492779090436
-3.5013257328447165
-4.002534916665277
-4.507551906285236
-3.9919538389905833
-3.4876692658655486
-3.9721263065787014
-4.4012648311592235
-4.258556687635686
-3.728551495415928
-3.629879099885983
-4.096839386253072
-4.65360016754052
-4.351173645284555
-4.9071529367638655
-5.390125155246579
-5.194495444108333
-4.6374815562768585
-4.995004478629507
-5.365756993572867
-4.808714938406849
-4.6083305356126445
-5.091144158273267
-5.647475810061216
-5.335866861908378
-5.89209287978041
-6.306389266730243
-6.511889523076838
-6.345604539285314
-6.878166535166913
-7.375327277891074
-7.200355325267011
-6.64332907463153
-6.986022523411894
-7.365913647050703
-6.809008089525556
-6.618731933208338
-7.113804398345475
-7.655029597786096
-7.45992268431383
-7.778877310027227
-8.285623340532794
-8.398684584759788
-7.983526172855732
-7.532215231634086
-7.908670562425219
-8.447715114258909
-7.892181835731957
-7.485004823905065
-7.854613489895608
-7.750518149558984
-7.202952508750296
-6.945559396055645
-6.537373341809436
-6.846162352661653
-7.403127535290849
-6.940887767989309
-6.6229848456313825
-7.169928531314126
-7.526140080142988
-7.244745697635891
-7.715938015087654
-7.325531685387918
-7.85736140752717
-8.060122575804476
-8.439952940014376
-8.23694562041711
-7.703323763896311
-7.70458792568361
-8.238750751257486
-8.434086987657395
-8.045340908749246
-7.784391590040004
-7.2477468298240755
-7.090804334644677
-7.247383912618326
-7.784468313150874
-8.044197724845702
-8.429071732090652
-8.25537305413042
-7.732269309358772
-7.600147889061278
-8.025449040211639
-8.502603112727773
-8.020811795015275
-7.506676832454039
-8.029350671333107
-8.578485694540145
-8.050505734812058
-7.604298354260065
-7.754857615435843
-8.295512029513366
-8.271680965892122
-7.723540943542396
-7.716426114901006
-8.26256537658933
-8.32882289627623
-7.8107014948816555
-7.4279820038533915
-7.595219586666461
-7.15776410720366
-6.629647317833159
-6.863138931087197
-7.3987408211279035
-6.8769920029905185
-6.639708787641321
-7.179025571191
-7.537409811876806
-7.288197434894682
-7.8313430697114885
-7.989165190804163
-8.110281841578004
-8.550785805990321
-8.025557256044586
-7.477417104988037
-8.006021494954023
-8.540893805664144
-7.984041715706792
-7.431443594337045
-7.904240388646431
-8.12728648621888
-8.648803666423415
-8.18160938749335
-8.262750429236835
-8.80559027584271
-9.108801024941704
-9.639018906295195
-9.167620179090084
-9.19227573413578
-9.721316868554863
-9.454922784229687
-9.847417509489413
-10.3964512086847
-10.016584068713614
-9.59639985855982
-10.150045345829241
-10.525044998773959
-10.219231052835998
-10.617392736777369
-10.060729406709545
-9.536451252387588
-10.004305765402496
-10.463810642563312
-9.945149591938224
-9.388337477058416
-9.823972657402415
-9.708907046686974
-9.21132522624994
-8.848539516742772
-8.293757556790268
-8.396125123862893
-8.6473310292931
-8.89356182570862
-8.776946491388985
-8.220386064936482
-8.0946583577652
-8.29458051200318
-8.7389763546823
-9.043284871573032
-9.461742835511565
-9.142849477604932
-8.586937801285908
-9.080381127543266
-9.387154526890306
-8.851582228730686
-8.409479719484098
-8.599465994946016
-8.139023917410299
-7.603022479565984
-7.939142731823116
-8.416733960141197
-7.859776787343483
-7.497849028391799
-7.85402108881354
-7.730557822173143
-7.2064625969625355
-6.883160095546075
-6.339236971750225
-6.730261210564025
-6.288205056075023
-6.722528597301373
-6.304318900652253
-6.791036732541992
-6.653175155288559
-6.289088402730425
-5.968674289471992
-5.565338126800704
-5.781824289597682
-6.32785209173327
-6.168582062059152
-5.625160693416071
-6.0956885905892255
-6.315048800385897
-5.75801086197447
-5.727783136264306
-6.28280005804143
-6.215679785702565
-5.6611414733239425
-5.999658768275619
-6.339123762061835
-5.784610704699942
-5.71674523409193
-6.271689893730955
-6.244143695818881
-5.687146138630028
-5.894926758687209
-6.376009669831143
-5.836381101656814
-5.676000646566016
-6.224737114982654
-6.406104072306396
-5.962380823827892
-5.452135650422457
-6.005682403773424
-6.556652280318082
-6.068805919119679
-5.738502742220145
-5.314964072011355
-5.150992690174129
-5.48807541139973
-5.185134510561075
-4.635882850179811
-4.92684083504612
-5.39833953438994
-4.8429565567760156
-4.572549788061069
-5.0297357748042355
-5.538078634452507
-4.990236991864147
-4.4496067752687996
-4.921570710788069
-5.197403152019352
-5.7446762735300405
-5.830181847199615
-5.3894085288572
-5.946070385435069
-6.464236947347644
-6.004652591299841
-5.53606428934445
-6.060342493535688
-6.61705411731679
-6.217120771918511
-6.514590884250261
-6.175253698222692
-5.627755310260542
-5.934288902643081
-6.401690151607794
-5.845150536121702
-5.551449522255274
-5.980296597113979
-6.361961847248277
-6.424491832751376
-6.116001167391742
-6.194799417115021
-6.740189009234124
-6.593463837442214
-6.41786411243752
-6.30972587560158
-6.857778504655799
-7.278869948426414
-7.561582800254639
-7.480888439241656
-7.627027657035023
-7.9099196732677886
-7.891369008091883
-7.525802085078227
-7.81873390350531
-8.371644659658944
-8.037889574500175
-7.608373255430816
-8.165391188259333
-8.452248334044274
-8.037079359147425
-7.718871412388297
-7.3322210908912915
-7.17453623581156
-7.5778582936396095
-7.041288437036626
-6.4842898690336055
-7.037889181319394
-7.590457635621359
-7.162685737732693
-7.244042012608618
-7.797770015076242
-8.01944818496624
-8.301764563800262
-8.666578178090012
-8.848440538977735
-8.524915123127743
-8.773786187663118
-9.30364368272689
-9.290636841896905
-8.755085688509922
-8.584818254635078
-9.000938406995724
-9.419234814568494
-9.232419799686102
-8.690242361172082
-8.770141219748407
-9.327099396116228
-9.076288623819853
-8.624355802560618
-9.174552144622979
-9.348251642270284
-8.81612511530285
-8.450625465481961
-8.670349903685954
-8.115818775851688
-7.666608244025832
-7.606145822919208
-7.996191787114382
-8.376611108945442
-8.38970760932231
-8.023870257222278
-7.724906589979972
-7.307660117182005
-7.110440073476058
-7.292009296951154
-7.753019629676872
-8.074384437240782
-8.566278773037224
-8.010681279330353
-7.453645739381266
-7.986433643162441
-8.503445368223746
-7.9820663924295285
-7.486045096331105
-7.9579627428949555
-8.336250097471083
-8.49144166279074
-8.307720064208901
-8.864565943669524
-9.242796177337441
-9.668438756540821
-9.772912776198206
-9.246404425305439
-9.416357371926619
-9.535472975612718
-9.539585770201928
-9.39847721237324
-9.190939161893777
-9.597429921763885
-9.04589214366644
-8.494910766420617
-9.048230482928282
-9.557151113001572
-9.160283634084934
-9.278638112205579
-9.79299178590524
-10.136353842046328
-10.692702918709575
-10.470710373726927
-10.782445911630637
-11.297644308977542
-11.348106094860198
-10.866281184442498
-10.336556758566726
-10.463212330638802
-10.46419610001835
-10.338977973540041
-10.865540388002747
-11.35101514209203
-11.28311458182159
-10.756176604838814
-10.555223290852968
-10.920871656195503
-11.041821851406969
-11.299865842327229
-11.689968635198005
-11.915976299986728
-11.854735851640786
-11.379237159477773
-11.923941473711514
-12.354000439295742
-12.373658610082353
-11.962929112598228
-11.476433723780264
-11.997634712014271
-12.521699592211524
-12.028162372142084
-11.587798895931122
-11.784046885559789
-12.335153975909414
-12.123924470608266
-11.611557029863144
-12.144095879071259
-12.34434004108118
-11.8013444646771
-11.511300054190988
-11.83435123912472
-11.606120087800667
-11.47120833846574
-11.506680265798728
-11.447912954111874
-11.325492668183387
-11.864835814618136
-12.325679372621742
-12.392915325836986
-11.995719943174228
-11.588166529514977
-11.735004500840109
-12.256147082675199
-12.432616898758939
-12.0546582576338
-11.836554175249582
-11.285081695392869
-11.482333013325688
-11.34400497368753
-10.972865062421931
-10.536626947442297
-10.882347619482765
-11.43209542433508
-10.894446516720551
-10.560472187150365
-11.03597464995601
-11.56441119503061
-11.00927925238042
-10.457776468958611
-11.010531190369466
-11.566637350454636
-11.04544300133659
-10.600725701446397
-10.760909544665523
-11.304142182029173
-11.23908785015979
-10.68270028377435
-10.886401572645694
-11.379806936203225
-10.843322837088166
-10.671357258786152
-11.219371024420111
-11.422226278067054
-10.999566544499507
-10.575920184190055
-10.786209083186812
-11.336172143398944
-11.128603114234497
-10.611488098643607
-11.140325998321613
-11.341513066645202
-10.796188162223217
-10.531242243962932
-10.886670614087494
-10.875481021667161
-10.474928020402771
-10.931251280445606
-11.479409266994422
-10.923048265473893
-10.417657838472453
-10.74104088321554
-10.270001962555801
-10.624051801425566
-10.069937995875547
-9.544200923743237
-9.999316105724485
-10.455807268165664
-9.92929328400286
-9.375719998121609
-9.725230778578942
-9.242548930754847
-9.497709669613947
-9.249700822320417
-8.75044923618673
-8.50197022085778
-8.756601748343861
-8.27214890050622
-8.611649804159828
-8.067300720033586
-7.522377465262767
-8.045728475749753
-8.49355954882314
-8.03269317923555
-7.645337447367775
-7.565271054563242
-7.858490395480521
-7.675464378961109
-7.28861294235361
-6.992486011530749
-6.674422314554396
-6.4131387761817535
-6.3811017010633435
-6.782482176812364
-7.242067585696509
-7.579338936445081
-7.495075289284196
-7.596334020300488
-7.824739092362566
-7.475034775126832
-7.888180933800346
-8.444926397083144
-7.915015456269979
-7.546274974079168
-8.019232399314253
-8.524216743073573
-7.989427515267304
-7.466164712490917
-7.937340979049553
-8.258487942081977
-8.695870904590596
-8.875160574551796
-8.629513299182728
-8.434815086094682
-8.405578991151495
-8.740816089379479
-9.165615026614926
-9.691303492123582
-9.673654509666909
-9.187875056046845
-8.750932495409907
-8.40286813924486
-8.43884684140324
-8.613863693836999
-8.828641650017335
-8.478008255587303
-8.884918823909025
-9.441731895317048
-8.916100125696833
-8.554601428249043
-9.037595621639875
-9.572122748068164
-9.022911164438115
-8.492732676448368
-9.030159471598644
-9.530366192039027
-9.085723392539775
-8.876149459505315
-8.364588607266148
-8.86764095428351
-9.02972622774625
-9.287954783036001
-9.706559442394987
-9.947625450266859
-10.01346610713739
-10.12581640481447
-10.592619079941493
-10.035583084891186
-9.492998808879609
-10.04060302938431
-10.544716059172755
-10.126082460186746
-10.093693292040632
-10.375544039407318
-10.514149198922107
-10.423992926877464
-10.756714017001196
-11.217106463754806
-11.618493078748685
-11.585031347942508
-11.330690110057633
-11.020938175198083
-10.774596201740032
-10.243019995673126
-10.053372572871867
-10.046660259805053
-10.201204135925646
-10.758065783809517
-10.772107449203608
-10.222549977879838
-10.217894179758172
-10.762688900311097
-10.690279314917689
-10.20293039067074
-9.80281244063794
-9.306047918905563
-9.24082801070586
-9.789364192366467
-9.829631905660072
-9.361468827074987
-9.894005039239907
-10.211785023630947
-10.731737738420733
-10.87075541022908
-10.574938790227847
-10.624440965642437
-10.980264426272452
-11.280346203532668
-11.684275225344846
-11.873508713821177
-11.632138640381175
-11.424437901885177
-11.37288647921085
-11.80622310198307
-12.284547793128572
-12.460316544982199
-12.159548231712352
-12.3928295533427
-12.525923858319263
-12.482307724562563
-12.587260433492625
-12.782829778459387
-12.312359836198475
-12.767667204389012
-12.499158086945846
-12.770245202596291
-13.287333110478588
-13.36863763182653
-12.908558084962223
-12.35168152728496
-12.69465457741155
-12.165112879978809
-12.044730633165155
-12.079924843359633
-12.37836471636542
-12.488405027705413
-12.338909107531109
-12.87317841520891
-13.359356783792704
-13.261168682095699
-12.72108255672931
-12.684525716920936
-13.208610065175858
-13.525789036345984
-13.28664125504288
-13.831034586376898
-13.99333144720532
-14.133165063606757
-14.627168001306705
-14.098170685952836
-13.7676092705541
-13.28549288564307
-13.119995867468036
-13.363444413193276
-13.583288573665369
-13.648654793447758
-13.16500897059277
-12.680941637170871
-12.634360022730089
-13.080205869618789
-13.63188183525798
-13.20216585597859
-13.4135186911998
-13.499079598210077
-13.41033696078188
-13.779047831173749
-14.256584616226844
-14.523388885064588
-14.331062464469758
-14.881270051234768
-15.344389603651523
-15.34223053394595
-14.877319167967084
-14.33003466821915
-14.502839964190963
-14.320613189295546
-13.923408733726427
-13.390544005188978
-13.905327373020224
-14.212426260875452
-14.736107574374977
-14.879610159835716
-14.614566987996785
-14.490848149847533
-14.58314825328238
-14.22904274717336
-13.75626566358338
-13.443305299243159
-13.575914331425542
-13.209719874021372
-12.71163959329356
-12.588316948510244
-12.979339894918674
-13.315716993300386
-13.587431595448935
-13.609597686006296
-13.238777093663574
-12.798005146732116
-12.341829336868688
-12.322737442634025
-12.830741780123212
-13.277297309159207
-13.529188796982487
-13.372130882397071
-13.865826485193097
-14.38686729660211
-14.120554835853271
-13.590896379816261
-14.129748058916457
-14.396467838273011
-13.888061747857993
-13.353076108692441
-13.552067296129445
-13.196438949418008
-12.674307186173875
-12.74081441026612
-13.28911501732668
-13.25105794329649
-12.695582441864486
-12.842495568651502
-13.372254936871059
-12.880332668166663
-12.699547710823262
-13.256539034155772
-13.22613135031328
-12.671619672524304
-12.980533171277818
-13.34369470153469
-12.790755359657652
-12.715988987066286
-13.271290822251133
-13.240833985734161
-12.683794008737143
-12.910360467607537
-13.373631605567907
-12.828286642920602
-12.670817624910983
-13.215514854303615
-13.446513219535325
-13.061277019884852
-12.855356343628989
-12.320522130197052
-12.690510574263628
-12.167746773412988
-12.076707417510258
-12.250769004868243
-12.77907082368538
-13.048711532759928
-13.45268817342711
-13.178771170753398
-12.622961470661124
-12.995128659769943
-13.37980554507845
-12.823554749786291
-12.548962674978856
-12.957423509383709
-13.251236604118914
-13.722194147234953
-13.933284177640985
-13.916281044247972
-13.622017678402477
-13.505837162876714
-13.641915843835864
-13.13612532891467
-12.628173729465287
-12.815244000943906
-13.371019414705758
-12.960772023240219
-12.654862841180245
-13.211830256511606
-13.353001801673905
-12.837990699892488
-12.386896153826877
-12.515604653568305
-12.334461023043195
-11.971826418421436
-11.540398289994124
-11.869517353063106
-12.42262951720142
-11.902736672870809
-11.591710849671424
-12.104310647701356
-12.643586313147262
-12.41880103503759
-12.86385549357412
-13.40863818095742