0.1724137931034483
0.17241379310344832
0.05992154577959957
-0.06661897075283316
-0.17650266710760326
-0.16788023206304595
-0.05313232269441995
0.07335993702622204
0.18018877059878174
0.1628429955465797
0.046120588780309904
-0.08026964290539622
-0.1834851702032057
-0.15724153871942237
-0.038775588882662346
0.08744776775219208
0.18636889937746692
0.15103247580863846
0.031023038773247788
-0.09495215380347495
-0.18878039170381838
-0.14420977028899765
-0.02284152649525295
0.1027833454626211
0.19063228253137932
0.13682211432272523
0.014274690987108096
-0.1108745691395632
-0.1918289028720585
-0.12898072133096117
-0.005432871489754548
0.1190934473246163
0.19229318077934235
0.12085105544054471
-0.003521131597536295
-0.12725989742466176
-0.19199169511469472
-0.11262716375576387
0.012401937505144484
0.1351783181249549
0.19094637970099992
0.10449550245134474
-0.021038976458678846
-0.14267445720739436
-0.18922678689108385
-0.09660072662041362
0.029308903674040307
0.14962417995524335
0.1869269829598007
0.08902429721862336
-0.037153471669633356
-0.1559656115540318
-0.18413809070321596
-0.08177952597978905
0.044580948923995306
0.16169433281219603
0.1809267261637343
0.07481962220359999
-0.05165562953926987
-0.16684742874187863
-0.1773239129111739
-0.06805246591148109
0.05848189016865635
0.1714834380139041
0.17332387252766132
0.0613569861249474
-0.06518750365574218
-0.17566310603401766
-0.1688900050829541
-0.05459876656505325
0.0719080620194586
0.17943312453869575
0.16396578994663893
0.04764485292897713
-0.0787721893784514
-0.18281351229352272
-0.15848953765765356
-0.04037887105121113
0.08588637197376103
0.18578932278670934
0.15241250065154452
0.03271731189783823
-0.09331877932811176
-0.18830843522742774
-0.145719007609096
-0.024626201568054853
0.10108332897364168
0.19028814569722774
0.13844495067656554
0.01613466797560946
-0.10912799436187758
-0.1916324484282383
-0.1306882504299751
-0.007339394090602497
0.11733350018814855
0.19225794397939774
0.12260438247173408
-0.0016059872159989996
-0.12552764699186583
-0.19212028419215393
-0.1143841357321822
0.010517854950575556
0.13351501621815182
0.19122954499670766
0.10621873266842027
-0.019219389909923112
-0.14111391652921917
-0.1896466578866867
-0.09826411458342796
0.027575065322057918
0.14818784711429728
0.18746279074769448
0.09061621808398458
-0.035512070946656635
-0.15466150694441202
-0.18477182210217236
-0.08330260399747538
0.04302502661711555
0.16051926416519355
0.18164691452141465
0.07628822819044825
-0.05016748952191688
-0.16579096794549714
-0.17812710431579787
-0.06948928754767038
0.057036688287905604
0.17053226320679366
0.17421418340524608
0.06278955166950491
-0.06375674523986445
-0.17480490701485701
-0.16987737058700414
-0.0560561999753415
0.07046283359676228
0.1786597871726723
0.1650632888370933
0.04915472427312266
-0.07728631236960941
-0.18212348891439684
-0.15970993648285808
-0.04196387850120299
0.08433973062096665
0.18518897398146983
0.15376413813303963
0.03439170394910343
-0.09170084156520766
-0.18781186012223688
-0.14720145745489172
-0.026392308396947672
0.0993963772267012
0.18991490074192596
0.1400454928785055
0.017980536531301147
-0.10738897682808161
-0.19140296885154748
-0.13238068011425164
-0.009238936636988368
0.11557312185007358
0.19218759334204394
0.12435146970532394
0.00031071600892308704
-0.12378588596213466
-0.19221423432750792
-0.1161437503855953
0.008623994895260903
0.13183377366510698
0.19148093885328754
0.10795183071721949
-0.017383747368506744
-0.13952913268852501
-0.19003903327603658
-0.09994178744629229
0.025821825648388003
0.14672383526507
0.18797548487704097
0.09222366018115526
-0.033851057139039256
-0.1533290637089622
-0.18538583485444338
-0.08483954716738215
0.041451999036781983
0.15931729646834147
0.1823491796203861
0.07776680545699824
-0.04866675351273475
-0.1647102260332839
-0.1789124361585892
-0.07093070648941383
0.055584625179799896
0.16955969402509347
0.17508518993969038
0.06422058581896983
-0.062325361706408566
-0.17392769020652285
-0.17084293938338999
-0.05750589595253444
0.06902304230409906
0.177868682590464
0.16613609130055573
0.050651254176829405
-0.07581107877956593
-0.18141539127932754
-0.16090313287079464
-0.04353127604901652
0.08280734967367695
0.1845685059851464
0.1550873823799293
0.036046330847653865
-0.09009843744360631
-0.18729157795092388
-0.1486565430869772
-0.028139300317312807
0.09772326824077489
0.1895135051348668
0.14162253345964948
0.01981108981475732
-0.10565893758208711
-0.1911411868152756
-0.1340562843123381
-0.011129802757223944
0.11381416882695347
0.19208237264907752
0.12609035961175402
0.0022271173422267476
-0.12203656099471628
-0.19227322235803895
-0.1179041951237296
0.0067220001285381165
0.13013625574218446
0.19169978728215467
0.10969345973580585
-0.015533166579104973
-0.13792122443031463
-0.1904029455885089
-0.1016330669903539
0.02404963220454409
0.14523263154376664
0.18846418045265143
0.09384661974090683
-0.03217022612634135
-0.15196821751292444
-0.18597952444384477
-0.08639092303906734
0.03986113504274244
0.1580879903675435
0.18303328492235785
0.07925633695314988
-0.04715232818962528
-0.16360459114151243
-0.1796800334498589
-0.07237795925059161
0.05412440861451019
0.16856513188069674
0.17593730778910038
0.06565142843563572
-0.06089201133487755
-0.17303102361804037
-0.17178730305414858
-0.05894915483331005
0.06758743975933561
0.1770596627573004
0.16718481394075288
0.05213555486996177
-0.07434548295642635
-0.1806894297515049
-0.16206958464106208
-0.0450818254051643
0.0812886274909775
0.18392849938802555
0.15638233006316982
0.0376814380697225
-0.08851152683581999
-0.1867484593116786
-0.1500838197367585
-0.02986677717217888
0.09606463224803409
0.18908492902703739
0.14317499689029806
0.02162525392901979
-0.10393917170399025
-0.19084789894901538
-0.13571342895562077
-0.013010377724637617
0.11205843009967892
0.19194264227516644
0.12781911359764014
0.00414135897359659
-0.12028163195777022
-0.19229704330616787
-0.11966359497473196
0.00481359027443376
0.12842421552843444
0.19188539413611755
0.1114421598220086
-0.013668895883011442
-0.13629144099454368
-0.19073744429583214
-0.10333712754436593
0.022259079247139033
0.14371485618849505
0.1889279546997194
0.0954849544154344
-0.030469505199678157
-0.1505790092084758
-0.18655221531237187
-0.08795718919699165
0.03825180286998743
0.15683096970834282
0.18369891298976604
0.08075773064708132
-0.04562318354504642
-0.16247347173006338
-0.18042994805369056
-0.07383224118237235
0.052654775890910735
0.1675479612719234
0.17677089879560318
0.06708340935744263
-0.059455350961586564
-0.1721144284993805
-0.17271102704897448
-0.06038729750411785
0.06615474545932094
0.17623251099127613
0.1682100824315665
0.05360879198716907
-0.07288845412458327
-0.1799457345020457
-0.16320980035580862
-0.04661637745008082
0.0797828621812589
0.18326945876312767
0.1576491718883887
0.039297394477430636
-0.08693993779320996
-0.18618332503991453
-0.1514829702359305
-0.03157448378148242
0.09442095165546086
0.1886301424063065
0.1447019427867299
0.023422093966370364
-0.1022308404557676
-0.1905239633254378
-0.13735058385507518
-0.014879142390034586
0.11030761196015436
0.191768872995905
0.1295358293647712
0.006051603980886694
-0.11852305411517594
-0.19228561394070792
-0.12142002911712094
0.0029005461556937395
0.12669947996293232
0.19203715241602137
0.11319635819135307
-0.011792305795614008
-0.13464115639613217
-0.1910416091367401
-0.1050529980662451
0.020450907355852532
0.1421712650641675
0.18936585716151533
0.0971383792009441
-0.02874895826377734
-0.1491615925469592
-0.1871031658812014
-0.0895386862220808
0.03662347766321852
0.15554593093860591
0.1843456658778597
0.08227181198761654
-0.044078360518851584
-0.16131630540507758
-0.1811621558860806
-0.07529469948871628
0.05117450077738048
0.16650755714306315
0.1775862660871393
0.06851784188859146
-0.05801404247195431
-0.17117738508626892
-0.17361464412320154
-0.0618216587538505
0.06472365347036187
0.17538694590142728
0.16921252337610043
0.05507217725898231
-0.07143886369577904
-0.17918435688143944
-0.1643243300181726
-0.04813586446517763
0.0782892591095903
0.18259181010922215
0.15888818366334223
0.04089468558924292
-0.08538337248087427
-0.18559693852678408
-0.15285379944551195
-0.03326230713299384
0.09279256240509011
0.18815010285827277
0.14620256728321623
0.02520081828044196
-0.10053496519354324
-0.19017028637391753
-0.1389663328378164
-0.01673468561024813
0.10856332415905126
0.19156163799991632
0.1312386575702192
0.007956053935741766
-0.11676276033672786
-0.19223897422902442
-0.12317154814407298
0.000984693138651127
0.12496393457805627
0.19215455433897305
0.11495438099152194
-0.009904878823776733
-0.13297186179614717
-0.19131456352292947
-0.10677956588435636
0.018626001461948594
0.14060275061657787
0.18977692085255668
0.09880646341334884
-0.027008790128222687
-0.14771624109710657
-0.18763157469612152
-0.09113563103531164
0.03497574874983808
0.15423265239340234
0.18497306640149255
0.08379931633710858
-0.04251697872261376
-0.1601325679799062
-0.18187655468186012
-0.07676642610009132
0.04968240060595358
0.16544329258197804
0.17838364957013828
0.06995601623142127
-0.05656675933841067
-0.17021933869472688
-0.1744986481212606
-0.06325358071256955
0.06329283902371304
0.17452262575203664
0.1701927564918389
0.05652696136193766
-0.06999553244499934
-0.17840527143921853
-0.16541375593869342
-0.049641292387037225
0.07680693846146529
0.18189589926003205
0.16009971708211895
0.04247390642623855
-0.08384141366999023
-0.18498999917419612
-0.15419622765754742
-0.03493027244892592
0.09117965659160814
0.1876457441050724
0.1476762026625709
0.026960781041559675
-0.09885242302473989
-0.18978780950873103
-0.14055938203998475
-0.018575715033351217
0.10682706753539746
0.19132160331909814
0.13292581750204063
0.009852965855358678
-0.11500264364389381
-0.19215728663927134
-0.12491619177033639
-0.0009321162753456042
0.12321950715424025
0.19223719990887558
0.11671446665197731
-0.008008197601521161
-0.13128515600415475
-0.19155548775810988
-0.10851558216729179
0.01678538718815406
0.13901034112496613
0.1901601742420841
0.10048862886922576
-0.02524934972973482
-0.14624335419708573
-0.18813658771028163
-0.09274811075107041
0.03330832653349243
0.15289100334235728
0.1855805603450342
0.08534088143578167
-0.040938244207403524
-0.15892178272464957
-0.182572962388144
-0.07824845040853186
0.04817734352557913
0.16435454684784673
0.17916322183801064
0.07139919283205172
-0.055112193234284804
-0.16923970616180845
-0.17536348810831226
-0.064684406346746
0.06186096504228798
0.17363915322582915
0.1711513871316119
0.057974426925019876
-0.06855723754459751
-0.17760837853201616
-0.16647868382398714
-0.05113373313780491
0.07533494279685025
0.18118199119255643
0.16128419035120778
0.044035754057030335
-0.08231353165570682
-0.1843631369812086
-0.15551028314273244
-0.03657853828617834
0.0895822861870378
0.18711796545963633
0.14912231536729115
0.02870148316474458
-0.09718394415257448
-0.18937749574656357
-0.14212856629961135
-0.020401066146182062
0.10510022326516583
0.1910495169263328
0.13459561151325786
0.011740668225274073
-0.11324454038982759
-0.19204083331234728
-0.12665200667323534
-0.0028480203222651934
0.12146815057274804
0.19228480376166948
0.11847478060302631
-0.006103931467693918
-0.1295827341986036
-0.19176363178600428
-0.11025966915699206
0.014930225430276306
0.13739519814894674
0.19051465390764838
0.10218414941712625
-0.023471132129470856
-0.14474346176661812
-0.18861730669375626
-0.09437607717920171
0.03162104887681044
0.15152095266467408
0.1861675196789338
0.0868970399732264
-0.039341457212402425
-0.1576835297410674
-0.1832511162476501
-0.07974173187749908
0.04665825591107389
0.16324071371540413
0.1799250845273939
0.07284859561643922
-0.05364906075121509
-0.1682378826308812
-0.17620956285556072
-0.06611547297957977
0.060426688628019296
0.17273608056535444
0.1720889991455446
0.059415881681494295
-0.0671227194594798
-0.1767935074663997
-0.16751973412940663
-0.05261431707082963
0.07387224454285164
0.18045027016460488
0.1624420787669927
0.045581019949932355
-0.0807990914810936
-0.1837169082359265
-0.15679609401268416
-0.038207390827195264
0.08800036771856493
0.18656762229809187
0.1505405025357377
0.03042257172554902
-0.09553011081970064
-0.18894031656718413
-0.14367285363886428
-0.02220970953483764
0.10338404382099273
0.1907461967748013
0.1362464379924181
0.013617575847202842
-0.11149021434970426
-0.19189001118276694
-0.12837706415205893
-0.004761166006840581
0.11971182516570839
0.19229720009906018
0.12023343115689518
-0.004193821653499102
-0.12786637499915243
-0.1919383271760411
-0.11201032916120945
0.013061805146017874
0.13575861209841406
0.1908394176644298
0.10389215195155023
-0.021674779136855907
-0.1432172278090647
-0.18907279873208438
-0.09601934212319471
0.02991388683058785
0.15012257700336545
0.18673324683802411
0.08846821235759914
-0.0377260198166455
-0.15641745538503166
-0.18391067263940467
-0.08124715255148274
0.04512412991390727
0.16210121011456818
0.18066926516133336
0.0743054050988718
-0.05217611024356243
-0.1672132486802877
-0.17703721568872155
-0.0675481058042695
0.058988667541316445
0.17181291507786667
0.17300614808633308
0.06085265174829302
-0.06569068871434772
-0.17596042012983015
-0.16853753370637137
-0.05408422555757357
0.07241775338700494
0.17970084061162273
0.16357390533842314
0.047110582225887224
-0.07929736036150832
-0.1830517922705045
-0.1580538795571601
-0.03981723751319438
0.08643368774665858
0.18599551761969285
0.15193048722370656
0.032123837998491
-0.09389135773792923
-0.18847723924406706
-0.14519134786781399
-0.024000756351937894
0.1016796456905635
0.19041251806700354
0.13787680269041483
0.015482203301936212
-0.10974134196683423
-0.19170532518358474
-0.13008947729315187
-0.006669726983374688
0.1179524808758745
0.19227434557415163
0.12198848630630538
-0.002279665288810337
-0.1261379260700533
-0.1920789980584259
-0.11376595525900762
0.011181534356011921
0.1341019958931463
0.19113355794433629
0.1056116190232842
-0.01986107842469556
-0.14166545244275577
-0.18950210674529727
-0.0976775736272969
0.028186949557820445
0.14869606823864595
0.18727698010437255
0.09005469978780306
-0.036091443400767975
-0.15512328164317718
-0.1845512077467338
-0.08276550950301237
0.043574031129105906
0.1609354850350242
0.18139571452586958
0.07577075135173392
-0.05069212881779814
-0.16616517779307838
-0.17784672971420515
-0.06898361135878649
0.0575455667047106
0.17086912499407636
0.17390335475903834
0.06228607500963883
-0.06425983255077179
-0.17510881507034512
-0.16953270776572685
-0.05554468372998925
0.07097032354588131
0.17893372873518587
0.16468023153312505
0.04862539789030658
-0.07780751521839631
-0.18236818922443995
-0.1592839412050486
-0.04140860016282037
0.08488190899582239
0.18540239473290399
0.15329211248133268
0.03380521426631006
-0.09226797387212529
-0.18798921484023823
-0.14668328938013878
-0.025773462024189453
0.09998800385876791
0.19004940004478624
0.13948532826838228
0.017333176858243177
-0.10799949896307756
-0.19148737972031998
-0.13178741734096236
-0.008571920980975437
0.116192039541872
0.192216320048186
0.1237379911652072
-0.00036329847234936596
-0.1243992884752376
-0.19218517073391228
-0.11552484362837491
0.00929092940523897
0.13242687672151343
0.19139621517168537
0.10734139313503449
-0.018030961019809777
-0.14008907231661882
-0.18990426092567242
-0.09935029332650708
0.026440488295724845
0.14724174011196617
0.18779790012105732
0.09165667774776216
-0.034437355810580786
-0.1538008153546401
-0.1851722191224832
-0.08429750726836405
0.042007106339610745
0.15974302865438134
0.18210430463345909
0.07724570683346287
-0.049195949478012965
-0.16509304416274578
-0.1786383234435399
-0.07042327093264285
0.05609606476216929
0.1699041456751877
0.1747810991170188
0.06371749457745425
-0.06282882149732351
-0.17423833199283928
-0.17050587217096572
-0.05699695338205109
0.06952876089525305
0.1781488847196881
0.16576164821056474
0.05012649510686018
-0.07632865024641369
-0.1816664187528047
-0.16048665324434913
-0.042982107707939976
0.08334457699877112
0.1847889310788434
0.1546253344590696
0.03546676955595206
-0.09066010543344437
-0.18747716703049572
-0.1481480542441039
-0.027527228269008747
0.0983099480197577
0.18965779258484045
0.1410707619785406
0.019169244702893676
-0.1062661484804261
-0.19123686864047684
-0.13346912899780106
-0.010466026483047897
0.1144323776177637
0.1921233251970871
0.12547998575351835
0.0015534213198880459
-0.12265240004149643
-0.19225648170812984
-0.1172852073600524
0.007391602577884848
0.13073488595332416
0.1916265908612055
0.10908018278084114
-0.016185497078933242
-0.13848915928731437
-0.19027829095768584
-0.1010368750499102
0.024674899197731318
0.1457600338274727
0.188295137542615
0.09327419005438853
-0.03276350810000292
-0.15244995715316695
-0.18577312821864655
-0.08584375033762778
0.040422591285424886
0.1585233816359675
0.18279482733289662
0.0787312790810113
-0.0476864584305062
-0.16399623082539438
-0.17941214684317264
-0.07186833387932813
0.054638860723701235
0.16891738616546192
0.1756398145074491
0.06514825229823265
-0.061396315880184515
-0.17334855664682627
-0.17145762606933718
-0.058442326024887206
0.06809182995844752
0.1773461855193159
0.16681876679229843
0.05161496556160036
-0.07485978445256336
-0.180946719611102
-0.16166245342125235
-0.044538488664889145
0.08182112712599172
0.18415573317978895
0.15593021471497692
0.03710870445938837
-0.08906775992992498
-0.18694198187614292
-0.14958515171880432
-0.029261603518598356
0.09664616045086241
0.18923866286843444
0.14263198143666883
0.020989285412103015
-0.10454263087642165
-0.1909545639572071
-0.13513294440577084
-0.012350398394492729
0.11267530961927988
0.19199568100699949
0.1272125228138874
0.00346863319236225
-0.12089921801466158
-0.1922926839352827
-0.11904519157793092
0.00548524820389186
0.1290277473090228
0.1918239601508792
0.11082657025197769
-0.014325889891084895
-0.13686691726373812
-0.19062323884871468
-0.10273654481893013
0.02289072490127264
0.1442515224577362
0.18876778180320186
0.09490714360124172
-0.03106978071805558
-0.15107070999018068
-0.18635328394161102
-0.08740473577965115
0.03881981839008396
0.15727614452841931
0.18346699363061664
0.08022840328387468
-0.046162602540789216
-0.16287413810247242
-0.18016827784392528
-0.07332001081267504
0.053172680721609564
0.16790823608897157
0.17647988227309847
0.06657968227458082
-0.05996097230444729
-0.17243902608701092
-0.17238854486493008
-0.059882116082206685
0.06665826075849822
0.1765254381638927
0.16785221070728412
0.05309195695214408
-0.07339986912017529
-0.18020925004654748
-0.16281183352276946
-0.04607856344496422
0.08031089188554211
0.18350333268105168
0.1572069118897167
0.038731345195011105
-0.08749081112033037
-0.18638449864390316
-0.15099422034601018
-0.030976281873708503
0.09499717545142093
0.18879298237104894
0.14416799848989698
0.02279231462935817
-0.10283015525091592
-0.19064130360697587
-0.1367772956020762
-0.014223482461673348
0.11092257256362559
0.19183382025667212
0.12893368534466584
0.005380490846505381
-0.11914170131335827
-0.1922936511002745
-0.12080288964599184
0.0035736274387970085
0.12730726343407478
0.19198768347818218
0.11257902119196568
-0.0124534680842215
-0.13522367715928568
-0.1909381721655083
-0.10444838236745209
0.021088654676501076
0.14271691398600528
0.18921489095503521
0.09655530394746742
-0.029356188993961058
-0.1496631870863011
-0.18691196728456594
-0.08898084609724283
0.03719822436173975
0.1560009871842699
0.18412043379188817
0.08173793476863998
-0.044623396925430506
-0.16172619233012145
-0.180906719351666
-0.0747794666712436
0.05169628490023298
0.16687607288918202
0.17730162672138636
0.0680131043693915
-0.05852145013789624
-0.17150923429372295
-0.17329917353551974
-0.06131765420626416
0.06522675554742961
0.1756863835392686
0.1688626071397286
0.054558665623967995
-0.07194779516395977
-0.1794540889263646
-0.1639353300315781
-0.047603236592694304
0.07881310839214067
0.1828321834393471
0.15845567290612342
0.040335137058875356
-0.08592900471966906
-0.18580550172810473
-0.15237502278173926
-0.03267110072686506
0.09336338022670206
0.1883217143888788
0.1456779612248975
0.02457748995673148
-0.10112979273765618
-0.1902979785315218
-0.13840072528169045
-0.01608382824795708
0.10917581163697844
0.19163828113875364
0.13064160353951226
0.0072871803467229185
-0.1173817926949849
-0.1922593798202011
-0.12255636020650597
0.0016585519381389496
0.1255753010716303
0.19211721711462776
0.11433589584009202
-0.010569676054879046
-0.13356088993201304
-0.1912221974410761
-0.10617132429013627
0.019269523026328658
0.14115705282867833