1.7457627118644068
1.7457627118644068
1.8730415441447397
1.9595010074699648
2.019648248159371
2.0931567253989702
2.2118636257485105
2.2847650916750037
2.1670600736176238
2.0663559513434513
2.0058284694589896
1.949442868582294
1.8602216885501295
1.7333455271645344
1.7572087389337903
1.8832286853364106
1.9646533772654744
2.022517349091778
2.0957958307395685
2.215152167815634
2.2843525430392546
2.165134749079499
2.066036419959049
2.0075730483491845
1.9545558215103072
1.8710788406150516
1.7438881028474105
1.742952745052506
1.8701898721594568
1.953976961990398
2.0069470740217503
2.0649189991468373
2.1631027149882796
2.2833643668151606
2.217437726811317
2.0973883383279146
2.0234894499577734
1.9656410077476747
1.8848387718001172
1.759135034713071
1.731709840779394
1.858369722167812
1.9481928470788465
2.0044407834136297
2.0638535737845274
2.162526578743587
2.282685921487591
2.216958145338189
2.096704932065213
2.021862304904962
1.9618294532697935
1.8768431963110401
1.749797791584383
1.7415416984329584
1.8688568731663948
1.9564385559901891
2.0157798882519624
2.0859805032343726
2.2008178252782558
2.288127002936688
2.177383161442099
2.072189832576144
2.009066264106805
1.9523405803042646
1.8645127039108138
1.7372994674923021
1.752732052809432
1.8793635582694344
1.9622102843259552
2.0199910644742265
2.0915303999855315
2.2088505345459093
2.2866734288295585
2.170790814418126
2.069117940356665
2.009130863561501
1.955682121502041
1.8725272845185714
1.7454188726458573
1.7416746608327867
1.8689652363418612
1.9533584375243782
2.006612462365917
2.0646241822673637
2.162686085385386
2.2831189570251946
2.217810008296915
2.097620363810072
2.0235283314698442
1.9654962464612709
1.8844453865936341
1.7586419636898476
1.7322246599550313
1.8589462166126691
1.9486571800981558
2.005096403467753
2.0651607480056575
2.164951219218
2.2838280139206018
2.2141733835686797
2.094733304306667
2.0205652092985456
1.960350897774673
1.8743356514475256
1.7471109977830415
1.7443934864586261
1.8717051730840957
1.9585699478618164
2.0185482404795247
2.091179143767679
2.2089006832042055
2.2858633282531327
2.1698010519253286
2.0679139686540746
2.0067660794535547
1.9504197896257063
1.8617893173402587
1.734755835415988
1.7554609223277964
1.881726442076121
1.9636173795175642
2.021284299355016
2.09357198049797
2.2118556479096605
2.285707716275352
2.1681592933314473
2.0677436237562277
2.0086111854721005
1.9556632408738197
1.8729151248231817
1.7458587488351847
1.7409169522759829
1.8682197087041803
1.9526096882443797
2.005315120624606
2.061861132156479
2.1574218659033937
2.28022821809552
2.224032821834849
2.1021703521047264
2.026656268733653
1.9692882993007526
1.8911868632747864
1.7671217120275882
1.7253439629268716
1.8506245771257044
1.942987437853338
1.998760559198791
2.0536406371536953
2.143425845580583
2.2699371953798524
2.2398811643354364
2.1144959116896183
2.034765914332919
1.9784431249939394
1.9072170019676908
1.7896558912219078
1.7132803087165516
1.829919406269176
1.9308120763026684
1.9896107799722196
2.0409174466703743
2.120167576426211
2.246175199766944
2.2674589544123798
2.1403509689550386
2.053823403908942
2.0031858628576775
1.9548967662939178
1.8755920601676497
1.7491345425281293
1.7349938722572251
1.86229942048156
1.9465036651927496
1.9944952905057232
2.038380064721967
2.10953908129612
2.231564470864665
2.2817722034020407
2.1571326867512286
2.0667584149051166
2.0207451065750868
1.9905527947170791
1.9530757670813579
1.8818569949677215
1.7580290476922502
1.7221909719207624
1.8487370106284233
1.9337385261396236
1.9731429566307028
1.9916537003802135
2.0035359251744334
2.0182313811890213
2.0472864955005643
2.1113601814434646
2.231234800785803
2.2879502843330624
2.163785265786967
2.075615809845792
2.0392298589604585
2.0337151271574263
2.0550693716956454
2.117728026861759
2.238725258602135
2.2868268649568755
2.1610493909882655
2.077582198887868
2.0488717770741944
2.058999023708543
2.1144178265767746
2.231613324021792
2.2945562291348045
2.1707954244568803
2.085433294390993
2.060387744336489
2.083361471789881
2.165891530937701
2.291232148422027
2.2374836186716776
2.1181947167279183
2.060418507788624
2.0488005347547285
2.0759956659427012
2.157311169751685
2.2838605210248346
2.2434324931541605
2.121132389923248
2.0570022362472424
2.0354996355619925
2.0422899738932645
2.082229686687377
2.176677412665788
2.295151587643163
2.217214629601699
2.102718120965911
2.044752765949624
2.0205223603778615
2.0125663385028854
2.0146581067489455
2.0284493437784934
2.0645261065241045
2.1458384578172502
2.2730693076998074
2.2498746320494045
2.1246629642651587
2.0522344046763172
2.0174257922127175
1.996208393478789
1.972006425675896
1.9263044889650318
1.832332954415661
1.711189802495726
1.7784678252558908
1.896810500055734
1.9627729940654917
2.0016975256581335
2.041912822451741
2.1121890367569933
2.2345123439328765
2.2815625825070605
2.1563000793948177
2.0677636636600933
2.024924417455618
2.001309782557717
1.978725582103974
1.9396430255372752
1.8584764029856111
1.7311583734452352
1.7474154996395064
1.8734166722715255
1.9485500803683
1.98713770798579
2.0158041654457834
2.0566278857025764
2.1369055886384563
2.2641782122385425
2.2564559314089068
2.129784076337798
2.052315712476998
2.0116144613509785
1.979817766955162
1.9326840371971208
1.841155190392219
1.717167450458156
1.7709059229230535
1.8923778686122663
1.963239737584262
2.008003692233235
2.0587027164430993
2.1481004608204692
2.2742117109560596
2.237772034460445
2.113336891178746
2.036763962835351
1.9855144114416867
1.9238833739816408
1.8178914017130718
1.7098102026621496
1.8019833506255172
1.9147506947759456
1.9815511649470738
2.035366798992597
2.1132905917058853
2.238067219252348
2.2726838221066408
2.1464812463527303
2.056643673515981
2.003873801789302
1.9539396279689967
1.8726569347161603
1.7457227656295815
1.7391820572772856
1.8664885161051135
1.949997099353296
1.9997157995622192
2.0492251110224937
2.13209050871348
2.2593485482924858
2.255967245077266
2.128904393833588
2.04719082408451
1.9975728547209024
1.9461725154671932
1.8590336603304618
1.732009911702651
1.7550199583861334
1.880910820545309
1.9602124507506726
2.0124051358137613
2.0734821880429726
2.1779316634442107
2.289103005192442
2.201859962843876
2.087345429107267
2.018682786533358
1.9630504554295711
1.8825601790905147
1.7566384902979135
1.732559534929801
1.8594693235047197
1.9479664256025826
2.002378279366413
2.0585041302291285
2.15195140834152
2.276530026970139
2.229926710292704
2.1065171618301073
2.029166475913106
1.9715412634385616
1.894641073154528
1.7716073011659903
1.7224835719914457
1.8466490798495931
1.9406454816223297
1.9968888415288228
2.050888667530225
2.138394764256291
2.26551562355097
2.245988039106091
2.1197182368936818
2.0386899396663756
1.9836848340294104
1.9172177758272184
1.8055678846722654
1.709863750464276
1.8150643842578036
1.9226964093078385
1.9861255422923583
2.039701797680297
2.1201345265378446
2.2463474487341633
2.2660228711029298
2.1388878055463367
2.0518554524460386
1.999148597979732
1.9458224785698577
1.8569544876540338
1.730273512953189
1.7586164720340607
1.8840975420068775
1.963384576620451
2.0178645726242066
2.0848918930527565
2.1976502802583124
2.290038656820988
2.1821871256132446
2.0759903276633698
2.013947120948768
1.9618728972147221
1.8837172734755905
1.7584336557946807
1.7291272996099496
1.8558010163619991
1.9440578397322437
1.9953212543743202
2.043136799820403
2.120800161847326
2.2465825627102776
2.26903154958806
2.1419192043662756
2.056371916878025
2.008842530045053
1.9679457682408608
1.9037549413247943
1.788432290093255
1.7084564144192533
1.8248118905449753
1.923605506287327
1.9741450127170568
2.0051177744599693
2.0400450745722263
2.104355701719215
2.222329736861858
2.289905935282979
2.16860220315225
2.0754944407928315
2.0323342783720606
2.0142306203871696
2.0074531020732
2.006634866294062
2.011123587582876
2.02448744965857
2.0570984258050857
2.130847096656478
2.2570819814504333
2.268067820021326
2.140790732220224
2.0628220021188604
2.0295574676917933
2.019558675618842
2.0251946761532453
2.0508121950318547
2.1142806675528782
2.234697133838776
2.287433789194683
2.1624458809586593
2.0764077207581852
2.043443064094413
2.0448529800282538
2.0816143950103605
2.173454417392431
2.2941235586469944
2.222023323660906
2.1060891091941762
2.0475169032330873
2.0247890607825734
2.0217702867895433
2.0361367985998364
2.0786132178280408
2.1729185691369253
2.292533961508299
2.218865208904138
2.102678711536597
2.0411597932677688
2.0101956115037263
1.9872011495013102
1.9542211318502716
1.8877086136253065
1.7666731321249878
1.7147136141922756
1.8395336252628178
1.9273610107586667
1.9655713789922886
1.9768222810525466
1.9695496617133825
1.9382373507715023
1.8625537314283092
1.7355474494312282
1.7381133007976268
1.8648650705359247
1.9395558202446914
1.9706979698552036
1.9787123722071454
1.9697094929072043
1.9368430817002567
1.8589885094935323
1.731710550252063
1.7429051674980263
1.8691111698188043
1.9426532587401775
1.9748272088529397
1.9871960248472387
1.989341096493723
1.9829618188073515
1.9630316234020884
1.9146884921555194
1.8129677905673798
1.7031019125762503
1.7965856154458044
1.9063249428480789
1.9617533180589117
1.9883074146106297
2.0056497321881652
2.027457847396765
2.0704766864082935
2.160694663584202
2.2847708957816466
2.229983972627961
2.1090857977887527
2.0407711073176706
2.001910200167995
1.9645072997160484
1.9011136510985085
1.785290899063898
1.7082313762062062
1.8261099407842942
1.9230833034523727
1.970610346394703
1.9956408190933734
2.0172430383998408
2.05228646093966
2.1249499085615224
2.250254037598054
2.2726430406140365
2.1453948147115
2.064177131218105
2.0279505901668267
2.013607542466428
2.0101204546473452
2.014728288058612
2.0310745183527423
2.0716077180416352
2.160599117392043
2.285067522307799
2.23169802843474
2.1107390053385866
2.043378981504789
2.007591181454237
1.977669988675496
1.9307359937481376
1.838278329204681
1.7151702115664187
1.7736147213663114
1.8941295653970425
1.9635942453379884
2.007053568133952
2.055772448361422
2.1419144207005485
2.268978063416662
2.245782745842407
2.120018824707723
2.041954867878739
1.9927968773929396
1.9383753487306248
1.8445185393472008
1.720693127901063
1.772506780060051
1.894953072983605
1.970281405645102
2.0252439208567563
2.097656836667655
2.2171634030948244
2.2846405137021573
2.1646437519572803
2.0667365866934504
2.010451513193724
1.9617822449778224
1.8865277676306798
1.7624265690702077
1.7243680547151488
1.8504014433028884
1.9393410997627114
1.9880084059417062
2.0276811993798542
2.0876920307267994
2.197611084169929
2.2939519942816444
2.1875921590664453
2.0822666180858067
2.026054882374827
1.9892138550348384
1.9442039180149424
1.8610270479279611
1.7337160957641835
1.748529230650216
1.8748462662064165
1.9527683175782435
1.9978380115235115
2.0412859897181614
2.113979547487104
2.237439291308222
2.278205947216332
2.1522870160327394
2.0643269540304803
2.0196566739100903
1.9900150162744306
1.9526682648616907
1.8812923160473645
1.7573166584225448
1.722642574841044
1.8492796182252214
1.933970963839059
1.9731565789481658
1.9914504764246204
2.002952587808134
2.016804997271081
2.043919633687341
2.103904087661893
2.2197752748708326
2.293474782085289
2.173616288897347
2.0801710047851394
2.040077766473773
2.0313595459069527
2.047677133671616
2.1005319740686508
2.2115873347111523
2.2986008656014096
2.1837892398501255
2.0870440087766062
2.0474582363800575
2.045171982861043
2.0786258035537197
2.166331602382958
2.2901801472248096
2.230635719391627
2.1116981690542715
2.0502090354716382
2.026346575161783
2.0234196846894696
2.0391876983439605
2.0852755878513447
2.18549957915082
2.2971807624216924
2.206078323201536
2.095672558598202
2.040489195600932
2.015959100403657
2.004059336565923
1.9953963476059318
1.9830631075269642
1.957339278425894
1.8995080604825192
1.785869610291436
1.7045013063192638
1.8214040395201196
1.9175666970351724
1.9598002431320585
1.970676238720474
1.9581269029148234
1.913057277280539
1.8126834925835436
1.701827016077543
1.7946517623850389
1.9040956151557493
1.9573864156279643
1.9781858203584664
1.9816270995495233
1.9703851357739595
1.9358738206293222
1.8560709222588458
1.7287545847621748
1.7470797724605196
1.8727206668762322
1.9454830123431117
1.9789238072964204
1.9958503050028489
2.009481132406194
2.030624636059993
2.075388653426265
2.1695967595868817
2.290143293225725
2.2203694904781988
2.1027912077228597
2.03829949526698
2.0018302568305075
1.966766256437043
1.907090341528342
1.7953052666630065
1.7054106125859172
1.8169203827927598
1.9185416551848604
1.9695707518420242
1.997502862087183
2.023482568408258
2.0675041767212745
2.1567923173583936
2.2817879787818036
2.233232260660163
2.1110768843110486
2.040559471652202
1.999044629348327
1.9568080114870867
1.8839188373129976
1.7600037833540871
1.7230127984243149
1.8493399695791672
1.9360714046847782
1.9794562229280905
2.0070714931081177
2.040180223566812
2.1029491669618783
2.2198002039261375
2.291501335980605
2.171356906992127
2.077267622110406
2.0340798949786816
2.017330556636385
2.0143972347652825
2.022974939412224
2.049737995907663
2.1134760712004126
2.2337841105074943
2.28748633968355
2.162697097908565
2.076056370567528
2.0420295514276843
2.0412077448228296
2.0730117517779925
2.156122363440759
2.2825098821705114
2.241779087593042
2.1192037339256284
2.0528868862627903
2.0256542617202267
2.018736426913942
2.026798927632654
2.0560425541367433
2.1262311397769946
2.2511717894139625
2.2747711071662438
2.1475074820005755
2.067966482895193
2.036747557686833
2.0346051899487687
2.0599759096585943
2.12948000258018
2.254751296222893
2.2737723749762884
2.1464484423864865
2.069270121017471
2.0419836280998838
2.0480684126508324
2.0917072725479833
2.193470810752069
2.3006057640672726
2.201760023801634
2.0956595645699125
2.0479571178991964
2.0374393926115584
2.0567859528108556
2.1188687062927634
2.239944135763271
2.2869074048965277
2.1609357267257128
2.0783788343757275
2.0514618726057634
2.065481285761481
2.1289407301150436
2.2526492968918057
2.2807120291843153
2.1534425728398645
2.077819759897865
2.0591715203259584
2.087552728563551
2.1766346093016193
2.2977356826480007
2.2243928372779234
2.109909518333529
2.0571513589688006
2.0484811147812767
2.078309241655369
2.163075177102492
2.2882885058162583
2.23603301622262
2.1157932617864534
2.053848367627038
2.0323380161107143
2.036593625305616
2.069738672934089
2.151912425228779
2.278774178588114
2.245300758352087
2.121520999173526
2.0527317594590015
2.0225365460267297
2.010099981014844
2.0057244015384286
2.005927481486697
2.0108713035939316
2.024487324720151
2.0573432670886462
2.1314577825991314
2.2578116515397713
2.2672807720272408
2.140031007716987
2.0622871739680746
2.02888401319776
2.0182050756230225
2.022077041465933
2.0435087211246077
2.098029131787649
2.2090035028153503
2.2976333657543426
2.184153327632379
2.0856650384600064
2.042468477016716
2.0323825029332645
2.0481513606761803
2.1008480732176325
2.21194211104165
2.2986903253406235
2.1836915282254425
2.0871783388587724
2.048033647710001
2.046671431830893
2.082169582107204
2.173402607545209
2.2943604874218226
2.2228591247005993
2.1069015476859057
2.048856869351667
2.0277695610529842
2.0288002772840237
2.052728096152561
2.1160318620075262
2.236836341847929
2.2868993952773806
2.1614597917444445
2.0766868910917617
2.045589520894627
2.050644660389499
2.095250036105429
2.199288955457828
2.3015842732659593
2.1971442111971955
2.0942465108036967
2.050725307035726
2.046889519425564
2.0801735282227605
2.1686462818417227
2.291786272058104
2.228563485684137
2.110556531805116
2.0504977463229106
2.028463561177714
2.029088731829526
2.052844851817381
2.116077990564073
2.2368684112449837
2.286948775443938
2.1615056295001893
2.076775525190161
2.045802540439437
2.051156099718009
2.0964237465275364
2.2014032587067147
2.301676046360389
2.1953223259406505
2.0935876255457506
2.051410207071854
2.049548859262203
2.0867746809654175
2.181749137787407
2.298363014117507
2.2146982136714692
2.102666787502807
2.049524112096785
2.034358632088147
2.046624913909433
2.0949662606963493
2.2011414023894686
2.3002134698748447
2.193443958642598
2.09126423843378
2.0466409997630324
2.03836836219617
2.0606689602345583
2.128004871245017
2.2525510541496407
2.277002088241265
2.149713526907624
2.0722845252655127
2.0470489790885247
2.059265580957402
2.116755493264863
2.2355216364396315
2.2920122637571607
2.1671193366524832
2.0835012917588784
2.0592267137326026
2.0820598025248396
2.1636844801972694
2.289510061841245
2.2397149370482565
2.1195609560476916
2.0604967826890594
2.0474983622509817
2.0723160478990534
2.1494263706774124
2.276728239992957
2.253111688100033
2.128482766314316
2.0611307841682587
2.0391753741992424
2.048441775598299
2.0953389020720685
2.2008139241065203
2.3008343534159432
2.194626389801426
2.092399875641135
2.0485549796873936
2.042639870864716
2.0706046685394375
2.149177343665226
2.2764378332128548
2.251430926632299
2.126816722143944
2.0583979160458243
2.0330552914333615
2.0339865025386077
2.0618788715348417
2.134782476369531
2.2612759243463465
2.2668039468802683
2.139725828678229
2.064639391348394
2.036284724506458
2.0367180760391927
2.066254352466708
2.1433494538873337
2.270648685643004
2.25666713168022
2.130809721096061
2.0592358381687697
2.0308562018974783
2.026921749393496
2.044468052540722
2.096112296782678
2.2047085978263614
2.2989933443008854
2.1888804716020247
2.0883560944686823
2.044115839883854
2.0342358604471933
2.051679592099369
2.1084496901468146
2.2243288898944837
2.2950119808731415
2.1735918642837673
2.0835237397160036
2.050667160044082
2.0579642599873296
2.110061245636766
2.2242788735369676
2.2981890007210843
2.177191071251145
2.088189603238297
2.060415078829717
2.0806611798766728
2.1593777395544036
2.286101896774568
2.2455744085900737
2.1237925265595794
2.0631020194022005
2.050343690723986
2.077625667889323
2.160008121193727
2.2861172824720315
2.2406477986857034
2.1192545475061704
2.0565341399141754
2.036265953276477
2.0449172674777225
2.0886030634238324
2.1888856314246343
2.2991933424568285
2.205062709137545
2.0964947111893477
2.045179846003494
2.028554695748695
2.034723278545354
2.0682720430046406
2.149867657207899
2.2769105623210564
2.2471972632115653
2.1228848757397825
2.053027548957497
2.021826168333345
2.007793251195805
1.9999712969898285
1.9921264238749063
1.9780068190569529
1.94659138639711
1.8762951597195752
1.7517326454165045
1.7240045312382941
1.8511274592843348
1.9323312486836777
1.965854036469603
1.9724569962234078
1.9570662455510521
1.908548979418334
1.8038433660355557
1.70075483869111
1.8033240420520948
1.9082936408842954
1.9570520453617877
1.972690502703722
1.9665233652659853
1.9339390906909932