0.23333333333333334
0.23333333333333334
0.15419179550284262
0.10251991661888754
0.09754568432159372
0.13916347215558744
0.21789364488418556
0.24501515305270063
0.1710880860340987
0.11001265235557728
0.0954765965493384
0.127648817531148
0.20233176483023974
0.25062157116435946
0.1871826221541555
0.1184401049724496
0.09502449650696278
0.11841856545779575
0.18714429838335372
0.2506149094774041
0.20236946574311748
0.12767376836507074
0.09547916521562795
0.10999242198406696
0.17104650084169679
0.24499357142786493
0.21793307456704347
0.1391963401935133
0.09755406020940768
0.10250378992381849
0.15415086147045404
0.23329793014028224
0.23336871244696003
0.15423274193486308
0.1025360599529424
0.09753732802090126
0.13913062874026666
0.21785421804659408
0.2450366950477172
0.17112966346433328
0.11003288714297664
0.09547403797599001
0.1276238824974907
0.20229406965589497
0.25062819869324154
0.18722093737758805
0.11846164746916679
0.09502450181923475
0.11839703237050567
0.1871059722010131
0.2506082146910328
0.20240716635784925
0.12769873102169416
0.09548174358311406
0.10997219929521533
0.1710049145903218
0.24497195364496716
0.21797250072695634
0.13922922757728157
0.09756245435198008
0.10248768248166118
0.15410994646248755
0.23326250862955134
0.23340406173501793
0.15427369413374092
0.10255221730137323
0.09752899262717184
0.1390978152086215
0.21781480042076862
0.24505819396665157
0.17117122643409863
0.11005312307667209
0.09547148988104044
0.12759896723195818
0.20225638625362163
0.2506347910272347
0.18725923792283167
0.11848318950053217
0.09502451244054949
0.11837550915239092
0.18706764974552098
0.25060148788533126
0.20244486063703085
0.12772370151531676
0.09548433125389355
0.10995198755161496
0.1709633339853004
0.24495030319983913
0.2180119169966376
0.13926212901658305
0.09757086540495291
0.10247159689456643
0.15406905709299779
0.23322707457605701
0.23343937546937613
0.15431464546147844
0.10256838602999097
0.09752067944722112
0.13906503680392573
0.2177753983688907
0.24507964639011195
0.17121276825271148
0.11007335688558789
0.09546895264353299
0.12757407569114054
0.2022187206514024
0.2506413471517586
0.18729751766653538
0.11850472761840043
0.09502452836446233
0.11835399924042418
0.18702933715539366
0.2505947301613878
0.20248254254492842
0.12774867585366684
0.09548692782405177
0.10993179001038404
0.17092176573142806
0.24492862361099693
0.21805131701227412
0.1392950392096482
0.09757929201249714
0.10245553575187155
0.1540281999626587
0.23319163376552943
0.2334746479422349
0.1543555892775303
0.10258456349610244
0.09751238977435511
0.13903229874960688
0.21773601824626915
0.2451010489268983
0.17125428223977
0.11009358529847976
0.0954664266359691
0.12754921181882875
0.20218107886928563
0.25064786607482614
0.18733577049521824
0.11852625837524068
0.09502454958128337
0.11833250606531484
0.18699104056674065
0.25058794264081197
0.20252020604994586
0.12777365003951638
0.09548953288378459
0.10991160992173732
0.17088021653004862
0.24490691841808845
0.21809069441629153
0.13932795284552713
0.09758773280786814
0.10243950162892426
0.15398738165579448
0.23315619199184656
0.23350987346868315
0.15439651894178796
0.10260074704971088
0.0975041248878213
0.138999606246959
0.2176966663984824
0.24512239821546733
0.17129576172813632
0.11011380504541424
0.09546391222419975
0.1275243795443558
0.2021434669168008
0.250654346827431
0.18737399030790472
0.11854777832564213
0.09502457607814752
0.11831103305016573
0.18695276611080008
0.2505811264652774
0.20255784512708438
0.12779862007231352
0.09549214601759655
0.10989145052774493
0.1708386930764566
0.24488519118049606
0.21813004285985965
0.13936086460617256
0.09759618641398704
0.10242349708618748
0.15394660873799468
0.2331207550548614
0.23354504638881812
0.15443742781707348
0.10261693403456025
0.09749588605247095
0.13896696447345128
0.21765734915921206
0.24514369092501356
0.1713372000662146
0.110134012858913
0.09546140976734693
0.1274995827813331
0.20210589079095537
0.2506607884638065
0.18741217101815427
0.11856928402746024
0.09502460783898131
0.11828958360924036
0.18691451991172853
0.25057428279604804
0.2025954537600787
0.1278235819495872
0.09549476680439334
0.10987131506104464
0.17079720205727084
0.24486344547589056
0.21816935600536097
0.13939376916849933
0.09760465144393007
0.10240752466813635
0.1539058877533321
0.23308532875784932
0.23358016107008903
0.15447830927193484
0.10263312178924627
0.09748767451818742
0.1389343785804312
0.21761807284735218
0.24516492375686427
0.17137859062090965
0.11015420547541056
0.09545891961764193
0.12747482542589084
0.2020683564734921
0.2506671900617717
0.1874503065568204
0.11859077204338495
0.09502464484452398
0.11826816114643354
0.1868763080838329
0.25056741281341943
0.2026330259441246
0.12784853166877402
0.09549739481772285
0.1098512067434977
0.17075575014758151
0.24484168489865357
0.21820862752913867
0.1394266612066978
0.09761312650158176
0.10239158690228216
0.1538652252217449
0.23304991890508986
0.23361521190960546
0.15451915668340852
0.10264930764839703
0.0974794915195583
0.13890185369136843
0.21757884376472614
0.2451860934456142
0.17141992678007098
0.11017437963650664
0.09545644212041374
0.1274501113554663
0.20203086992892827
0.25067355072297004
0.1874883908740579
0.11861223894210281
0.09502468707238233
0.11824676905423638
0.186838136729635
0.25056051771626636
0.20267055568777909
0.1278734652284808
0.09550002962584149
0.10983112878499404
0.1707143440085061
0.24481991305847858
0.2182478511237712
0.13945953539416128
0.09762161018212676
0.10237568629821414
0.15382462763655783
0.2330145312995348
0.23365019333620662
0.1545599634395492
0.10266548894368922
0.09747133827538924
0.13886939489980413
0.21753966819346035
0.24520719676030245
0.17146120195513265
0.11019453209026889
0.09545397761393629
0.12742544442718812
0.20199343710201442
0.25067986957312294
0.18752641794186992
0.11863368129973938
0.09502473449697585
0.11822541071212433
0.1868000119369841
0.25055359872140387
0.20270803701576734
0.1278983786303719
0.09550267079194627
0.10981108438198649
0.17067299028411045
0.2447981335786233
0.21828702050100443
0.1394923864059787
0.09763010107272765
0.10235982534647478
0.15378410146149904
0.23297917174002525
0.23368509981303817
0.15460072294256233
0.1026816630051709
0.09746321598826714
0.13883700726720716
0.21750055239320892
0.24522823050576273
0.1715024095840741
0.1102146595927439
0.09545152642934022
0.1274008284762554
0.20195606391514764
0.25068614576231885
0.18756438175671353
0.11865509570136884
0.0950247870896218
0.1182040894852527
0.18676193977663413
0.2505466570630057
0.20274546397134646
0.12792326788076458
0.09550531787434863
0.10979107671623294
0.17063169559874353
0.24477635009435827
0.21832612939429036
0.13952520892112025
0.09763859775314393
0.10234400651763116
0.15374365312819024
0.23294384601889295
0.23371992583968454
0.15464142861145064
0.10269782716238368
0.09745512584418747
0.13880469582112143
0.21746150259872216
0.24524919152369035
0.17154354313389203
0.1102347589092185
0.09544908889061379
0.12737626731471444
0.20191875626636646
0.25069237846519804
0.18760227634158225
0.11867647874223834
0.09502484481858008
0.11818280872334469
0.18672392630014556
0.25053969399210735
0.20278283061843705
0.1279481289920975
0.09550797042670478
0.1097711089537589
0.17059046655479734
0.24475456625163317
0.21836517156092258
0.13955799762429172
0.0976470987962747
0.10232823226152725
0.15370328903407693
0.2329085599199313
0.2337546659539225
0.15468207388424376
0.10271397874532186
0.09744706901229847
0.13877246555371653
0.21742252501788423
0.24527007669348452
0.17158459610266621
0.11025482681526592
0.09544666531446924
0.12735176473017826
0.2018815200272859
0.2506985668810571
0.1876400957480191
0.11869782702891472
0.09502490764905418
0.11816157175945638
0.18668597753764793
0.2505327107759887
0.20282013104371843
0.12797295798433997
0.09551062799810847
0.10975118424357949
0.17054930973004565
0.24473278570545615
0.2184041407845136
0.13959074720808845
0.09765560276874315
0.1023125050062841
0.15366301553975503
0.23287331921581284
0.23378931473396486
0.1547226522208252
0.10273011508562739
0.09743904664445743
0.13874032141968845
0.2173836258289621
0.24529088293342027
0.1716255620223544
0.11027486009817666
0.09544425601032572
0.12732732448434633
0.20184436104069656
0.25070471023404906
0.1876778340585622
0.11871913718071506
0.09502497554317889
0.11814038190857844
0.18664809949524203
0.25052570869751833
0.2028573593591697
0.1279977508867413
0.09551329013331061
0.1097313057163474
0.17050823167477072
0.24471101211817725
0.21844303087770428
0.13962345237536417
0.09766410823158583
0.10229682715734383
0.1536228389663568
0.2328381296655398
0.23382386680062647
0.1547631571056984
0.10274623351775541
0.09743105987485261
0.13870826833437497
0.2173448111780856
0.24531160720175543
0.17166643446143098
0.11029485555832357
0.09544186128024511
0.12730295031162037
0.2018072851183002
0.25071080777334787
0.18771548538903826
0.11874040583105792
0.09502504846014169
0.11811924246649136
0.18661029815283492
0.2505186890545591
0.20289450970424447
0.12802250373932922
0.0955159563729463
0.10971147648331904
0.17046723890947946
0.2446892491580579
0.21848183568435864
0.13965610784117838
0.09767261374083944
0.10228120109670433
0.15358276559336104
0.23280299701225188
0.2338583168192078
0.15480358205043301
0.10276233138008896
0.09742310981980934
0.13867631117230814
0.21730608717724562
0.2453322464974972
0.17170720702694697
0.1103148100102137
0.09543948141886201
0.12727864591789112
0.20177029803870178
0.25071685877319927
0.1877530438905639
0.11876162962863787
0.09502512635618877
0.11809815670859553
0.18657257946194067
0.25051165315932733
0.20293157624795083
0.12804721259435603
0.09551862625367821
0.10969169963509844
0.17042633792227754
0.244667500497612
0.21852054908196666
0.13968870833492952
0.09768111784815485
0.10226562918202305
0.15354280165614723
0.23276792698078264
0.2338926595014776
0.1548439205962699
0.10277840601602589
0.09741519757738379