0.22499999999999998
0.225
0.14640225918002614
0.0888749805502472
0.0692191629552903
0.08388308133993028
0.1358981065980388
0.2154747583855783
0.2329548682829517
0.15763429073713733
0.09486055373769099
0.07036586853332544
0.08062123226294386
0.1278754127114081
0.20676540892508105
0.2379881449536872
0.1673543301945047
0.10048078661301409
0.07195650675236433
0.07875309280594836
0.1223856069050376
0.20001906156883387
0.2406273023310875
0.1746995642480289
0.10498804070511415
0.073421841229037
0.07767194933973823
0.1186852747721015
0.1950836672808581
0.24188031440639451
0.17998706600962272
0.10837374775094276
0.07457560800713124
0.07695619782389308
0.11604347471270751
0.19137281608637619
0.24243013994315343
0.18388797777267246
0.11094553421071872
0.07544233111849966
0.07636249148285881
0.1139093776119041
0.18828089415862864
0.24261196807228513
0.18705190618025067
0.1130731404863286
0.07611520805772139
0.07573788336716818
0.11185782866811386
0.1852511133701386
0.2425395065702391
0.1900522617646727
0.11512596632106488
0.07670596488324335
0.07496404039050718
0.10951453813306952
0.18172868858810612
0.2421673543605806
0.19343703555486347
0.11750013526269375
0.07734865566401586
0.07393786119676364
0.10650921936411833
0.17709813596924517
0.24126494747923266
0.19778992677769536
0.12068480179981567
0.0782399466597394
0.07259527091132285
0.10249140894543665
0.17067657961465815
0.23930818204052873
0.2037286449289786
0.12533624270390054
0.07971693969058971
0.07101161121915645
0.09729184076331565
0.16192255596461222
0.2353887798283197
0.21167018575757415
0.13224474060190256
0.08232740717868076
0.06958823117877741
0.09130895084572499
0.15110286487764318
0.2286068355012259
0.22110875858388296
0.1418334030163867
0.08662003628566542
0.06905617427742375
0.0857496506417143
0.14000014684193965
0.21943925830711308
0.22999512400114852
0.15306644325814445
0.09235679092460908
0.0697927497693237
0.08176559642493741
0.13085564389424048
0.2101536720633575
0.23625546901499478
0.16361202547623718
0.09827067434581586
0.07129126978582492
0.07939784255893828
0.12439097438002858
0.2025617322170214
0.23975780235892757
0.17194615756768544
0.10327192818065441
0.07285025048706344
0.07805553494963682
0.1200489096955807
0.19693926411044516
0.24147731203505007
0.17800923330888466
0.10709344627958668
0.074137465542191
0.07722627594445361
0.1170462346389834
0.19279839158656897
0.24226037904290182
0.18239995930890218
0.10995747758805018
0.07511351241335501
0.0766041270281785
0.11475913538928936
0.18952042037101802
0.24257026056133926
0.18579531421569986
0.11222388655134709
0.07585368234668062
0.07600779728021712
0.11272026607028482
0.186530790578628
0.24259970910574388
0.18879695525879345
0.11426233150496974
0.07646393545909508
0.07530898366880401
0.11054211542535296
0.18328194721102897
0.2423671805453767
0.19195521089365425
0.11645147883599483
0.07706623710697855
0.07439832164894424
0.10785558015797447
0.1791896382739337
0.24172750393065467
0.19583342269322285
0.11923250025654476
0.07782410281567237
0.07318884735218281
0.1042933790929432
0.17359120931952154
0.24029479396780057
0.20104457228652364
0.12318571287174927
0.07900508931389111
0.07167939746524327
0.09957742284927948
0.16583649039998954
0.23731658927512078
0.2081441280816775
0.12906840826851018
0.08106896872357919
0.07011349809282043
0.09381468516175695
0.15574624497730472
0.23177730578824268
0.21712588023757115
0.1375665999345013
0.08462805405325546
0.06912361931764789
0.08790238038460062
0.14446044209709483
0.22339288242290353
0.22655662813309416
0.14836746054465413
0.08987932860128453
0.069351232758397
0.08319320901073288
0.13430921743450897
0.21385240353566864
0.2340392156025265
0.1594725370778816
0.09589336257096244
0.07063088637452818
0.0802157197113819
0.12676014266842545
0.2054489269098234
0.23858711724630077
0.16879794406119886
0.10134882060495223
0.07222881064627684
0.07852412778083756
0.12163896668083594
0.19904875064057395
0.24091923255368752
0.17574548852449334
0.10564835925851097
0.07364500356196285
0.0775303247576199
0.11816933718164095
0.19437061388512988
0.2420128764819055
0.1807430179785986
0.10886739335681091
0.07474414193823331
0.0768496155055868
0.11565040379263333
0.19080884971719675
0.24248256187062867
0.1844720995275157
0.11133564701796143
0.07556983005697548
0.07626004444224563
0.11355878175357109
0.1877666817545088
0.24261695073808365
0.18756818264392108
0.11342372125455123
0.07622011055093425
0.0756175759168682
0.11148301110821882
0.18469227092323892
0.24250017541072338
0.19059555366307718
0.11550223187887494
0.07680922431152742
0.07480691686770718
0.10905170578021023
0.18102435411639067
0.24205910855209453
0.19410461533582501
0.11797795461556501
0.07747816903400481
0.07372845138759873
0.1058942256037546
0.17613306183041283
0.24102197821734267
0.19868853361918645
0.12136428645332778
0.07844136801598883
0.0723322307023013
0.1016740284091754
0.16933511805473223
0.23880006008649868
0.20495783229928144
0.12634986864492553
0.08006979833574
0.07073565002791755
0.09628702773302436
0.1601666453332592
0.23443267123662032
0.2132363566220545
0.13371823079529796
0.08294173089971382
0.0694112584045469
0.09027366927721682
0.14912890538941248
0.22714093915236871
0.222762295003033
0.1437204321439487
0.0875371514527275
0.06909709438684718
0.08493007012205081
0.13823056729709604
0.21776815214364698
0.23129836114568508
0.15500655483461537
0.0934091228115368
0.07002041916501614
0.08125374026272675
0.12955013995568554
0.20869232983465033
0.23703686571859556
0.16523115255000953
0.0992198003606074
0.0715716123795441
0.07910908348971331
0.12350962441021571
0.20145555749553837
0.2401546371160468
0.1731462024911548
0.10401593587889565
0.07309637533207466
0.07788597434556882
0.11945271028305438
0.19613320949484814
0.24166258621533054
0.17887011481615137
0.10764869958741557
0.0743274972351218
0.07710982155340139
0.11661341346223203
0.19218547877080094
0.2423398397734018
0.1830415968945686
0.11038250150172205
0.075255855761682
0.07650295007952815
0.11439956907914801
0.18899715707414055
0.24259299199138795
0.18632783312285883
0.11258309684690053
0.07596555681563887
0.075897279698854
0.11236318746456109
0.1860020000222733
0.2425799560540854
0.18931766937983083
0.11461965951633192
0.07656505182238857
0.07516924825800866
0.11012347956180638
0.18265084900714512
0.24229256180936845
0.19255903566599028
0.11687689185812788
0.07718070472575386
0.074211904125174
0.10731101179432184
0.17834713140344505
0.24155182678354775
0.1966231625545027
0.11981438178222523
0.07798846486301615
0.07294629673167825
0.10356328200109377
0.17241726415445907
0.23991686414527919
0.20212784440389592
0.12404359478980752
0.07928301754409975
0.07139950386142802
0.0986405703547958
0.1642452311287702
0.236566803023052
0.20958305887866693
0.1303421208112165
0.08156234672477278
0.06987809334542949
0.09276271257813416
0.15381845954800102
0.23050835665583508
0.21879392132635198
0.1393093648437762
0.0854272342268372
0.06906715120457618
0.08696861852405946
0.1425557076648513
0.22174943684094156
0.22804995599617944
0.15034173456724598
0.090907571804925
0.06951645195707243
0.08255809150008214
0.13280325934770287
0.2122689384772003
0.23503066752058654
0.16125267750081584
0.09690699684402995
0.07090451939746223
0.07984889065096465
0.12571899228452402
0.2041954630038071
0.23911938567760394
0.17016762918266282
0.1021804100625464
0.07249468415804086
0.07831552050864571
0.12094158289784465
0.19813077583651095
0.24117503412831742
0.17673238132072067
0.10627567612480489
0.07385823582213276
0.07739771063640263
0.11768149792904353
0.19369100217759386
0.2421274922418905
0.18146104326610552
0.10933842877678793
0.07490435186106459
0.07674559387204712
0.1152699018117227
0.19026036512256328
0.24252538294927414
0.18503739371725664
0.11171435533637285
0.07569203098743602
0.07615594659475454
0.11320857184063585
0.18725152033963322
0.2426147450210685
0.18808242964238941
0.11377393659580363
0.07632311922412889
0.07549218718877802
0.11109752392832292
0.1841157753352653
0.24245155927127648
0.19115319962528338
0.115890178354997
0.07691471615086062
0.07464164816092798
0.1085670128087227
0.18028345413393077
0.24193372733627302
0.19480437989327187
0.11848268151495016
0.07761614523116793
0.07350911802238835
0.1052468126068522
0.1751103295095512
0.24074449348016333
0.1996382964382331
0.12209142830434452
0.07866217358125233
0.07206223677510094
0.10081996320430195
0.1679201219081385
0.23822752785361068
0.2062500271234152
0.12743608376260177
0.08045996262443171
0.07046685030331133
0.09526094535667648
0.15834993805099526
0.23338431437079832
0.2148448008871637
0.13527540710111985
0.08361037201780516
0.06926596062258002
0.08925914432816708
0.14715850060032248
0.22560731542861118
0.22438515401706677
0.14564950540988036
0.08849555105557302
0.0691778115717652
0.08416400636513811
0.13653267772600278
0.2161090167094609
0.23251152286204277
0.15691121133744212
0.09445820900379283
0.07026676645220528
0.08078878884255716
0.1283263187589469
0.20729006883784895
0.2377379545011941
0.16677747714551125
0.10013634295749826
0.07185005717973272
0.07884743821960312
0.12268774362520168
0.20040804721117672
0.2405040746776228
0.17427950270528064
0.10472415368674018
0.07333309900054463
0.07772931913598577
0.11889252383023885
0.19536841809302802
0.2418238905271241
0.17968450415297518
0.10817683187004189
0.07450826439660727
0.07699819332909393
0.11619899293542704
0.19159517532848674
0.24240715390352915
0.18365691956218144
0.11079156379265863
0.07539160429027686
0.07640171412907538
0.11404516919720467
0.18847963381700067
0.24260810930481064
0.1868515719115455
0.11293736749717481
0.07607409595467082
0.07578306447523114
0.11199999796865645
0.18546265395001743
0.24255235496744043
0.18984586265505238
0.11498343450944223
0.07666654698633768
0.07502258957050763
0.10968768602957191
0.18199141262532298
0.24220495330378944
0.1931873759936804
0.11732233167893968
0.07730066136543437
0.07401602566721381