0.3513793103448276
0.3513793103448276
0.2874075652397625
0.3483346461508294
0.35476686054795126
0.2880880195206297
0.34608942205113097
0.3580114551387559
0.28928208183995796
0.3449688186358632
0.36070041609945797
0.29073345772602927
0.3451211968797344
0.3625374488448034
0.292191069647415
0.3465239313301609
0.36332860732229394
0.2934656967197563
0.3489988737808477
0.3629617770653077
0.2944382884748406
0.3522175687818181
0.3614236531086981
0.2950415723489227
0.3557186168513137
0.3588526289003971
0.2952406668341743
0.3589745814023009
0.3555764991469955
0.29502465586410853
0.36150845956628613
0.3520767592534736
0.29440539136588073
0.3630001220431937
0.34888022303956595
0.2934188381818434
0.3633184612765227
0.3464437377265211
0.29213394932770465
0.36248173734743205
0.3450897260206277
0.29067237273460445
0.3606054218857723
0.34499011800164375
0.2892263050817615
0.3578871011523923
0.3461609025096636
0.2880485062483021
0.35462780919211634
0.34844637820609836
0.2873935863989397
0.3512445643758172
0.3515146350897492
0.28742270944128523
0.3482242735645438
0.3549056607648729
0.28812840634425363
0.346019852170186
0.3581348604327033
0.2893382882464458
0.34494967669212306
0.36079396814114323
0.29079454354750306
0.3451547846572613
0.3625913969130542
0.29224787300234534
0.3466059430579126
0.3633367996628236
0.29351204186186697
0.34911879062126216
0.36292144763053014
0.2944705623766717
0.35235886189330407
0.36133708753902877
0.2950578082129812
0.3558603166119831
0.3587294716146063
0.29523996794943874
0.3590953001816819
0.3554340002731913
0.29500706031529994
0.3615914913912966
0.3519364688258171
0.29437187434913775
0.3630364795467368
0.34876286589007705
0.2933714723033298
0.3633063666741747
0.346365379443399
0.2920765225202724
0.36242427288859963
0.34506037891992825
0.2906113042829456
0.36050900192744006
0.3450135705842984
0.28917097682914117
0.35776182306948784
0.3462342768537622
0.28800988268607197
0.3544885390335403
0.3485594413288744
0.2873807792180451
0.3511104315415673
0.35165050416890575
0.2874390121931197
0.34811528844627887
0.3550441777467213
0.2881696503021943
0.3459522090347896
0.35825729279664675
0.2893949054810959
0.3449326958934286
0.36088606187295436
0.29085561468834703
0.3451904820853728
0.3626435712926722
0.29230434912514636
0.346689755287227
0.3633430334053866
0.2935578676975421
0.3492399456681402
0.36287913718821324
0.2945022098562421
0.35250060285520385
0.3612487789500469
0.2950733619634285
0.3560015618003313
0.35860513895639906
0.2952385702440654
0.3592147567826162
0.35529115713331677
0.294988787323345
0.36167273363344654
0.3517967327895474
0.29433774080988306
0.36307084698234215
0.34864682942162756
0.29332360528701057
0.36329232891480734
0.34628887325140173
0.29201879991356067
0.36236506614549363
0.34503316198862505
0.29055026827647046
0.3604111729456536
0.34503917169359694
0.2891161159664029
0.3576356458439572
0.34630952786815083
0.2879721647217037
0.35434908263840564
0.34867380672505527
0.2873691494791896
0.3509769461030684
0.351786883072814
0.28745646618010423
0.3480077183831286
0.35518237964700156
0.288211734732222
0.345886508288298
0.3583787283512441
0.2894519147708421
0.34491787948351976
0.36097668144214057
0.29091665583998094
0.34522828146938317
0.362693961931184
0.2923604879563864
0.3467753499690859
0.36334730391851994
0.29360316845774087
0.3493623106325128
0.36283484962761486
0.2945332277810076
0.35264275573162257
0.3611587440084135
0.29508823217116525
0.3561423159493674
0.3584796607997729
0.29523647384624224
0.3593329232412911
0.35514800674380564
0.29496983857340814
0.36175217191018527
0.3516575861971787
0.2943029942211099
0.3631032221722084
0.34853214031689755
0.2932752434863052
0.36327635364408845
0.34621423549568636
0.2919607924089358
0.362304128006458
0.3450080812074645
0.2904892808127328
0.3603119519598328
0.34506691615132884
0.2890617413945087
0.3575085947872077
0.3463866378153855
0.28793536795918345
0.3542094727926187
0.34878944521808375
0.287358702441942
0.35084414220861354
0.3519237372390793
0.2874750635891659
0.34790159054131
0.3553202348779706
0.28825464273978135
0.34582276504932363
0.3584991435748397
0.28950929739925607
0.3449052302298298
0.36106581127660314
0.29097765189868746
0.34526817468871496
0.3627425589821696
0.2924162796425834
0.34686270862770535
0.363349606837479
0.293647938511951
0.34948585683298805
0.36278858928581686
0.2945636130993903
0.35278528439565887
0.3610669999559501
0.2951024174707041
0.35628254276977056
0.3583530674705904
0.2952336789481951
0.35944977209475965
0.35500458621800557
0.2949502158151838
0.3618297924036029
0.3515190638522485
0.2942676381453785
0.3631336033460522
0.3484188248493566
0.29322639340829226
0.36325844674907554
0.34614148209655893
0.291902511122095
0.36224146957269016
0.3449851421257612
0.29042835817753876
0.3602113562917726
0.3450967982886112
0.2890078720204609
0.357380695567067
0.34646558843741027
0.2878995077060239
0.3540697424909387
0.348906327259613
0.2873494428383129
0.35071205387869825
0.3520610320675042
0.2874947961165804
0.3477969316572428
0.355457712119658
0.28829835721102015
0.34576099391158815
0.3586185153029476
0.2895670347159707
0.344894750426234
0.3611534360806833
0.2910385879681899
0.34531015319757785
0.3627893528047961
0.29247171453425347
0.3469518123602866
0.3633499380701395
0.2936921723653462
0.3496105552001452
0.3627403609556302
0.29459336283940685
0.35292815254229143
0.36097356461029195
0.29511591656016484
0.35642220616624526
0.3582253897352567
0.2952301858062526
0.3595652763897541
0.354860932749747
0.29492992086329606
0.3619055818575293
0.3513812002983134
0.2942316762367823
0.3631619891333285
0.34830690888023397
0.29317706171671215
0.36323861435416016
0.34607062854946125
0.2918439673842749
0.36217710216047905
0.3449643498596071
0.29036751684075385
0.3601094035700393
0.3451288119427981
0.28895452674640887
0.3572519742065455
0.34654636095713637
0.2878645989606689
0.35392992492592823
0.3490244229402904
0.2873413748682129
0.350580714991183
0.35219873293495596
0.28751565497568426
0.34769376802932256
0.3555947803282455
0.2883428608257712
0.3457012089442851
0.3587368207271575
0.289625108145795
0.3448864418960119
0.36123954083077925
0.2910994493619419
0.34535420802576344
0.3628343339633148
0.2925267831837062
0.3470426418368397
0.36334829380288763
0.29373586465574886
0.34973637628094667
0.3626901698933425
0.2946224741071534
0.35307132370101096
0.3608784563652692
0.2951287282011211
0.35656127025313483
0.3580966587893242
0.29522599474070466
0.35967940969021084
0.35471708359749826
0.29490895559756053
0.361979527573399
0.35124402980915853
0.29419511224298267
0.363188378554853
0.34819641785662403
0.2931272552351054
0.3632168628168915
0.34600168992575003
0.2917851727434659
0.3621110373033892
0.34494570909058775
0.2903067734520159
0.3600061117341524
0.34516295045484674
0.2889017244586654
0.3571224570822118
0.34662893608053125
0.2878306564001294
0.35379005347666775
0.3491437020009746
0.2873345021955334
0.35045015926676065
0.3523368052100224
0.2875376309049975
0.34759212551019064
0.3557314087438349
0.28838813607048447
0.3456434236927081
0.35885403739361926
0.2896834991974453
0.34488030599467645
0.36132411077090876
0.2911602216050858
0.3454003297792181
0.3628774932269127
0.2925814763428177
0.34713517730013027
0.363344670506782
0.29377901015079333
0.34986329024384755
0.3626380218262504
0.29465094408551606
0.3532147612492999
0.3607816941905718
0.2951408512185864
0.3566996993704675
0.35796690624536104
0.2952211061358264
0.35979214608500254
0.3545730760680638
0.29488732196340695
0.3620516174064378
0.3511075863785021
0.2941579500072226
0.36321277101481436
0.34808737680908625
0.29307698094966206
0.3631931987240806
0.34593468087293966
0.29172613896521077
0.36204328675457265
0.34492922406406523
0.2902461448358579
0.35990149903843294
0.3451992066667344
0.2888494840163941
0.3569921709219259
0.3467132939992852
0.2877976943677234
0.35365016169680413
0.3492641338445308
0.28732882794465064
0.35032042025405796
0.35247521426800077
0.28756071417674883
0.3474920294989672
0.3558675668983851
0.2884341652512983
0.34558765117893525
0.3589701432016509
0.2897421894722083
0.34487634361279784
0.36140713140861364
0.2912208904363584
0.34544850864060006
0.3629188215698416
0.29263578496067905
0.34722939856566565
0.36333906494395135
0.2938216037450037
0.34999126688385435
0.3625839229602298
0.29467877003288423
0.3533584284260214
0.36068329763114754
0.2951522845010001
0.35683745809959305
0.3578361641206354
0.29521552043977206
0.35990346019473585
0.3544289475007127
0.29486502197229186
0.3621218397610973
0.35097190371072534
0.2941201934705372
0.36323516629269836
0.3479798103499463
0.2930262460123654
0.3631676288884226
0.34586961561503793
0.2916668780334567
0.36197386248956165
0.3449148985873894
0.29018564798688695
0.35979558405624545
0.3452375729186862
0.2887978242401798
0.3568611428025564
0.34679941439330947
0.2877657268609369
0.35351028330260026
0.3493856875474917
0.2873243546973554
0.35019153131519165
0.3526139255053955
0.2875848946057643
0.3473935049342525
0.35600322462269657
0.28848093050689927
0.34553390390282374
0.359085116401766
0.28980116067214556
0.3448745551786592
0.3614885885107039
0.2912814418095279
0.3454987343695031
0.3629583101718824
0.2926897001811749
0.3473252850216313
0.36333147417429384
0.29386364045702873
0.35012027562807807
0.3625278799871708
0.2947059492820623
0.3535022883453455
0.3605832868060384
0.29516302700028535
0.3569745112788837
0.35770446482432994
0.2952092381646479
0.3600133271785402
0.3542847352511609
0.29484205770234617
0.3621901835866742
0.3508370152112711
0.29408184667401255
0.36325556453563834
0.34787374267123744
0.29297505774391264
0.36314016034534036
0.3458065079526749
0.2916074021511304
0.36190277670915194
0.34490273602771726
0.2901253000642733