0.9491525423728814
0.9491525423728814
1.1241065566720814
0.8766587042041667
1.0490678269192724
1.052618097293732
0.8751530649257294
1.1225510851291574
0.9527210345860813
0.9456200345621639
1.1255624526203032
0.8782641841949463
1.045480622429033
1.0561332523424558
0.8737469180549712
1.1208953423625343
0.9563274541334701
0.9421218895156183
1.1269187443262454
0.8799705115495873
1.0418544918019648
1.0596146465035687
0.8724406917387453
1.1191380532090074
0.9599737659659899
0.9386570861770512
1.1281745890259185
0.8817791817476736
1.038187573470794
1.0630629060269312
0.8712356507608423
1.1172775551643577
0.9636616527724835
0.9352254488963272
1.1293283004453942
0.8836919665865781
1.0344784373073281
1.0664777066517535
0.8701338942845558
1.1153120285782607
0.9673922212642713
0.9318278438545178
1.1303773832523496
0.8857106692312259
1.03072636701807
1.069857606344491
0.8691382890271584
1.1132397531136657
0.9711657352091665
0.9284663140781909
1.1313186320172468
0.8878368598230568
1.0269316075405897
1.0731999453702108
0.8682523388787565
1.1110593761561491
0.9749813917294201
0.9251441417711616
1.1321482917620505
0.8900716072922268
1.0230955610040835
1.0765008236511258
0.867479996029779
1.1087701762405235
0.9788371569733954
0.921865829689164
1.132862272676779
0.8924152254844311
1.0192209157856027
1.0797551616161183
0.8668254235549915
1.1063723023953886
0.9827296756128479
0.9186369978275839
1.1334564064177428
0.8948670534100852
1.015311695653248
1.08295684540476
0.8662927247043469
1.1038669692608665
0.9866542652687225
0.915464197780598
1.1339267261507626
0.8974252896374013
1.0113732202776575
1.0860989505551508
0.8658856591266708
1.1012565886205556
0.9906050017299596
0.9123546543524773
1.1342697480501174
0.9000868989238672
1.0074119745357322
1.089174030805094
0.8656073699215454
1.0985448211586901
0.9945748938832737
0.9093159515212864
1.134482729333777
0.9028476047190601
1.0034353916229735
1.0921744513913456
0.8654601467717011
1.0957365379913828
0.9985561392465236
0.9063556865095646
1.1345638780248373
0.9057019742441641
0.9994515631886601
1.0950927404860509
0.865445248698453
1.0928376894775618
1.0025404429242115
0.9034811202528565
1.134512492999501
0.9086435940994027
0.9954688973412583
1.0979219293445905
0.8655628049760469
1.0898550880720692
1.0065193759312019
0.9006988539471082
1.1343290194104176
0.9116653249347999
0.9914957511806182
1.1006558521513023
0.8658118048936179
1.0867961211841928
1.010484744350484
0.8980145591012448
1.134015013457104
0.9147596151153955
0.9875400674543591
1.103289380593479
0.8661901774821911
1.0836684176476323
1.0144289395301447
0.8954327828335947
1.1335730203435401
0.9179188469559206
0.983609044455264
1.105818575295489
0.8666949525691986
1.0804794962139155
1.0183452417232415
0.8929568419353923
1.133006378501476
0.9211356860288369
0.979708864465957
1.1082407452243563
0.867322486171028
1.0772364257221692
1.0222280548160885
0.8905888098582073
1.1323189703092806
0.9244034046404865
0.9758444996269554
1.1105544155511926
0.8680687275238586
1.0739455242650977
1.0260730571206689
0.8883295917622341
1.131514943650466
0.9277161544743346
0.9720196061884228
1.112759212800797
0.8689295025994871
1.0706121194334508
1.029877261387516
0.8861790753479986
1.1305984294721076
0.9310691696851222
0.9682365099683629
1.114855682409402
0.8699007896714691
1.0672403847023024
1.0336389850116987
0.8841363401528074
1.1295732784186092
0.9344588891617245
0.9644962785802749
1.116845057558641
0.8709789657300295
1.063833259479343
1.0373577379244603
0.8821999055172333
1.1284428354833318
0.937882994052802
0.9607988703396426
1.1187289994370904
0.8721610073164968
1.0603924533590354
1.0410340403813112
0.880367997211065
1.1272097664642466
0.9413403630437263
0.9571433459907295
1.120509328387168
0.8734446346526441
1.0569185294409424
1.0446691857079633
0.8786388141344827
1.1258759447614952
0.9448309527782817
0.9535281273893603
1.1221877634180766
0.8748283929664996
1.0534110574663547
1.0482649643285442
0.8770107788623899
1.1244424023736628
0.9483556141465104
0.94995128663573
1.1237656849980326
0.8763116691730184
1.0498688249143062
1.0518233655513791
0.8754827584461223
1.1229093451539032
0.9519158571475206
0.9464108493607725
1.1252439334217867
0.8778946454035215
1.0462900927292198
1.0553462731396321
0.8740542443983687
1.1212762294786636
0.9555135781015393
0.942905096449845
1.1266226526878564
0.8795781934175939
1.0426728815753328
1.0588351700670333
0.8727254829856537
1.119541895233727
0.9591507635812369
0.9394328491008833
1.127901187768482
0.8813637159748549
1.0390152740065157
1.0622908672921465
0.8714975488984703
1.1177047480921887
0.9628291859217221
0.9359937226299475
1.1290780412527397
0.8832529431476268
1.0353157174198193
1.065713270896067
0.8703723573067298
1.1157629821050172
0.966550105740861
0.9325883349489408
1.1301508932829873
0.8852476936203343
1.0315733120443087
1.0691012013188868
0.8693526115818583
1.113714831410138
0.9703139975270295
0.9292184564415203
1.131116686131023
0.8873496133992949
1.0277880676456252
1.0724522773293135
0.8684416869161026
1.1115588373411514
0.9741203147804471
0.9258870894793029
1.1319717713792974
0.8895599069807538
1.0239611124479757
1.0757628753157176
0.8676434539124991
1.1092941145730824
0.9779673109997653
0.9225984685020951
1.1327121133705125
0.8918790785773365
1.0200948384737312
1.0790281710829286
0.8669620509391563
1.1069205976206626
0.9818519314727712
0.9193579757705592
1.1333335375339415
0.8943067029326908
1.016192969587878
1.0822422663533036
0.8664016193037984
1.104439247644137
0.9857697878894215
0.9161719736611298
1.1338320068972771
0.8968412458635672
1.0122605423977116
1.0853983957107562
0.8659660204331173
1.1018521998346094
0.9897152229811015
0.9130475613988875
1.1342039053733646
0.8994799532697405
1.008303795903462
1.08848920232191
0.8656585582952434
1.0991628342528121
0.9936814657885922
0.9099922716693665
1.1344463032831704
0.902218823473295
1.004329973120806
1.091507063362152
0.8654817322595986
1.0963757581657465
0.9976608703009489
0.9070137295096021
1.1345571800061642
0.9050526713405308
1.00034704605135
1.0944444398815683
0.8654370446101406
1.0934966954443366
1.0016452220393284
0.9041193009938214
1.1345355812710878
0.907975284210968
0.9963633832484288
1.097294222090399
0.8655248826479897
1.090532287656182
1.0056260899065526
0.9013157613926637
1.1343816944645404
0.9109796602687085
0.9923873855480397
1.100050040635419
0.8657444880344937
1.0874898208321664
1.0095951955158948
0.8986090110573439
1.134096833791702
0.9140583110722197
0.9884271191894722
1.10270651769097
0.8660940167175499
1.084376900003774
1.0135447701842968
0.8960038623075438
1.1336833369086388
0.9172036029875335
0.9844899758543468
1.1052594381876937
0.8665706829271582
1.0812010991385717
1.0174678712098149
0.8935039128463635
1.1331443841645334
0.9204081084016443
0.9805823860486466
1.1077058301837024
0.8671709719330858
1.077969616170621
1.0213586336783542
0.8911115119857003
1.1324837593176298
0.9236649373661832
0.9767096063229341
1.110043952799213
0.8678908998751256
1.0746889612559953
1.0252124410082273
0.8888278167444584
1.1317055754337235
0.9269680235454235
0.9728755931334951
1.1122731988217571
0.8687262957741688
1.0713647017123267
1.0290260055419265
0.8866529270198651
1.1308139912198945
0.930312344194314
0.9690829679537862
1.114393925902384
0.8696730808784304
1.0680012803726995
1.032797358487138
0.8845860834206405
1.129812941550976
0.9336940611788186
0.965333070709654
1.1164072345938618
0.8707275232455504
1.0646019165538156
1.036525755380581
0.8826259083096066
1.128705902185793
0.9371105775337684
0.9616260925568989
1.1183147132881748
0.8718864499783996
1.0611685916566604
1.0402115083918468
0.8807706699255525
1.1274957036559516
0.9405605107283113
0.9579612748261127
1.1201181698047733
0.8731474047978921
1.0577021154014772
1.0438557600405323
0.8790185505737298
1.1261844040131983
0.9440435890705383
0.9543371585852484
1.121819367629095
0.8745087437798923
1.0542022642353763
1.0474602144826926
0.8773679020788072
1.1247732252729374
0.9475604813538527
0.9507518683654045
1.1234197823117429
0.875969666537871
1.0506679805261285
1.0510268428777572
0.8758174743201252
1.1232625543864487
0.9511125721040096
0.9472034136584708
1.1249203908971044
0.8775301836729001
1.0470976194677775
1.0545575789919897
0.8743666052356035
1.1216520064799058
0.954701696018
0.9436899923281205
1.1263215048176038
0.8791910240095923
1.0434892297308127
1.0580540205795603
0.8730153629521477
1.1199405457294498
0.9583298458508493
0.9402102807008246
1.127622654576105
0.8809534872607573
1.0398408533533454
1.0615171514922783
0.8717646326870263
1.1181266572715953
0.9619988684959746
0.936763695641069
1.1288225326257244
0.8828192496690052
1.0361508298674629
1.0649470989729835
0.8706161429761266
1.1162085616254829
0.9657101645528687
0.9333506144084136
1.1299189988625071
0.884790132182095
1.032418089055595
1.0683429400324573
0.8695724279516333
1.1141844609594087
0.9694644073036326
0.9299725387965265
1.1309091507176037
0.8868678430236804
1.0286424161265915
1.0717025698575262
0.8686367251638228
1.1120528040714102
0.9732612975250436
0.926632191369282
1.1317894566542024
0.8890537091084388
1.0248246727955461
1.0750226434040104
0.8678128120752603
1.1098125543066868
0.9770993705520721
0.9233335339930258
1.1325559477759675
0.8913484133597545
1.0209669582070156
1.0782985982578874
0.8671047888956265
1.1074634421905436
0.980975870976641
0.9200817026927942
1.1332044573362912
0.8937517571150649
1.017072695375512
1.0815247622222497
0.8665168206130606
1.1050061829166251
0.9848867078191116
0.916882858279486
1.133730892631086
0.8962624677735269
1.0131466322595766
1.0846945429285073
0.8660528563112714
1.1024426387101967
0.9888264986236724
0.9137439589863903
1.1341315188236203
0.8988780709453497
1.0091947519184579
1.0878006895094616
0.8657163482469841
1.0997759081350191
0.9927887046993442
0.9106724688678415
1.1344032306740568
0.9015948430628613
1.0052240932203682
1.0908356088662914
0.8655099956737922
1.0970103290048447
0.9967658520816534
0.9076760229122927
1.1345437869297852
0.9044078545500654
1.0012424916266045
1.0937917124846641
0.8654355381324262
1.0941513886006053
1.0007498245906812
0.9047620754587739
1.1345519840087799
0.9073111055984363
0.9972582576199779
1.0966617653565336
0.8654936193889411
1.0912055437137704
1.0047322077905445
0.9019375614092991
1.1344277507755414
0.9102977473075111
0.9932798171241664
1.0994392073518506
0.8656837365299886
1.0881799624475952
1.0087046569692775
0.8992085991316763
1.1341721541750092
0.9133603717910461
0.9893153425938592
1.1021184198239433
0.8660042797550807
1.0850822082312868
1.012659259481921
0.8965802597288918
1.133787315109518
0.9164913473229708
0.9853724045415068
1.104694916074639
0.8664526585301523
1.0819198927122615
1.0165888624563013
0.8940564201226773
1.1332762436645079
0.9196831699597215
0.9814576708989656
1.1071654426143567
0.8670255006018737
1.078700327080546
1.020487340825628
0.8916397083627932
1.1326426110325127
0.922928802021315
0.9775766762383662
1.109527987536683
0.8677189033568719
1.0754302006069263
1.0243497871868543
0.8893315402204296
1.1318904810393842
0.9262219703144248
0.9737336754726482
1.1117817012924314
0.8685287130622849
1.0721153111256434
1.0281726129407986
0.8871322378597478
1.131024026462345
0.9295574023377318
0.9699315884662832
1.1139267424563815
0.8694508068688687
1.068760365818936
1.031953558287127
0.8850412152157358
1.1300472544640412
0.9329309857851995
0.9661720342168008
1.1159640659912455
0.8704813546694057
1.0653688632021447
1.0356916158396872
0.8830572110890149
1.1289637621311066
0.9363398442010638
0.9624554468306168
1.1178951738644358
0.8716170421145284
1.0619430598625028
1.0393868781889133
0.8811785497992426
1.127776538283239
0.9397823285652223
0.9587812608946301
1.119721847989579
0.8728552412696752
1.0584840191771343
1.0430403234110233
0.8794034100145688
1.1264878224111499
0.9432579301967208
0.9551481510837535
1.1214458839743986
0.8741941206296422
1.0549917344115711
1.0466535544493762
0.8777300843974469
1.1250990266055925
0.9467671243869548
0.9515543096500158
1.1230688417758279
0.8756326908481503
1.0514653153478681
1.0502285088794034
0.8761572152882067
1.1236107221284741
0.9503111567195625
0.947997745330331
1.1245918267153523
0.877170786288481
1.0479032256614036
1.0537671553295458
0.8746839942574037
1.1220226889866745
0.9538917854567452
0.9444765876759235
1.1260153118097411
0.878808985369246
1.0443035572343162
1.0572711922422586
0.8733103157030162
1.120334024362667
0.9575109941258863
0.9409893814343114
1.127339010189849
0.8805484749026968
1.040664327010668
1.0607417640493764
0.8720368767071194
1.1185433037278592
0.9611706889422147
0.937535356176177
1.1285618044418833
0.8823908655465843
1.036983781507674
1.0641792093246925
0.870865217268969
1.1166487865591819
0.9648723962283373
0.9341146568475616
1.1296817377597277
0.8843379674532783
1.0332606935197834
1.0675828549585982
0.8697976971091701
1.1146486565008369
0.9686169756111433
0.930728521552322
1.1306960694966226
0.886391537430937
1.0294946349291696
1.0709508695731516
0.8688374078481788
1.1125412834192254
0.97240436533776
0.9273793940072693
1.1316013947139094
0.8885530114690838
1.0256862091271373
1.0742801878315191
0.8679880227892091
1.1103254921686916
0.9762333761990531
0.9240709602182788
1.1323938234344095
0.8908232391210128
1.0218372267904743
1.0775665145445086
0.8672535908825235
1.1080008203499916
0.9801015497923188
0.9208081024064231
1.1330692105495566
0.893202238525265
1.0179508101605714
1.0808044132115888
0.8666382865304643
1.1055677454630812
0.98400509468562
0.917596768279364
1.1336234220548458
0.8956889921413503
1.0140314140045459
1.0839874777972995
0.8661461321849006
1.1030278613323241
0.9879389100874222
0.9144437602672154
1.134052618189755
0.8982813028550678
1.010084756347794
1.0871085794703945
0.8657807153528518
1.1003839851977035
0.991896700789044
0.9113564567724942
1.1343535300863032
0.9009757273803154
1.006117658748934
1.090160172488589
0.8655449246462033
1.0976401808756633
0.9958711797585887
0.9083424848591889
1.1345237047056431
0.9037675985849228
1.002137803789915
1.0931346365153265
0.8654407299316507
1.0948016899205872
0.9998543465951423
0.9054093699038092
1.1345616939832837
0.9066511407470573
0.9981534256066513
1.096024627665208
0.8654690288467004
1.0918747712249273
1.0038378222286939
0.9025641913351136
1.1344671685486647
0.9096196726301943
0.9941729564585132
1.098823408582564
0.8656295759306595
1.0888664588976242
1.0078132140392406
0.8998132738141442
1.1342409438008045
0.9126658839454396
0.9902046573054286
1.1015251294716113
0.8659210020609458
1.085784257115438
1.0117724820715719
0.8971619397736614
1.1338849154958581
0.9157821627529845
0.9862562622183592
1.1041250371337838
0.8663409220739722
1.0826357974795804
1.0157082768944998
0.8946143425963394
1.133401911843627
0.9189609459830237
0.9823346648410858
1.106619596932724
0.8668861189873244
1.0794284881010867
1.0196142229192169
0.8921733909558289
1.1327954778097573
0.9221950633730704
0.9784456703532572
1.1090065218825766
0.8675527856389608
1.0761691836800167
1.0234851270384064
0.8898407654317237
1.1320696135547577
0.9254780468602579
0.9745938293332127
1.1112847122368157
0.8683367998769498
1.0728639024627196
1.0273171001960522
0.8876170198945164
1.131228491974855
0.928804382270642
0.9707823617947845
1.1134541167200416
0.8692340080545168
1.069517610006821
1.0311075876838323
0.8855017534591061
1.1302761801095675
0.9321696869471617
0.967013171714902
1.1155155320295689
0.8702404932166434
1.0661340823584082
1.034855311437234
0.8834938346058867
1.1292163863208338
0.9355708044961089
0.9632869455738856
1.1174703601465954
0.8713528082132185
1.0627158537826038
1.0385601335706878
0.8815916573818067
1.1280522505693664
0.9390058149710463
0.9596033233818555
1.1193203435678392
0.8725681590243651
1.0592642475743705
1.0422228544885173
0.8797934099899345
1.1267861898359135
0.9424739647565599
0.9559611275008684
1.1210672973769282
0.8738845288723898
1.0557794832945426
1.045844961198366
0.8780973378817685
1.1254198056153515
0.9459755247966755
0.9523586330637044
1.1227128548340788
0.875300738507287
1.0522608501831867
1.049428342297257
0.8765019859757585
1.1239538560006768
0.9495115886659764
0.9487938634833005
1.1242582405300865
0.876816442010811
1.0487069343083095
1.0529749860020803
0.8750064072632829
1.1223882913803156
0.9530838236180934
0.9452648949248089
1.1257040825954858
0.8784320605157924
1.0451158858152723
1.0564866770513204
0.8736103274800839
1.1207223501120034
0.9566941886111023
0.9417701542311204
1.1270502732008971
0.8801486585774925
1.0414857119946634
1.0599647076814334
0.872314257620441
1.1189547084318126
0.9603446338376667
0.9383086953777438
1.1282958846080677
0.881967769893315
1.037814581397734
1.0634096173491
0.871119547980741
1.1170836769534382
0.9640367967934891
0.9348804400265028
1.129439146115373
0.883891180995761
1.034101123675043
1.0668209753740894
0.8700283794263325
1.1151074340923246
0.9677717105215011
0.9314863683133037
1.1304774850524186
0.88592068370308
1.0303447091857112
1.0701972199546739
0.8690436900355212
1.1130242844279368
0.9715495402680115
0.9281286469888796
1.1314076321674544
0.8880578095895051
1.02654569193476
1.0735355656493708
0.8681690385002414
1.1108329274204358
0.9753693650664287
0.9248106838801641
1.1322257880708397
0.8903035623848901
1.0227055994458996
1.076831988969535
0.8674084098076099
1.1085327192994956
0.9792290202561078
0.9215371007840965
1.1329278428160219
0.8926581666330691
1.0188272542745953
1.080081297819066
0.8667659736771782
1.1061239088571444
0.983125015132295
0.9183136216126607
1.1335096354922167
0.8951208525177112
1.0149148144999005
1.0832772850203043
0.8662458115369887
1.1036078269849985
0.9870525363867344
0.9151468788367073
1.1339672354891588
0.8976896967890435
1.0109737250162099
1.0864129593179286
0.865851632712126
1.1009870108022992
0.9910055425719955
0.912044148573318
1.1342972227788488
0.9003615375532246
1.0070105777612404
1.089480839726639
0.8655865039788834
1.0982652466503582
0.9949769477308552
0.9090130321500179
1.1344969421687439
0.9031319759630378
1.0030328867152858
1.0924732919372278
0.865452617712149
1.0954475222166873
0.9989588842495234
0.9060611084752427
1.1345647069049942
0.9059954706976691
0.9990487917045058
1.0953828799711336
0.8654511218103375
1.0925398861909945
1.0029430269825816
0.9031955858027465
1.1344999307105172
0.908945522237921
0.9950667125458261
1.0982027035331816
0.8655820292556836
1.0895492231731447
1.0069209540165778
0.9004229825110506
1.134303174156771
0.9119749345401789
0.991094980631494
1.1009266922965641
0.8658442170860287
1.0864829606640691
1.0108845152551964
0.8977488638952354
1.133976100320048
0.9150761332740179
0.9871414776613308
1.1035498327450917
0.866235514890344
1.0833487323776283
1.0148261790981372
0.8951776559738966
1.1335213445516779
0.9182415137267501
0.9832133103982593
1.106068310550405
0.8667528732578746
1.0801540265789595
1.0187393300212642
0.8927125489147332
1.1329423122792097
0.921463788772324
0.9793165462060196