0.7272727272727273
0.7272727272727273
0.8533007074756854
0.9150410950982634
0.911533162921929
0.8413940093154302
0.7140753996157344
0.743707485521738
0.8662672755643039
0.9223480573157209
0.9183006753408436
0.8522799794420975
0.7255609635244649
0.7326919994351125
0.8582911635771644
0.9210721936954823
0.923581547312536
0.8670059419232463
0.7444567743031376
0.7142039907115283
0.8415136475932248
0.912349991840562
0.9173477386225423
0.8585457307484932
0.733809488803936
0.7210694464943608
0.8479702759661201
0.9127775678254637
0.9109928560831447
0.8419350479753103
0.7146123142654557
0.7421456759513443
0.8649474219801274
0.920892054888467
0.9155291685921854
0.8465128237014437
0.7192604334635186
0.7394967856793506
0.8635941763499706
0.9233055834672182
0.924100282034801
0.866363188864629
0.7433343562935782
0.7157225317974514
0.843045822949638
0.9136564964019426
0.9194273651328339
0.8627980008205032
0.739363792489379
0.7164452224948511
0.8437124859080928
0.911234123722662
0.9113917625381863
0.8442447397562821
0.7170063032197458
0.7386291117093765
0.8622399465463194
0.9191216264020673
0.913387997003487
0.8426296700727466
0.7153090497691205
0.7437414761707495
0.8666365271538818
0.924108877033079
0.9230241989092575
0.8628583429833868
0.7385187096113537
0.7201467565677404
0.8473542463286461
0.9159464961140152
0.9211393645740602
0.8652196011279476
0.7424829117903151
0.7144467518865772
0.8417705863881453
0.9110392986682059
0.9131123277835349
0.8487843768212865
0.7219876074535292
0.732794020873322
0.8577519313026772
0.9169921483626385
0.9122043282195856
0.8414457392217205
0.714135500575577
0.7444034059758032
0.8669367549839228
0.9234105577572207
0.9206508540637699
0.8573594001782339
0.7315484741703508
0.726662611147156
0.8532412955240722
0.9187505077863836
0.9225605334263152
0.866419170120623
0.743874031878643
0.7140598559197766
0.8413767437004798
0.9116502241348494
0.915412718149711
0.8541556378142632
0.7283094802125523
0.7262442600194875
0.8524430677474055
0.9146694943732867
0.9114206155074966
0.8414226584528497
0.714102434088933
0.7435266914431852
0.8661051667016182
0.9221314752485714
0.9178502840067072
0.8513221903791482
0.7244779489887974
0.733831175902295
0.8592078357288977
0.9214816969284448
0.9237364862328938
0.8670438600482239
0.7444675142172468
0.7143038428086784
0.8416136767155482
0.9125066596690036
0.9176977593630338
0.8593161584829618
0.7348030952563626
0.7201892242127981
0.847180764341654
0.9124599843396126
0.910970146065186
0.8421449911058434
0.7148249811954284
0.7417577535994165
0.8646395756644502
0.92063648633972
0.91512748158098
0.8457186568353975
0.7184340673617393
0.7404100267646071
0.8642721555123869
0.9235494165219982
0.9240481338105362
0.8660102576667067
0.742823193858113
0.7162167512336194
0.8435405111005091
0.9139531362918253
0.9197234649099895
0.8633058744439923
0.7400308697149546
0.7159562078186337
0.8432444771294985
0.9111139391265598
0.9115861102920418
0.8448388823197699
0.7176385939389311
0.7378299499991157
0.8616328983876234
0.9188062206965472
0.9131463830873747
0.8422888018487
0.7149716230530982
0.744049005113143
0.8668346246635387
0.924077028863519
0.9227093252262976
0.8620725566592579
0.7374876728043761
0.7210854676652593
0.8482340358580338
0.916376139123016
0.9213792786280183
0.8654613568974038
0.7427768040222026
0.714320804793854
0.8416446648929382
0.9111054719500483
0.9134604705277579
0.8496168668727345
0.7229374764424708
0.7317634089414754
0.8569390706110687
0.9166316915205881
0.9120669907292175
0.8414027058429324
0.7140913325360203
0.7443168482741057
0.8668432366434831
0.9232270184413347
0.9202201247936613
0.8564158202755681
0.730404940111369
0.727779591253739
0.8542031818787732
0.91919852328301
0.9227686273641229
0.8665612618208999
0.7440270197974207
0.7140548700096743
0.8413699889119781
0.911771107369803
0.9157833153340833
0.8550057234856271
0.7293517068300253
0.7252269598472018
0.8515850414878439
0.9142993400904315
0.9113141555862413
0.841465460281289
0.7141437845806387
0.7433287169260205
0.8659308420356756
0.9219105298523328
0.9174008066597782
0.8503718634130106
0.723417789546031
0.7349602201693929
0.8601050725073935
0.9218762314358646
0.9238710701479472
0.8670420975088111
0.7444242529767874
0.7144435917672571
0.8417545425532829
0.9126775532889648
0.9180413724082352
0.8600580456558621
0.7357667314503187
0.7193542004002693
0.8464232352946475
0.912163895548874
0.910975304346641
0.8424072754222198
0.7150923634085031
0.7413120733399421
0.8642909249798681
0.920371935217034
0.9147450613312811
0.8449812310331608
0.7176754679531866
0.7412460185142971
0.8648842161283238
0.9237519479947787
0.9239503951835225
0.8655759189632763
0.7422073157155255
0.7167938051577788
0.8441139912097613
0.9142779656683738
0.9200099884790095
0.8637635742401496
0.7406291069076226
0.7155383103776415
0.8428412515136054
0.9110308469796389
0.9118152656031923
0.8454905623333777
0.7183391396294148
0.7369715902563587
0.8609795186798209
0.9184813827530549
0.9129295345555029
0.8420176386508863
0.7147036853163773
0.7442643852168553
0.8669637777770056
0.9240086552237331
0.9223652332420935
0.8612445213662445
0.7364149584860011
0.722069183273628
0.8491438763685801
0.9168150105753301
0.9216126335909899
0.8656776564269175
0.7430344005539824
0.7142274930331517
0.8415506854926812
0.9111876455769065
0.9138186290791938
0.8504623781698424
0.7239134935096724
0.730723471069459
0.8561109643627621
0.9162671147495017
0.9119359620019095
0.8413789123050619
0.714066042384353
0.7442045111668323
0.8667308264158697
0.9230337231814614
0.9197820702341104
0.8554633247220136
0.7292651840806825
0.7289087278286563
0.8551629132104298
0.9196433367844068
0.9229713966768521
0.8666923333137111
0.7441648697474553
0.7140613172489467
0.8413747050347278
0.9118958883857264
0.9161519426967607
0.8558484132069317
0.7303959140162347
0.7242244698480939
0.850729727961282
0.9139326431519688
0.9112161852823578
0.8415267747127879
0.7142038914937993
0.7431088508563961
0.8657410558500467
0.9216846644725641
0.9169542275498938
0.8494344515677749
0.72238612982087
0.7360713205653823
0.860977061339664
0.9222518872496781
0.9239803707702505
0.8669913239995164
0.7443145195941806
0.714632652207084
0.8419457382427197
0.9128661380269624
0.9183775463227924
0.8607654790955093
0.7366910457503744
0.7185723735612457
0.8457060520591144
0.9118939241588523
0.9110121988536617
0.8427278542657226
0.715421387887706
0.7408027854217429
0.8638970783286938
0.9200979702316711
0.9143855759944018
0.8443098588920643
0.7169919623519329
0.741992848656044
0.8654228917459108
0.9239101704350364
0.9238065045454261
0.865061550257689
0.7414906053293244
0.7174524840099448
0.8447629294822601
0.9146295658164977
0.9202869482607334
0.8641723179604954
0.7411592557518294
0.7151887320990784
0.8425014050475055
0.9109833043672966
0.9120761073912913
0.8461933226548468
0.7191026340855436
0.736061616697834
0.8602841446391077
0.9181477682161102
0.9127346915840916
0.841808698534242
0.7144971860870825
0.7443975545870005
0.8670318836356973
0.9239083503016827
0.9219964053366162
0.8603818678872666
0.7353114099802485
0.7230905229523195
0.8500758689227981
0.9172601799897696
0.9218401789433819
0.8658731015339808
0.743262305397652
0.7141603907520183
0.8414824768439597
0.9112823507991415
0.9141837302874519
0.8513160481820636
0.7249104315852228
0.7296795170410785
0.8552712227876866
0.9158993042322595
0.9118098416122404
0.8413701440148215
0.7140555775456381
0.7440720597989505
0.8666036974160302
0.9228329235597776
0.9193385914563876
0.8545048567648686
0.7281329355930466
0.7300465273989055
0.8561176046489473
0.9200832929988898
0.9231672675519443
0.8668097597077042
0.7442840567912157
0.7140815762196715
0.8413933886854118
0.9120252519016746
0.9165176361560802
0.8566805522831565
0.7314376620845817
0.7232413362869141
0.8498811538441604
0.9135719872285128
0.911129716194814
0.8416120194724157
0.7142883085393305
0.7428612655214805
0.8655317820018729
0.9214532105117662
0.9165130718204365
0.8485168279809902
0.7213898099411031
0.737154858391808
0.8618167805740522
0.9226042353107914
0.9240592918227408
0.8668822541772295
0.7441261250553132
0.7148803726182299
0.8421964808576691
0.9130757546499412
0.9187052304252111
0.8614325856890889
0.7375665266994466
0.7178513854687231
0.8450375469424976
0.9116544290043399
0.9110839058271601
0.843110931563219
0.7158174420420383
0.7402261088649565
0.8634549425984017
0.9198144499542478
0.9140521184486277
0.8437121545849032
0.716388985173081
0.7426410259905328
0.8658826656020441
0.9240224177079417
0.9236176119892592
0.8644717881314358
0.7406813956526139
0.7181882381196114
0.8454805743364557
0.9150051678750608
0.9205544240120244
0.8645347382951069
0.7416243606837793
0.7149026851395853
0.8422213916973305
0.9109685716614419
0.9123644953693135
0.8469391097866981
0.7199218283544174
0.7351092823056757
0.8595524188049796
0.9178063732893447
0.9125586181907127
0.8416530627835993
0.7143429860967296
0.7444603256770751
0.8670480097909227
0.9237811547871966
0.9216073442718963
0.8594918636299834
0.7341870606305378
0.7241424103964443
0.8510228036246931
0.9177089889190324
0.9220626011588389
0.8660518851738362
0.7434665798245575
0.7141136928957669
0.8414343935243045
0.911386438151005
0.9145530452386856
0.8521736022480247
0.7259235201853942
0.7286362471486271
0.8544231547455894
0.9155292233269264
0.9116877742969397
0.8413734799180055
0.7140571458077575
0.7439235545608828
0.866464862334134
0.9226263679777609
0.9188914196920759
0.8535433486119728
0.7270117850775027
0.7311892766473673
0.8570642945233098
0.920516534385743
0.9233541424374657
0.8669097304896111
0.744379417494605
0.7141193017099093
0.8414298465456096
0.9121604223712139
0.9168794731276284
0.8574985981364575
0.7324718010354634
0.7222826780536662
0.849044024647092
0.9132203526402085
0.9110581305378006
0.841727222059403
0.7144032846690759
0.7425795071030703
0.8652985360028946
0.9212154417169386
0.9160802065905131
0.8476267283196663
0.7204361751754811
0.7382001744620198
0.862616657187244
0.9229287528787222
0.9241030635486122
0.8667065612518835
0.7438484541724062
0.7151951999244082
0.8425147674079996
0.9133093316232571
0.9190236412298639
0.8620545452684597
0.7383849537025214
0.7171972378535404
0.8444247707130462
0.911448890952017
0.9111923525631239
0.8435585729886941
0.7162839437027899
0.7395805987980467
0.8629628755225097
0.9195213606755491
0.9137465672241339
0.8431925954023622
0.7158688405199689
0.743185195554528
0.866261099535999
0.9240887212766343
0.9233863652877401
0.8638136411137896
0.7397910622966851
0.7189941699709312
0.8462579648716795
0.9154012076566607
0.9208127464761167
0.8648548635202435
0.7420296918730345
0.714673646245504
0.8419957306925159
0.9109829753150882
0.9126758181416305
0.8477194346189546
0.7207886913073733
0.7341241412018494
0.8587903507865848
0.9174582639380331
0.9123978498393907
0.8415412069082171
0.7142315857510312
0.7444652393447134
0.8670215840674724
0.9236321067238195
0.9212021650644148
0.8585807584509838
0.7330503517130381
0.7252187674476301
0.8519787396589138
0.9181592720701752
0.9222805064310898
0.8662175459009935
0.7436523554517039
0.7140825529769733
0.8414016836449844
0.9114972858561617
0.9149243704511837
0.8530316413234019
0.7269488178541269
0.7275974528035986
0.8535695051686097
0.9151578190964782
0.9115694781836521
0.8413874425738974
0.7140693644541919
0.743761228335769
0.8663160105488381
0.922415207553652
0.9184420218859893
0.8525815594049198
0.7259049890541878
0.7323332295270136
0.8580000894527697
0.9209410609608764
0.9235294120980017
0.866987229222467
0.7444441226566083
0.7141794752758421
0.8414892428169944
0.9123032142639419
0.9172366654733112
0.8582988139218894
0.7334926925933207
0.7213539328277447
0.8482235315138261
0.9128810062991365
0.9110050747949093
0.841878848355538
0.714555623834137
0.7422566624801392
0.8650364643651304
0.9209705482123912
0.9156586685687208
0.8467723350609561
0.719532604041532
0.7391961236221642
0.8633690111354055
0.9232210983981651
0.9241075421511143
0.8664574143595645
0.74347323404905
0.715584200113944
0.8429068135984554
0.913569208273189
0.9193324194205684
0.8626281715306598
0.7391403092607243
0.7166136175058625
0.8438727443007997
0.9112795946366886
0.9113382609093533
0.8440708237509988
0.7168224030412363
0.7388668979593884
0.8624205076840227
0.9192186567137054
0.913469318639062
0.8427520101877217
0.7154304096750274
0.7436246601154097
0.8665590627777875
0.9241106983668141
0.9231163426059904
0.8630951066986637
0.7388320291553695
0.7198625001788702
0.8470855416848377
0.9158139977719438
0.9210625587954178
0.8651376699103
0.7423820469073629
0.7144941196926334
0.8418177465541652
0.9110224094158351
0.9130056188427619
0.8485265354769431
0.7216956573048534
0.7331147545120332
0.8580033892116384
0.9171043434868233
0.9122490496790338
0.8414640714675392
0.7141540846498629
0.7444241385106013
0.8669613925686243
0.9234657413874209
0.9207842509582487
0.8576533435469796
0.7319076744438592
0.7263149479947226
0.8529392973597494
0.9186094179655541
0.922494272063551
0.8663725240230004
0.743823189973166
0.7140635930447784
0.8413810296744468
0.9116130449694153
0.915296111258706
0.8538876469260216
0.7279832584078588
0.726566094275648
0.8527124888900914
0.9147860814744774
0.9114553865668191
0.8414123063340435
0.7140925741544981
0.7435851230261957
0.8661572534993165
0.9221999214188863
0.917991665090096
0.8516223006783932
0.7248157289615381
0.7334743084166665
0.8589219037750766
0.9213545803265009
0.9236898162876359
0.8670358063769017
0.7444693887916413
0.7142686251340866
0.8415783096259605
0.9124561014563206
0.9175885155504023
0.8590770912938182
0.7344939644086281
0.7204610687356079
0.8474255632414407
0.9125575893139473
0.9109744691868673
0.8420737562764132
0.714752675337907
0.7418854443745037
0.8647403854815874
0.9207176609456251
0.9152516936188595
0.845962332499274
0.7186865788968624
0.7401310409903259
0.8640660218030713
0.9234771448135497
0.9240693451367663
0.8661298014236368
0.7429950055859438
0.7160527072158646
0.8433766612719529
0.9138569439521218
0.9196315365759576
0.8631518520975751
0.7398288307900265
0.7161019969297934
0.8433844224064769
0.9111476372955052
0.9115212317631365
0.8446459052547788
0.7174325482105393
0.738087520439392
0.8618286313044795
0.9189062778784777
0.9132194572252489
0.8423880075417324
0.715069733758424
0.7439627837639381
0.8667801875896743
0.9240911605869442
0.9228115333866963
0.862324168432284
0.7378163818028955
0.7207855619068161
0.8479542032123446
0.9162401151305067
0.9213047009825263
0.8653884254053001
0.7426887683075631
0.7143565137430303
0.8416804556143577
0.9110828029582644
0.9133499391031219
0.8493538601218587
0.7226361920278683
0.7320882397321575
0.8571960872870129
0.9167453395741831
0.9121093467957493
0.8414139089817386
0.7141029393787826
0.7443471114923823
0.8668748606821068
0.923285811579424
0.9203562354987967
0.8567131562469995
0.7307637249573954
0.727427448125933
0.8539012963169303
0.9190581417484214
0.9227038110981926
0.8665177504236004
0.743980502081294
0.714055278361127
0.8413709531634522
0.9117327529137329
0.915667132641903
0.8547395001246051
0.7290240994308913
0.7255449406649784
0.8518542948464877
0.9144152862425018
0.9113467926309042
0.8414502607112428
0.714129019021145
0.7433929787447441
0.8659870641611318
0.9219803964904709
0.9175417147321785
0.8506691198614192
0.7237478558795747
0.7346072756958231
0.8598257979295423
0.9217542007582339
0.923831299188706
0.8670474801359906
0.7444443972288459
0.7143948585410129
0.8417053495967273
0.9126221597680344
0.9179342436251166
0.8598285506531627
0.7354679719835208
0.7196110125822639
0.8466571246258211
0.91225425991006
0.9109704385078523
0.8423189051582542
0.7150020824709581
0.7414586053610073
0.86440506711525
0.9204559919496315
0.9148628216883505
0.8452060559251684
0.7179058678283762
0.7409926252080637
0.8646996340160568
0.9236930138547595
0.9239860577056593
0.8657210326879303
0.7424118096704584
0.716603719343891
0.8439255876585938
0.9141730045367966
0.9199210636310482
0.8636252339861181
0.7404486997614756
0.7156619820413294
0.8429609121502458
0.9110530082813603
0.9117397382253035
0.8452801199979662
0.7181121255975857
0.7372470341516758
0.8611894087018562
0.9185843513651057
0.912995103728343
0.8420956832561436
0.7147807826794683
0.7442061330979117
0.8669302052082071
0.9240337887463118
0.9224761406812467
0.861508571436654
0.7367555626683345
0.7217559434354257
0.8488554799049504
0.91667641248975
0.9215400304958403
0.8656122042399893
0.7429570273146459
0.7142536736814522
0.8415771328375214
0.9111603388861673
0.9137052969302771
0.8501958284526505
0.7236045762101486
0.7310506365339967
0.8563723706895336
0.9163819674507427
0.9119765154967016
0.8413845913126745
0.7140722197972197
0.7442421814442476
0.8667678770134605
0.9230953135748219
0.9199202701897726
0.8557631475059071
0.7296223812277474
0.7285531271965411
0.8548620055731093
0.9195041260550735
0.92290839398242
0.8666525037559152
0.7441234005286379
0.7140579443623193
0.8413718651165697
0.9118562625932572
0.9160364811845676
0.8555848249473612
0.7300681198115657
0.7245373499476659
0.8509977370787914
0.9140472498111336
0.9112458560382221
0.8415052184790229
0.7141826813043428
0.7431805732160335
0.865802537559102
0.9217561448417703
0.9170939765964967
0.8497269710284185
0.7227065562331069
0.7357249733258332
0.8607064244211537
0.9221362443974039
0.923949089249624
0.867013116598625
0.7443568883233412
0.714567408121595
0.8418797166696874
0.9128048177298236
0.918272870954528
0.860547456332158
0.7364056777181243
0.7188116170115475
0.8459263498985906
0.9119755934988445
0.9109969909276194
0.8426206336908327
0.7153110874374046
0.7409698037792807
0.8640258116031327
0.9201850092059051
0.9144957612030828
0.8445130120407316
0.7171980812109473
0.7417686257439295
0.8652620636339492
0.9238654009710101
0.9238566139228886
0.8652314349954978
0.741726051619151
0.717237115026702
0.844551416911427
0.9145164421052119
0.9202010244943811
0.8640491341767409
0.7410000098037639
0.7152913762905202
0.8426014471544927
0.910994545537522
0.911991037946719
0.8459676542533829
0.7188565638049377
0.7363523244329067
0.86050665784241
0.9182533966672742
0.9127936817574424
0.8418681133233441
0.7145559383155259
0.7443639115409961
0.8670165433958732
0.9239429798937281
0.9221145878617466
0.8606559751638433
0.7356605616740594
0.7227662596680061
0.8497813375085589
0.9171199082210505
0.9217693235073827
0.8658137233822382
0.7431935712810744
0.7141790012224342
0.8415014706797636
0.9112514669133618
0.9140685318151391
0.8510474309030416
0.7245954887139326
0.730007401853172
0.8555359058947403
0.9160150696423722
0.9118489712382631
0.8413714816814697
0.7140574608970476
0.7441155307929028
0.8666449888747989
0.9228966568557031
0.9194782977671895
0.8548062337238589
0.7284873768315703
0.7296886022339684
0.8558185993504241
0.9199458001514904
0.9231066335638439
0.8667745709061425
0.7442489288361838
0.7140735319036181
0.8413858136244616
0.9119840811036596
0.9164031995101363
0.8564206458222268
0.731111168269625
0.7235476067887285
0.8501465657997813
0.9136843912514373
0.9111554256372805