0.4646464646464647
0.46464646464646475
0.4365956563999152
0.5106286104264328
0.44367331637374935
0.5440116293108145
0.46888520684241697
0.5625497386866719
0.5090559548074557
0.5558923812604796
0.5526439007943699
0.5143784050665711
0.563443890224469
0.47262090221789455
0.5468282984639579
0.44580517676658316
0.5151459856811038
0.43597197060649817
0.46978340256489526
0.4597451182177771
0.4377015599880285
0.5059200335519333
0.4417467061499006
0.5410269438635229
0.4653497354715874
0.5613572164091128
0.5038445110030524
0.5585967449428343
0.5488857532418187
0.5197578311754247
0.5640091904248035
0.47655748914332074
0.5494809830396026
0.44812459948844774
0.5194696655212891
0.43578915799956375
0.475076694516255
0.4551581877089791
0.4393264800347671
0.5010256344751293
0.4400454908673875
0.5378658429890089
0.46200938888614834
0.5598936036844164
0.4987831068683493
0.5607458636081183
0.5446724052300159
0.525128513876671
0.5642114573144316
0.4806927642339578
0.5519677488420116
0.4506178507327677
0.5235973647439844
0.4360060458339526
0.48044902856650396
0.4509611279826358
0.44149685061033095
0.49595793731673543
0.43859182003455627
0.534518150084987
0.4588552486521601
0.5581833376284352
0.49389567331759304
0.5623502792275978
0.540071975033757
0.5304172483897194
0.564012488151745
0.48502392066840466
0.5542802537342109
0.4532768269970917
0.5275262671860997
0.4365845797096093
0.48582741914616734
0.4472216559539092
0.44422246427058665
0.49074140892657325
0.43741023236376303
0.5309750545970098
0.45587714924038275
0.5562484865226408
0.48919436948576045
0.5634369397677036
0.5351601157372677
0.5355466075252845
0.5633710358134829
0.48954869193367073
0.5564045783487233
0.4560998393420816
0.531254235883033
0.4374907298519618
0.4911465158687032
0.4439935785164238
0.4474912965227891
0.4854156852573957
0.43652812431126364
0.5272316317788243
0.45306681713597685
0.5541091166350957
0.48468439358622334
0.5640429205749651
0.5300157161577386
0.5404373245028342
0.5622458341935967
0.4942645344557853
0.5583229179350293
0.45909112353312725
0.5347820907366756
0.4386941465442093
0.4963528175124148
0.44131048098928227
0.4512680384363155
0.48003532107929753
0.4359761081292664
0.5232873639319622
0.45042042704308083
0.5517827965617002
0.4803681936166941
0.564209637708279
0.524717981049428
0.5450106435355506
0.5606003699460808
0.4991658812175592
0.5600150498460316
0.46225920046093516
0.5381151044979802
0.44016766518749917
0.5014078937830685
0.43918259799258746
0.4554975735104643
0.4746663980691765
0.43578851862309476
0.5191445172651753
0.4479401590915806
0.5492830719262622
0.4762480745765784
0.5639781851396841
0.5193441036758849
0.5491913143363438
0.5584087323340681
0.5042398357553387
0.5614587426624796
0.4656142530122307
0.5412622994867067
0.4418869495366149
0.5062883445057138
0.43759864627004025
0.4601113913224939
0.4693823354437635
0.4360037055437201
0.5148058874755193
0.4456345927830829
0.5466178063997367
0.47232686008342967
0.5633864677045245
0.5139668455441898
0.5529120306574206
0.5556618862195457
0.5094613902475486
0.5626293553632657
0.4691649799474856
0.5442338253814354
0.4438300118783104
0.510982368160336
0.43653117339011427
0.4650336468126125
0.4642606722576922
0.4366629858761306
0.510273723609005
0.4435178303986086
0.5437884444139535
0.46860661706728085
0.562468363646949
0.508651181692664
0.5561196551223129
0.5523727547143102
0.5147903064164462
0.5634993748571309
0.47291613074298866
0.5470378262708631
0.44597686514871504
0.5154849414190986
0.4359428359114876
0.47018539098124146
0.4593807012176566
0.43780754009470846
0.5055506231044146
0.4416077913141339
0.5407905485868759
0.46508637086248955
0.5612540925615055
0.5034500788754859
0.5587814716589841
0.5485775005663653
0.5201715106725945
0.564038056449377
0.4768680758588994
0.549677918718299
0.44831006237551707
0.5197936582025637
0.43579215329629245
0.47548745513793383
0.4548211051573798
0.43947358754554566
0.5006423470490499
0.4399247754916044
0.5376154801827968
0.46176067627133266
0.5597707038227562
0.4984013645134289
0.5608881363317167
0.5443318802221473
0.5255385653400014
0.5642109119070435
0.4810184898356493
0.5521516760536176
0.4508162487113003
0.5239061927255402
0.43603811461829844
0.48086276813255274
0.4506569233251778
0.44168650619225136
0.4955621715880252
0.4384910969683818
0.5342530548273938
0.4586204111573795
0.5580424335443044
0.4935279133932427
0.5624516654303233
0.5397047871400825
0.530817841465285
0.5639794459130019
0.48536458977695535
0.5544502827526243
0.45348780143998274
0.5278197159060215
0.43664296572308764
0.48623879744863807
0.4469550419013493
0.444454565887262
0.49033565038558746
0.4373314997725928
0.5306946893857944
0.45565544645666767
0.5560911895022267
0.4888411767993311
0.5635000064292408
0.5347722522152961
0.535931691495298
0.5633022762571898
0.48990414276449423
0.5565594562908052
0.4563235198177418
0.5315322344766169
0.437572979196809
0.4915509498948574
0.4437679190468613
0.4477639428304005
0.4850036234026857
0.4364736141045098
0.5269358103037236
0.45285777126123483
0.5539368787853332
0.4843460094138456
0.5640707623251464
0.5296132804749273
0.5408008002145976
0.5621383153027053
0.49463449330663045
0.5584611649012162
0.4593280403513458
0.5350448801675812
0.4387980648239598
0.49674679812869715
0.441127396998571
0.4515776261379069
0.4796216775810758
0.43594831790297817
0.5229761916559972
0.45022397999155706
0.5515968243191763
0.48004477917236177
0.5642054712447067
0.524307001200761
0.5453465621077047
0.5604516464311619
0.4995496797026392
0.5601350317981518
0.46251011565757016
0.5383632693957876
0.44029128798403694
0.5017891173250543
0.4390419322149907
0.45583922940444604
0.47425660021060917
0.43579025338325506
0.5188182146072705
0.4477567463919207
0.5490841876120987
0.4759398335179148
0.5639450569188744
0.5189303599565858
0.5494941555395149
0.558217433891651
0.5046360388113038
0.5615586595979333
0.4658799267960868
0.5414966199734399
0.44202851194342974
0.5066555525848528
0.4374987837387832
0.4604794851456351
0.4689822253563483
0.43603805987253474
0.5144646476843944
0.4454651205957577
0.5464063493761281
0.47203400490607844
0.5633271218096747
0.5135556552625867
0.5531771238858131
0.5554281808434363
0.5098674664250851
0.5627072005814001
0.4694459375310388
0.5444550356021619
0.4439879082619891
0.5113349954762656
0.4364695184630068
0.46542218266732716
0.46387630572392863
0.43673318005017897
0.5099177091331436
0.4433635626811761
0.5435642675566593
0.46832920930462474
0.5623852432297471
0.508247091947999
0.5563436978053942
0.5520986135507108
0.5152025217695436
0.5635529069614914
0.4732125449879181
0.5472463903084666
0.44614965066828
0.5158227538035003
0.4359162823258398
0.47058826502155854
0.459018175599166
0.43791660143515987
0.5051801167880041
0.441470214624371
0.5405531090737199
0.46482415572768904
0.5611493827429564
0.503056553145692
0.5589629131995933
0.5482665850913165
0.52058511013241
0.5640647667407024
0.4771798333509958
0.5498738764976628
0.4484965427478203
0.5201164941052525
0.4357974864186438
0.47589864566485585
0.4544863587567972
0.4396239291454345
0.5002580395771112
0.43980552961158165
0.5373640114439113
0.4615130579084664
0.559646360687845
0.4980206615932946
0.5610271976060965
0.5439891017921632
0.5259481009557734
0.5642079832107927
0.48134536926433574
0.5523345728900451
0.4510156188604467
0.524213846526196
0.4360722982312162
0.4812765081251013
0.45035545253159753
0.4418794472837268
0.49516553492324883
0.4383919891198516
0.5339868017269461
0.45838660656787245
0.5579002151815933
0.4931612579466935
0.5625500081759087
0.5393357962592378
0.5312174596144494
0.56394377470524
0.4857064000299834
0.5546191962266644
0.45369974127264484
0.5281119774269081
0.4367032679029322
0.4866497929617556
0.44669147441885415
0.44468987210144656
0.4899292621026825
0.4372545452289643
0.5304131391844651
0.455434728095614
0.5559326958976304
0.4884891151670739
0.5635602542525291
0.5343830530512939
0.5363153315777553
0.5632306429490367
0.4902607205041679
0.5567131115826882
0.45654819387832973
0.5318090517803407
0.43765696746717375
0.49195469023395677
0.44354549543867516
0.4480395733915398
0.4845912616070374
0.4364210637954104
0.5266388034810617
0.4526496889929379
0.553763547375896
0.48400876904098705
0.5640960325228093
0.5292099769767765
0.5411623669499501
0.5620277078945879
0.4950055461182206
0.5585980688995617
0.45956600371974543
0.5353065219056841
0.43890356330037
0.4971398656643618
0.44094759753764395
0.45188986207788023
0.4792081302290307
0.43592269170179876
0.5226638492927661
0.45002851215810014
0.5514098370169082
0.47972252211969313
0.5641989759556965
0.5238956085251717
0.5456801281788892
0.5602996847411272
0.4999344940342174
0.5602535389469274
0.46276213908280106
0.5386103424101212
0.4404163488708695
0.5021692978645645
0.43890447293194257
0.4561831219913165
0.4738473354922895
0.43579438061296344
0.518490758689302
0.4475743667943469
0.5488843320997063
0.47563276730740633
0.5639098219398431
0.518516631536844
0.5497942490313337
0.5580228504620034
0.5050331052968983
0.5616569553906123
0.4661467599841746
0.5417299097664958
0.442171383903169
0.5070216546389974
0.43740195685210714
0.4608493642006636
0.4685831081027091
0.43607505274772307
0.5141222671907616
0.44529676773306626
0.5461939264799989
0.4717423371410029
0.5632658669255448
0.5131448612114758
0.5534391607935593
0.5551912768173322
0.5102741612157811
0.5627832611351307
0.46972808057499316
0.5446752627859143
0.4441469969556032
0.5116864911209499
0.4364106730970415
0.46581203611717453
0.4634934011049897
0.43680625698652664
0.5095605685243999
0.4432105220248984
0.5433390954526761
0.46805298206640633
0.5623003903118858
0.5078437060694714
0.5565645001560922
0.5518214991362983
0.5156150229033024
0.563604471765957
0.4735101441847425
0.5474539908479303
0.44632352620589444
0.5161594219397704
0.43589229074400815
0.470991989087498
0.45865757652119393
0.43802875848074097
0.5048085184851167
0.4413339857406491
0.5403146206833712
0.46456308646993916
0.5610430984772783
0.502663947044664
0.5591410710455249
0.5479530360496205
0.5209985972780417
0.5640893046780553
0.47749276023995385
0.5500688536827584
0.44868403580632377
0.5204381719959335
0.4358051393983999
0.47631023197910594
0.45415398113760846
0.4397775128540561
0.4998727205689839
0.4396877638640257
0.5371114321965312
0.46126652905249266
0.5595205846256068
0.49764100514389453
0.5611630574776966
0.5436441034557087
0.5263570861057502
0.5642026528365846
0.48167340139400594
0.5525164338490868
0.4512159592932484
0.5245203248177951
0.43610858056867186
0.4816902171606289
0.4500567431693488
0.44207567264057396
0.49476804247461703
0.4382945083647196
0.5337193876997253
0.4581538304810344
0.5577566919757911
0.492795710018022
0.5626453231703775
0.53896503792478
0.5316160670084759
0.5639054553752746
0.4860493505419494
0.5547869865644123
0.4539126475125237
0.5284030513517964
0.4367654719261888
0.4870603789122073
0.4464309728209102
0.4449283708088242
0.48952226646767827
0.43717938199450873
0.5301304030934311
0.4552149914280588
0.5557730142362276
0.4881381858051408
0.5636177018226715
0.5339925543386235
0.5366974917242431
0.5631561179135983
0.49061842357308416
0.5568655353843035
0.45677386488387417
0.5320846893679732
0.4377426818403435
0.4923577166662715
0.4433263164222361
0.4483181660302417
0.4841786282873984
0.4363704882215738
0.5263406121246503
0.4524425701693364
0.553589129453216
0.4836726733680634
0.564118750255937
0.5288058412230999
0.5415219896125306
0.561913997691117
0.4953776888741751
0.558733620237184
0.45980501830461795
0.5355670196159857
0.43901063049900746
0.49753200715694973
0.4407710807485798
0.45220471680462404
0.47879471141708935
0.4358992462204294
0.5223503382235577
0.4498340263524513
0.5512218393495857
0.479401423706435
0.5641901697446549
0.5234838370622118
0.5460113092596849
0.560144477163274
0.5003203154791799
0.5603705606123697
0.46301527527930914
0.5388563283011105
0.4405428375418284
0.5025484285628166
0.43877020982500586
0.456529217642698
0.4734386385973658
0.4358009187560037
0.5181621506215948
0.4473930258972788
0.5486835071604366
0.4753268772596761
0.5638724962334056
0.518102949661553
0.5500915675018083
0.5578249836896089
0.5054310197808092
0.5617536181136893
0.4664147555822225
0.5419621732263225
0.44231555601197364
0.5073866477350747
0.4373081497442269
0.46122099290908913
0.4681850195388259
0.4361147033179505
0.5137787468840551
0.4451295418490574
0.5459805365904277
0.47145185712529214
0.5632027173128779
0.5127344899447001
0.553698122441337
0.554951186663468
0.5106814519662191
0.562857523706879
0.4700114098973826
0.5448945095767878
0.4443072694744712
0.5120368539131316
0.4363546186470989
0.46620317107046805
0.46311199443617457
0.4368822345678222
0.5092023034190172
0.44305871730586527
0.543112924669725
0.4677779336929139
0.5622138176621609
0.5074410439993883
0.5567820538672776
0.5515414339858924
0.5160277812096038
0.563654054366424
0.4738089274756218
0.5476606279409902
0.44649848478945586
0.516494944920638
0.4358708420981091
0.47139652765920287
0.45829893901518776
0.43814402531208707
0.5044358323495481
0.4411991143889483
0.5400750787260764
0.4643031593580312
0.5609352511897701
0.5022722732680939
0.5593159474284297
0.5476368831068094
0.5214119396009889
0.5641116534928358
0.47780685514417753
0.5502628473493155
0.4488725369615714
0.5207586906129789
0.4358150943979526
0.4767221801213344
0.4538240046444421
0.43993434607292464
0.49948639898429165
0.4395714889726194
0.5368577379332891
0.4610210849304912
0.5593933859028956
0.49726240181025405
0.5612957265325473
0.5432969189506233
0.5267654860434675
0.5641949022874906
0.4820025851299583
0.5526972532372616
0.4514172683539119
0.5248256263009087
0.4361469456728279
0.48210386413576145
0.4497608222860249
0.4422751802156043
0.49436970995335283
0.4381986666810646
0.5334508098192017
0.4579220785805337
0.557611873299141
0.4924312724365287
0.5627376264351817
0.538592547758061
0.5320136277655889
0.5638644687819184
0.48639344041809873
0.5549536460510048
0.4541265213831594
0.5286929374051146
0.4368295635938793
0.4874705289686582
0.44617355566812505
0.44517004907061775
0.48911468639556094
0.4371060234430282
0.529846480375377
0.4549962338962634
0.5556121529590808
0.4877883898620795
0.5636723678412887
0.5336007921657051
0.537078135914296
0.5630786833647569
0.4909772502757362
0.5570167187840953
0.4570005363373532
0.5323591489853015
0.43783010960125823
0.49276000952793797
0.4431103898816162
0.4485996978972814
0.4837657522398552
0.436321902354083
0.526041237134516
0.4522364148492925
0.5534136319136945
0.48333772331014707
0.5641389345698217
0.528400908692394
0.5418796332382103
0.5617971708134295
0.49575091727979637
0.5588678091547166
0.4600450888170027
0.5358263770942824
0.43911925504344695
0.4979232101756457
0.44059784402942515
0.45252216044337
0.4783814537658736
0.4358779983012492
0.5220356598290167
0.44964052561310996
0.5510328358005865
0.47908148520762045
0.5641790703824643
0.5230717206891862
0.5463400731541241
0.5599860166115288
0.50070713484835
0.5604860860266873
0.4632695287169749
0.5391012318521614
0.4406707437689249
0.5029265029650798
0.43863913204497584
0.4568774825144714
0.4730305443340758
0.43580988636084145
0.5178323914833712
0.44721272948809837
0.5484817143346247
0.475022164657292
0.5638330956846918
0.5176893452896691
0.5503860841706637
0.5576238360266622
0.5058297662711799
0.5618486357376561
0.4666839164365995
0.5421934146231826
0.44246101892922285
0.5077505291443294
0.43721734624210506
0.4615943356087124
0.4677879955708443
0.43615703071392004
0.513434087665851
0.4449634507181176
0.5457661783821571
0.4711625650714118
0.5631376871093317
0.5123245675681143
0.5539539906506741
0.554707923735654
0.5110893155019325
0.5629299748663293
0.47029592615568516
0.5451127784448899
0.4444687174220948
0.5123860827348131
0.43630133635854323
0.4665955514436062
0.46273212172140127
0.4369611304798677
0.5088429155744604
0.44290815747058804
0.542885751635722
0.46750406235224073
0.5621255379420784
0.5070391251222829
0.5569963514775877
0.5512584412786274
0.5164407677075753
0.5637016397243514
0.4741088939201741
0.5478663014176265
0.4466745195996227
0.5168293218223244
0.43585191736787743
0.4718018453009301
0.45794229797551783
0.43826241560198664
0.5040620628204076
0.4410656103623283
0.5398344784717088
0.46404437053325237
0.5608258522082583
0.5018815439839097
0.5594875453170577
0.5473181563422492
0.521825104370914
0.5641317962690535
0.47812211668518184
0.5504558543449417
0.44906204183707127
0.5210780486684793
0.43582733371400995
0.4771344562981539
0.45349646132067334
0.4400944355684462
0.4990990842447548
0.4394567157496677
0.5366029242239456
0.4607767207508785
0.5592647747092845
0.49688485786029346
0.5614252158786097
0.542947582224187
0.5271732659004364
0.5641847129651815
0.48233291940824824
0.5528770251744736
0.4516195446174235
0.5251297497115266
0.43618737773096444
0.4825174182388959
0.4494677163896584
0.4424779671494375
0.4939705536325506
0.4381044761499925
0.533181065320059
0.4576913466440976
0.5574657684606038
0.4920679478336095
0.5628269342908879
0.5382183614601329
0.5324101059567167
0.5638207958080007
0.48673866874849386
0.5551191668538149
0.4543413643106037
0.5289816354390688
0.43689552882923
0.487880217253682
0.4459192407535181
0.4454148931196524
0.4887065453180879
0.4370344830616498
0.5295613704517073
0.45477845311898907
0.5554501204171404
0.4874397284274359
0.5637242711125777
0.5332078026097643
0.53745722816229
0.5629983217208318
0.49133719878998183
0.5571666528010798
0.4572282118783469
0.5326324325503387
0.43791923814179107
0.49316154971455056
0.4428977228559555
0.4488841454881862
0.48335266262686477
0.43627532129940894
0.5257406794895428
0.45203122331450024
0.5532370614982491
0.48300391980055474
0.5641566044573231
0.5279952147762292
0.5422352630048834
0.5616772137991233
0.49612522674806425
0.5590006258250911
0.46028622000391267
0.5360845982604999
0.43922942565417994
0.4983134628133479
0.44042788404820654
0.4528421627147679
0.4779683901130512
0.43585896493364523
0.5217198154842879
0.449448013205978
0.5508428306387323
0.4787627079234327
0.5641656955040197
0.5226592931136329
0.5466663879754352
0.5598242966433338
0.5010949424845546
0.5606001043326698
0.4635249037842833
0.5393450578607407
0.4408000574005634
0.5033035149867641
0.4385112282295477
0.4572278825592769
0.4726230876296334
0.4358213020739384
0.517501482323538
0.44703348353840155
0.5482789549321221
0.47471863074397486
0.5637916360343291
0.5172758490824592
0.5506777728070368
0.5574194107417724
0.5062293282132022
0.5619419961296437
0.46695424523075574
0.5424236381294659
0.44260776337769303
0.5081132963295815
0.4371295298816813
0.46196935656160776
0.4673920721493043
0.43620205403618784
0.5130882904560264
0.44479850222984957
0.5455508503292841
0.4708744610609551
0.5630707903312177
0.5119151197278076
0.5542067480172
0.5544615022126069
0.5114977281361468
0.563000601069232
0.4705816298506335
0.5453300716813783
0.4446313324940887
0.5127341765228474
0.43625080738104516
0.46698914116729073
0.46235381892623595
0.4370429621963995
0.5084824068803081
0.44275885153408334
0.542657572645225
0.4672313660403593
0.5620355637065537
0.5066379682617539
0.5572073863694612
0.5509725448396887
0.5168539530563612
0.5637472126648675
0.4744100425028625
0.5480710108839759
0.4468516239752571
0.5171625517011824