1.7627118644067796
1.7627118644067796
1.8896299110086172
1.9937271329429647
2.094854634019384
2.2219715958451394
2.25138731501689
2.1272562184581387
2.020417630939401
1.9233178193267235
1.7991082605253674
1.7347208689054845
1.8502306505988613
1.9615477898802347
2.054844379203726
2.1719259966864746
2.271217373592064
2.1790236782825914
2.06003077463273
1.9660865814359736
1.856092656482481
1.7376794899863741
1.793491154603482
1.9187467897756694
2.016862069693671
2.1230084107497738
2.2480934112394246
2.22582102484419
2.0985334651222884
1.9966371452112688
1.8931505674744518
1.765982377758476
1.7594979532433466
1.8860435715432244
1.990740166298203
2.0910463498389618
2.217837664310287
2.254683204229676
2.1317757757897975
2.024158613659426
1.92806781547549
1.8051432965022085
1.7321911310704263
1.8440367367730184
1.9568709337548917
2.0497967874575704
2.1650026184131983
2.2703090426906622
2.1859219139942523
2.0651379848284854
1.9703595241060152
1.8614774701643386
1.740835970827403
1.78841761163589
1.914466958644702
2.0135477594014217
2.1190684510715765
2.244881345114552
2.2293793506185984
2.1020589849055966
1.9994595467983238
1.8966046692059801
1.7693044285051363
1.7563407959915154
1.8823862285802848
1.9876752703643563
2.087110228710559
2.213404485281437
2.2579237363178026
2.1365688531226796
2.0280668468340695
1.9329358426748846
1.8115129740231455
1.7302563203441947
1.837581552985544
1.9520959192022813
2.04496130361005
2.158427030642626
2.268634072928382
2.1924332786662086
2.070064368746102
1.9743521570426434
1.8664071468133543
1.7440562667612385
1.7838369755070054
1.910457653437388
2.0104334304961053
2.1153593342453356
2.2417273691658024
2.2327411566638213
2.105508174531713
2.0022623201018974
1.9000859830941912
1.772770535121555
1.7531606761338663
1.8785512409687235
1.984449318266502
2.0829463837907114
2.208538238840752
2.2611116169115846
2.1417635711972816
2.032224010807479
1.9379734066265868
1.8182660886698263
1.7290328377507191
1.8307904928097427
1.9471342996354852
2.0402514582450806
2.1521346993477564
2.2663203140618053
2.1985980264650453
2.074859019240831
1.9781534287170304
1.8710245430433847
1.7473326399735403
1.7795957307940586
1.9066058047297543
2.0074210237104384
2.1117514417958945
2.2385399988054484
2.2360276875615943
2.1089984920622045
2.0051360661102033
1.9037039792831614
1.7765033953230829
1.7498928613425995
1.8744228699583796
1.9809841058960362
2.078479360611771
2.203123608222572
2.264172639660033
2.147452531075873
2.0366723512988725
1.943154080723125
1.8253285041829599
1.7286702283925968
1.823719175798305
1.9419786429867827
2.035644289703269
2.1461249550764387
2.263501120746972
2.2043955808551736
2.079514550781628
1.9817890284600415
1.875384215565846
1.750638807244223
1.775632465015353
1.9028714792042214
2.0044776302690557
2.108202008961101
2.235287741386004
2.239267055979614
2.1125627186279843
2.0080967330428345
1.907467322702073
1.780530790105972
1.7465865806834853
1.8700021597176066
1.977307011298343
2.073783994745307
2.1972320913740813
2.2668939487702895
2.153536425899357
2.0413097178937654
1.9482766603505994
1.8323580454888375
1.7292397996264397
1.8167040950347255
1.9368172808537196
2.031257423811937
2.1405458742597507
2.2603964281188444
2.2096852383757257
2.083914175445511
1.985198541328684
1.8794416307732607
1.7538869399672645
1.7719666394358486
1.8992893282913215
2.0016246127356094
2.1047278437607555
2.2319906648331194
2.242440641093821
2.116185507750185
2.0111258173126934
1.9113469020641833
1.7848383400936694
1.7433235052567293
1.8653243602719924
1.9734690719621204
2.068963992392233
2.190993306171965
2.2690726024049175
2.159886091557175
2.0460402959409225
1.953188583276808
1.839067889826352
1.7306362721893078
1.8100409368850063
1.9318222749586418
2.027164778082054
2.135455370322693
2.257195474041576
2.2144389445159574
2.088015856189125
1.9883786561455312
1.883223842580065
1.7570531986357614
1.768545272088439
1.895825722692687
1.9988265356844563
2.1012726927358756
2.2285966288130488
2.245599932536458
2.119934667589471
2.014276588597232
1.9154079143832685
1.7895170254845194
1.7401143443121778
1.860303543325803
1.9694197583413566
2.06399846597485
2.1843940147979817
2.27058727310509
2.1665389327304965
2.0509188083180896
1.9579359357816921
1.845459874153549
1.7327155239528385
1.8037487905324836
1.9269833272729493
2.0232990681364766
2.130731869450313
2.253941949684233
2.2187964613431674
2.091917238963319
1.9914212614817748
1.8868592933352148
1.7602186300629576
1.7652391860957108
1.8923613402875428
1.9959872238953298
2.097715106363853
2.2249768741525764
2.248833111571867
2.123942321924441
2.0176462188004534
1.919758018876212
1.7947166981639595
1.7369849959295869
1.8548047649704829
1.9650792917777937
2.058856845065109
2.1774227183833057
2.271300195526112
2.1735289155747664
2.056012514833861
1.9625911980935682
1.8515916638575876
1.7353606740790504
1.797795313948475
1.922263476474741
2.0195945518001306
2.126269465649357
2.25063852590853
2.2228684364255242
2.0956998113390535
1.9943932448309147
1.8904330912782412
1.763447845116689
1.761978822878849
1.8888233996607768
1.9930571470387892
2.0940029593724985
2.221060303662452
2.2521360398983816
2.128256670715585
2.0212499835324955
1.9243810064632252
1.800442311710323
1.7341034332377534
1.8488531009760896
1.9604978099876744
2.0536841462341906
2.170333118002417
2.271087374470822
2.180613369792202
2.0611999809285275
1.9670796283929655
1.8573552089782646
1.7383835931838505
1.7922943824110966
1.9177511873261512
2.0160908015820658
2.12209087960889
2.2473584524946286
2.226649715856523
2.0993434257229926
1.9972821514664794
1.893935868628439
1.7667276803746912
1.7587806308966794
1.8852247676781269
1.990055533533563
2.0901694818016354
2.2168642112915604
2.25542125332752
2.1328329831119452
2.0250261655890327
1.9291577028522113
1.8065541312639242
1.7316974278466473
1.842601071175603
1.9558016028566554
2.0486864209426265
2.163485286451427
2.269991807516558
2.1874288763977234
2.0662674758931936
1.971284428417672
1.8626275234648477
1.7415602261048233
1.7873439003698046
1.9135402961550172
2.0128294424175057
2.1182143062163
2.2441660661537353
2.2301518836934897
2.1028411644317173
2.0000914328149193
1.8973849153248592
1.7700707870193408
1.755627165131751
1.8815395944019275
1.9869636422785704
2.086192863829386
2.212347835301219
2.2586496617906953
2.137703013132982
2.0289818215260915
1.9340584508037206
1.8130051756844567
1.7299124631034255
1.8360774450285005
1.9509933303564448
2.0438883810832436
2.156982041304143
2.2681628922769033
2.19385594084478
2.071158348788076
1.9752258132692255
1.8674744592510946
1.7447920495396962
1.7828524497240121
1.909576043946275
2.009745896651193
2.114537864893772
2.2410120460739056
2.233488298601679
2.1062910720450696
2.0029040636395314
1.9008901743341968
1.7735885946634664
1.7524293234248705
1.8776452105202879
1.9836872863685677
2.0819622794659014
2.207362197615649
2.2618210538706642
2.143007580491954
2.0332062828937763
1.9391378242785422
1.8198453783256217
1.728870227084562
1.8292070793303548
1.9459809589394022
2.0391976781582195
2.1507465740520333
2.265720296858087
2.1999458929345828
2.0759275574311666
1.9789918483420994
1.8720342812285373
1.748080607138637
1.7786744587881242
1.9057498860974562
2.006748548187356
2.1109428334581524
2.237809322238741
2.2367654643619974
2.1097990258690755
2.005799140879505
1.904544124318192
1.7773896442148285
1.749144797806303
1.87344636838606
1.9801682110284682
2.077432343360158
2.2018269351384956
2.2648266651828948
2.1488004668511707
2.0377100527053935
1.9443262811121984
1.8269358418172443
1.728718854098505
1.8221129698721878
1.9408030210216776
2.034627754363143
2.144819912954259
2.2628151222525874
2.2056409533880617
2.0805362409450785
1.9825820631665574
1.876329689003091
1.7513814521748134
1.7747771690347005
1.9020471434610988
2.0038241336925453
2.107409782706335
2.234545887729952
2.2399903472977165
2.1133765400983355
2.0087755502628015
1.9083342668067143
1.781479611546665
1.7458431658578224
1.868967283928184
1.9764529251880754
2.072703303691942
2.195849233888842
2.2674393477239754
2.1549507980272904
2.0423719269510308
1.9494071994452336
1.8339077177191663
1.7294891402205437
1.8151615828780827
1.9356706533260706
2.0303066407219426
2.1393541078119087
2.2596770784048736
2.2108039582330594
2.084865996287458
1.9859355276660637
1.8803174051562117
1.7546084695415343
1.7711756576214082
1.8984991941639182
2.000990043353191
2.1039488423857904
2.2312356256202164
2.2431529626343525
2.117017789581283
2.011824178092555
1.912245173376326
1.785858332771648
1.7425934760830377
1.8642243293612384
1.9725753597972404
2.0678562694368368
2.1895349876104326
2.2694773333900904
2.1613605877398787
2.047126756600309
1.954272730646076
1.8405377694880076
1.7310509102579954
1.8085880444883988
1.9307167839080548
2.026274275406244
2.1343605283530165
2.2564646854620127
2.215453343938515
2.0889113606189684
1.9890751605941739
1.884054195705881
1.757765671331105
1.7677916903290243
1.8950464797527462
1.9981911647396386
2.1004807953280764
2.22780205554396
2.2463227731226527
2.1208145440431383
2.0150170368734432
1.9163642924206086
1.7906438163400775
1.7393960662410521
1.859104349515171
1.9684644196415144
2.0628490053662887
2.182845699236174
2.2708245544017327
2.1680939260814274
2.052052813174837
1.9589970231625535
1.8468706460195576
1.7332692661198508
1.8023707470618355
1.9259042205354835
2.022447189916812
2.129700619512084
2.2531977112228225
2.219741280234602
2.0927826102405653
1.9920991771949679
1.8876723741687977
1.7609430112293158
1.7644978715178417
1.8915678755959418
1.9953322781033307
2.096888367356979
2.2241170353599373
2.2495768226209596
2.124892449147204
2.0184427779102223
1.920783775490173
1.795969944458162
1.736302880327854
1.853492992751261
1.9640592329170867
2.0576809620427157
2.1758150856807683
2.271334784510943
2.175137349914993
2.0571859603318843
1.96362630577899
1.8529339408751995
1.736020071141638
1.796505578685001
1.9212197012429555
2.018781730799724
2.125297266314572
2.2498909452806304
2.223750296394783
2.096537807776737
1.9950550172836539
1.8912324867241526
1.7641862885905961
1.7612491650994042
1.8880139912373228
1.9923837090433951
2.093145383702189
2.2201350186237208
2.2528835474176017
2.1292701086169026
2.0220907728252215
1.925451533741097
1.801795557902649
1.733510840809936
1.8474609035784713
1.9594426463413135
2.0525338543399054
2.1687540254973157
2.270911731331478
2.1821879382444167
2.0623621626717505
1.9680574043193473
1.8585916032763634
1.7390948891873452
1.7911267875584078
1.9167718083150977
2.015332513866392
2.1211894574248626
2.246628585519655
2.227463566651008
2.100145352044997
1.9979226498606037
1.8947179134636534
1.7674756881242868
1.7580660022133747
1.8844020631858802
1.9893666968287351
2.089285788236289
2.215874975851407
2.256156136185552
2.133904610774594
2.025902440499267
1.930253447770537
1.8079817114035979
1.7312355841021398
1.8411521356348026
1.9547270558465568
2.047586838580267
2.1619864399876483
2.2696373450376375
2.18891515247606
2.0673873788646913
1.9721955332720966
1.86375549001512
1.742286819939026
1.7862938952703784
1.9126264944636822
2.0121203422928553
2.117370469269779
2.2434529245794086
2.230915981181718
2.1036208642244967
2.0007235109007495
1.8981681213697208
1.7708460907168544
1.754911040926192
1.8806821313594069
1.986242409344598
2.085262200549948
2.211266878624435
2.259373203246565
2.138859807175752
2.0299109314870085
1.9351908198891004
1.8145182027871303
1.729606326632927
1.8345546381431443
1.9498796587536418
2.0428203754381244
2.155550054963002
2.2676601799960725
2.195262028844586
2.0722466441429854
1.9760909898386583
1.8685277217015446
1.7455310328046
1.7818833352208752
1.9087009770305186
2.0090623429277557
2.113720020607332
2.240293807240769
2.234232945427188
2.1070774567520436
2.00355046419359
1.9017025458949415
1.7744217144925485
1.751692938316707
1.8767229458970829
1.982912262187105
2.0809620686904395
2.2061570249398845
2.2625226421775793
2.1442775820416324
2.034203580001332
1.9403086585430787
1.8214387655413489
1.7287537444659713
1.8276108700182407
1.9448182012806254
2.03814943973618
2.149373598961536
2.265096116740245
2.201274044455468
2.0769883520105634
1.9798216117001426
1.8730308506514914
1.7488294766346226
1.7777672966914033
1.9049000244716494
2.0060796363682516
2.1101372384290866
2.2370753806249213
2.2375006440885135
2.110603218524198
2.0064664220517217
1.9053912513069775
1.778290722007317
1.748395899499122
1.87245556552026
1.979342350398262
2.0763752697400815
2.2005076675121744
2.2654602692029253
2.150166483326127
2.0387555288986294
1.9454923745698014
1.828536290305852
1.7288154642330569
1.8205148268587663
1.9396301909920313
2.0336244533673877
2.1435392322099265
2.262117575031068
2.206858250903177
2.081543039194688
1.9833625167596758
1.8772588573537587
1.7521198394523967
1.7739375336690808
1.9012312299911525
2.0031756591329315
2.1066217395736495
2.2338021245262762
2.2407100031928135
2.1141930920909604
2.0094576188748223
1.9092068217378166
1.7824425612145842
1.7451028290081325
1.8679196153625302
1.9755911144669691
2.071617275393833
2.1944500136081393
2.267954985392288
2.1563775174173774
2.0434381166849946
1.9505257863661791
1.8354385294030302
1.7297788549314086
1.813639728419023
1.9345340540450875
2.0293712677493825
2.1381872553040093
2.258954637621794
2.211895742510788
2.0858026826267335
1.9866611898582358
1.8811799539266012
1.755325990179143
1.770396062304232
1.8977142543093146
2.0003574903046197
2.1031696888934217
2.2304745591237594
2.2438655865541666
2.1178578290105694
2.0125298075534337
1.9131540318827058
1.7868989935262454
1.741865901694005
1.8631050707744417
1.9716696910142502
2.0667401767599323
2.188057207668652
2.269846991481517
2.1628519454927417
2.0482221561811946
1.9553498299612477
1.8419926260023904
1.7314990055649635
1.8071531796696252
1.92961834910608
2.0253940338050045
2.133282389865603
2.255731076431025
2.2164496646266585
2.089798266699607
1.9897660371779176
1.8848788762896165
1.7584794328486777
1.7670422770001684
1.894265520359516
1.9975523699612487
2.0996820479055973
2.2269941740775923
2.2470504912550813
2.1217093739071533
2.0157699253247405
1.9173367944338355
1.7917991724085198
1.738682355629617
1.857879045164922
1.9674932563579473
2.061690324982517
2.1812784286670146
2.271018875906109
2.169666324586272
2.053198471041078
1.960054065298681
1.8482685619899555
1.7338507439432282
1.801009899808188
1.924830968392003
2.0216030377047582
2.1286818623755073
2.252451011026711
2.220672366532639
2.09364253953912
1.9927739739116188
1.8884829030218464
1.7616711418975601
1.7637585169757481
1.8907701885517474
1.9946724609594335
2.0960535921830665
2.223241628341135
2.250323510103222
2.125858264529335
2.0192509773258283
1.9218225691106656
1.7972492757619418
1.7356361158122182
1.8521592904269943
1.9630281840810953
2.0565061506626017
2.174205809918002
2.2713206803776256
2.1767462999730696
2.058361766913679
1.9646512207714697
1.8542552068119078
1.7366960908336238
1.7952411253147755
1.9201882558882908
2.0179801626550486
2.1243404514344872
2.2491458409371528
2.2246167227836557
2.0973679884756544
1.9957120461015287
1.8920277479973435
1.7649268038169346
1.7605231941399144
1.8872019773814155
1.991707098071487
2.0922822920459323
2.2191959890180653
2.253628903864217
2.1302961048067126
2.022939427515438
1.9265282615629802
1.8031664842309143
1.732945204237734
1.8460554469333714
1.9583832137883244
2.0513948612203348
2.1671914878143617
2.2706922954182276
2.1837444718696544
2.0635156327147546
1.969019405262651
1.8598017252391408
1.7398114227701622
1.7899880801201158
1.9158086980238036
2.01458690794304
2.1203034213424674
2.245903746009393
2.228263581783072
2.1009399997334177
1.9985593454202726
1.8954977197562053
1.7682273591803346
1.757353127100135
1.8835742785924974
1.9886727053749047
2.088394080456361
2.214868416732547
2.25688807515645
2.134992194552332
2.0267884702142998
1.931355846369137
1.8094268797766708
1.730806715937804
1.8396887545605503
1.9536460522033914
2.0464967908121254
2.1605050122492395
2.269247217188594
2.190381533946215
2.0684985035757637
1.9730941151948644
1.8648633688021545
1.7430157868349943
1.7852654579488958
1.9117239618283088
2.011419085476091
2.1165351325081123
2.242740633705501
2.2316733645584406
2.1043997382070416
2.0013570841053014
1.8989558916099716
1.7716320790738136
1.7541913069572184
1.8798121132446397
1.9855103197731867
2.0843168800076803
2.2101596938444663
2.2600939556510493
2.1400409261131434
2.030855150367981
1.9363332518268097
1.8160521042274775
1.7293397440763976
1.8330128454938677
1.9487541755508684
2.0417565259456825
2.154130485479718
2.267127143532548
2.1966518096224448
2.073329594059738
1.9769482987074927
1.8695679198614379
1.7462731867436452
1.7809286341359578
1.907831715084616
2.008382191236992
2.1129050922210806
2.239572080222108
2.23497558486135
2.1078678938852162
2.0042018412047415
1.9025233480805328
1.7752703993724586
1.7509519866687557
1.8757843060993422
1.982124457502268
2.0799465015523224
2.20492332560713
2.263213850063474
2.14557256118187
2.035214733956744
1.9414834541880932
1.8230421552835665
1.7286847999673112
1.8260058618183486
1.9436482420080352
2.0371082455123988
2.148017774777978
2.2644503438693175
2.2025804919499214
2.0780398185287376
1.9806418259479326
1.8740134807853592
1.7495780490981385
1.7768747385985817
1.9040568549778338
2.0054147334410652
2.1093351093693884
2.236338639611268
2.2382327475695463
2.1114106090307168
2.007137446044306
1.9062446882073407
1.7792061049282257
1.7476474164977966
1.8714512911851071
1.9785074794416815
2.0753098170168154
2.199167877946509
2.266070752787055
2.151548448017208
2.03980713311596
1.946649911243167
1.8301255232174507
1.7289588503542686
1.8189291553294995
1.9384628064232141
2.0326357432315083
2.1422841978265748
2.2614111601003657
2.2080465883875298
2.0825339830002743
1.9841300203043486
1.878171677619663
1.7528533422757537
1.7731132195296866
1.9004236499251617
2.0025320130578765
2.105837465792642
2.23305611635854
2.2414264646257105
2.115012924225679
2.0101433866666705
1.910085562112886
1.7834204473463557
1.744365710289094
1.866858369004678
1.9747211267352838
2.0705257569235234
2.1930343963773993
2.2684395823068884
2.157816925357051
2.0445088479501567
1.9516329217493482
1.8369504295679355
1.730107039571402
1.8121388082347718
1.9334074031487618
2.0284504792236455
2.13704379186278
2.2582296921564073
2.2129623768049895
2.086725465280703
1.9873767001396165
1.8820309292249053
1.7560405227329667
1.769626152172144
1.8969329637138683
1.9997256853716303
2.1023887565573753
2.2297057927651704
2.2445798134482216
2.1187074128171437
2.0132440784898935
1.91407509170686
1.7879624668366074
1.7411406477520934
1.8619645521427262
1.9707507425434618
2.0656148019638345
2.186559023405427
2.2701801071683203
2.1643613943334716