0.4040404040404041
0.4040404040404041
0.33184009975018236
0.4586633359939244
0.33899078269319227
0.36562041253040806
0.44100537078032953
0.3335710147967643
0.4465531516521585
0.3592280911284326
0.3428834485478067
0.4572604099090198
0.3321405149004514
0.4144023734712719
0.39353737856054305
0.33201415664094447
0.4593304059717924
0.33579427888013597
0.37275495439855677
0.43435254871634377
0.33325034892231814
0.4508005860328682
0.3537057574098455
0.34710058424105034
0.4550979683488852
0.3325953542650494
0.42349040219157075
0.38412677409323215
0.3329376508666054
0.4595283866732709
0.3335761379643598
0.3805907974697989
0.42687823718471574
0.3327928166686018
0.4539970646822301
0.3489369362282676
0.3516478806422528
0.45223548633268973
0.33306678708617565
0.4313442729554254
0.3759169025127007
0.33475035234168976
0.4594530521192538
0.33229790162535555
0.3894604457531757
0.4183568375576436
0.33232292893194426
0.45644678106502745
0.34460761908472926
0.35682573690880476
0.44847064648321733
0.3334671286425235
0.4383496394775882
0.36850651655978667
0.3375525206246022
0.4590178230696978
0.3318346943926811
0.3995989484525628
0.40845591841800144
0.33192858051964025
0.45817758947164744
0.34055112748952787
0.362861790918169
0.4434682614808381
0.3336166972894584
0.4444039725836733
0.36178440197594075
0.34120955867329184
0.4579413635551552
0.33198163536291014
0.41020934878240256
0.39782091084330123
0.3318620644787392
0.4591279499913158
0.3370122181917018
0.3697083497253503
0.43722693283457714
0.33341160717981133
0.4491836236754144
0.3558968064691741
0.3453174569709261
0.4560819318345203
0.3324002598988754
0.41988565717922716
0.3878761238759021
0.3324526012433494
0.45948489717765106
0.33437746926044387
0.3772335368318997
0.43008775602030935
0.33298894666000395
0.4527712881959801
0.35084743000655233
0.34970016896396916
0.4535166240464529
0.33287264146625783
0.4281971824887655
0.3792119845656223
0.3338804341973272
0.4595163467587514
0.3327232642286906
0.3856175351156875
0.422059050428221
0.33251586668673133
0.4555104000704088
0.3463730818091931
0.3545757851454714
0.450169463406321
0.3333191369951557
0.43553299598905565
0.37150795781124935
0.3362668396554083
0.4592593731852855
0.3319374185955408
0.3952499808390095
0.41273104013369144
0.33207233377596573
0.4575526389315633
0.34219858755311433
0.36024484316538874
0.44571102987697164
0.3335971315077215
0.4420276229600036
0.3644872505286902
0.3396098516713113
0.45848318529165283
0.33186749348278766
0.40583832010668963
0.40223818741543954
0.3318263614107365
0.4588218415194237
0.3383917843310138
0.366774454183473
0.4399514447856907
0.33353527194724275
0.4473570813211878
0.35823668459549424
0.34357637468635294
0.4569463879381605
0.33221245431178487
0.4160340360111281
0.391859191206375
0.33211254158618564
0.45938839646426044
0.33535039372442593
0.37402068004708294
0.43315040087978746
0.3331779490380354
0.4514018540211971
0.35285764916191187
0.347836700447536
0.45466649008602716
0.33267521720164406
0.42488609975317143
0.3826711538117992
0.3331771773634652
0.4595334070490349
0.3332985423239706
0.38199889981599144
0.4255301466998705
0.33271279927339265
0.45445716204573455
0.3481858045941102
0.35246642720731447
0.451674545586512
0.3331429459917944
0.43257827464053455
0.37462193500440744
0.33515184708441337
0.4594115637427847
0.3321664363830583
0.3910835704504555
0.4167862553431844
0.33224724646114745
0.4567915556166586
0.343904374860727
0.357779775079992
0.4477216781445236
0.3335154004937082
0.4394460764423356
0.36732348155873723
0.338117991152551
0.4588891189919772
0.3318251381032439
0.4013925017928626
0.40667904013832573
0.3318845408715268
0.4583908591963405
0.3399069014392808
0.3639624559101384
0.4424962750075441
0.33360587697626715
0.4453022286923069
0.36073110477946707
0.34188003212823986
0.4576822092818532
0.3320419514427401
0.41193307497900516
0.39606525777878726
0.3319086056873106
0.4592210542140869
0.33649858083976475
0.3709285204430358
0.43607982291383157
0.33334992756379034
0.4498621397049913
0.3549923936931816
0.34603402588409576
0.455697569781584
0.33247872630337805
0.4213736852984585
0.3863304788718643
0.33263107260022157
0.45950814886884694
0.3340327740238713
0.37857371545482327
0.4288073731550087
0.3329099872420411
0.45328363145805645
0.3500633385451757
0.35047718427965896
0.4530147809899082
0.33295196621404455
0.4294893890391855
0.3778600073497612
0.33421207451179574
0.45949683394956864
0.33253344271267926
0.3871453039803228
0.42058962761870045
0.33243700248112756
0.45590378549558275
0.345653193533556
0.3554689645916071
0.44950653539169994
0.3333833342992035
0.4366910331416784
0.37027924014044034
0.3367675468223773
0.4591737061013077
0.33188146420214193
0.3969930494239827
0.41102308112285346
0.3320091647250007
0.4578224721947517
0.341523126594905
0.36128658589110657
0.4448306339167447
0.3336129510407162
0.44301611279958353
0.36337596859026117
0.34024660211506896
0.458280618898682
0.3319066587227377
0.4076237518667101
0.40043996650960334
0.3318280776870241
0.4589597700244269
0.3378151135459503
0.367948422578265
0.43886807240723
0.33349077219931195
0.4481233935365451
0.35727073070787685
0.344276451906673
0.4566112738238107
0.33228713514994423
0.417624305398821
0.39021808217129217
0.33223328780927586
0.45943483669386576
0.33493536624471876
0.3753060123533071
0.4319266704968021
0.33310281012553
0.4519752326546336
0.35203002407591627
0.3485826941473592
0.45421566917966066
0.33275523751920727
0.42624877705799114
0.38124843353826515
0.3334424558826424
0.459531601227612
0.33304699758111467
0.38343877065756254
0.42415029389389597
0.33263283551168443
0.4548976705439894
0.34744522007908557
0.35330472401663365
0.4510866207845564
0.3332167339393882
0.43379053801308576
0.3733471351053751
0.335582180142416
0.4593591764830288
0.33205762905274816
0.3927445955616744
0.41517389958488055
0.33217390688304066
0.4571155751572742
0.34320800219605496
0.3587592226895508
0.44693551871742543
0.3335553748697644
0.4405141141468994
0.3661599671053763
0.33870676981283804
0.4587404287445694
0.3318318330923953
0.40319386535314455
0.40488599217680554
0.3318513807333305
0.45858146288967644
0.339279226112529
0.3650854644260456
0.4414896365073694
0.3335845278402974
0.44616235032617174
0.35970255565949316
0.3425606684143166
0.45740043459357604
0.33210794875830824
0.41362207483517105
0.3943377738286896
0.33197546280286827
0.4592987591084835
0.33601270994882415
0.37216690012430953
0.434909779692163
0.3332831684964895
0.4505079636094638
0.3541116303147223
0.3467578452592771
0.45529406776956316
0.332557955418024
0.42282264025076133
0.3848225367223824
0.3328338507449644
0.4595236269796851
0.33371571164244485
0.37993962377290713
0.42750126943340755
0.3328303542087504
0.45377397580140716
0.34929384660605434
0.3512697312982725
0.45249019545314806
0.3330303948527024
0.43075691567090213
0.37653256801643
0.3345716544765276
0.4594691426941617
0.332367642694236
0.38871138604508826
0.4190801409169578
0.33235908384421026
0.45627786051506497
0.3449402351860513
0.3563862873370859
0.44880995317049555
0.33344188483387677
0.4378254139141943
0.36906875461211475
0.33729548635823176
0.45907177494043916
0.3318452447298574
0.39876136613375357
0.4092828963069188
0.3319524899269918
0.45806949011507125
0.3408587845923812
0.3623527508442114
0.4439123995041028
0.3336180517961848
0.4439690395062881
0.36228753623877324
0.34089864379006324
0.458055191676117
0.3319557056731608
0.4093890442839997
0.3986537271720883
0.3318468979826301
0.4590784368102112
0.33726277898833235
0.36914150073355273
0.437757453638009
0.3334385214542898
0.44885310461251926
0.3563300622226638
0.34498320012694456
0.4562557753717573
0.3323637658352519
0.4191726753011195
0.38861549006970636
0.3323770050627119
0.4594710675769479
0.3345490855734464
0.3766122569438683
0.43068086422388185
0.3330256818917006
0.45252262240253005
0.351221285746015
0.3493400395602074
0.45374489820441655
0.3328351866345551
0.42758109689300156
0.37985617274515726
0.3337341285538406
0.45952289936522217
0.3328208757240488
0.38491276523955337
0.42273600906297937
0.3325531435577089
0.4553190315776177
0.34671381328469464
0.35416428852642257
0.4504697677429089
0.33328733459120574
0.4349812319825371
0.3720914226383283
0.33604131457819647
0.459294463631159
0.33197082013633433
0.3944414446956344
0.41352090419183685
0.33210381871653494
0.4574181242649499
0.34251921156335396
0.3597640988549299
0.4461113783222805
0.3335861103419337
0.4415515170065307
0.3650168734960393
0.3393167033597879
0.4585705606141956
0.331853043586517
0.40499483770203315
0.4030847592376134
0.331830996993969
0.4587500201193675
0.33867050774279917
0.3662298217293106
0.4404503161307202
0.3335532092131491
0.4469841777722294
0.3586992142392941
0.3432499461524903
0.45709656614743954
0.3321782638064912
0.4152726656764053
0.3926430110233959
0.33206358234603317
0.45936268278658604
0.3355553120772159
0.3734237451492928
0.4337177737203046
0.33321234949806416
0.4511230095657951
0.3532533930696764
0.3474897727667895
0.4548715546287054
0.33263767001735733
0.42423476645262725
0.3833506700850835
0.33306149417754927
0.45953190461582255
0.3334256551249354
0.38133365733805713
0.4261671860249292
0.33275039359126213
0.4542435162027082
0.34853723333136466
0.3520795651530537
0.4519412845080543
0.3331074216285768
0.43200136058528493
0.37522763392248387
0.3349596674589099
0.4594323286367155
0.3322253318747186
0.3903163294100712
0.41752924077447096
0.3322825524816487
0.45663214418198605
0.34423388502109004
0.35732847628038944
0.4480780627783998
0.3334936966644739
0.43893444329228887
0.367876813616357
0.337849345221241
0.4589519833438441
0.33182750319616905
0.40054854674212415
0.4075161820284981
0.33190398836971785
0.4582935270312507
0.3402076022647679
0.36344259235300397
0.4429572759834347
0.33361229536603965
0.4448850055638063
0.36122282992034555
0.3415637139713017
0.45780678523025864
0.3320128195383576
0.41112742802485047
0.3968867681142785
0.3318842783910403
0.45917933744328865
0.33673645444870004
0.3703530953638394
0.43662159678091295
0.33337959821186935
0.4495476003559594
0.3554142241929646
0.34569656492916395
0.45588051975325244
0.3324417528446333
0.420679691081893
0.38705175118608925
0.3325442439472209
0.4594982392708782
0.33419121209923036
0.3779411205928886
0.4294118943032837
0.33294718581898236
0.4530457885871114
0.350429728978906
0.3501103655652052
0.4532532591183688
0.3329147896250694
0.4288855830427825
0.3784918883483865
0.3340528461433837
0.45950696956787024
0.3326195843828711
0.38642294882073025
0.42128474867254984
0.3324739519887383
0.4557213814180746
0.3459904539880213
0.3550464538460095
0.44982201845724085
0.33335381598398667
0.43614992011518494
0.3708541483300083
0.336528890096465
0.4592158730448518
0.33190522149035695
0.39617077593512606
0.4118296840154263
0.33203812419281387
0.4576985429108925
0.3418391432735396
0.36079416115660423
0.4452489387068529
0.3336068355751799
0.4425561111961091
0.363895189426191
0.3399454489178342
0.4583785993115608
0.33188691624976563
0.40678712866339867
0.40128363832535946
0.33182523782957357
0.4588974642485469
0.33808308116593233
0.367394541973096
0.43938049615566915
0.3335127044526754
0.4477680591620917
0.35772130792904566
0.34394675056351975
0.4567712699182303
0.3322517687480658
0.41688251290471623
0.39098423329589127
0.33217374343018624
0.4594143713113421
0.33512672646478175
0.3746997307230205
0.43250420553914726
0.33313839607430884
0.4517092464373339
0.3524163364761105
0.34823095462035614
0.4544298761395799
0.33271764333314285
0.42561262053124177
0.38191279112306087
0.3333145975678763
0.45953329792151343
0.33316195336442955
0.38275830081158596
0.4248025863380159
0.3326703765920665
0.45469315221905077
0.34779187756642516
0.35290838603410485
0.4513662728264278
0.33318241735306037
0.43322377672312357
0.3739435212665972
0.3353764411376805
0.4593852291492704
0.33210595730514414
0.39195973545902324
0.41593644001365376
0.33220801291308444
0.45696600212066635
0.3435342226320143
0.35829596887327686
0.44730949841317225
0.3335376939130312
0.44001609698083577
0.36670402631873167
0.338427427555366
0.45881284455988325
0.33182677102478253
0.40234724165333197
0.4057297697463435
0.33186548156533596
0.45849472065191615
0.33957185345306606
0.3645552268687562
0.44196668783227966
0.33359583786222957
0.44576309199339825
0.3601825856486506
0.3422397891614682
0.45753558223654023
0.33207633191420405
0.4128332817152313
0.395145407681936
0.331941462975096
0.45926407244715994
0.3362374289386413
0.3715829142199774
0.4354621727781818
0.33331509360918893
0.45020854920753206
0.3545224768485282
0.3464168912116212
0.45548597643622735
0.3325206629758018
0.4221467475386468
0.3855262660527543
0.3327355366496245
0.4595172821798802
0.3338612445327255
0.37929465464935713
0.4281181319347459
0.33286782054988795
0.4535463007549724
0.3496535972500285
0.35089539711954504
0.4527395399059197
0.3329936950807364
0.43016447323950846
0.37715319428876115
0.33439923277418954
0.45948322345111414
0.3324425669749421
0.3879709147627307
0.41979429393691076
0.33239554251708314
0.45610457519397707
0.3452743036186609
0.35595232865368576
0.449141464905631
0.33341515390396337
0.4372955992915619
0.3696350802656586
0.33704417678926357
0.4591217843023356
0.33185987533226496
0.39792796018401777
0.4101040039577289
0.3319782006980724
0.4579563155656238
0.34116934201410465
0.3618489370353449
0.44434839099997225
0.33361700638068637
0.44352594406756224
0.3627959077196845
0.34059060019515514
0.4581639450304466
0.3319315538299443
0.4085627856890692
0.39949081196051495
0.3318358298895306
0.45902500199140467
0.33751908452111873
0.36857873309061434
0.43828241049989086
0.3334639632654836
0.44851481116258235
0.3567688009685437
0.34465039749718673
0.4564252617426068
0.3323275687392139
0.4184505563602015
0.3893634427464437
0.3323065992176311
0.45945524221558576
0.3347269722937123
0.3759959630002488
0.4312688691415411
0.3330621170836078
0.4522686144622088
0.3515989333698618
0.3489827729652112
0.45396857201694474
0.3327976565366325
0.42695887388449844
0.3805065325400935
0.3335937907763136
0.4595278607996689
0.33292396557871284
0.38421598726984607
0.4234048043524452
0.33259053008264317
0.4551234722892925
0.34705631627042827
0.35375778204557107
0.4507632539226345
0.3332546246096735
0.43442462053122216
0.3726789498583156
0.33582207040879825
0.4593264929278832
0.33200890421152945
0.39364009438103037
0.41430231438717857
0.3321362697118002
0.45727872438271605
0.34284175433459346
0.3592889152141901
0.44650326862800005
0.3335728771179499
0.44106816854217945
0.36555122048450817
0.3390277068704554
0.4586530564723103
0.3318413882640586
0.40414943482773386
0.40393135746270487
0.3318388612915948
0.45867353612310713
0.33895393208903546
0.3656896810586133
0.440942456932838
0.33356911714779874
0.4466028946018726
0.359167359976059
0.3429251721801392
0.45724201556294
0.33214477378535634
0.41450228680894574
0.3934347892192862
0.3320194884232198
0.4593342712638098
0.3357665925159782
0.37283102742507684
0.4342803975789449
0.33324606003524765
0.45083780876125107
0.35365381314243655
0.3471448836893564
0.4550723947187315
0.33260017981366036
0.42357586933995317
0.38403768977399894
0.3329514282468983
0.4595288869088243
0.3335585829760894
0.3806751696981653
0.4267974937713138
0.3327879761138125
0.45402548290966493
0.3488911437869468
0.35169689423760225
0.45220226615296544
0.33307145096719765
0.43141959445668127
0.37583792128904925
0.33477383727353177
0.459450826755864
0.3322892891679354
0.3895575912351831
0.4182629654571793
0.3323182951087428
0.45646822687688465
0.34456486470234415
0.35688276492410625
0.4484263498430364
0.33347026744634295
0.43841677229275067
0.3684343688191425
0.33758604904784684
0.45901057604285345
0.3318336242232798
0.3997071420477215
0.4083489649260803
0.33192564020393484
0.4581911497109479
0.34051170677041964
0.36292775942866734
0.4434104458561701
0.33361634846644195
0.44445941679073386
0.3617199552295647
0.3412498193641952
0.4579263274563988
0.3319850965767798
0.4103145844008229
0.3977139438462159
0.3318643239275707
0.459134053293765
0.3369803574081005
0.36978168626624297
0.43715817709365956
0.33340803789846407
0.4492256561178016
0.35584137419461054
0.34536063486687574
0.45605921704449226
0.33240498139771146
0.41997687074706336
0.3877814749471585
0.3324627226039961
0.45948653949119983
0.3343558090574771
0.3773139655390401
0.4300109515186364
0.3329841941756043
0.4528029506088748
0.3507995228353291
0.34974679115220586
0.4534868690123755
0.33287746057781364
0.428276135187337
0.379129412750859
0.3338997240558939
0.4595153840362812
0.33271108179642284
0.38570893993400573
0.421971213709277
0.33251107265898433
0.45553475400617544
0.34632930020646274
0.35462917833637775
0.45013026104963366
0.3333231635859543
0.4356037372611097
0.3714330682470329
0.3362963536094953
0.4592546203199285
0.3319334504175725
0.3953546660046303
0.4126286639516636
0.3320683539299183
0.4575696135194145
0.34215742026559076
0.36030719230504266
0.44565882737753976
0.33359838735107356
0.44208843430449946
0.36441935436018746
0.3396479146689787
0.45847156770745356
0.3318695485291376
0.4059468245652883
0.40212914791291776
0.3318260084639081
0.45883076301554715
0.3383562229844693
0.36684495501204184
0.4398866847168956
0.33353281785733596
0.4474045262757876
0.35817749365199003
0.34361855280709336
0.45692669647884554
0.33221690568503326
0.416131479985261
0.39175878317176344
0.33211920782362164
0.4593915215092558
0.33532445212588524
0.37409791052878055
0.43307694615237147
0.33317347072601106
0.45143733305847195
0.35280698738237654
0.3478815594525193
0.4546397571831288
0.3326800583912503
0.4249694921848851
0.38258412740705683
0.33319249569994835
0.4595334912478005
0.33328258251498255
0.3820851249354997
0.4254475565183401
0.33270795541888765
0.4544843762804977
0.34814069315281815
0.3525165903390172
0.4516397459052687
0.33314748726192217
0.43265226428629566
0.3745442130446906
0.3351770734388166
0.4594087162967527
0.33215921237239565
0.3911830468193508
0.41668984438651735
0.3322427326921615
0.45681176528641787
0.3438620242006636
0.3578383354096024
0.4476751607452484
0.3335180661031397
0.4395115527160492
0.3672524926069297
0.3381529866233392
0.4588807004458947
0.3318250979700611
0.4015013940282993
0.4065708921543972
0.33188220534224344
0.45840303593878545
0.3398684145783145
0.36402980427327175
0.4424363117579674
0.3336048797208308
0.4453553788060204
0.3606681391311033
0.34192095810633905
0.4576657927116099
0.3320457994400592
0.41203633830517206
0.3959598432035916
0.3319120643761905
0.4592261789670654
0.33646837343157676
0.3710029591500534
0.4360096418454103
0.33334602055259666
0.44990214113538884
0.35493842026200484
0.34607762424046584
0.45567368809730946
0.3324835033832946
0.4214624786132944
0.3862381472526072
0.332642649862151
0.4595092997652188
0.3340128031636394
0.37865563676179764
0.4287290691581131
0.3329051824215853
0.4533139232818974
0.35001636500119304
0.35052469648181717
0.4529836901459311
0.3329567433597194
0.42956679349718146
0.37777898392373
0.3342330393169602
0.45949539873799516
0.3325227294811989
0.3872389973724438
0.4204994171785566
0.33243225554544575
0.4559269805574519
0.3456098474163297
0.35552379352576924
0.4494653470699843
0.33338704970998095
0.43676038297097686
0.3702054516036498
0.3367987390893342
0.4591680151630354
0.3318787223797741
0.3970994235934979
0.4109186157571577
0.33200553364367275
0.45783807549308425
0.34148257985574687
0.3613504313911016
0.44477612348410067
0.33361356735817393
0.4430748191995903
0.36330942856990556
0.34028565794804533