0.4747474747474749
0.4747474747474749
0.4546301121998122
0.5092921405666047
0.4614332306829806
0.5362057217863455
0.48660181814977305
0.5458900673541622
0.5210900724369587
0.5291721248124412
0.5443858978453797
0.4949608411666025
0.5406465479049523
0.4664196554198832
0.5173351333969326
0.4540354936324352
0.4832499456496102
0.46721561079093166
0.45707587021359564
0.5006658383062739
0.45757673197213977
0.5307033470373984
0.47891627969820916
0.5456133391935857
0.5122964013613259
0.5360290252076622
0.5409787548542639
0.5037947183957916
0.5438713419248029
0.47241484548176255
0.5246269553014682
0.45514141438298167
0.4922101112092917
0.4611453805029834
0.461443175100931
0.4916986183961665
0.4550363637101207
0.5242362564848094
0.47204971420478264
0.5437246219482811
0.5032861181010472
0.5412233996632795
0.5356815599216947
0.5128048130146727
0.5456738360692136
0.4793310267532392
0.5310416541907453
0.4577620490189457
0.5011664626387765
0.4568859489458849
0.4676075269253775
0.48275128174352966
0.45402215721359146
0.5168981462039581
0.46610931511504555
0.540425658508388
0.49447232835553856
0.5445211929982515
0.5287422387665878
0.5215718682452446
0.5458538750528905
0.48705897844042045
0.5364868136652917
0.4616869991815313
0.5097652384835983
0.454548180647734
0.47520815789708565
0.47428991050239433
0.4547180031078143
0.5088171513049983
0.4611830683082504
0.5359212405742043
0.48614683185373986
0.5459205344396022
0.5206059981622478
0.5295980604597614
0.5442444595318898
0.49545090607575304
0.5408635502177402
0.46673322406725504
0.5177696996831115
0.45405429674533526
0.48375006535320486
0.4668284243647393
0.45727201482879254
0.5001640851721884
0.45739563310478437
0.530361942771537
0.478504171952787
0.5455476576491043
0.511787316444587
0.5363710952883213
0.5407279735001597
0.5043039195914929
0.5440134926624954
0.47278294112925867
0.5250148277638179
0.4552513365829096
0.4927215611326972
0.4608534693099495
0.46174680824455494
0.49118715962015974
0.4549362216943599
0.5238427508047943
0.4716875632727379
0.5435733724444096
0.5027781840452666
0.5414618879877444
0.5353287669960912
0.5133124655410196
0.5457291148681471
0.47974838985373414
0.5313768498407354
0.4579515450863164
0.501665905201307
0.45670224920082864
0.4680040889201886
0.4822541652785761
0.45401431782930163
0.5164587646363921
0.4658022193146773
0.5402009168299197
0.493985409801303
0.5446503617915831
0.5283084949129552
0.5220512908357682
0.5458119295585268
0.4875182827697749
0.5367644947961339
0.4619443459724844
0.5102364106749526
0.45447218369803044
0.47567186456207655
0.4738355604552062
0.454811877510895
0.5083403057985192
0.4609365407380389
0.5356333907074781
0.48569404906541214
0.5459453045708607
0.5201197399404268
0.5300199537654312
0.544096862574532
0.49594247983742323
0.5410766299827511
0.46705000528301305
0.5182018188844953
0.4540785359192107
0.4842515497199386
0.4664460500371628
0.4574743824510644
0.4996612575687574
0.4572187918336585
0.53001745581289
0.47809472637718237
0.5454768252551949
0.5112776432772053
0.5367077049028791
0.5404710783006161
0.5048136549536598
0.5441510346148942
0.47315398483770205
0.5253998548192192
0.45536609278795626
0.49323289244375346
0.4605674835677258
0.46205623229108
0.49067581297660784
0.4548410250593712
0.5234464581929114
0.47132840835000844
0.5434176332478844
0.5022709801593829
0.5416942026058268
0.5349707162152595
0.5138192722676496
0.5457791425837105
0.4801683453397739
0.5317089195808564
0.45814518132425863
0.5021641143682775
0.45652476707946016
0.4684052115698848
0.48175868837372976
0.454012005539116
0.5160170155815794
0.4654983846150263
0.5399723569743321
0.4935001266165938
0.5447734222508909
0.5278709864129324
0.5225282452563565
0.5457642031957315
0.48797970071670854
0.5370387430006397
0.46220524407602487
0.5107056234395445
0.45440209604058857
0.4761384993031689
0.47338451975479545
0.45491175887089547
0.5078616399057133
0.460693677495988
0.5353421921586338
0.48524349887490076
0.5459644062809987
0.5196313920281758
0.5304377135145814
0.54394309290332
0.49643551807963915
0.5412857511117314
0.4673699836333824
0.5186314651782439
0.4541081802153202
0.48475430815956744
0.46606856864044144
0.4576829704869733
0.49915741120982393
0.4570462477821948
0.5296699006531147
0.47768796541972897
0.5454008762513427
0.5107674659790498
0.5370387911770818
0.5402080947503363
0.5053238563654212
0.5442839284398607
0.47352795994000235
0.5257820178488989
0.45548564510212874
0.49374403065775163
0.4602874624872097
0.4623713968519069
0.4901646576919205
0.4547508101114134
0.5230473990213638
0.4709722648187433
0.5432574442725837
0.5017645689602782
0.5419203289633995
0.5346074794923122
0.5143251457540012
0.5458238865983517
0.4805908691637506
0.5320378489430884
0.4583429192420783
0.5026610398327153
0.45635349670248043
0.4688108084101505
0.48126494359043204
0.454015250131412
0.5155729262850126
0.4651978280919972
0.5397400123175096
0.4930165189097483
0.5448903935353041
0.5274298069252633
0.5230026363860487
0.5457106686134088
0.48844320136995006
0.5373095353135648
0.4624696673622436
0.5111728437188702
0.45433789186133333
0.47660796667381405
0.47293688335362366
0.45501766990448117
0.5073811902850648
0.4604545089383407
0.5350476642270894
0.48479520996657216
0.5459778683658153
0.519141048389225
0.530851249304676
0.5437831379584765
0.49692997526593685
0.5414908769327355
0.4676931439769523
0.5190586130993491
0.45414319837515504
0.4852582506619514
0.46569605934793684
0.4578977740062133
0.4986526032051495
0.45687804072933197
0.5293192918970971
0.4772839111094006
0.5453198453033297
0.5102568677350113
0.5373642936998395
0.539939051165972
0.5058344543450433
0.5444121350361852
0.4739048493919456
0.5261612986611357
0.455609955276682
0.4942549025593779
0.4600134424309356
0.4626922488379685
0.4896537740846979
0.45466561273160666
0.5226455941013843
0.47061914780929254
0.5430928454655691
0.5012590115474819
0.5421402551171257
0.5342391307757401
0.5148299978322878
0.5458633146703187
0.48101593689813077
0.5323636233510317
0.45854472075786123
0.5031566325791287
0.4561884303061158
0.46922079181495346
0.4807730239005387
0.45402408113090265
0.5151265243555595
0.46490056734504154
0.5395039154779693
0.49253462582704804
0.5450012958497642
0.5269850505365454
0.5234743689682824
0.5456512988119996
0.4889087533007089
0.537576847962449
0.46273759054545105
0.511638039061479
0.45427954488954847
0.47708017126050084
0.472492745952367
0.4551296325105646
0.5068989944369122
0.4602190662396546
0.5347498255750213
0.484349210633697
0.5459857198791787
0.5186488026640939
0.5312604716328536
0.5436169867883188
0.4974258046590479
0.5416919702330963
0.4680194714163559
0.5194832375448029
0.45418355880572253
0.4857632878340924
0.4653285995737998
0.45811878566230924
0.4981468920711892
0.45671421055880984
0.5289656443023185
0.4768825850490711
0.5452337675069678
0.5097459307530864
0.5376841545942601
0.5396639787048512
0.5063453780666908
0.5445356155772768
0.4742846357553407
0.5265376794819421
0.45573898473478913
0.4947654362316863
0.45974545690811497
0.4630187325123823
0.4891432435256808
0.4545854683714337
0.5222410646799047
0.47026907223316705
0.5429238767594096
0.5007543676035701
0.5423539716709888
0.5338657459534024
0.5153337396473165
0.5458973949194231
0.4814435237426311
0.53268622807227
0.45875054824669664
0.5036508448536386
0.45602955833939435
0.4696350730916148
0.48028302265498934
0.4540385278034877
0.5146778377730226
0.4646066205393
0.5392640982919055
0.49205448559531906
0.5451061503606904
0.5265368116955012
0.5239433476455397
0.5455860671758967
0.48937632453296914
0.5378406563510577
0.46300898917456895
0.5121011775893376
0.4542270284398867
0.47755501772080206
0.4720522019409724
0.4552476676932748
0.5064150907458651
0.45998738137463824
0.5344486942656421
0.4839055287905298
0.5459879901320461
0.5181547481396335
0.5316652919862896
0.5434446301474884
0.49792295828663713
0.5418889933045321
0.4683489512499368
0.5199053137790511
0.4542292295646341
0.4862693309382269
0.46496626487361836
0.4583459956184346
0.49764033773823035
0.4565547972092392
0.5286089728160897
0.47648400840975147
0.545142678389093
0.5092347362228727
0.5379983185825975
0.5393829113753734
0.5068565553842879
0.5446543315417802
0.4746673011839019
0.5269111429431503
0.455872694599516
0.4952755610823611
0.45948353657810037
0.4633507895500212
0.4886331483967886
0.45451041205131976
0.5218338324347933
0.46992205281840127
0.5427505780231392
0.5002506953982728
0.542561471706738
0.5334874027544384
0.5158362816953963
0.5459260958122677
0.4818736045305482
0.5330056481702303
0.4589603645873194
0.5041436301315951
0.45587686956220225
0.4700535625734289
0.47979503355304154
0.4540586191580544
0.5142268948981543
0.4643160064457411
0.5390205917919128
0.49157613556456486
0.5452049791155038
0.5260851851510115
0.5244094769957226
0.5455149475110952
0.4898458825115565
0.5381009350465858
0.463283839619661
0.512562227966277
0.45418031544909165
0.4780324108194231
0.47161534533603205
0.4553717954807718
0.5059295185234512
0.45975948709621517
0.5341442878037133
0.48346419198188617
0.5459847086948314
0.5176589777181768
0.5320656229352748
0.5432660605949218
0.4984213869093424
0.5420819079900906
0.4686815689236755
0.5203248174404915
0.4542801783453959
0.4867762919308995
0.46460912884664646
0.4585793914788834
0.49713300155385154
0.45639984062527283
0.5282492926105067
0.47608820192606144
0.5450466139056213
0.5087233642747502
0.5383067330446447
0.5390958860390053
0.5073679128582678
0.5447682447409807
0.47505282741179167
0.5272816720678186
0.4560110457249834
0.49578520786704666
0.45922770926224654
0.4636883591035607
0.48812357204952544
0.45444047836211954
0.5214239194689057
0.4695781041471733
0.5425729890121679
0.49974805179625187
0.5427627507087724
0.5331041806496993
0.5163375338622511
0.5459493861473388
0.4823061537340081
0.5333218684558338
0.45917413320686645
0.5046349430829411
0.45573035114349913
0.4704761697095239
0.47930915061186147
0.45408438394488126
0.5137737244851781
0.46402874447902587
0.5387734261894868
0.49109961225031035
0.5452978049663489
0.5256302658938006
0.5248726615705755
0.5454379140881249
0.49031739406815533
0.5383576577707267
0.4635621190547327
0.5130211593686853
0.45413937850751224
0.4785122554625729
0.47118226971439947
0.4555020348402821
0.5054423180506872
0.45953541690994576
0.5338366231780097
0.4830252273902869
0.5459759054027433
0.5171615838860903
0.5324613782286712
0.54308127259092
0.49892103999137116
0.5422706757326161
0.4690173099836692
0.5207417245487714
0.4543363724633056
0.4872840835029352
0.4642572630402193
0.45881895822671587
0.49662494628267195
0.4562493807102025
0.5278866191149737
0.47569518589317
0.5449456104364909
0.5082118939400103
0.5386093480691365
0.5388029424038412
0.5078793757850045
0.5448773173428871
0.47544119574475296
0.5276492502529014
0.45615399873058343
0.4962943087095573
0.45897799996407806
0.46403137787553206
0.48761459876301116
0.45437570146930956
0.5210113483031904
0.46923724069552314
0.5423911493174718
0.49924649226849893
0.5429578064840024
0.5327161607512989
0.5168374054598752
0.545967235040367
0.48274114546788743
0.5336348734392093
0.459391818123445
0.5051247395355688
0.45558998875907897
0.4709028031516482
0.4788254681362693
0.4541158506502881
0.5133183556968886
0.46374485473285465
0.5385226308614264
0.49062495137540124
0.5453846514983269
0.5251721491016828
0.5253328059364231
0.5453549416903006
0.49079082538542973
0.5386107973946842
0.46384380543690595
0.5134779414585577
0.4541041898855135
0.4789944567309328
0.4707530681430218
0.45563840358973584
0.5049535306202916
0.4593152050449599
0.5335257169054832
0.48258866184078497
0.5459616103637221
0.5166626586815862
0.53285247289135
0.5428902625926921
0.4994218656738676
0.5424552576244142
0.4693561600294245
0.5211560115126262
0.45439777884233057
0.4877926191201822
0.46391073685696177
0.4590646781680405
0.4961162361024027
0.4561034572802858
0.5275209680461794
0.47530498016542305
0.5448397047773601
0.5077004031122103
0.5389061164977883
0.5385041230097783
0.5083908682286952
0.5449815118929249
0.47583238705371916
0.5280138612491583
0.45630151403807223
0.49680279711880365
0.45873443089760024
0.46437978019586656
0.48710631370188395
0.45431611511963643
0.5205961418691093
0.46889947687497296
0.5422050983144056
0.4987460709072632
0.543146639077273
0.5323234257118477
0.5173358052623115
0.5459796119103681
0.4831785534922001
0.5339446472817644
0.45961338398624313
0.5056129764369509
0.45545576668829574
0.4713333708376608
0.47834408068839496
0.4541530474872322
0.5128608181223441
0.463464358012565
0.5382682343401882
0.4901521879109741
0.5454655429624837
0.5247109300882049
0.5257898147174959
0.5452660056672455
0.4912661419594504
0.5388603259381738
0.4641288774821312
0.5139325443590046
0.4540747215549462
0.4794789199115282
0.470327833105007
0.45578091830645573
0.5044631985782378
0.45909888642158075
0.5332115850768372
0.48215452180360335
0.545941853968568
0.5161622936616562
0.5332388233231853
0.5426930291477358
0.49992381075125913
0.5426356144577876
0.4696981046682207
0.5215676551379963
0.45446436400332235
0.4883018130648699
0.4635696174653963
0.459316530883346
0.4956069365962377
0.4559621100210815
0.5271523554354441
0.4749176041568669
0.5447289341279686
0.5071889685100301
0.5391969939616462
0.5381994732054234
0.5089023130554395
0.5450807913312096
0.4762263817707646
0.5283754891383025
0.45645355191132964
0.4973106080022897
0.45849702152352906
0.46473349810437997
0.48659880287431
0.4542617526499532
0.5201783235006375
0.4685648270758505
0.5420148751114809
0.49824684044439305
0.5433292506829561
0.5319260596239352
0.517832641540365
0.5459864864667907
0.4836183512127332
0.5342511737489074
0.4598387961129101
0.5060996118143286
0.45532766790917645
0.4717677800715196
0.4778650830569836
0.4541960023815491
0.5124011417971552
0.46318727586475406
0.5380102643082523
0.48968135611634206
0.5455405042137688
0.5242467042544989
0.5262435926421062
0.5451710819936199
0.49174330856064946
0.5391062145724508
0.4644173146376052
0.5143849386322974
0.4540509452058638
0.4799655505287975
0.4699066564219783
0.45592959423337254
0.5039713653643431
0.45888649661583647
0.5328942434032262
0.4817228333947225
0.5459166669028603
0.5156605798680238
0.5336203473991454
0.5424895729844066
0.5004268206507783
0.5428117067761038
0.4700431294708063
0.5219766326361701
0.4545360940539156
0.4888115804774269
0.46323396971453595
0.45957449318627064
0.49509711474163476
0.4558253784460681
0.5267807976533485
0.4745330768438455
0.5446133360770923
0.5066776656418897
0.5394819389094813
0.5378890411168858
0.5094136319692723
0.5451751190063961
0.4766231598872561
0.5287341183074169
0.4566100724985707
0.4978176776760812
0.45826578859316164
0.4650924614376421
0.48609215309030246
0.4542126469979465
0.5197579169260982
0.4682333057120867
0.5418205184994448
0.49774885227294524
0.5435056455533225
0.5315241479203646
0.5183278220952983
0.5459878286981729
0.4840605116797636
0.5345544361637093
0.46006802052398404
0.5065846047337548
0.455205674191398
0.472205937599642
0.47738857022607684
0.4542447429536011
0.5119393572263295
0.4629136306037308
0.5377487475965005
0.4892124895775515
0.5456095606541127
0.5237795670441302
0.5266940445918926
0.5450701473329197
0.49222228919352384
0.5393484336273471
0.46470909705108276
0.5148350952604827
0.4540328322587297
0.480454254375131
0.4694896291728468
0.45608444518328617
0.5034780755516108
0.4586780718210989
0.5325737072637966
0.48129362237461554
0.5458860801602445
0.5151576077920669
0.533996964569953
0.5422798970990572
0.5009308394152953
0.5429834949250403
0.4703912199286431
0.5223829216316613
0.45461293468042596
0.48932183739852797
0.46290385605307155
0.4598385390901129
0.4945868388956107
0.4556933018577948
0.5264063114316246
0.47415141676985645
0.5444929485840722
0.5061665687726158
0.5397609126280015
0.5375728776087091
0.5099247455498557
0.5452644586861403
0.4770227009540079
0.5290897334206729
0.4567710358767391
0.498323943871131
0.4580407461995586
0.46545659791962135
0.48558645192056676
0.45416883071442893
0.5193349462601176
0.4679049272672565
0.541622066901014
0.49725215647190507
0.5436758299043348
0.5311177772756578
0.5188212542915733
0.5459836088627389
0.4845050075846641
0.5348544173617892
0.4603010239741266
0.5070679152582708
0.4550897661866182
0.4726477496835181
0.4769146373427945
0.4542992964950941
0.5114754954096401
0.4626434453346103
0.5374837101866216
0.48874562124438725
0.5456727381807469
0.523309613900711
0.5271410756543474
0.5449631791061808
0.49270304705534523
0.5395869526023093
0.46500420553729155
0.5152829856286015
0.4540203538723673
0.4809449375411589
0.46907684160914065
0.4562454834417144
0.5029833748840252
0.4584736488070823
0.5322499917537707
0.4808669141452991
0.5458501250566744
0.5146534673386581
0.5343685959628043
0.5420640068391263
0.5014358096896153
0.5431509391036791
0.47074236141293085
0.5227865001695792
0.4546948511420319
0.4898325008111749
0.46257933645368793
0.4601086397823493
0.49407617877664745
0.4555659193117744
0.5260289138822776
0.4737726420527948
0.5443678099569267
0.5056557508923869
0.540033879253751
0.5372510362372077
0.5104355732915917
0.5453487745642518
0.47742498408327594
0.5294423193884553
0.45693640209782654
0.498829345735946
0.457821905835633
0.4658258332555298
0.48508178765600446
0.45413033597684765
0.5189094359959405
0.4675797063415998
0.5414195583215876
0.4967568018338103
0.5438398118194949
0.5307070355092575
0.5193128450887688
0.5459737974813239
0.48495181125428455
0.535151099647714
0.46053777397999307
0.507549504405538
0.4549799235156987
0.473093122168559
0.47644337968390627
0.45435968994089937
0.5110095878694073
0.4623767439728851
0.5372151772174815
0.48828078346560644
0.5457300631398112
0.522836940228001
0.5275845911788013
0.5448501555653564
0.49318554449413915
0.5398217401813713
0.4653026215416748
0.5157285815104938
0.4540134809479565
0.48143750644602984
0.46866838306711206
0.4564127196688995
0.5024873103125251
0.4582732648764744
0.5319231117327914
0.48044273374591934
0.5458088332451961
0.5141482477889374
0.5347351644815798
0.5418419099815867
0.5019416727103393
0.5433139994151048
0.47109653913560146
0.5231873467222233
0.45478180826750203
0.49034348868256566
0.4622604683430524
0.46038476360735814
0.4935652054433669
0.45544326958331494
0.5256486225139526
0.47339677039471206
0.5442379588270991
0.5051452836882131
0.5403008057766034
0.5369235731965775
0.5109460336438527
0.5454280312646461
0.4778299879523539
0.5297918613339713
0.4571061312368059
0.49933382383553365
0.45760927645872207
0.466200091228239
0.48457824926804766
0.4540971946036437
0.5184814109983873
0.4672576576997678
0.5412130303012787
0.4962628358950779
0.5439976011523872
0.530292011490865
0.5198025010727965
0.5459583653330329
0.48540089464296465
0.5354444647531855
0.46077823884455094
0.5080293341052041
0.45487612485239115
0.4735419605491575
0.4759748926209106
0.4544259498357281
0.5105416666806113
0.4621135512603367
0.5369431729954188
0.48781800802222725
0.5457815622852722
0.5223616413522372
0.5280244968360007
0.5447310558710975
0.4936697429662056
0.5400527642519841
0.46560432710170463
0.5161718550571602
0.4540121841294069
0.4819318678679237
0.46826434187688015
0.4565861628015834
0.5019899300288808
0.45807695781948865
0.531593081873229
0.4800211058471012
0.5457622367308517
0.5136420377620446
0.5350965949059581
0.5416136168061759