1.6101694915254239
1.6101694915254239
1.6914332649068036
1.5707433449376866
1.662263662240368
1.689733768604373
1.5640606081680615
1.6876957408942241
1.6686474268246625
1.5681657940719176
1.6920485098431395
1.6204564335489389
1.6002083289490099
1.69059359332716
1.574132480376425
1.6550743717868843
1.69092439258452
1.5640683475617942
1.6850564825309227
1.673453436954801
1.5664115858069838
1.6922103658398173
1.6291623520572664
1.592325597745927
1.6899387495475218
1.5779723887361603
1.6482431356391283
1.6915183202314235
1.564221536066511
1.682327401488179
1.6769377426034473
1.5652864353291078
1.6920812536044947
1.6361141268685104
1.58651821666032
1.6896188079646128
1.5820374758133517
1.6420717027460112
1.6918489591455435
1.5646088331259695
1.679683697193258
1.679738228272121
1.5645981024426767
1.6918433752100577
1.642194670760529
1.5819506571103266
1.6896220478793236
1.586621974267938
1.6359837071002465
1.6920853623052061
1.5653045794065283
1.6768752221885628
1.6823823762189596
1.5642162432086044
1.6915096796976061
1.6483760054550383
1.577891311134829
1.689948897285705
1.5924642706714742
1.6290032863024222
1.6922108085413505
1.5664405586109864
1.673370067270481
1.6851130313878597
1.5640671599709872
1.6909072428069913
1.6552214122844746
1.5740568658300205
1.6906100316543822
1.6003949315619708
1.620257259895588
1.6920405019554385
1.5682099152889752
1.668531530765081
1.6877454312648794
1.564060939079237
1.6897006266303625
1.662407276721833
1.5706815035681039
1.6914496983969425
1.61038590924086
1.6099532192772015
1.6914167286131316
1.5708055464691342
1.6621196891026337
1.6897665309064602
1.5640602740282328
1.6876457849349953
1.6687626121472805
1.5681220262075148
1.692056308197564
1.6206548581677742
1.6000226838242604
1.690577246215668
1.5742082773575572
1.6549275239021144
1.6909412892555438
1.5640695997802485
1.6849999122744863
1.6735362365464752
1.5663828779759452
1.6922098015898346
1.6293206393026374
1.592187828761879
1.6899287483265235
1.5780535382104857
1.6481105792200985
1.6915268558875012
1.5642269274820781
1.6822724796547346
1.6769999773917978
1.5652684733679936
1.692077105373409
1.6362441731133552
1.586414979456209
1.6896157028328072
1.5821244932129366
1.6419487885818147
1.6918545090203694
1.56461969057346
1.6796291086498383
1.6797926995565136
1.564587498889163
1.6918377571677554
1.642317686762766
1.5818640417430794
1.6896254224605247
1.5867262488160216
1.6358529187715343
1.6920894301040255
1.5653229050705375
1.6768124174386703
1.6824373984561738
1.564211049008706
1.6915009329188737
1.6485091763842945
1.5778103141519615
1.6899591903775517
1.5926038388915507
1.6288434535586
1.6922111273705216
1.5664697950823752
1.6732861311346277
1.6851695488754561
1.564066036017667
1.6908898383214575
1.6553686214984904
1.573981446032963
1.690626556699775
1.6005824640387873
1.6200573686406585
1.6920322850804883
1.568254386531271
1.6684149380899775
1.6877948457552934
1.5640612655151769
1.6896671079921581
1.6625505049297589
1.5706200309322533
1.6914660230071663
1.6106024256354305
1.6097371391763593
1.69140009568282
1.5708680993358113
1.661975385185974
1.6897989108171783
1.5640599379455176
1.687595573859518
1.6688770731714182
1.5680786148416985
1.6920638966660912
1.6208525031115433
1.5998380229447802
1.6905609947051832
1.5742842444345375
1.6547808922007121
1.6909579345412042
1.5640709175727363
1.6849433305017405
1.6736184627313395
1.5663544363079507
1.6922091181618981
1.6294781370872076
1.5920509718044311
1.6899188946977775
1.5781347509266166
1.6479783481329593
1.6915352880530787
1.5642324173195008
1.6822176159863742
1.6770619253986705
1.5652506939818993
1.692072918970667
1.636373841122933
1.5863122658646993
1.6896127325530768
1.5822117047329567
1.6418259339558237
1.691860024874995
1.5646306743923852
1.679574464910231
1.6798471087514373
1.564577022784786
1.691832104957098
1.6424407449331317
1.581777634259544
1.6896289315500683
1.586831036769658
1.635721766867007
1.6920934556250427
1.5653414117523734
1.6767493296726688
1.6824924627856133
1.564205953522129
1.6914920785344583
1.6486426360351418
1.5777294064984264
1.689969627588948
1.5927442934418785
1.6286828656329657
1.692211320054182
1.5664992938516271
1.6732016323694487
1.685226025046047
1.5640649746671025
1.6908721776192532
1.6555159754870785
1.5739062331301366
1.6906431638868273
1.6007708982373874
1.619856791632783
1.6920238599445379
1.5682992043688078
1.6682976632672386
1.6878439743532605
1.5640615862721337
1.6896332159260703
1.6626933197893077
1.5705589352335152
1.691482232789704
1.6108189942520468
1.609521297357999
1.691383372333852
1.5709309945743197
1.6618307783411375
1.6898309059604142
1.564059601241004
1.6875451182188252
1.6689907971001574
1.5680355628639493
1.6920712750999913
1.6210493388985792
1.5996543718630472
1.6905448430366008
1.574360369391264
1.6546344996502302
1.6909743303061835
1.5640723018433735
1.684886746900594
1.6737001126611644
1.5663262618290177
1.6922083179675442
1.629634835301349
1.5919150341632422
1.6899091896316745
1.5782160185163945
1.647846453728604
1.6915436181478647
1.5642380054180256
1.6821628155289705
1.6771235857110898
1.5652330975286373
1.6920686957333475
1.6365031266602619
1.586210078665671
1.6896098971432327
1.5822991060155758
1.6417031441657228
1.6918655067533406
1.5646417841829368
1.679519768084948
1.67990145369165
1.5645666743850744
1.6918264184911218
1.6425638397110391
1.5816914389656422
1.6896325749548815
1.5869363347076375
1.635590256161966
1.6920974374957578
1.565360098877678
1.6766859601257553
1.6825475638688783
1.5642009567506685
1.6914831151753038
1.6487763721481286
1.5776485967042486
1.6899802076343413
1.5928856252918866
1.6285215343321446
1.6922113843726716
1.5665290535388787
1.6731165748281913
1.685282450081087
1.5640639748398855
1.6908542592552984
1.6556634505412025
1.5738312389555262
1.6906598485939757
1.6009602058531476
1.6196555607566385
1.692015227438449
1.568344365350383
1.6681797208929678
1.6878928074198454
1.5640619001925784
1.6895989538337748
1.6628356950408139
1.5704982241994676
1.6914983219614539
1.6110355693969647
1.6093057389850227
1.6913665647953353
1.5709942232045846
1.6616858961067127
1.6898625143527988
1.5640592652671144
1.6874944285394946
1.6691037720933
1.5679928728376145
1.6920784435620169
1.621245337555605
1.5994717546082236
1.6905287952762023
1.574436640280318
1.65448836834645
1.6909904785793253
1.564073753456211
1.6848301708572657
1.6737811840833616
1.5662983553563634
1.6922074034525907
1.629790724934893
1.5917800221140517
1.6898996339796677
1.5782973330206653
1.647714906547111
1.6915518476350435
1.5642436916032398
1.6821080830106885
1.6771849577579068
1.5652156842377867
1.692064436967813
1.6366320261775946
1.5861084200441982
1.6896071965670925
1.5823866930746917
1.6415804239093295
1.691870954711298
1.5646530195591792
1.679465020032058
1.6799557324333905
1.564556453865847
1.6918206976472179
1.6426869660057104
1.581605459780615
1.6896363524549587
1.5870421395085594
1.6354583909935538
1.6921013743541498
1.5653789659009096
1.6766223098382511
1.68260269654014
1.5641960586353423
1.6914740414485583
1.6489103728329324
1.577567892977395
1.6899909291968538
1.5930278255980783
1.6283594711750062
1.6922113181610383
1.5665590728087357
1.6730309622433075
1.6853388143944386
1.5640630354125065
1.6908360818168646
1.6558110234562007
1.5737564748976385
1.6906766061884533
1.6011503587736542
1.6194537075567137
1.6920063885999526
1.5683898660860978
1.668061125472161
1.6879413357766584
1.564062206168245
1.6895643252166537
1.6629776054984176
1.570437904982671
1.6915142849373772
1.6112521065583025
1.6090905078381563
1.691349679267681
1.571057776349973
1.6615407654294754
1.6898937344467067
1.5640589314035507
1.687443515221038
1.669215987443822
1.5679505469365806
1.69208540233099
1.621440472944401
1.5992901933912413
1.6905128552878135
1.5745130455652392
1.6543425192575163
1.6910063815707013
1.5640752732380976
1.6847736113539165
1.6738616754593767
1.5662707174581618
1.6922063770892966
1.6299457983159118
1.5916459407187817
1.6898902284621722
1.5783786870299616
1.647583716103725
1.691559978030704
1.564249475698905
1.6820534227506574
1.677246041402453
1.565198454186332
1.6920601439405418
1.6367605370177043
1.5860072914374177
1.689604630733323
1.5824744624448706
1.6414577770844148
1.6918763688244216
1.5646643801703377
1.6794102222659952
1.680009943341299
1.5645463613092938
1.6918149422568782
1.6428101193978708
1.58151970010106
1.6896402638123535
1.5871484485339586
1.6353261750383647
1.6921052648548431
1.5653980123400488
1.6765583795463916
1.682657855898658
1.564191259050452
1.691464855921501
1.64904462679683
1.577487303070305
1.6900017909489122
1.5931708859547205
1.6281966871111175
1.69221111930872
1.5665893504252113
1.6729447980758196
1.6853951087299406
1.564062155218561
1.6908176438909654
1.6559586717911858
1.5736819517741325
1.6906934320593803
1.6013413294258116
1.6192512628721465
1.6919973445941887
1.5684357033293583
1.6679418912027344
1.6879895507849543
1.5640625031428026
1.6895293336090538
1.6631190272896155
1.570377984071433
1.691530116360605
1.6114685628025451
1.6088756459311182
1.6913327218837577
1.5711216453550891
1.6613954123961576
1.6899245651661228
1.5640586010532753
1.6873923884358837
1.669327433735467
1.5679085868894422
1.6920921519033476
1.6216347210595927
1.5991097083391306
1.6904970267078976
1.5745895742564984
1.654196971985762
1.691022041684904
1.5640768619821737
1.6847170768722561
1.6739415860697786
1.5662433484184717
1.692205241367646
1.6301000493263909
1.5915127936476512
1.6898809736588665
1.5784600738174
1.6474528906912924
1.6915680109116213
1.564255357539162
1.681998838573772
1.6773068370265698
1.5651814072776657
1.6920558178690832
1.6368886575989228
1.5859066933962485
1.6896021994957846
1.582562411323337
1.6413352066012514
1.6918817491947133
1.5646758657221145
1.679355375871246
1.680064085169204
1.5645363966922248
1.6918091520955978
1.6429332963291976
1.581434162675751
1.6896443087810042
1.5872552598055196
1.6351936111000158
1.6921091076742747
1.5654172378110287
1.6764941695768114
1.6827130373955665
1.5641865577990235
1.691455557105154
1.6491791235611
1.5774068341562781
1.6900127915730108
1.5933147986376537
1.6280331922495404
1.6922107857577064
1.5666198853058768
1.6728580853683854
1.6854513242516587
1.5640613330505289
1.6907989440309201
1.6561063741119777
1.5736076797176222
1.6907103216494737
1.6015330911092907
1.6190482564888757
1.6919880966929217
1.5684818740569528
1.667822031766642
1.6880374444153106
1.5640627901141009
1.6894939825116626
1.6632599380718702
1.5703184672118782
1.6915458111287625
1.6116848971423603
1.608661193157288
1.6913156986716924
1.5711858218991588
1.6612498619812075
1.689955005934882
1.5640582756385801
1.6873410580336965
1.6694381029790262
1.5678669939319563
1.6920986929916553
1.6218280602926687
1.598930317262858
1.690481312923999
1.574666216038797
1.654051744551244
1.6910374615304296
1.5640785204519119
1.6846605753047845
1.6740209161044513
1.5662162482078215
1.6922039987859363
1.630253473591334
1.5913805830260432
1.6898718700015043
1.578541487461457
1.6473224372024575
1.6915759479212777
1.5642613369808507
1.6819443337330693
1.6773673456046119
1.56516454322424
1.692051459913286
1.6370163875807402
1.5858066254642533
1.6895999026553152
1.5826505377024296
1.6412127142112045
1.6918870959563734
1.5646874759976148
1.6793004814224461
1.6801181571333168
1.5645265598766525
1.6918033268730985
1.6430564942760388
1.58134884949349
1.689648487117174
1.587362572173032
1.6350607009106373
1.692112901514754
1.5654366420612318
1.6764296797466869
1.682768236913282
1.5641819546096731
1.6914461434378716
1.6493138536612255
1.5773264927180184
1.6900239297821666
1.5934595568364693
1.6278689956032357
1.6922103154992452
1.5666506765741923
1.6727708266049015
1.6855074526251186
1.5640605676620651
1.6907799807227557
1.6562541102129593
1.5735336680747083
1.69072727048473
1.6017256183097268
1.6188447168159068
1.6919786462529174
1.568528375545648
1.6677015601321927
1.688085009306719
1.5640630661359738
1.6894582753263616
1.663400317222461
1.5702593593426368
1.691561364416078
1.6119010708689858
1.6084471869742774
1.6912986155200491
1.571250298102843
1.661104137815246
1.6899850566969177
1.5640579565973323
1.6872895334518698
1.6695479887251254
1.567825768768525
1.6921050265201965
1.6220204716577888
1.5987520354624924
1.6904657170569117
1.5747429613874118
1.6539068532007435
1.6910526439251103
1.5640802493856456
1.6846041138752443
1.6740996667365846
1.5661894164598646
1.6922026518409015
1.630406068638385
1.5912493093084086
1.6898629177693392
1.5786229229565676
1.6471923609744945
1.691583790774106
1.5642674139157373
1.6818899108409682
1.6774275687664095
1.5651478615340937
1.69204707116699
1.6371437280075523
1.5857070860753308
1.689597739962894
1.582738840490404
1.6410903003539967
1.6918924092804508
1.5646992108775222
1.6792455389121441
1.6801721589767262
1.5645168506028024
1.691797466224029
1.6431797119046927
1.5812637616856513
1.6896527985902874
1.5874703854703132
1.634927444949479
1.6921166451073488
1.5654562250014668
1.6763649092711648
1.6828234508362325
1.564177449134901
1.6914366132691747
1.6494488088275465
1.57724628445009
1.6900352043396547
1.5936051548709533
1.6277041048535053
1.6922097065691828
1.5666817236091022
1.6726830235790997
1.6855634860882034
1.5640598577707259
1.6907607523520762
1.6564018613141618
1.5734599253197785
1.6907442742015366
1.6019188869861298
1.618640670591326
1.6919689946939616
1.56857520544395
1.6675804883710916
1.688132238814279
1.5640633303195917
1.6894222152937886
1.6635401459987353
1.5702006645430058
1.6915767716909782
1.6121170478438311
1.608233662131338
1.691281478145995
1.5713150666266076
1.660958261978077
1.6900147179283835
1.5640576453794541
1.6872378236337289
1.6696570861520639
1.5677849115431433
1.6921111536178028
1.622211938976128
1.5985748755723734
1.690450241946826
1.5748198016716604
1.6537623122451917
1.6910675918976295
1.5640820495014753
1.6845476990695596
1.674177840179552
1.5661628524543363
1.692201203017576
1.6305578340257574
1.5911189711808122
1.6898541170871744
1.578704376309735
1.6470626656591227
1.6915915412579299
1.5642735882824055
1.6818355718104414
1.677487508848272
1.5651313615013756
1.6920426526503172
1.6372706814283402
1.5856080724716999
1.6895957111240671
1.582827319618517
1.6409679640261359
1.691897689378319
1.5647110703591394
1.6791905476874258
1.6802260910241387
1.56450726848461
1.6917915696992942
1.6433029492056264
1.581178899444979
1.6896572429939223
1.5875787006562958
1.6347938422818051
1.692120337213545
1.5654759867358319
1.6762998566797074
1.6828786761116603
1.5641730409507784
1.6914269648441103
1.6495839821431182
1.5771662141769356
1.6900466140776003
1.5937515883877065
1.6275385261388573
1.6922089570420624
1.5667130260909463
1.672594677274604
1.6856194175104575
1.5640592020610293
1.6907412571720462
1.6565496102299888
1.5733864589849729
1.690761328570641
1.6021128748268838
1.6184361426236809
1.6919591434770176
1.5686223618376018
1.66745882749378
1.688179127044773
1.564063581834349
1.6893858054348971
1.6636794076661106
1.570142385995346
1.691592028728921
1.6123327947441144
1.6080206504443204
1.691264292067048
1.5713801207587428
1.6608122548200515
1.6900439906415927
1.564057343443704
1.6871859369560018
1.6697653921274431
1.5677444218201868
1.6921170756081334
1.6224024490158222
1.5983988474486268
1.690434890143672
1.5748967292436329
1.6536181339282656
1.691082308685209
1.5640839215024627
1.6844913365784722
1.6742554397259537
1.5661365551064979
1.6921996547791351
1.6307087714366266
1.5909895654934096
1.689845467926021
1.5787858446215086
1.6469333531193737
1.6915992012346242
1.5642798600775887
1.6817813178070948
1.677547168931357
1.565115042200951
1.6920382053027223
1.6373972519905327
1.585509580643271
1.689593815804521
1.582915976132601
1.6408457026725853
1.6919029365039406
1.564723054573944
1.6791355063964335
1.680279954226006
1.5644978130077187
1.6917856367581636
1.6434262076044455
1.5810942619618678
1.689661820156723
1.5876875199388096
1.6346598904208218
1.6921239766256593
1.5654959275889075
1.6762345197428075
1.6829339102994632
1.5641687295579871
1.69141719628842
1.6497193681760125
1.5770862857877725
1.6900581579140408
1.5938988545332629
1.6273722638721746
1.6922080650241607
1.5667445840428698
1.6725057877586746
1.6856752404398918
1.5640585991877856
1.6907214932731507
1.6566973415068695
1.573313275607285
1.690778429517565
1.6023075614698075
1.6182311555731954
1.6919490940830415
1.568669843307655
1.6673365873060444
1.6882256688798236
1.5640638199083208
1.6893490484976468
1.6638180875922668
1.5700845259620215
1.6916071316203836
1.6125482812589917
1.607808180621234
1.6912470625768663
1.5714454544915226
1.6606661348145575
1.6900728763809594
1.5640570522547963
1.6871338811667584
1.6698729052431538
1.5677042985751046
1.6921227939976742
1.622591991586007
1.598223958100029
1.6904196639017335
1.5749737375108142
1.6534743283279068
1.691096797727655
1.5640858660819952
1.6844350312527023
1.674332469768617
1.5661105229630594
1.6921980095569258
1.630858884739108
1.5908610872232836
1.6898369701062859
1.5788673261501667
1.6468044233547696
1.6916067726390647
1.564286229366743
1.6817271492127819
1.6776065528670672
1.5650989024870563
1.6920337299769286
1.637523445507027
1.5854116052889031
1.6895920536366473
1.5830048122677995
1.6407235121030819
1.691908150954914
1.56473516380336
1.6790804129455161
1.680333750191514
1.564488483529929
1.6917796667612743
1.6435494900481458
1.5810098473788217
1.689666529952996
1.5877968468791166
1.634525585214665
1.6921275621660192
1.5655160481298234
1.6761688954101843
1.682989151610383
1.564164514384116
1.6914073055947643
1.6498549630841175
1.577006502189154
1.6900698348681062
1.5940469521007932
1.627205320589138
1.6922070286456283
1.5667763978669944
1.6724163540914179
1.6857309491366506
1.5640580477795802
1.6907014585552957
1.6568450415277982
1.5732403806933426
1.6907955731390767
1.60250292868246
1.6180257297764409
1.691938847992912
1.568717648980039
1.6672137762894106
1.6882718599865116
1.564064043828292
1.6893119469098574
1.663956173306526
1.5700270857769458
1.6916220767739982
1.6127634802334456
1.6075962781406274
1.6912297947254677
1.571511062584178
1.6605199184439043
1.69010137721126
1.5640567732809016
1.6870816633348444
1.6699796258237245
1.5676645401949227
1.6921283104617688
1.62278055958421
1.5980502116624993
1.6904045651785367
1.5750508209915204
1.6533309032919286
1.6911110626579906
1.5640878839291987
1.6843787870712337
1.674408935803602
1.566084754204457
1.6921962697408772
1.6310081800114449
1.5907335294676028
1.689828623303331
1.578948820358136
1.6466758744556722
1.6916142574763933
1.5642926962936088
1.6816730656012386
1.6776656652891613
1.5650829409959002
1.6920292274338198
1.637649269495364
1.5853141397999624
1.6895904242269024
1.583093831505063
1.6406013864345201
1.69191333307226
1.564747398492386
1.6790252644677672