0.9317241379310346
0.9317241379310346
0.9648245811986599
0.012984011213108548
0.055820833098946254
0.07300755374667478
0.05401217367571132
0.010375292053105722
0.9624960330041434
0.9307797967137134
0.9327673836826619
0.967195449281745
0.015578068528874889
0.05755493923610011
0.0728981224139802
0.05213214518800391
0.007754900441416135
0.9602130476023362
0.9299363993218335
0.9339073153695888
0.9696054178692812
0.018154455182856744
0.05921136192904308
0.07267951215276391
0.050183973911215096
0.005125809765523126
0.957978887895896
0.9291957924933615
0.9351415490010826
0.9720512936926543
0.020710139933074245
0.06078703785320494
0.07235222588056622
0.04817091700543141
0.002490981168579154
0.9557968323080517
0.9285596180412773
0.9364675495781756
0.9745299113049324
0.023242066609773238
0.06227898394930431
0.07191701328127453
0.046096252249551384
0.9998533675678505
0.9536701693249278
0.9280293015520378
0.9378826457445433
0.9770381339401373
0.02574715217945278
0.0636843113994372
0.07137486526995995
0.043963268724331206
0.9972159178448295
0.9516021910431074
0.9276060423404795
0.9393840445125584
0.9795728535732825
0.028222285442768502
0.06500024001177884
0.07072700676895338
0.04177525847487851
0.9945815811192676
0.9495961857169664
0.9272908048314
0.9409688458831905
0.9821309902337411
0.03066432642819006
0.0662241128608465
0.0699748879230544
0.03953550916913384
0.991953311018254
0.9476554293112235
0.9270843115175986
0.9426340571925883
0.9847094906295552
0.03307010653831566
0.0673534110143541
0.0691201739059959
0.03724729775648905
0.9893340698515888
0.9457831760767363
0.926987037619085
0.9443766070339613
0.9873053261450268
0.03543642950112447
0.06838576816410269
0.06816473349051111
0.03491388511989868
0.9867268326057342
0.9439826481816411
0.9269992075396778
0.9461933586212592
0.9899154902785872
0.037760073172913966
0.06931898496739586
0.06711062656949252
0.03253851170557387
0.9841345906707605
0.942257024445444
0.9271207931853319
0.9480811224792525
0.9925369955928484
0.04003779223509851
0.07015104289878482
0.06596009082610577
0.030124394106028074
0.981560355217323
0.9406094282403759
0.927351514174871
0.9500366683633755
0.9951668702527647
0.04226632182066958
0.07088011740815237
0.06471552775561751
0.027674722565392162
0.9790071601446998
0.9390429146427298
0.927690839939656
0.952056736331244
0.9978021542320571
0.04444238209994489
0.07150459018312483
0.06337948824245498
0.02519265936959747
0.9764780645244535
0.9375604569343273
0.9281379936731871
0.9541380469049527
0.0004398952714181892
0.046562683848372144
0.07202306031989192
0.06195465789156884
0.022681338078350155
0.9739761544691115
0.9361649325740622
0.9286919580595773
0.9562773102804313
0.0030771446747017706
0.04862393500998885
0.07243435421778677
0.0604438423055651
0.02014386355082176
0.9715045443598745
0.9348591087767958
0.929351482677657
0.9584712345547673
0.005710953031086374
0.05062284826126384
0.07273753402945293
0.05884995248713998
0.017583312711845434
0.9690663773721346
0.9336456278550082
0.9301150929504558
0.9607165329565522
0.00833836595190851
0.05255614956810928
0.07293190451928733
0.0571759905325433
0.01500273600037838
0.9666648252419864
0.9325269924932571
0.9309811004849422
0.9630099300763508
0.010956419911340998
0.054420587717129765
0.07301701820866935
0.05542503576550484
0.01240515943760756
0.9643030872227036
0.9315055511398508
0.931947614628059
0.9653481671048418
0.013562138277715796
0.05621294478665195
0.07299267871485404
0.05360023144302217
0.009793587246860413
0.961984388184232
0.9305834837097205
0.9330125550500858
0.9677280060960025
0.016152527621728696
0.05793004750901054
0.07285894222346867
0.05170477214663083
0.007171004953223203
0.9597119758147987
0.9297627877998178
0.9341736651566205
0.9701462332796518
0.01872457438301356
0.059568779456619314
0.07261611706658067
0.04974189195313783
0.004540382886307759
0.9574891168891773
0.9290452656206654
0.9354285261263224
0.9725996614560188
0.02127524197474928
0.06112609396848767
0.07226476141513394
0.04771485346161497
0.0019046800055297908
0.9553190925746237
0.928432511845797
0.9367745713708291
0.9750851315096553
0.02380146840048125
0.06259902771378067
0.07180567912730584
0.045626937735125495
0.9992668479642981
0.9532051927530829
0.9279259025738994
0.9382091012186055
0.9775995130866737
0.026300164453312957
0.06398471477095757
0.07123991382819139
0.0434814351993742
0.9966298353263655
0.9511507093464004
0.9275265855869472
0.9397292976327071
0.9801397044841939
0.028768212563596185
0.06528040108338629
0.07056874132695468
0.0412816375257008
0.9939965918464397
0.9491589286415231
0.9272354720699584
0.9413322387837405
0.982702631805277
0.03120246635504076
0.06648345913383014
0.06979366050485147
0.03903083051201772
0.991370072726194
0.9472331226240059
0.9270532299376156
0.9430149133144761
0.985285247438253
0.03359975096558365
0.06759140266616726
0.06891638283120227
0.03673228796310157
0.9887532427567001
0.9453765393404371
0.926980278885894
0.9447742341487216
0.9878845279240746
0.03595686418425936
0.06860190126893673
0.06793882068368995
0.03438926656190411
0.9861490802603714
0.943592392325356
0.9270167872580704
0.9466070517143939
0.9904974712792571
0.03827057844939219
0.06951279462552251
0.06686307466291996
0.032005001713459436
0.9835605807472128
0.9418838491440855
0.9271626707823378
0.948510166469973
0.9931210938475856
0.04053764374913671
0.07032210622907864
0.06569142010069173
0.029582704335942678
0.9809907602030539
0.9402540191196302
0.9274175932042646
0.9504803406421142
0.9957524267576334
0.04275479145906669
0.07102805635913989
0.0644262929656314
0.027125558566148067
0.9784426579317493
0.9387059403299206
0.927780968801977
0.95251430909936
0.9983885120664527
0.044918739144364395
0.07162907411754649
0.06307027536835852
0.024636720340714513
0.9759193388770608
0.9372425659807052
0.9282519667388759
0.9546087893060214
0.0010263986744369902
0.04702619634837513
0.07212380833138754
0.06162608086490584
0.022119316809058986
0.9734238953543604
0.9358667502772392
0.9288295171744771
0.9567604903150877
0.003663138097202978
0.04907387137815755
0.07251113713988344
0.060096539746360866
0.01957644652836099
0.9709594481274105
0.9345812339364548
0.9295123190243711
0.9589661207746876
0.006295780183383615
0.051058479090405395
0.07279017610285288
0.05848458449236538
0.01701118038659888
0.9685291467696175
0.9333886294983047
0.9302988492328328
0.9612223959360812
0.008921368866999568
0.052976749667172474
0.0729602846877202
0.056793235550208765
0.014426563194421593
0.9661361692548361
0.9322914066100526
0.931187373398856
0.9635260436625808
0.01153693804308431
0.054825438359559886
0.07302107102003119
0.055025587585092905
0.011825615881971396
0.9637837207271521
0.9312918774699186
0.9321759575770214
0.9658738094488876
0.014139507653050831
0.05660133616168994
0.07297239481154238
0.053184796329307504
0.009211338231876587
0.9614750314041296
0.930392182626588
0.9332624810628399
0.968262460470606
0.016726080065610605
0.058301281362431734
0.07281436841247535
0.051274066139151975
0.006586712075237644
0.9592133535737365
0.9295942773360266
0.9344446499613313
0.9706887886898804
0.01929363683430263
0.059922171904268406
0.07254735596862494
0.04929663835027087
0.0039547048732706536
0.9570019576509725
0.928899918679939
0.9357200113360639
0.9731496130502753
0.021839135909247798
0.06146097846060483
0.07217197069866277
0.04725578050325052
0.0013182736028416464
0.9548441272664707
0.9283106536459975
0.9370859677358958
0.9756417808011643
0.024359509377996025
0.06291475812566105
0.0716890703422024
0.045154776495448745
0.9986803688623341
0.9527431533680085
0.9278278083628932
0.9385397919022673
0.9781621679950684
0.026851661803134697
0.06428066858950032
0.07109975085887665
0.0429969176961158
0.9960439391096666
0.9507023273232286
0.9274524786697584
0.9400786414700483
0.9807076792092858
0.02931246922262587
0.06555598265678597
0.07040533849362007
0.040785495050901455
0.9934119349452588
0.9487249330232619
0.9271855221816878
0.9416995734852059
0.9832752465450599
0.031738778870910034
0.0667381029469265
0.06960738034513425
0.038523792185121586
0.9907873133504622
0.9468142379979174
0.9270275519902262
0.9433995585803389
0.9858618279654277
0.03412740967741401
0.06782457660163987
0.06870763360031606
0.03621507950562464
0.9881730417928283
0.9449734835665983
0.9269789321120671
0.9451754946638418
0.9884644050352667
0.03647515359080056
0.06881310981151878
0.06770805361386478
0.033862609289932344
0.9855721021118125
0.9432058740636298
0.9270397747674386
0.9470242199971446
0.9910799801332993
0.03877877777466754
0.06970158196470688
0.06661078102635654
0.03146961174334484
0.9829874941001093
0.9415145651931278
0.9272099395382267
0.9489425255531406
0.993705573209079
0.04103502771355427
0.07048805921537094
0.06541812812071002
0.029039291996502348
0.9804222386995771
0.9399026515855757
0.9274890344210674
0.9509271665672165
0.9963382181636838
0.04324063126279731
0.07117080726826819
0.0641325646216635
0.026574828008975482
0.9778793807338027
0.9383731536466297
0.9278764187564749
0.9529748732111762
0.9989749589352825
0.045392303668576606
0.07174830317925207
0.06275670313878079
0.024079369339306433
0.9753619911046058
0.9369290038069491
0.9283712079802576
0.9550823603361944
0.001612845374599381
0.0474867535775112
0.07221924598068452
0.061293284451161334
0.02155603673637896
0.9728731683836761
0.935573032301361
0.9289722801114926
0.9572463362481017
0.004248928996927415
0.04952069004467097
0.07258256595325685
0.05974516281871356
0.019007922501183883
0.9704160397352349
0.9343079526219481
0.9296782838614227
0.9594635104926217
0.006880258700229014
0.051490830540977806
0.07283743238507845
0.058115291494508226
0.016438091563801382
0.9679937611107209
0.9331363468080117
0.9304876482216744
0.9617306006407127
0.00950387653699214
0.05339390994642357
0.07298325968175035
0.056406708596670185
0.013849583215482797
0.965609516661146