0.4966101694915254
0.49661016949152553
0.4847466597287785
0.549848636768393
0.6583693203002238
0.1409941957874592
-0.3461831939151624
-0.29162107741788545
0.22978758697449386
0.49028250702447357
0.20022848551922418
0.5634954041336622
0.06471420808816275
-0.491490855076792
0.06555092341849655
0.5763151179130466
0.22570650954951105
0.6002263894603728
0.05470045113646593
-0.4968918693414244
0.05307737105937149
0.5437795240024554
0.14313577180644893
0.196889820832089
0.7383542004530863
0.5683046127734881
0.502202694220944
0.5759529945950078
0.256835722819589
-0.18561582765437523
-0.6708725842830463
-0.679853649553958
-0.1722790776178722
0.268515904520925
0.5556293998050876
0.44934759928909107
0.7213957827371845
1.1510274531401383
1.689493934591554
1.622148341890239
1.2866833642163604
0.9303800612619123
0.42623840643308
0.9831186962015159
1.5354470978484196
0.9807879256857834
0.42396677776987035
0.9112304744379307
1.181769823156595
1.737099836840803
1.7356369184020506
1.1809952011254035
0.901103536950606
0.3931510953848625
0.9330985753791485
1.3701572663014665
1.322180622546923
0.8443314646716465
0.33995233688754145
0.41042462469000396
0.6456565297298299
0.9025014781397642
0.8284224426036536
0.30696308150351204
0.6731239246632282
0.1312944228772941
-0.14142085459078957
-0.6903749193311547
-0.40147342684691345
-0.9131264512695358
-1.4647682541878768
-0.9435771217352393
-0.523047135513927
-0.9918911062906657
-1.4448075760251962
-1.1290704869696344
-0.5788962762330233
-1.1043237788483684
-1.4080966257217509
-0.8986903659943561
-0.35507197343637487
-0.5924416058659567
-0.11748055207432867
0.4297061663245623
-0.020380394137570257
-0.4248687171251992
0.10953903160630823
0.6221291229664208
0.4045756612268188
0.8735508974494852
1.4166138100818764
1.0084390399669139
0.5807478476361136
1.1279689260125614
1.5826267293993395
1.3475581946895336
1.8958648170945773
2.3907361311852937
2.1700724703559313
1.6155364619431625
2.065300218808876
2.346645230057467
1.791286950593837
1.6069963715938143
2.078560183120318
2.634325711721809
2.2368599943845524
2.593030951089136
2.0596568792027483
1.5044992326799727
2.058140962830447
2.5532946385720368
2.169506600703138
2.3367655694652676
2.7043488151375263
3.0017965416269163
3.3045416150612814
3.643213137615306
3.779039775011639
3.2724247003573983
3.572872261498031
3.0960246567386633
2.539987867515946
3.0702489140057727
3.476791721488603
3.0192292403700516
2.6032937370596216
2.7107116270218854
3.21448096459897
3.5578058143525357
3.3927225051087904
3.8537625448638817
4.382005666888228
4.111795371320017
3.590837043722561
4.135776455911794
4.407153505380045
3.912693166311589
3.3570147632482312
3.672647567342147
3.119373488464964
2.7586590102261868
2.31519412768802
2.1826018937673837
2.6213562709613796
2.06702465658894
1.583563250718978
1.8632089748384333
2.4107069174253235
1.8925103002983075
1.6158454336340797
2.1440528485443124
2.609402417046886
2.444012203112282
2.782559217816632
3.2844708294748814
3.412587643604591
3.0203166433416633
2.681587144230159
2.4207573143600856
2.414853943176025
2.7039140067822505
3.0777251039829934
3.6016055102392195
3.068080968050738
2.649065588351417
2.6016685260000663
2.9706426335625933
3.2568156569763698
3.722039466843936
3.942382992255812
3.9672516290021145
3.877896940877034
3.431927062680381
3.9761703578652465
4.532034363717444
3.9946318129307805
3.452590793388882
4.008446668240456
4.565447472042088
4.052163543594524
3.6358705414505166
3.6304845700280484
4.041365980707225
4.535109783361255
3.9968982714424026
3.4615876105382397
3.9445566672946026
4.303769870974396
4.586388121959425
4.592337131283668
4.282026650029517
3.890779140306438
3.336853105304385
3.6746499511607347
3.126419048668324
2.812634250667752
2.2672374993654576
2.2135488128497918
2.7413304656708535
2.534694791913953
2.624563219451424
2.948502772704154
3.111548138309405
3.57965760539188
3.0240733043505377
2.4687634911850913
3.0219730150266066
3.5788961478104726
3.0944920420568978
2.846854282840176
2.295891100757139
2.5312479411056654
2.2019221292889917
1.6750212541747624
1.7531036228822099
2.3060639430626435
2.178460999580136
1.6346472076176353
2.0855243014155707
2.3054118840856574
1.7492941348978337
1.7838409796925556
2.3345806766881037
1.9834477409195834
1.6791048691538646
2.231260198663131
2.223008901856288
1.6726255079669063
2.005706292436468
2.3225681286804853
1.771707971417275
1.7787973731894051
2.3279774036788954
1.9872563286540101
1.6828754204509746
2.2331246466241677
2.205116949759438
1.662961277844407
2.0541582806680507
2.2905684320134476
1.742868415832931
1.8688915789923255
2.352633757702852
1.841122095325552
1.7493994447205763
2.2991805162051424
2.046580779415683
1.661481605255346
2.2066150994840004
2.243045752101007
1.6893178779364728
1.951682178080572
2.348947451062527
1.8001535746162949
1.720866518760263
2.2774581018996094
2.203979456494522
1.6537762746300215
2.038120920095889
2.3158376975042927
1.7620566449404307
1.7801615602196066
2.3303524152779778
1.9879971163775518
1.6797229116574064
2.230928257068152
2.216969910504585
1.6691757159084424
2.0238859595844465
2.310390204358656
1.7605326635450975
1.8131536893293152
2.34495304236952
1.9090199478634606
1.730009919408108
2.2757749462625125
2.0777142920999045
1.658556809802045
2.1943267441140537
2.23470802628584
1.685567796058324
1.9877948210877818
2.3249824734956483
1.7768440725575596
1.7826205400794233
2.3291497104890375
1.9737546044898664
1.6935950268447602
2.242360976056812
2.173133990520334
1.651479776881037
2.1132892982010527
2.2594893920999293
1.7142183883293312
1.946821498942543
2.3325527816866423
1.7923082213243389
1.7813757735115994
2.3253821127063343
1.97062926895363
1.7007064739747566
2.247067620927568
2.1485904027587965
1.649316641152081
2.1437369321353343
2.2483603965106678
1.7023383139452555
1.9687682244336717
2.325466874653855
1.7819449161065053
1.7931171859974782
2.3327242911605834
1.9446966257708145
1.7159576749284495
2.260848974527519
2.1082899184768484
1.6526619092360328
2.176648541896964
2.240373811298875
1.6918524241924562
1.9784798323800885
2.3268786970642896
1.7801423123753302
1.7819626306176681
2.3281696514967436
1.9741444226022593
1.6943412608229274
2.2427251838034916
2.170052231281854
1.6510074829681454
2.117770087822712
2.2574773646373703
1.7122727596068228
1.9513388501087734
2.3307637018607936
1.789935628267858
1.7848916230400826
2.327481907505117
1.9622252992415743
1.7060955644236269
2.251821326124013
2.1338718764785516
1.6494383058734052
2.157463434052468
2.2455355573277695
1.6981862816356963
1.9712774815079332
2.327077712436855
1.7821058281618893
1.785909032123454
2.329671214522721
1.9626238684488353
1.7031511323469228
2.2501497400848054
2.144332496308415
1.6484006779652227
2.147632628575174
2.249314771601879
1.702074449416562
1.963740915394438
2.329713170100272
1.7856114120111455
1.781275408159209
2.3267337988719015
1.9736934092650302
1.69636082272743
2.243988683343294
2.162760860881658
1.650081792524663
2.127519610019533
2.2536303011277297
1.708315899182825
1.9593366024056889
2.327883124983486
1.7859722444227144
1.7902022034269431
2.33060916136137
1.9503020818350767
1.7134262978943842
2.2582974598188765
2.11425288948678
1.6518068872438898
2.1726553240381437
2.2412774932726345
1.6930670930159963
1.9775631161934917
2.3265282524774418
1.7801691008286156
1.7838483106067675
2.3291050192883063
1.968928744843964
1.6980269163928114
2.245937475737351
2.159504713235703
1.6492545614394638
2.131279783035029
2.2533606648025715
1.7074040742357321
1.958426038740011
2.3293573073033462
1.7869934861521657
1.7856778885583655
2.3284883392791222
1.9613133099594762
1.7057574063764607
2.251847130229718
2.135598052570282
1.6490550250026268
2.155858481337803
2.2465526179644546
1.699036288606629
1.9687406463756694
2.328374119185758
1.783498326960474
1.7828910148400037
2.327955431527539
1.9701399803716149
1.6982323289921255
2.245802457219275
2.157988741816109
1.6493188422985352
2.1331793254254188
2.2523649465762032
1.7065116936020757
1.960780142859653
2.3282695009892986
1.785726215371389
1.7880567197195691
2.3297969443552464
1.955709411294333
1.7093969632207384
2.2550111176202767
2.125634907661013
1.649875066474324
2.1640917673644937
2.2446338288700374
1.696473384871104
1.970899951948208
2.3288919651971423
1.783207142560931
1.7796605786177804
2.326389265201986
1.9792972136918205
1.6916517785697245
2.2400883182221234
2.176873168953689
1.652794046779302
2.1079986907880692
2.2608309501315427
1.7160118734331702
1.9448944015655156
2.332538226542244
1.7929600489251867
1.7824541189824283
2.325730656793741
1.967468281865481
1.7032460700567755
2.2491358768503593
2.1411940105616565
1.6493406145305212
2.1510011301052394
2.246522475133379
1.699949225793104
1.9712326463997591
2.325557278093423
1.7813008743083656
1.791327371785625
2.3321822273879165
1.9492187056819736
1.7124741986883232
2.258057681533731
2.1181871831094954
1.6505378025617377
2.169588152082512
2.243886481127395
1.6950818854296648
1.9705355784612717
2.330406000620027
1.7841571566385432
1.7744432001209078
2.323359147384599
1.994303689622257
1.6815423178562166
2.230924873724379
2.205213262867838
1.663511429126193
2.054734156658203
2.2893504976806303
1.7420715092102494
1.8730303748094002
2.3520361982753255
1.8376695887134897
1.750647192714853
2.3004916706863967
2.0441609502972993
1.6621620952051517
2.2076818733433545
2.242276049436323
1.6886418191683437
1.9538421481206376
2.348053123139531
1.7990531178981772
1.7223818416135892
2.279074127027005
2.1973587401248564
1.6496714711016471
2.054629155885329
2.3072366842354723
1.7536248232314586
1.8027266120571386
2.3433993732227454
1.9323874668360266
1.7128753728309083
2.2617180373478267
2.126377819881096
1.6461306771643276
2.162010079873514
2.254062442925429
1.70250828003114
1.9392138657508637
2.3468038507090236
1.8023008695994984
1.7378097946033308
2.294418886340705
2.119967845260453
1.6307126779548806
2.1589826720760623
2.29629502939914
1.7397395443281578
1.752359869356117
2.3093850927094275
2.110394626717938
1.6247481919191766
2.1613190871482977
2.3180703275157812
1.76666995862602
1.6303742599303355
2.1180333220225314
2.659480701575987
2.478148962753143
2.7298604729530354
3.19104852616117
3.6492198871929307
3.6334970737247874
3.229824389357796
2.798014269240975
2.333700842087096
2.3006234202457403
2.839134795685371
3.2459238992455473
3.6367667839043563
3.6821905470112775
3.1578633173611865
2.713556231402679
2.487191133398362
2.671905229429818
2.121343579477061
1.6646811011977245
1.6236849573870495
2.0424732430346877
2.543299322847539
1.9953641101044535
1.450582910417257
1.9338015696222741
2.263850274206493
2.682202285266049
2.84426299614566
2.492560440010392
2.864063721152507
3.4210561188090107
2.934738698413553
2.5970290934461144
3.127552859381441
3.618619896844136
3.436087195062756
3.8098081970569586
4.331213119555692
4.247618338106738
3.695695010429878
3.80938211193987
4.3586215196416935
3.9401032918265346
3.685980142431235
4.241600272856336
4.231186700720754
3.676900216325352
3.9722322412669726
4.345066929680704
3.7931650703484365
3.718051350681161
4.273899757413618
4.226784006308293
3.670784128624666
3.966165163904904
4.35454366181521
3.801157678791331
3.6867835973577647
4.233758764474593
4.394354842768006
3.9392347594359376
3.3972135088502613
3.9074045130177053
4.210778886106759
4.7378550122276675
4.877389925262406
4.601964749443993
4.533361064481574
4.715491246405407
4.162209267085781
3.927291043734644
3.4936624469037296
3.9408671042927863
4.478135790565178
3.925784242223482
3.399972894015232
3.7171925754425796
3.2040635643206414
3.265823970333304
3.8105674789481077
4.120984778535373
4.664656257865897
4.282607187047607
4.757237749817102
4.487530884669328
4.794556751466911
5.326088645619231
5.229503654493851
4.67303754312762
4.909336758556393
5.380385937492731
4.833210530300915
4.65042457521922
5.183996128901357
5.545417351829205
5.317937049812818
5.874968673431416
6.271211225873851
6.606606691646946
6.619807487040842
6.229450308760198
5.785107961925979
5.360083390900558
5.353857572012779
5.8001994800740295
6.255496681559746
6.560521013175032
6.450289099760546
6.722975507771178
7.155644767228201
7.6883643036206255
7.6379270160083985
7.247776873696367
6.844774610142649
6.300359272415603
6.3576833523693
6.753815684320703
7.154830950541614
7.700130416537879
7.640283308075402
7.250997271961418
6.855006779299849
6.3027353298848645
6.413606502903079
6.600660435702532
6.759956148530383
6.237178765457195
6.386840151976136
6.623597682691911
6.808101301893526
6.3830070660666465
6.939756458931122
7.450419942585749
7.032541849882448
6.548578964747895
7.093059158042813
7.612014708371685
7.3473751362606095
7.900623968285101
8.38742357245019
8.193367063169205
7.636324762352567
8.001214490490952
8.362881840503515
7.805841483174942
7.6130005580262265
8.09989161715745
8.652904742737942
8.390884397840987
8.904928740510888
9.450659777844377
8.965016319964384
8.550550720807038
9.060517964363806
9.617241649654797
9.192208386827415
9.377823334676425
9.608998037822204
9.75053751958198
9.212258281256661
9.225150960392956
9.777274928012783
9.798654115804537
9.274264454038354
9.539636708771512
9.161734189608119
8.614822241407229
8.955624361319193
9.404534443215164
8.847810414281478
8.511420717598238
8.878778303809915
8.855649219170724
8.403023761147217
8.960019276227928
9.501327093957553
8.958941936313089
8.466891211698181
8.894404380963321
9.011292473341735
9.166497766338024
9.707268259275914
9.434948665183263
9.877970414905661
10.431303982134141
9.955565939057692
9.57810321541007
10.104081006129354
10.63312118545015
10.408043410273242
10.874881998548835
11.419793990002349
10.998453669914824
10.58067339501455
11.124789086094223
11.594297666315464
11.372211496152262
11.893977718287363
12.42474473852246
12.029209700108348
11.56873404009179
12.118136479646186
12.585158334410663
12.338226122418098
12.8927527729565
13.35906973326235
13.29984314415473
12.791145494524933
12.441651359551283
12.61243464323887
12.138342211878005
11.608965961819692
11.909401575349532
12.415292853187227
11.86105211036065
11.547706850171425
11.98307378908714
12.379094461482701
12.361742926951715
11.947860967252744
11.436026311326513
11.99306480288006
12.549664266856986
12.013127223844904
11.490751437717407
12.023480137789068
12.526494455031667
12.070089135123796
11.793368508301208
11.25328382009363
11.128056668350116
11.432330686409292
11.347611673110094
10.946154047543063
10.439281492406172
10.995730384002215
11.55266856053187
11.029448237648094
10.550324739638363
10.917339242034792
11.443941482176129
10.88701180106796
10.471930975191587
10.81539545555944
10.550534892827395
10.64915774926608
11.032593081868772
11.49018805304069
11.053033359199548
10.527000764914119
11.076423546982324
11.606127286911443
11.296495657283726
11.829110224858294
11.939679513555102
11.840399608281109
11.324935183196846
11.746956486728262
11.375368033644023
11.931491766921518
12.450228121657704
12.01910472505651
11.54884235705355
12.087331703747042
12.621129081336592
12.344435709431597
12.899972287676032
13.373417558584174
13.251579522155998
12.709260830287882
12.72348703305659
13.270279877744944
13.306298293875075
12.772361244146971
12.540385991795217
12.892069065162334
12.894926573178495
12.55556995001783
12.72332924059206
13.219087775989555
13.564004334250889
13.417807056287517
13.810353359092247
14.322817104411513
14.292340929864316
13.763712421950018
13.543238762448647
13.89290014431698
13.896064431248028
13.560119272360478
13.708498827904393
14.189010433427892
14.630023182238935
14.576277739384693
14.368297870029103
14.128577152992502
14.326371108232872
14.696991511633241
14.968824844321519
15.140828761890361
15.659764085434977
15.210248410443985
15.417915711698308
15.49218290697092
15.390900605631238
15.816063808181816
16.316863479660405
16.335311298991385
15.847238076989536
15.347341656875269
15.43316585121396
15.579191533844307
15.707448657004328
15.15074803312163
14.809812455345853
14.27490212514308
14.204697039665675
14.715346535605283
14.387731338732948
14.929249188794804
15.474296674063467
14.954829464628016
14.512462042513068
14.979954861658356
15.40569643793496
15.253140608616231
14.720509975957025
14.658332513386215
15.156451053073527
15.640166947861118
15.545266227016649
15.482334968201688
15.483573255864933
15.539732997243455
15.622238492055361
15.180168221436626
14.685546084917473
14.644937171891407
15.108683482488544
15.663176102136138
15.420974337200741
15.8728950301853
16.421509062763192
15.983971909978461
15.583312572124203
16.123775641457854
16.603515669968523
16.393141193551486
16.8787216209108
17.418460139717094
17.01555392237488
16.577037979433346
17.12503446654196
17.583154328989483
17.344292148777154
17.89513874791418
18.381409469913102
18.208249526712155
17.65201222285818
17.94880526481909
18.37940509497
17.82374644707315
17.61049021407364
18.103628550940623
18.652882595561728
18.414211042679714
18.87739655355557
19.42530278308395
18.982085960465003
18.579573130610758
19.11742020883951
19.612923711942724
19.402799859478055
19.87078456472497
20.412045706708934
20.0204624620109
19.58131477582796
20.131955724266366
20.566021879595144
20.30947613042587
20.863455515716772
21.181628905655685
21.72983439719604
21.758595370627965
21.204659648218094
21.10535956944139
21.363959096477387
21.566431172478122
21.591713252332994
21.26730301178614
20.852347293805053
20.306118280164096
20.392248541568218
20.6698912865444
20.958995730338426
21.11723783920755
21.593254119796004
21.036653077854265
20.499807357161973
21.036832595699092
21.52559785719596
21.085933724760256
20.884652762363356
20.389622199123963
20.933579106683982
21.382198650265085
21.273653406564957
20.749384367688876
20.563163613741125
20.937837390522187
21.12735638230171
21.63520168122344
21.12795818114196
20.94179692913059
20.580198778670344
20.692257147511707
21.162621957174903
21.662641751971208
21.611209836773998
21.29379454417182
20.939501267049003
20.451007471505047
20.997653242590847
21.545819016879456
21.048335321337426
20.648564207487375
20.57469057569071
20.890278833135145
20.84182498032189
20.350291334078317
20.851687341798677
20.95586787063488
20.906268823294425
20.55683312950297
20.732586226021798
21.238823507579287
21.506193341571425
21.25803762586837
21.768642008370122
21.607174670490895
21.40091221981663
21.266730567176786
21.818465346706354
21.978834404640804
22.06705313842921
22.37248722133898
22.49450674301326
22.35380415454159
22.867551412110256
23.372638175726756
23.18938130715823
22.63291940223892
23.025187201890454
23.350223462369254
22.793193612852004
22.64028015545127
23.150863836006412
23.629616260424733
23.508162751278896
23.60158649281196
23.853752299196596