0.26169491525423727
0.2616949152542374
-0.2938441859662354
-0.18208540511292254
0.36095090435937155
-0.08285481004956435
-0.30042007038346885
0.2546368423001586
0.19149915156959496
-0.34767285121802416
0.07725610226913865
0.2850457984183058
-0.26469703216752094
-0.1245036139209563
0.3549558687251799
-0.16291949135815076
-0.25711217166758576
0.2955683588166142
0.07274062936153772
-0.3525127470689223
0.19055406573080713
0.2732661732097895
-0.2837738655516501
-0.16489913256184963
0.36392693471488935
-0.11518673345597769
-0.2860356702022945
0.2689807035851789
0.15581853929724582
-0.359988542247259
0.1308432167019713
0.27197633382697556
-0.28118759577921054
-0.10912069553346956
0.3595104534070124
-0.17071034248516193
-0.27405819440423
0.282634149942605
0.14995583958821188
-0.3656589039364553
0.13446810003091814
0.2830054111400985
-0.2729478756318008
-0.15861129292488801
0.36123917347862017
-0.1264387386332988
-0.27608462666567496
0.2777067465883812
0.12260001000223494
-0.3612815385814855
0.16135701080807818
0.27402572995043717
-0.28224293950189216
-0.14157106980023831
0.3656904174987646
-0.14341219578977632
-0.2821980609642336
0.2741621029118698
0.16278045475330555
-0.3611158898870293
0.1206471743435999
0.27823693311637476
-0.2754750635419013
-0.12718021374641997
0.3610731342998836
-0.15813728097942165
-0.27236116241072794
0.28346761347648997
0.13150605446620336
-0.3655843641922246
0.15247348129893068
0.28295426122752676
-0.2738476823212611
-0.17454982346265868
0.358453647705141
-0.10301258111560602
-0.2830110751212832
0.2699163713342566
0.13385063344526218
-0.3594622368034517
0.15360810932727298
0.26735810322060616
-0.2870879426999231
-0.1067845164766581
0.362119833878215
-0.17068202451670822
-0.2825915595636431
0.2744489967050825
0.19059164103448106
-0.35276081314423596
0.07222015806016019
0.296330383066879
-0.25650695978009985
-0.16565247733073377
0.3544674411519412
-0.12092764530205974
-0.26559343936452223
0.2839072081204684
0.07843573299270831
-0.347546892318332
0.19110045198717251
0.2535646706127094
-0.3012244146867358
-0.07824923527677441
0.35929978688272834
-0.18471092017733248
-0.2918233492309634
0.2638822408807978
0.2538929228448864
-0.30264888757440733
-0.1442108414918471
0.3738588913006767
-0.1356107899135261
-0.30152843083899894
0.25538729686055894
0.24840706187888503
-0.30863346672437086
-0.10933851053159435
0.37464821168461393
-0.16225916470898505
-0.3170590080520864
0.23455330248009298
0.3652291460217789
-0.126996928654176
-0.6573620331989779
-0.5080691169734247
-0.6299731422297892
-0.9426697798321808
-1.0728074967836956
-1.4287863556905753
-1.293231142941161
-0.8091137030725619
-0.3766490658808783
-0.4399209763405235
-0.5850931250201866
-0.7342102675741147
-0.18536739127475266
-0.05603831167850035
-0.12150070032379787
-0.5512609536602585
-0.03141579053013288
0.5175851507226288
-0.01766901177811775
-0.5667195693326315
-0.026941582835837363
0.4819381066474885
0.001990185195934191
-0.4814557931009891
0.03088227627853196
0.5757655362624485
0.03842101784830898
-0.4482412205933674
-0.07368348731143448
0.4455863385696628
-0.11122997549079505
-0.5477158783498753
-0.23291228085154464
-0.656091371925486
-0.11964683181830493
0.16972593376365747
0.7262801163350101
0.6666960652222763
0.21678233812729364
-0.19775384283901554
-0.6836305803826002
-0.735922801926816
-0.17888912220477304
0.059001564580835414
0.4632110396579514
0.1575634586193716
-0.3994788421784201
0.05010023749828196
0.37575529654425033
-0.17365369814018472
-0.5087410868278186
-0.1985861312787659
-0.5389016176353121
-0.10197962762702173
0.4548384413968001
-0.08413701327669876
-0.4785631481301009
-0.03488849657260362
0.32492364427268766
0.5407127677258329
0.46188594514451076
0.6692613702981717
1.0204071383723818
1.4239650196430316
1.2421336694927185
0.7072635367031547
0.6991477510182774
1.2304901913429043
1.4614524532039408
1.1156552022955735
1.1473637188233108
1.6108736730713562
1.057119707890171
0.559875566359034
0.9300959267911151
1.4421640008995966
0.8855943897128464
0.4516254104906204
0.7611797220749591
0.32093685444569536
0.8186770073447303
0.7996772812377471
0.2640244917832123
0.4634509165028712
0.38765576738926594
0.0873444432227432
0.07587699183769975
0.32125706669422116
0.6658232714529528
0.8698446829380526
0.6311655501882574
0.4238581474739307
0.36986477858129085
0.811268965866569
1.2919507917370991
1.438488161729936
1.1001837425203904
1.0872541708361858
1.3664611032241427
1.5385274725084768
1.4984809289329581
1.5438285593659222
1.6511552616951946
1.1441688833141117
0.6497322024124491
0.7337114805821034
1.2729258690487109
1.3338735774155857
0.824646689317874
0.3930570151720761
0.511594179185004
0.35375626307070074
0.024861982886561218
-0.23008241481672081
-0.7533082835945022
-0.9552726369531297
-1.0053326788859402
-1.073949999974896
-1.383003644207332
-1.464579413947808
-1.263389920359092
-1.797900025835954
-1.8065722370517348
-1.2874327657042914
-1.604815938526466
-1.073650138045719
-0.5234380319011795
-1.054934074693942
-1.4986609017543187
-1.0521164404345436
-0.7364073330407142
-0.3060727436463264
-0.12258865176564751
-0.35712488502006967
-0.6059793264644235
-0.7181566394700027
-0.16111635269341107
0.1327841202350683
0.6807561548205137
0.3590121274470684
0.9147225425955448
1.4122065484234332
1.11984925898925
0.5822863229656369
1.1217647448094161
1.414793123199939
0.9210817855409676
0.36409702511764386
0.7240257342459313
0.24605055639327988
0.5201723706145167
0.1869510815593472
-0.35344268950429175
-0.1340355018533858
0.39406288726969324
-0.13074791860145135
-0.3514811251440443
0.19086865670727315
0.506188169468043
0.20895703425956164
0.588690583934197
0.05086899632487152
-0.5052950725430286
0.05160129284045656
0.5754212174244614
0.19580129467334895
0.45325723298578036
0.3498262028617437
-0.03264101523204843
-0.48957045320894615
-0.05448550266504171
0.47212205070577595
-0.07807554128654914
-0.6044010921758323
-0.29857546625259257
-0.8345386873714982
-0.9751542731981251
-1.0302574591821299
-1.1891158791538723
-1.7437328499206828
-1.6700148496240292
-1.2216514123792241
-0.816886007757285
-0.3023424952666185
-0.26656392938649404
-0.8231650895634637
-1.0899859615522678
-1.5772557691417037
-1.020330230456866
-0.4664893624088521
-1.0205627992396864
-1.577418136159139
-1.0919007791053206
-0.8341641646274224
-0.27775797279228764
-0.40051839277567425
-0.6189065408814298
-0.8069049903854721
-0.38150147031234316
-0.9380348298709814
-1.4438810451073578
-1.0497156312460838
-0.553661526622625
-1.105623724072272
-1.586666561003605
-1.3207031252420818
-1.8769479196575536
-2.2542466346023513
-2.6538417578187086
-2.746228867804511
-2.194866645135079
-2.082297543231621
-2.2541398329545306
-2.7793651479945187
-3.058139533779469
-3.4907997854764963
-3.079132847334746
-2.538318589588593
-3.0953604835826045
-3.5557483283691345
-3.2309275043806402
-3.6413844952020584
-3.0902644574583285
-2.668951365670141
-2.5561812292703796
-2.8505865250533264
-2.6429638983136647
-2.3679582573980276
-2.1962694685557804
-2.639413176648574
-2.0964170722233235
-1.7208323287728564
-1.3847901406198662
-1.3423286978162077
-1.8301561908955746
-2.30112149210568
-2.4346876797581807
-2.096463007701979
-2.0706193557949026
-2.2861575259125324
-2.7380651475790856
-3.028986072320104
-3.4011342211046043
-3.339743979020538
-2.904617057593038
-2.3491407529289696
-2.7071106789012362
-2.200416515486566
-2.2653849555031
-2.809772273778411
-3.1192832686596588
-3.6613767702265303
-3.2660605617530907
-3.696343694976487
-3.2201592522133096
-3.4153742697629323
-3.5116294021196865
-3.455686085144565
-3.661803286500492
-3.993397020117169
-4.306141018300076
-4.630677005548973
-4.740872976500244
-4.189420810587035
-4.057638038077374
-4.12615315130366
-4.567967867644979
-4.02531487793798
-3.4695877265348116
-4.007934225606827
-4.55274307095173
-3.999802664949618
-3.4467790207970794
-3.9910903849224963
-4.527923778092246
-3.9733793383220775
-3.4353465944924113
-3.8725805546865377
-3.9292826280064035
-3.7422760959707193
-3.2272519807060744
-2.9438131003045775
-2.5120557670752177
-2.915939383881194
-3.458119013115719
-2.9013552555077844
-2.458384943963535
-2.7989888549152977
-2.4821195983529463
-2.8483529186636543
-3.4026415100761134
-2.98063618273756
-2.6058797267155698
-3.155116748682492
-3.5403941407686315
-3.268475781505172
-3.7828640426798654
-3.6790911637130783
-3.229946099243576
-2.846622748643557
-2.2959882236391502
-2.3721351863878986
-2.716419757953234
-3.072514452555251
-3.580770561956268
-3.0257800985970604
-2.48575822141252
-3.035830874570732
-3.5524128541814357
-3.1309937703255026
-3.111539083540419
-3.4556565250927465
-3.245282617253833
-2.7234849308488354
-2.6177185621922425
-3.0644806763002803
-3.6062157205361816
-3.100441982743231
-2.829819568913268
-2.2727865736098094
-2.349079219540152
-2.752872252190414
-3.143824753825792
-3.6974479623916316
-3.576243171505016
-3.4331950297208538
-3.3444266561019793
-3.8499990211878745
-4.336365866390309
-4.317747370101881
-3.8183856996541183
-3.38595214960894
-3.481399057334418
-3.4505978413982685
-3.3100430935853344
-3.8629327188571554
-4.274652187995083
-4.581852704353484
-4.542976178328413
-4.432210943752617
-4.307523141307714
-4.85944622419552
-5.267995344909639
-5.5981424029510025
-5.588264589516148
-5.303375886226074
-4.945126224272503
-4.463786219020485
-4.995965543758437
-5.532145016252295
-5.037160094564601
-4.614723150783819
-4.692433648758016
-5.180839695139763
-5.629435050109838
-5.561122033817341
-5.417327200255437
-5.275009702184151
-5.829201326387622
-6.0442882161860165
-6.392250270258588
-6.393540064067528
-6.047090897689831
-5.842884294185085
-5.297879298594875
-5.56937782038014
-5.117891739641299
-4.5645259255909
-5.0478318737340775
-5.4274832788079435
-4.907193227001592
-4.363315592299955
-4.627508745499317
-4.091471534742799
-3.5591840056656996
-3.995423093968801
-4.441441995317491
-3.9052424031967905
-3.3766469719103003
-3.631296916237137
-3.0945919584021153
-2.5664069480524168
-2.97756353556995
-3.43744741073008
-2.8922436975802426
-2.3957332223008705
-2.6355922510519187
-2.099283666730392
-1.576036887434325
-1.9528429951123178
-2.433017224433045
-1.8793855450934502
-1.434966561379776
-1.7093545089436444
-1.1709870170127274
-1.040317176679892
-1.0495279595802753
-1.2288365222135313
-1.775347978849379
-1.9684592163701544
-2.054920306179276
-2.3224298149197495
-2.6437233136821776
-2.8020780191320136
-2.347251379371828
-2.8716058923700105
-3.0986405623273394
-3.578914957387169
-3.022221431275777
-2.4682023639350765
-3.0227033364944034
-3.5791281034210742
-3.1025747466414675
-2.8949054796581932
-2.4138455238277814
-2.9708415568540794
-3.5172079028582606
-2.9623199173854933
-2.4343898779914603
-2.8468851329343394
-2.775656418106531
-2.21891709598699
-2.1288966390346986
-2.464930402383405
-2.234125987477195
-1.7066866767085658
-1.6758803952092605
-2.1866720366538335
-2.589468264253818
-2.4537428434095157
-2.738595345219262
-3.1956740334823106
-3.6487067560251574
-3.6401179626785156
-3.216167287259547
-2.773522157320388
-2.3738527500692563
-2.3780741266213417
-2.761228289879763
-3.191569101368353
-3.676164315985531
-3.7049982597803623
-3.162748145085412
-2.7713133969698105
-2.326272166793019
-2.23420529306253
-2.7717616200402686
-2.7003515938129317
-2.1964850717413817
-1.806020533210462
-1.2984773216032368
-1.2317020337256155
-1.7734163786047887
-1.72445781628181
-1.1845251310076146
-0.8430455828312384
-0.287580021588976
-0.37680216944602946
-0.6973778596056215
-1.0241825088710557
-1.4155007360538356
-1.2787823879866247
-0.7721751299004059
-0.47244763992739985
-0.6868167722433504
-0.12977554504877242
0.25291389977265805
0.6506175644592722
0.7345362339995524
0.17830784345407313
-0.03676137244787034
-0.36375462272520254
-0.490034860038686
-0.33005431870348934
-0.874661011814512
-1.3418748378262917
-1.3410749128257577
-0.8732087948077358
-0.3299568204037838
-0.4835813633584928
-0.3859123007210463
-0.09923590358142392
-0.14537823216562445
-0.6130169214640584
-0.061093910440662036
0.42244474182208464
0.12468490504563873
-0.4185125905479698
0.11549502123630523
0.4097520979419093
-0.09250788949326344
-0.644554363483079
-0.3636696602483104
-0.9111346284165416
-1.4299437088454852
-1.0470080092559153
-0.5628978180579963
-1.1157812067224695
-1.5738858010871102
-1.3061625705811672
-1.857076047833319
-2.135936323496864
-2.682702150672151
-2.361208949980622
-2.9163095182847387
-3.419742046402122
-3.094180430827982
-2.5718416756351807
-3.1262896713996686
-3.4768767488472547
-3.0673122960776285
-2.8488016468804305
-2.3049063206598053
-2.602062436776472
-2.0820829099491807
-1.531204459591916
-2.0554299605839947
-2.483895055683398
-2.0216625540210114
-1.6058863848496652
-1.7041507502175042
-2.20194445068401
-2.5886613082175804
-2.4723891186277602
-2.6809520624606185
-3.0619533607428053
-3.5686708873227335
-3.011631321306142
-2.4562061024897557
-3.002260555334569
-3.549823593187467
-2.9973600309367967
-2.4437902548648953
-2.9846728065117687
-3.5102413178637923
-2.9738906470006166
-2.469305753971038
-2.9193054827073723
-3.1532683889603166
-3.7018678584821973
-3.446244328762274
-3.8514299272027004
-4.399749163027358
-4.014500439456713
-3.5942432385855447
-4.147019359046981
-4.535151292163047
-4.243979857063294
-4.707513573692997
-4.287257979122039
-4.740394938551226
-4.389674393641477
-4.9359918856496146
-5.481298891648095
-4.953085842792383
-4.499042871241378
-4.951136931013961
-5.283739917484029
-5.650599592628922
-5.776132400297331
-5.261237839975808
-5.509589610359779
-5.2316634591703215
-4.720158492037948
-4.598783337448241
-5.013703072595422
-5.459046625973474
-5.113520092263181
-4.566336553108814
-5.108914201363153
-5.449601724201321
-4.988616776296474
-4.506463386119574
-4.976893203222449
-5.485532425535449
-4.958376166934751
-4.402603260964704
-4.8791073373475236
-5.025951355932026
-5.258076783241129
-5.752023342102153
-6.015794877346328
-6.326880112963934
-6.591599434049618
-6.636292280635687
-6.187545307873655
-5.7109879339068295
-5.54683161889595
-5.858313595515499
-5.695370140337827
-5.248604064105161
-4.911987978951255
-4.392425723486704
-4.92342568059565
-5.316242105946938
-5.518665944895616
-5.378357835730241
-5.852703847979095
-6.371317855834676
-6.160234272110451
-5.61173566586731
-6.093285772298764
-6.339573217501362
-5.785588785273088
-5.605905750227689
-6.0727853677606065
-6.625847903673289
-6.189613144117974
-6.349805888485578
-6.6878070208293146
-6.968460819643509
-7.148892043321641
-7.680154623807666
-7.30279354051767
-7.813098276730651
-7.804128624173118
-7.276068981641378
-7.537142354858283
-7.169349253002775
-6.625063491619424
-6.925931957243878
-7.405184542512219
-6.849175144699008
-6.552230835235538
-6.98523454084408
-7.3839115657217365
-7.345936561994472
-6.909665263320394
-6.355599446361391
-6.74214414756415
-6.322463007020259
-6.835980025565664
-6.914976871650351
-6.702206220059867
-6.273377337474939
-5.984437167131104
-5.650382200614671
-5.484828339466402
-5.599005881546462
-5.188508837708495
-4.685034236520496
-4.666123986347652
-5.156817680645338
-5.6477206375741495
-5.564267954982786
-5.42460443289115
-5.302879907064743
-5.856434743723672
-6.24847084078188
-6.647951206164901
-6.7201115943112395
-6.164002340150322
-5.850288441660601
-5.2935296198028725
-5.461022925635794
-5.427337514628786
-5.212446917900984
-5.661896476793232
-5.145678582598865
-4.996968380500206
-4.838060204378884
-4.300318556215161
-4.605670242983159
-4.078088387755672
-3.528517063851051
-4.053085186465122
-4.487384761021609
-4.026828364246477
-3.6253695584860517
-3.634887427626774
-4.046110071747159
-4.5475413547689705
-3.9969158610590907
-3.4480273676431197
-3.937447429150617
-4.287669903139123
-4.62664647560897
-4.705225785572854
-4.153617071358893
-3.77580286976684
-3.3108538995658052
-3.1996961384848945
-3.683945364693458
-3.236743803212688
-3.530512357928603
-3.1519455310815667
-2.5996851986913576
-3.0044208338698533
-3.3983705411957694
-2.847310361374155
-2.4643178831698145
-2.7477971749689014
-2.264403638188042
-2.5837740591207394
-2.0783420359105733
-1.522248615736937
-2.068388904510142
-2.5191927725909515
-2.111027101641407
-2.0417262104518663
-2.11804621741946
-2.54707780091379
-2.0331120271784373
-1.4858640961171075
-2.021729990705169
-2.5733155162432673
-2.0446510554280906
-1.585256776886209
-1.8194909558902053
-2.3765313267142902
-1.977845925872041
-1.63699464105248
-2.193296112941439
-2.414244915104042
-1.9622177107503211
-1.4463139416668982
-2.0026764681049567
-2.5584976995191155
-2.053045930466042
-1.6520064233736669
-1.5680128214734264
-1.872679081820852
-1.7504194080476934
-1.2066391830292131
-0.9439449194714429
-0.5279244386937624
-0.8728961506540143
-1.4269090497393428
-0.9045819118201898
-0.5825723470964455
-1.0875923350381966
-1.6409717467557026
-1.3402317473517313
-1.8972709032459933
-2.341118640322067
-2.383585815108056
-1.980987480705485
-1.535378107671911
-1.8963327047483296
-2.440609154899102
-1.8905636337723775
-1.521367496735885
-1.9430742682116686
-2.210674778284961
-2.7498419269746743
-2.889288178741878
-2.650713146789432
-2.381523867105903
-2.2490878949493798
-2.789390119382261
-2.790346708454936
-2.2513486828909572
-2.3965426842702326
-2.6064388629050823
-2.761681491187467
-2.239533178433353
-2.398854154910035
-2.587482690611689
-2.7004498412059337
-2.1466003244466663
-1.7641369423758193
-1.3268146763517545
-1.2241670826309687
-1.7478858558888946
-1.5511703723409351
-1.5731206770601833
-1.8002683634062415
-1.3873589944129971
-1.944181126817135
-2.4724873730119166
-1.982432175799762
-1.5245339924723176
-2.025708265730011
-2.5594633708035204
-2.0043594570151866
-1.4507353977241904
-1.9968174430944172
-2.540591695404922
-1.983917358976286
-1.4280405939860898
-1.912326167164212
-2.180895905066035
-2.736616664792114
-2.728153580695201
-2.1775725892229874
-1.8595883377320157
-1.3043737862315075
-1.5328713370357072
-1.2050495122885918
-0.6811659787130186
-0.7288580034133271
-1.2726485848811802
-1.3150848540311142
-0.7885857898355138
-0.4855876406001958
-0.7450740059504959
-0.24436729792372547
-0.47060588110694623
-0.3416934963228688
0.042520491723394505
0.5195821053744112
0.010831542127047622
-0.5121692166649884
-0.005343391588260915
0.4934382371368363
0.005303053633903376
-0.49150149471236526
0.018042374761395807
0.5497768977035621
-0.007236616344571067
-0.5639318405961221
-0.05923692739964037
0.3251676281430836
0.5093065489667099
0.3562066073450608
0.8716552690676774
1.3808448718372095
1.1615661997931308
0.6108665213050323
1.0870509219947229
1.343437913072582
0.7896889889706014
0.5944130176997622
1.0479672202924584
1.5770761224015706
1.027714737155093
0.5026335509267531
1.0245656860462438
1.5103698702598505
1.0433429906444285
0.6751936176576567
0.46921875048668577
0.5718774887522129
0.24056898155541906
-0.2260724995682436
-0.5967393207169512
-0.529930343739893
-0.4921733029169129
-0.5025652722095773
-0.4831981512465365
-0.44379563795415045
-0.6729360488519975
-1.0156341127042818
-1.399749478967513
-1.3269899459770518
-0.8719271110533615
-0.32490623523199624
-0.4792109841128137
-0.39593632737611384
-0.12702299649011206
-0.28861199962509015
-0.7672716038198091
-1.102361077443204
-1.637369461864984
-1.1717043967612082
-1.2211995554581592
-1.7758867451735796
-1.8152165652485055
-1.3212338583996541
-1.767105420984489
-1.4829524278190978
-1.816698525572537
-2.3599047901377332
-2.1090169062565063
-1.600074225293167
-2.14485937894085
-2.3873796126105296
-1.8771127946035007
-1.3556595017318027
-1.5226623898768592
-1.281935310279951
-0.8376528145311317
-0.3188171118415596
-0.3521454849891645
-0.7775965914307947
-1.2051722907215288
-1.6669851911878557