0.55
0.55
0.5745907910770868
0.518465884352263
0.5807442112531849
0.5022424916585407
0.5809201530904605
0.506385491340562
0.5797419897478744
0.53021772464792
0.5670965498646384
0.5623020987113353
0.536427489184501
0.5787013779428689
0.5094947329528687
0.5809202785438765
0.5014497281435155
0.5808794189787287
0.5138458839703378
0.5768998268680157
0.5436185123126208
0.5560945126090622
0.5715158929275047
0.5237139649957431
0.5804306024169518
0.5037801330715515
0.580916835088956
0.5040160584959309
0.580375984530637
0.5243857232501129
0.5710896365584912
0.5567995640722173
0.5428403917700473
0.5771312347094594
0.5133340484347615
0.5808878706955571
0.5014045540294436
0.5809189275214222
0.5099199188650836
0.5785423914404527
0.5371949589114454
0.5616726233901329
0.567622297573112
0.5294904459585127
0.5798377660265085
0.506060049285159
0.5809195761410207
0.5023886804818103
0.5807176750462986
0.5190679052407452
0.5742617299659478
0.5507559996950142
0.5492397975258615
0.5749086288956478
0.5178730617024351
0.5807681678568394
0.5021071626012872
0.5809207072140672
0.5067217276111906
0.5796402962864028
0.5309505567332026
0.5665590292852821
0.5629211593519776
0.5356630347947645
0.5788526461285475
0.5090802164934548
0.5809211867673487
0.5015058055077313
0.5808696026802198
0.5143678787229259
0.5766586757980481
0.5443960521384306
0.555381863328132
0.5719301347891232
0.5230499483460017
0.5804811630899507
0.5035550278360011
0.5809169417530309
0.504262801293837
0.5803171183101357
0.5250650159919513
0.5706513305304356
0.5574966543914909
0.5420621114703718
0.5773531073349705
0.5128324537093037
0.5808950810788912
0.5013702862626385
0.5809170584878278
0.5103557428164406
0.5783754639114247
0.5379650940009483
0.5610329729362026
0.5681361831344227
0.528768986734248
0.5799278344399129
0.5057454061786086
0.5809190054103979
0.502545723104448
0.5806883923820932
0.5196789738158119
0.5739213069616721
0.551507360913989
0.5484758313060474
0.5752153922364127
0.5172895805480155
0.580789707915146
0.5019826993632098
0.5809212052705975
0.5070687520018642
0.5795324742916637
0.5316886680451202
0.5660098409644527
0.5635295820201223
0.5349019360510838
0.5789964182252866
0.5086763964280259
0.5809217217552589
0.5015727823753685
0.580858293051899
0.514899943862952
0.5764075781077955
0.5451725843046171
0.5546619919499612
0.5723324112132053
0.5223938738102213
0.5805278552462338
0.5033407460303503
0.5809171518917186
0.5045203590089314
0.5802538102889677
0.5257516294710434
0.570200953901578
0.5581854333939376
0.5412840855942461
0.57756565669557
0.512341174324884
0.5809011677451102
0.5013469272397603
0.5809145904821567
0.5108021685354245
0.5782003725443123
0.5387375348402816
0.5603834030344762
0.5686381329809476
0.528053605207744
0.5800124022240719
0.505441565702794
0.5809184659369087
0.502713613742236
0.5806561928311705
0.5202989323405135
0.5735693942558588
0.5522536525583185
0.5477085424435072
0.5755112395183277
0.5167155767531405
0.5808089904626624
0.5018691079832532
0.5809216096249536
0.5074265567242666
0.579418310448014
0.5324317760462792
0.5654491060155111
0.564127159748179
0.5341445236370516
0.5791329156450352
0.5082832956178698
0.5809219475462575
0.5016506544122169
0.5808453560012229
0.5154419831886622
0.576146335722681
0.5459476767742418
0.5539352857427365
0.572722784867133
0.5217459352807727
0.5805708650603417
0.5031372913590222
0.5809174590956597
0.5047887294465339
0.5801858647163864
0.526445343242733
0.5697385002055249
0.5588655647292268
0.540506720845001
0.577769098018677
0.5118602779616189
0.5809062425728866
0.5013344786180438
0.580911436720796
0.5112591545189475
0.5780168948530999
0.5395119122830073
0.5597241853306254
0.5691280890965743
0.5273445520255658
0.580091674498023
0.5051485307730708
0.5809179789313915
0.5028923468811465
0.5806209025997311
0.5209276160099783
0.5732058753752522
0.5529944493694514
0.5469383728532421
0.5757963381257718
0.5161511787112347
0.5808261702810451
0.5017663943835711
0.5809218780481759
0.5077951319463458
0.5792975895660664
0.5331795895660925
0.5648769616513574
0.5647137019177662
0.5333911187113424
0.5792623586960169
0.507900933240169
0.5809219227996468
0.501739416769287
0.5808306522678961
0.5159938930298302
0.5758747565890989
0.5467208933926869
0.5532021425906497
0.5731013316636793
0.5211063199923174
0.5806103760667709
0.5029446679999146
0.5809178536754065
0.5050679105451338
0.5801130836039072
0.5271459300702069
0.569263977693169
0.5595367264504755
0.5397304158497467
0.5779636491722177
0.5113898256948275
0.5809104116247741
0.5013329412884735
0.580907504551168
0.5117266536743618
0.5778248091498679
0.5402878478370451
0.559055607190294
0.5696060088467833
0.5266420704795457
0.5801658542367354
0.5048663037967727
0.5809175619406334
0.5030819173536121
0.5805823447273227
0.5215648530679616
0.5728306456882352
0.5537293331364642
0.546165764029599
0.5760708637453748
0.5155965072918253
0.5808413976710518
0.5016745642679953
0.5809219635190902
0.5081744654256966
0.5791700947029318
0.5339318085473043
0.5642935612823736
0.5652890342470476
0.532642033058902
0.5793849663387676
0.5075293251829717
0.580921700958961
0.5018390641647137
0.580814037618309
0.5165555621895793
0.5755926553789801
0.5474917949417737
0.5524629699835841
0.5734681403743336
0.5204752084544865
0.5806465690214604
0.502762880589617
0.5809183225728716
0.5053579002159865
0.5800352667603399
0.5278531557897884
0.5687774095547067
0.5601986115075056
0.5389555606617986
0.5781495300600337
0.5109298722737177
0.580913775097537
0.5013423153614258
0.5809026954342592
0.5122046129807121
0.5776238950613619
0.5410649539413392
0.5583779713883962
0.5700718647942
0.5259463967141371
0.5802351422468469
0.5045948869034849
0.5809172289915084
0.5032823203994976
0.5805403392686663
0.5222104649149668
0.5724436128746172
0.5544578938550317
0.5453911558540344
0.5763349996833088
0.5150516758180729
0.580854818230407
0.5015936230243772
0.580921814032112
0.5085645421300493
0.5790356073160958
0.5346881238126259
0.5636990745940711
0.565852998746271
0.5318975692846215
0.5795009559840115
0.5071684844360786
0.5809213304308158
0.5019495909739935
0.58079536305482
0.5171268719237465
0.57529985418899
0.5482599402628311
0.5517181839352123
0.5738233122074435
0.519852774362487
0.5806796217436139
0.5025919341864059
0.580918849246829
0.5056586961520074
0.5799522118193257
0.528566779143292
0.568278834123235
0.5608509281578622
0.5381825363608762
0.5783269620537023
0.5104804664281956
0.5809164273019658
0.5013626001649696
0.5808969049566512
0.5126929731747041
0.5774139340863189
0.5418428343385983
0.5576915957205225
0.570525644499909
0.5252577599029589
0.580299737140659
0.5043342821448202
0.58091699071255
0.5034935517090992
0.5804947034573288
0.5228642662033975
0.5720446973577303
0.5551797308287532
0.5446149854543672
0.5765889361692478
0.5145167900768863
0.5808665726412167
0.5015235756323797
0.5809213724149649
0.5089653438489259
0.5788939074542887
0.5354482168621024
0.5630936875987017
0.5664054536475507
0.5311580210381623
0.579610543328794
0.5068184214729625
0.5809208547746441
0.5020709913263315
0.58077447503552
0.517707695954896
0.5749961832272691
0.5490248874362056
0.550968207838445
0.5741669603492505
0.5192391844914546
0.5807097089387334
0.5024318342137787
0.5809194135346976
0.5059702956060168
0.5798637142634738
0.5292865515792308
0.5677683050627674
0.5614934002991903
0.537411714749448
0.5784961674642044
0.5100416512007906
0.580918456672009
0.5013937942556226
0.5808900228718615
0.5131916684638872
0.5771947101901258
0.5426210845453034
0.5569968125330541
0.5709673503069975
0.5245763823927768
0.5803598353036602
0.5040844916634319
0.5809168544300418
0.503715607444555
0.5804452518498517
0.5235260649117831
0.5716338327006202
0.5558944537005043
0.5438376861298168
0.5768328696526247
0.5139919483661837
0.5808767964708722
0.5014644265789638
0.5809205761603169
0.5093768487993025
0.578744773989326
0.5362117597087644
0.5624776026575986
0.5669462733120709
0.5304236732629469
0.5797139422272025
0.5064791446215008
0.5809203128997504
0.5022032592053128
0.5807512157009811
0.5182979005171906
0.5746814814827076
0.5497861950038423
0.5502134712705468
0.5744992094675703
0.5186345985817693
0.5807370020050864
0.5022825863882274
0.5809199914941751
0.5062926951399188
0.5797695674501782
0.5300122170273253
0.5672458915422135
0.5621257677286676
0.5366434581405722
0.5786573690564788
0.5096134642998951
0.5809199458029765
0.501435895441605
0.580881933170696
0.5137006262706181
0.576966010432587
0.5433992924213046
0.5562939681679618
0.5713969991041029
0.5239024798124732
0.5804156308514926
0.5038455178307721
0.5809168242363693
0.5039484842367716
0.5803917964495535
0.5241956623929006
0.5712109659681964
0.5566016834063641
0.5430596863526627
0.5770670020978417
0.5134772415809224
0.5808856199901945
0.5014161797831792
0.5809193572750793
0.5097990312295811
0.5785879848915547
0.5369784147628565
0.5618510384677106
0.5674753481190596
0.5296948024590673
0.5798113645911775
0.5061506604195481
0.5809197392653295
0.5023463885514375
0.5807254231038746
0.5188973444278053
0.5743555973712748
0.5505434232210005
0.5494544087598504
0.5748201951788813
0.5180391692216743
0.5807616688261152
0.502144196634349
0.5809205552282809
0.5066258903465956
0.5796695626441069
0.5307435116524571
0.5667116783964482
0.5627477863367121
0.5358781192309896
0.5788107896095172
0.5091959384695919
0.5809209715179164
0.5014889008185228
0.5808725141796752
0.5142197670109436
0.5767276256231004
0.5441770388405727
0.5555834223180636