0.075
0.075
0.038872583924845654
-0.01332878175686527
-0.060322945079959035
-0.0802199976388596
-0.06043030144351493
-0.013482294802708808
0.03873384513884182
0.07494048994432656
0.07505919075725541
0.03901119087632277
-0.013175227097465991
-0.06021535768425468
-0.08021964161489947
-0.060537426199086655
-0.01363576574451586
0.03859497507343396
0.07488066099112273
0.0751180618169722
0.039149665437759384
-0.01302163131474432
-0.060107539832550974
-0.08021892956959324
-0.06064431877115887
-0.013789194091555913
0.03845597428335224
0.07482051354303473
0.07517661278180521
0.039288007053251875
-0.012867994898688812
-0.059999492101303654
-0.08021786150816901
-0.06075097858454357
-0.01394257935284618
0.03831684332293313
0.07476004800445887
0.07523484325619316
0.03942621516650824
-0.012714318339045676
-0.059891215067268216
-0.08021643743846868
-0.06085740506438693
-0.014095921037149066
0.0381775827461181
0.07469926478153312
0.07529275284636701
0.03956428922084939
-0.012560602125321355
-0.05978270930749306
-0.08021465737094788
-0.060963597636176425
-0.014249218652969825
0.03803819310645242
0.07463816428212859
0.07535034116035835
0.03970222865921067
-0.012406846746785057
-0.05967397539931281
-0.08021252131867561
-0.0610695557257477
-0.014402471708554028
0.03789867495708392
0.07457674691584099
0.07540760780800769
0.03984003292414329
-0.012253052692471247
-0.05956501392034143
-0.08021002929733397
-0.06117527875929175
-0.014555679711885226
0.0377590288507619
0.07451501309398206
0.07546455240097281
0.03997770145781576
-0.012099220451182273
-0.059455825448465616
-0.08020718132521773
-0.061280766163361894
-0.014708842170682482
0.037619255339835865
0.07445296322957104
0.07552117455273707
0.04011523370201557
-0.011945350511490843
-0.05934641056183799
-0.08020397742323387
-0.06138601736488096
-0.014861958592398056
0.037479354976254556
0.07439059773732613
0.07557747387861767
0.04025262909815052
-0.011791443361742787
-0.05923676983887063
-0.08020041761490117
-0.06149103179114833
-0.015015028484214835
0.03733932831156489
0.07432791703365592
0.07563344999577389
0.04038988708725045
-0.011637499490059537
-0.059126903858228275
-0.08019650192634943
-0.06159580886984715
-0.015168051353044165
0.03719917589691076
0.07426492153665062
0.07568910252321528
0.04052700710996879
-0.011483519384340689
-0.05901681319882175
-0.08019223038631892
-0.0617003480290515
-0.015321026705523468
0.03705889828303208
0.07420161166607357
0.07574443108181
0.0406639886065843
-0.011329503532266687
-0.05890649843980144
-0.08018760302615971
-0.06180464869723364
-0.015473954048013806
0.03691849602026385
0.0741379878433526
0.07579943529429282
0.040800831017002596
-0.011175452421301468
-0.05879596016055071
-0.08018261987983075
-0.06190871030327122
-0.015626832886597657
0.036777969658535116
0.07407405049157127
0.0758541147852734
0.040937533780757956
-0.011021366538695093
-0.05868519894067947
-0.08017728098389912
-0.06201253227645452
-0.015779662727076496
0.03663731974736809
0.07400980003546029
0.0759084691812443
0.04107409633701497
-0.010867246371486353
-0.0585742153600176
-0.08017158637753906
-0.06211611404649381
-0.015932443074968612
0.03649654683587727
0.07394523690138886
0.07596249811058922
0.04121051812457036
-0.010713092406505552
-0.0584630099986086
-0.08016553610253108
-0.06221945504352661
-0.01608517343550671
0.03635565147276848
0.07388036151735586
0.07601620120359098
0.0413467985818548
-0.010558905130377029
-0.05835158343670315
-0.08015913020326079
-0.06232255469812516
-0.016237853313635794
0.03621463420633806
0.07381517431298121
0.0760695780924396
0.04148293714693464
-0.010404685029521951
-0.05823993625475264
-0.08015236872671785
-0.06242541244130362
-0.01639048221401075
0.03607349558447207
0.07374967571949706
0.07612262841124026
0.04161893325751387
-0.010250432590160945
-0.05812806903340292
-0.0801452517224948
-0.06252802770452565
-0.01654305964099427
0.03593223615464545
0.07368386616973921
0.07617535179602143
0.04175478635093592
-0.01009614829831687
-0.05801598235348801
-0.08013777924278584
-0.06263039991971171
-0.016695585098654438
0.03579085646392135
0.07361774609813819
0.07622774788474268
0.04189049586418561
-0.00994183263981751
-0.05790367679602369
-0.08012995134238543
-0.06273252851924661
-0.016848058090762695
0.035649357058950275
0.07355131594071057
0.07627981631730271
0.04202606123389109
-0.00978748610029824
-0.05779115294220132
-0.08012176807868698
-0.06283441293598693
-0.017000478120791578
0.03550773848596945
0.07348457613505015
0.07633155673554723
0.042161481896325834
-0.009633109165204858
-0.0576784113733816
-0.08011322951168147
-0.0629360526032686
-0.01715284469191255
0.03536600129080212
0.0734175271203192
0.07638296878327686
0.04229675728741064
-0.009478702319796223
-0.05756545267108839
-0.08010433570395586
-0.06303744695491435
-0.017305157306993807
0.03522414601885694
0.07335016933723965
0.0764340521062549
0.0424318868427156
-0.009324266049147184
-0.05745227741700252
-0.08009508672069152
-0.06313859542524133
-0.01745741546859817
0.03508217321512727
0.07328250322808424
0.07648480635221529
0.0425668699974623
-0.009169800838151124
-0.05733888619295568
-0.08008548262966268
-0.06323949744906873
-0.01760961867898094
0.034940083424190735
0.07321452923666782
0.0765352311708703
0.042701706186525815
-0.009015307171522942
-0.057225279580924375
-0.08007552350123473
-0.06334015246172534
-0.01776176644008781
0.03479787719020842
0.07314624780833835
0.0765853262139183
0.04283639484443689
-0.008860785533801672
-0.05711145816302373
-0.08006520940836234
-0.06344055989905714
-0.01791385825355271
0.03465555505692456
0.07307765938996813
0.07663509113505147
0.042970935405384075
-0.008706236409353363
-0.056997422521501556
-0.08005454042658779
-0.06354071919743513
-0.018065893620695807
0.03451311756766587
0.07300876442994497
0.07668452558996357
0.04310532730321595
-0.008551660282373877
-0.056883173238732335
-0.08004351663403897
-0.06364062979376287
-0.018217872042521337
0.03437056526534118
0.07293956337816337
0.07673362923635756
0.04323956997144329
-0.00839705763689172
-0.05676871089721128
-0.08003213811142752
-0.06374029112548422
-0.01836979301971562
0.034227898692440945
0.07287005668601557
0.0767824017339532
0.04337366284324143
-0.008242428956770798
-0.05665403607954832
-0.08002040494204679
-0.06383970263059116
-0.01852165605264503
0.03408511839103675
0.07280024480638266
0.07683084274449473
0.043507605351452434
-0.008087774725713273
-0.05653914936846224
-0.0800083172117697
-0.06393886374763148
-0.018673460641353987
0.033942224902780926
0.07273012819362577
0.07687895193175834
0.0436413969285875
-0.007933095427262407
-0.056424051346774785
-0.07999587500904663
-0.06403777391571656
-0.018825206285562883
0.033799218768906285
0.07265970730357715
0.07692672896155978
0.04377503700682925
-0.007778391544805419
-0.05630874259740492
-0.07998307842490332
-0.06413643257452925
-0.01897689248466617
0.03365610053022565
0.0725889825935313
0.07697417350176183
0.04390852501803415
-0.007623663561576358
-0.056193223703362896
-0.07996992755293844
-0.06423483916433162
-0.01912851873773038
0.033512870727131584
0.07251795452223601
0.07702128522228179
0.04404186039373493
-0.00746891196065886
-0.056077495247744545
-0.0799564224893214
-0.06433299312597293
-0.01928008454349217
0.03336952989959609
0.07244662354988346
0.07706806379509885
0.04417504256514301
-0.007314137224989137
-0.055961557813725527
-0.07994256333278982
-0.06443089390089739
-0.01943158940035636
0.033226078587170374
0.07237499013810134
0.07711450889426157
0.04430807096315097
-0.007159339837358808
-0.055845411984555615
-0.07992835018464718
-0.06452854093115215
-0.01958303280639407
0.03308251732898456
0.07230305474994395
0.07716062019589517
0.04444094501833505
-0.007004520280417786
-0.05572905834355305
-0.0799137831487603
-0.06462593365939522
-0.019734414259340798
0.03293884666374748
0.07223081784988314
0.0772063973782089
0.04457366416095779
-0.006849679036677096
-0.055612497474098826
-0.07989886233155666
-0.06472307152890337
-0.019885733256594526
0.03279506712974656
0.07215827990379958
0.07725184012150331
0.044706227820970425
-0.006694816588511947
-0.055495729959631195
-0.07988358784202189
-0.0648199539835802
-0.020036989295213872
0.032651179264847556
0.07208544137897369
0.07729694810817753
0.04483863542801566
-0.006539933418164487
-0.05537875638364002
-0.07986795979169697
-0.06491658046796404
-0.020188181871916247
0.03250718360649454
0.07201230274407672
0.07734172102273643
0.04497088641143021
-0.006385030007746734
-0.05526157732966118
-0.07985197829467548
-0.06501295042723604
-0.020339310483076037
0.03236308069170965
0.07193886446916181
0.07738615855179785
0.0451029802002475
-0.0062301068392435835
-0.05514419338127121
-0.0798356434676008
-0.06510906330722814
-0.020490374624722738
0.03221887105709316
0.07186512702565509
0.07743026038409975
0.045234916223200375
-0.0060751643945156295
-0.05502660512208168
-0.07981895542966318
-0.06520491855443125
-0.020641373792539268
0.03207455523882333
0.07179109088634669
0.07747402621050728
0.045366693908723804
-0.005920203155302173
-0.054908813135733835
-0.07980191430259682
-0.06530051561600321
-0.02079230748186007
0.031930133772656424
0.07171675652538179
0.0775174557240198
0.045498312684957645
-0.005765223603224116
-0.05479081800589314
-0.07978452021067682
-0.06539585393977694
-0.02094317518766947
0.03178560719392665
0.0716421244182517
0.07756054861977806
0.045629771979749496
-0.0056102262197869485
-0.05467262031624397
-0.07976677328071619
-0.06549093297426865
-0.021093976404599847
0.031640976037546335
0.07156719504178488
0.07760330459507102
0.045761071220657444
-0.005455211486383678
-0.05455422065048418
-0.07974867364206255
-0.06558575216868585
-0.02124471062692998
0.03149624083800575
0.07149196887413797
0.07764572334934289
0.04589220983495299
-0.005300179884297741
-0.05443561959231985
-0.0797302214265951
-0.06568031097293561
-0.021395377348583322
0.031351402129373394
0.0714164463947869
0.07768780458420005
0.04602318724962396
-0.005145131894706043
-0.05431681772546
-0.07971141676872129
-0.06577460883763278
-0.021545976063126353
0.031206460445295972
0.07134062808451788
0.07772954800341787
0.046154002891377346
-0.004990067998681888
-0.054197815633611354
-0.07969225980537352
-0.06586864521410811
-0.02169650626376684
0.0310614163189986
0.07126451442541845
0.07777095331294755
0.04628465618664231
-0.0048349886771979905
-0.05407861390047311
-0.0796727506760057