1.2203389830508475
1.2203389830508475
1.0952197543093822
0.978545846938627
0.8560795431131559
0.7529857872046528
0.8257586101094774
0.9519682821904027
1.067478083507873
1.1947954005295192
1.2392992020526001
1.1232657781356854
1.003669647015377
0.8851124045806037
0.7654470959812709
0.7971388458044777
0.9243360106452523
1.0400277024963465
1.165310991151302
1.2484396619052294
1.15281750612899
1.0291121624811748
0.9129528651097878
0.7866228799176878
0.7732690483752296
0.8965944596998621
1.0139448703632432
1.135167846607495
1.2444751027185161
1.1830141139229933
1.056127058618647
0.9406888247334133
0.8136163345330203
0.7567977966375112
0.8682109515745626
0.9889599244305918
1.106619263764935
1.2290627669591847
1.2105119088578824
1.0838483256798201
0.9678482340735336
0.8436749627490034
0.7513239431034899
0.838203580184484
0.963070472874485
1.0788666889781233
1.2059073158990563
1.2324888614552125
1.1116422311660463
0.9934541840206457
0.8734187813557509
0.7590674868528416
0.8084578566119189
0.9357203897161944
1.0511897141565434
1.1776971940508558
1.2461478945563071
1.140477220713771
1.018500454415417
0.9015814048358536
0.7770892587838689
0.7823199684223984
0.9079772622112665
1.0244309277761103
1.1473862660307812
1.2477097292875405
1.170761266280897
1.0448876528622077
0.9293205889949636
0.8020043011668544
0.7624629903569381
0.8800272983101077
0.9992017230711797
1.1181498443070406
1.236503310439664
1.1997514766337631
1.0724609235097753
0.9568544245944477
0.8311829671067117
0.751979398891678
0.8506771069202523
0.9739027133127885
1.0902444883369455
1.2161645385559188
1.2243022362321103
1.100199558390663
0.9831332891713989
0.8614276028385315
0.7544056195270572
0.8203930329848506
0.947048368939288
1.0625021882740824
1.1897110659373162
1.2417828389820138
1.1284357775993503
1.0081491726879732
0.8901566624763823
0.7687065475450425
0.7924272204359444
0.919352241613914
1.0352153994757791
1.1598400773655422
1.248727623224795
1.1582797872714243
1.033853071752979
0.9179318308921349
0.7911141634351052
0.7696836100714947
0.8915887354074035
1.009430460806623
1.1299206250578813
1.242430276917432
1.1882400724351376
1.0610854894022899
0.9456405205409097
0.8188768342435435
0.7548828641382661
0.8629414765842345
0.9844320969897984
1.1016213663176357
1.2253916379197656
1.214937512815026
1.0888258550948353
0.9725679807724742
0.8491283403509708
0.751771107309405
0.8327372458868205
0.9582402180084019
1.0738822071271095
1.2011389163572925
1.235652226566973
1.1167000402669498
0.997927955158091
0.8785686946023207
0.7616655537458709
0.8034175785724701
0.9307413836409572
1.0462809148593137
1.1723081421101569
1.2474225634411504
1.145845754249724
1.0231070908184097
0.9065587471476066
0.7811295752371421
0.7782194384379574
0.9030011871797303
1.0198083681477215
1.1420021627141796
1.2465529960172705
1.1761671048216578
1.0497868297132102
0.9343015680720046
0.8070080079267261
0.7597759155397861
0.874892822795342
0.994731264586064
1.113080378064703
1.233418426318021
1.204563737941731
1.0774456534689616
0.9616982782710906
0.8366434124566992
0.7514061191256508
0.8452326347282785
0.9692000292741666
1.0852679540373533
1.211792653177122
1.2280402864320656
1.1051921079855227
0.9876728810083412
0.8667148479789772
0.756214468014173
0.8151065769843698
0.9421026761269784
1.057538992832321
1.184514211412449
1.2439288102236299
1.1336653820370814
1.0126539937591448
0.8951695344248205
0.7722221426262684
0.7878848939706963
0.9143720711691075
1.0304579074020646
1.1543726220968382
1.2485672682017466
1.1637521279095517
1.03865038258641
0.9229147645140182
0.7957790792536222
0.7663492737312761
0.8865544182628385
1.004945084436332
1.1247340834656068
1.2400402498258423
1.1933581146641046
1.066058377226708
0.9505685636365098
0.8242218176506895
0.7533494837472241
0.8576103456060751
0.9798592480494714
1.096638842904868
1.2214911332980518
1.219169665086092
1.093801019404449
0.9772278930431985
0.8545442824370999
0.7526557319731357
0.8273001966689499
0.9533652590654254
1.068898350361078
1.196222258618104
1.2385327827159467
1.121801880810714
1.0023951554440285
0.883667064243255
0.7645672873918691
0.7985111186794434
0.9257573324303943
1.0414089035311949
1.166868173956317
1.2482760686687326
1.151264945101337
1.027771296350174
0.9115339532298999
0.7853761850237633
0.7743350297794936
0.8980178619965647
1.015239108254694
1.1366753918400747
1.2449911458560465
1.1815066096445084
1.0547168333528953
0.9392736171283922
0.8121343946436932
0.7574099628898118
0.8697020205532067
0.9902442289953491
1.1080484574415892
1.2300653398181733
1.2092166083710256
1.0824283441908056
0.9664916987951444
0.842115803867732
0.7512781820041337
0.8397641512095378
0.9644383857137884
1.0802874793882442
1.2072375746013957
1.2315379524906818
1.1102069204915614
0.9921754327542746
0.871940015191459
0.7583857433022337
0.8099173178307035
0.937138355739852
1.0525949139711774
1.1792214036904076
1.245710408275411
1.1389571229590834
1.0171967121642045
0.9001608524673328
0.7759769676780475
0.7835268166604765
0.909395757769673
1.0257595628006158
1.1489306476617134
1.247962156670383
1.1692107650954582
1.043497579183216
0.9278995070863746
0.8006022626920489
0.7632845593745049
0.8814818788830374
1.0004752843695925
1.1196034341206813
1.2373309157438508
1.1983523457493492
1.0710397869045973
0.9554651914099647
0.8296316321752659
0.752222947730305
0.8522224196088821
0.9752325760691302
1.0916629983047788
1.217375509383152
1.2231945336854333
1.0987787785989125
0.9818305727635631
0.8599087525429148
0.7539600137768065
0.8219156786110581
0.9484541270597505
1.063919915627305
1.1911729069037706
1.2411079584318354
1.1269557944088804
1.0068699476029812
0.8887220355076106
0.7677502942899124
0.7937540443195263
0.9207729608734974
1.036582201045954
1.161400661598079
1.2486911133002099
1.1567203326059903
1.0324953499460365
0.9165117603163488
0.7898152263970927
0.770681072598723
0.8930184824696047
1.0107141172036518
1.1314104261111
1.2430496573968561
1.1867602991372743
1.0596699616068328
0.9442307547621349
0.8173675172991774
0.7553911366569845
0.8644503073848477
0.985727228267047
1.1030444180747552
1.2264624010239555
1.2136947555887885
1.0874070088578927
0.9712283554997103
0.8475764957279756
0.7515984311671574
0.8342939124958313
0.9596223729267357
1.0753035336257801
1.2025143034135513
1.234778166910861
1.1152538228867424
0.9966536515790136
0.8771058897009811
0.7608927895365656
0.8048417348734067
0.9321617727371568
1.047677165330469
1.1738508642520367
1.2471011223870117
1.1443093988012512
1.0217879610512515
0.9051400758578798
0.7799559536483733
0.7793671844232555
0.9044203928565296
1.021120638029334
1.1435318019117393
1.2469251393283132
1.174631607101846
1.0483864466051995
0.9328820242135332
0.805568134757392
0.7605104381144658
0.876362270449677
0.9960069935416791
1.1145215819443375
1.234326202486201
1.2032072006027825
1.0760244401656864
0.9603219724173887
0.8350842132974508
0.7515245599047395
0.846788327518599
0.9705470056001282
1.0866872418900348
1.2130584992611384
1.2269982753879116
1.1037667604599888
0.9863828147436506
0.865213672477378
0.7556606034840314
0.8166047313031773
0.9435150181141132
1.058952476129508
1.186006497753061
1.243352894587105
1.1321679946753092
1.0113662101434249
0.8937428589292595
0.7711946738212369
0.7891618921271647
0.9157916111395698
1.031808486902845
1.1559298376536695
1.248658658052284
1.1621921521314715
1.0372771286721978
0.9214936770079075
0.794432180552908
0.7672733555144164
0.8879933197222207
1.0062217918373575
1.1262069468476024
1.2407553516054224
1.191910761603336
1.0646393599517192
0.9491662957373204
0.822690311529762
0.7537462801132502
0.8591364942749927
0.9811682499947582
1.0980584611985182
1.2226257982327577
1.2179834954161741
1.0923824784259082
0.9759052596300777
0.8530047992286806
0.7523598281965953
0.8288460685055168
0.9547592978059849
1.0703190535534903
1.197638329062551
1.2377415514931256
1.1203422280669728
1.0011212827799443
0.8822181889692666
0.7637103297404803
0.7998955359807051
0.9271786364734294
1.0427937928735966
1.1684231112962546
1.2480767776447086
1.1497153608378985
1.0264353239381685
0.9101152735934358
0.7841451388559728
0.7754197368794157
0.8994399646670479
1.0165369609813666
1.138187991615549
1.2454763176758075
1.1799921156154705
1.053308482561484
0.9378572015838361
0.8106611389874773
0.7580503437220124
0.8711881166546067
0.9915260891461694
1.109479918837726
1.2310476141002273
1.2079070990598022
1.08100801745421
0.9651305274933004
0.8405556750720775
0.7512689201043009
0.8413245677625824
0.9658018613482641
1.0817079720535159
1.208554156578246
1.2305661280399374
1.108774221344754
0.9908946970280633
0.870456410620306
0.757731287820365
0.8113860252133551
0.9385553287689813
1.0540022488562937
1.1807392791772762
1.2452411301897943
1.1374419795027209
1.015896934318285
0.8987393254002434
0.774882893116213
0.7847498011771479
0.9108143503909577
1.0270930569444585
1.1504785723548745
1.2481794257498138
1.1676571806526586
1.0421108944919284
0.926478250599213
0.7992118237989432
0.7641297371303098
0.8829326245012302
1.0017489687001282
1.1210610002515549
1.2381345230094296
1.1969418845371231
1.0696189084169392
0.9540727190183244
0.8280837863424593
0.7525013458243489
0.853763941535388
0.9765576224215646
1.0930814962547981
1.2185701057324683
1.222068860026808
1.0973588197573203
0.9805237353563043
0.8583850266607577
0.7535466441213495
0.8234443206503401
0.9498576160840242
1.0653385330604128
1.192625227873957
1.2404062408729084
1.1254805664810652
1.005592473344281
0.8872846289663657
0.7668152749406528
0.7950942783823978
0.9221939400470728
1.0379533253552693
1.16296098489449
1.2486181607759463
1.1551622358884208
1.03114234412426
0.9150920427648587
0.78853075791759
0.7716985405953767
0.8944461333104876
1.012000438706605
1.1329052483500746
1.2436403586985683
1.1852721256952488
1.0582557519682265
0.9428192386025027
0.8158655026385553
0.7559298168218741
0.8659540612576692
0.987018932476806
1.1044689357237252
1.227514178246541
1.2124365951161096
1.0859878820389854
0.9698838448347415
0.8460219858875182
0.751461674131068
0.8358524032721656
0.9610006949868386
1.0767248072391948
1.2038772759196712
1.2338816174936535
1.113810985605368
0.9953784848402539
0.8756387170366642
0.7601452535163965
0.8062764102484792
0.9335816331793013
1.0490762069554216
1.1753889197889633
1.2467459074665284
1.1427774455907107
1.0204734188214855
0.9037210930127393
0.7787994195567562
0.7805321784479174
0.9058392016618894
1.0224374242119612
1.145065952661599
1.247263775899076
1.1730911888552833
1.0469887559680155
0.9314618875959995
0.8041385980230042
0.7612704765771876
0.8778272707168054
0.997281694138312
1.1159660586399818
1.23521172902278
1.20183806518866
1.0746031291095384
0.9589417376821502
0.8335265506571132
0.7516790516177408
0.8483415778058137
0.971889111624682
1.0881062233963215
1.214309110628305
1.2259370981851765
1.1023429932485502
0.9850894539198837
0.863707414481387
0.7551368297505299
0.8181103961000723
0.9449256922216104
1.0603673540093672
1.187490579694221
1.2427479826488874
1.1306756537894551
1.010081238464928
0.8923142038499665
0.7701870157687308
0.7904535337195572
0.9172115030276792
1.0331638289472513
1.1574886674758136
1.24871366489954
1.1606316302134068
1.0359081145773967
0.9200728188429168
0.7930985100283995
0.7682188926232842
0.889429328559359
1.007500089471595
1.1276845033069918
1.2414439193678795
1.190453703688682
1.0632211640923621
0.9477616658261825
0.8211645671094681
0.7541756087595557
0.860657832420025
0.9824730314189551
1.099478799319134
1.223742656810783
1.216780790263236
1.0909639897737957
0.9745778484079167
0.8514613696785448
0.752098549298409
0.830395701066984
0.9561501990624706
1.0717400735125848
1.199043251932029
1.2369260524446721
1.1188866446253034
0.9998477002748364
0.880765577653585
0.7628767215618957
0.8012917360668941
0.928599820623483
1.0441821726529188
1.1699752448922272
1.2478421336173662
1.1481691387648176
1.02510423001464
0.9086967420552033
0.7829300659867372
0.7765228296672297
0.9008609852188192
1.0178386652185882
1.1397055879682985
1.2459300044592214
1.1784710629715898
1.0519021776371886
0.9364397218016881
0.8091969418997665
0.7587183223107904
0.8726693238919162
0.9928058081366717
1.110913876611772
1.2320091843371037
1.206583732942134
1.079587372481993
0.9637648469270469
0.8389951133582986
0.7512961745188169
0.8428842845810732
0.9671607625910155
1.0831281308803589
1.209856707743274
1.2295738012158652
1.1073439061202264
0.9896116696995836
0.8689678731344478
0.7571047331149197
0.8128636075100429
0.9399711672967883
1.0554115444080054
1.1822503817498347
1.2447406682038769
1.1359318653084045
1.0146008935989956
0.897316609890283
0.7738073706422474
0.7859885996271934
0.9122331353325412
1.0284314408831954
1.1520296740071683
1.2483611652457993
1.1661010665116551
1.040727798205239
0.9250569255546426
0.7978333458396245
0.7649980165938566
0.8843797322149272
1.0030231053553953
1.1225227234500037
1.2389135963406748
1.1955204531630337
1.068198404998107
0.9526772076487762
0.8265399616127097
0.7528141404291083
0.8553013759422409
0.9778779357635996
1.0945001139290222
1.2197480106362384
1.220925538765662
1.095939485424372
0.9792125863937131
0.8568565626927206
0.7531660893520767
0.8249784922459105
0.9512586514488521
1.0667579061691206
1.1940676651394326
1.2396782806783797
1.124009967078002
1.004316432057983
0.8858442210025517
0.7659019299992281
0.7964475632667624
0.9236151153649532
1.0393286054074444
1.1645204834196063
1.2485088992824365
1.153605996093461
1.0297941397089059
0.913672670924865
0.7872611014440306
0.7727356335058909
0.8958719177555945
1.0132897121178113
1.1344051354753728
1.244201754938332
1.1837759403553343
1.0568430123986055
0.9414061333370075
0.8143711976931594
0.7564982791385344
0.867452734373636
0.9883074743717185
1.1058951456953299
1.2285466112921688
1.2111633650344085
1.08456842930212
0.9685344856770164
0.8444652579887086
0.7513610811770854
0.8374121506475258
0.9623749970158276
1.0781459421843254
1.2052274721837395
1.2329630476481241
1.1123713154562715
0.9941021300000615
0.8741670230189295
0.7594235164716729
0.8077212443864227
0.9350008375687643
1.0504778462588966
1.1769218122286997
1.2463574527239556
1.1412501003241644
1.0191633171628325
0.9023016265294803
0.7776602899807198
0.7817141042722244
0.9072577776708832
1.0237588604082237
1.1466043895331082
1.2475683871295131
1.1715463547565774
1.0455939533136396
0.9300412835513215
0.8027197576870684
0.7620554674162971
0.8792879837770141
0.9985556927024555
1.1174140180879253
1.2360745283883041
1.2004566935713175
1.0731818112181528
0.957557765150892
0.8319709906808346
0.7518693198848536
0.8498919549631807
0.9732263248865436
1.0895249548415635
1.2155441563517195
1.2248571075335348
1.1009205818344157
0.9837925410515147
0.8621960923932708
0.7546437702166494
0.8196231576934614
0.9463345343829255
1.0617834769857804
1.1889660734365775
1.2421146986045641
1.1291883036311947
1.008798786769977
0.8908833392760486
0.7691995558063837
0.7917594726961915
0.918631744033408
1.0345238356607978
1.1590486004099607
1.2487321875971142
1.1590711222964654
1.034543499869923
0.918652246564463
0.7917784258539378
0.769185452431004
0.8908626685665716
1.0087802925670741
1.1291668710794842
1.2421053529771688
1.1889873062951906
1.061803926005799
0.9463548556715586
0.8196450430915753
0.7546368811982677
0.8621742407762985
0.9837737939215594
1.1009000592847669
1.224841382673779
1.2155618676979212
1.089545431642986
0.973245590687505
0.849914310416966
0.7518723266257643
0.831948555554189
0.9575377621929131
1.0731612960439496
1.2004366667524247
1.2360868134171494
1.1174349447494951
0.9985740783428245
0.8793090374675122
0.7620669781115078
0.8026993579224811
0.930020775426563
1.0455738425519172
1.171524026502455
1.247572532421633
1.1466266257816826
1.0237779688990936
0.9072782527381701
0.7817312868521078
0.77764397653242
0.9022811332041024
1.019144438567669
1.1412280888970983
1.2463516050578012
1.176943898146905
1.0504980959046395
0.9350213172238334
0.8077421720303886
0.7594132905049708
0.8741457464686022
0.994083696538181
1.1123505570693708
1.2329496298429112
1.2052468658915954
1.0781664537551823
0.9623948036687596
0.8374346707821875
0.7513598949403709
0.8444427739221365
0.9685149735286473
1.084547938090513
1.2111448782914644
1.2285613702213487
1.105915745428689
0.9883260516606731
0.8674743294301236
0.7565066994054667
0.8143496869802943
0.9413857254117171
1.056822632142285
1.1837542873845188
1.2442096406177527
1.134426822367874
1.0133083447451523
0.8958924852948059
0.7727507449843909
0.7872428850619952
0.9136521858251324
1.029774714912406
1.1535835489431578
1.2485070572476527
1.1645429847265945
1.0393484860487772
0.9236356299853946
0.7964671906452275
0.7658889074930928
0.8858234067978593
1.004298022316616
1.1239887733353775
1.2396675838909506
1.1940884114475578
1.0667783985902652
0.9512788554013363
0.8250006749327272
0.7531608393524913
0.8568344666447869
0.9791936285738579
1.0959190021022542
1.2209089081918965
1.219764889011562
1.094520592155676
0.977896959315508
0.8553235363646379
0.7528189048239788
0.8265177097168063
0.9526570432677679
1.0681779044880555
1.1954998573720785
1.2389246593377823
1.122543853558508
1.0030415014424803
0.8844005944409663
0.7650107162287668
0.7978135379419937
0.9250364098359385
1.0407078615381549
1.1660785894622099
1.2483635267596807
1.1520520842587136
1.028450795240555
0.9122536161726432
0.7860065948858884
0.7737919838284845
0.8972960643317374
1.0145822124452504
1.1359101050627531
1.2447332191526792
1.1822721416394635
1.0554319000004206
0.9399915947949682
0.8128849983765299
0.7570958966015642
0.8689463507633904
0.9895931319501577
1.1073232769715142
1.229559329629936
1.2098754045962492
1.0831486272015036
0.9671803431739021
0.8429067901247935
0.7512968350950677
0.8389725874068494
0.9637451020870724
1.0795668644577574
1.2065645314886888
1.2320229102180342
1.1109345940576432
0.9928242657170137
0.8726906686503081
0.7587281631055841
0.8091758755044002
0.9364192544944424
1.0518818945742934
1.178449061930597
1.2459363195866118
1.1397275294502334
1.017857483588234
0.9008814896521065
0.7765388849118914
0.7829126458897333
0.9086762672573003
1.025085052249467
1.1481468466337013
1.2478384897737707
1.1699976254838587
1.0442022373943163
0.9286203328913201
0.8013119736067627
0.7628648625441914
0.8807445820399314
0.9998293176171252
1.1188656633138996
1.236914106300445
1.1990634475032351
1.0717605865689832
0.956170251671938
0.8304180936949956
0.752095033616739
0.8514390641022521
0.9745586529167698
1.0909435147646938
1.2167633106594116
1.2237586458242653
1.0994993070335985
0.9824918349781608
0.8606797558904126
0.7541820410876368
0.8211425886462294
0.947741374705463
1.0632007002295059
1.19043260294286
1.2414536611022802
1.1277058656350267
1.0075185538920821
0.8894500361359878
0.7682326956424632
0.7930793581543071
0.9200523118480848
1.0358883857803074
1.160609104072916
1.2487141919321474
1.1575111772922992
1.033183426660387
0.9172320006377497