0.19586206896551722
0.19586206896551725
0.12084424767722839
0.048154675820728715
-0.011583207372027497
-0.07498583260702216
-0.1533092919069602
-0.20957293092121884
-0.1692411719518278
-0.08968675850389336
-0.023456188920639623
0.03557833335235628
0.10497364717585556
0.1836795044635588
0.20479497786621725
0.13706131858494602
0.061242832242812614
4.102292999617896e-05
-0.061147674509199765
-0.1369454531017251
-0.2047451764473066
-0.18377525463688077
-0.10508467343710831
-0.0356661070575499
0.023370861857032937
0.08957979527854518
0.16913192847345868
0.20959044161478754
0.15342473554721162
0.07508705681005616
0.011666288991205517
-0.048063988160564515
-0.12073040321533998
-0.19578610831394544
-0.19593786651611114
-0.12095810971218744
-0.04824538859484537
0.011500139158314104
0.074884653236194
0.15319382855234265
0.20955517431917153
0.1693503448968206
0.08979375687329125
0.023541533157262123
-0.03549057761941497
-0.1048626442953596
-0.18358363496894436
-0.20484457089754066
-0.13717719322293276
-0.06133802858917688
-0.00012306885071233786
0.06105255528800674
0.13682959687382792
0.20469516695796447
0.1838708851791422
0.10519572302921942
0.03575389876449116
-0.023285551956219813
-0.08947286728467437
-0.16902261482873895
-0.20960770623343156
-0.1535401591787613
-0.07518832583784574
-0.01174938408628555
0.04797332552405239
0.12061657634756459
0.19570998486613905
0.19601350066078202
0.12107198929910551
0.04833612657361919
-0.011417084279045378
-0.07478351870408463
-0.15307834577641186
-0.20953717197707172
-0.16945944694163045
-0.0899007902992755
-0.02362689457698393
0.03540283982959276
0.10475166484590602
0.1834876464630658
0.2048939552242685
0.13729307691401238
0.061433263648256034
0.00020511495358938037
-0.06095747447855908
-0.13671375000072716
-0.20464494971549513
-0.1839663957808128
-0.10530679590265557
-0.035841708503023206
0.023200259207850148
0.08936597460968546
0.1689132313849264
0.20962472461269444
0.15365556250597745
0.07528963968198651
0.011832492727107374
-0.0478826878213145
-0.12050276709489949
-0.1956336989266539
-0.19608897109437018
-0.12118588641677885
-0.048426889848143514
0.011334042662631348
0.07468242901628294
0.15296284387094805
0.20951892406531536
0.1695684777196601
0.09000785869433761
0.023712273189740132
-0.03531511995413204
-0.10464070887818926
-0.1833915392562338
-0.20494313052953766
-0.13740896955536674
-0.06152853751961926
-0.00028716136003023585
0.060862431979867015
0.13659791258084317
0.2045945250373547
0.18406178613257404
0.10541789200822244
0.03592953630331862
-0.02311498360146285
-0.08925911734098069
-0.16880377850953232
-0.20964149659011685
-0.15377094523190737
-0.07539099833309339
-0.011915614982889441
0.04779207496292365
0.12038897547833564
0.19555725079988268
0.19616427751147758
0.12129980104387231
0.048517678509871126
-0.011251014236936314
-0.07458138417748009
-0.152847323126483
-0.20950043075626185
-0.1696774368645017
-0.09011496197090439
-0.023797669005302655
0.03522741796466645
0.10452977644333497
0.18329531365906476
0.2049920964966313
0.13752487104300515
0.061623850302418695
0.00036920819138559074
-0.06076742769064534
-0.13648208471156653
-0.20454389324115071
-0.18415705592530385
-0.1055290112970501
-0.036017382195872125
0.023029725126488133
0.08915229556595977
0.16869425657032144
0.20965802200524922
0.1538863070582793
0.07549240178079732
0.011998750922224383
-0.04770148685990983
-0.12027520151886814
-0.1954806407900601
-0.19623941960646293
-0.12141373315890808
-0.04860849265060649
0.01116799892928505
0.07448038419147668
0.15273178383230335
0.20948169222422197
0.1697863240099315
0.09022210004133274
0.023883082033273426
-0.035139733833232586
-0.10441886759291977
-0.18319896998250146
-0.20504085280897688
-0.13764078127173346
-0.06171920209536216
-0.00045125556892869345
0.060672461509344126
0.1363662664892956
0.20449305464464715
0.18425220485004679
0.1056401537205622
0.03610524621147805
-0.022944483772268653
-0.08904550937204683
-0.16858466593533983
-0.2096743006996584
-0.1540016476854712
-0.07559385001371272
-0.012081900613051061
0.04761092342379301
0.12016144523753977
0.19540386920129116
0.19631439707341633
0.1215276827402228
0.04869933236247451
-0.011084996666488087
-0.07437942906120977
-0.15261622627647586
-0.20946270864545216
-0.16989513878988916
-0.09032927281788934
-0.02396851228306858
0.03505206753228679
0.10430798237899505
0.1831025085378382
0.20508939915014748
0.13775670013512623
0.06181459299668998
0.0005333036138376948
-0.06057753333416746
-0.1362504580094575
-0.20444200956576453
-0.1843472325980003
-0.10575131923046281
-0.03619312838122385
0.022859259528061664
0.08893875884669045
0.1684750069729152
0.20969033251693986
0.15411696681251078
0.07569534301943234
0.012165064122647909
-0.04752038456659244
-0.12004770665545603
-0.19532693633755976
-0.19638920960615097
-0.12164164976595065
-0.04879019773790781
0.011002007374852955
0.07427851878876568
0.1525006507458574
0.20944348019814482
0.1700038808384685
0.09043648021274137
0.02405395976390995
-0.03496441903471702
-0.10419712085410676
-0.18300592963674175
-0.20513773520386175
-0.1378726275254973
-0.0619100231041491
-0.000615352447172042
0.06048264306310177
0.1361346593665428
0.20439075832258452
0.18444213886048805
0.10586250777870872
0.03628102873647103
-0.022774052383055375
-0.0888320440773828
-0.16836528005167672
-0.20970611730272692
-0.15423226413705513
-0.07579688078450425
-0.012248241517613084
0.04742987020084986
0.11993398579381645
0.19524984250274924
0.1964638568981861
0.12175563421399241
0.04888108886962439
-0.010919030980201791
-0.07417765337539908
-0.15238505752611134
-0.20942400706241945
-0.17011254978990184
-0.09054372213794092
-0.024139424484811267
0.034876788313859895
0.1040862830713205
0.1829092335912777
0.20518586065398217
0.1379885633338662
0.06200549251496415
0.0006974021898478594
-0.060387790593944064
-0.1360188706541387
-0.20433930123335514
-0.1845369233289352
-0.10597371931748319
-0.03636894730883747
0.022688862326382897
0.08872536515167607
0.16825548554057243
0.2097216549047005
0.154347539355372
0.07589846329441008
0.012331432863844805
-0.047339380239653055
-0.11982028267394682
-0.19517258800066356
-0.19653833864272913
-0.12186963606198231
-0.04897200585060321
0.010836067407891607
0.07407683282155464
0.15226944690172745
0.20940428942031722
0.17022114527854523
0.09065099850541047
0.024224906454566986
-0.034789175343512356
-0.10397546908423905
-0.18281242071393028
-0.20523377518452043
-0.13810450744993616
-0.06210100132581871
-0.0007794529626234253
0.06029297582431756
0.13590309196494765
0.20428763861649024
0.1846315856948575
0.10608495379918591
0.03645688413019277
-0.02260368934712354
-0.08861872215718142
-0.1681456238088683
-0.20973694517260127
-0.1544627921623413
-0.07600009053356108
-0.012414638226536448
0.04724891459664294
0.11970659731731098
0.19509517313503444
0.1966126545326706
0.12198365528727542
0.049062948774075535
-0.010753116582820514
-0.07397605712687341
-0.15215381915602427
-0.20938432745578894
-0.17032966693887447
-0.09075830922693853
-0.024310405681747124
0.03470158009794098
0.10386467894701884
0.1827154913176212
0.2052814784796381
0.1382204597620668
0.06219654963283075
0.0008615048860765931
-0.06019819865169877
-0.13578732339082
-0.204235770790574
-0.18472612564983507
-0.1061962111764051
-0.036544839232639154
0.02251853343431931
0.0885121151815894
0.16803569522616976
0.20975198795823907
0.15457802225143213
0.07610176248527224
0.012497857670153323
-0.04715847318604116
-0.11959292974554878
-0.1950175982095472
-0.1966868042605626
-0.12209769186690822
-0.04915391773349516
0.010670178429453281
0.07387532629022162
0.15203817457117738
0.20936412135469062
0.17043811440546175
0.0908656542141564
0.024395922174678508
-0.03461400255190272
-0.10375391271439961
-0.1826184457157402
-0.20532897022364635
-0.1383364201572384
-0.062292137531522296
-0.0009435580805804353
0.06010345897344442
0.13567156502278593
0.20418369807436737
0.18482054288549127
0.10630749140189466
0.03663281264849669
-0.022433394576984726
-0.08840554431267905
-0.1679257001624315
-0.2097667831155044
-0.15469322931469412
-0.07620347913174952
-0.0125810912584213
0.0470680559226638
0.11947927998049523
0.19493986352785353
0.19676078751861031
0.12221174577757919
0.04924491282252495
-0.010587252871830995
-0.07377464030969985
-0.151922513428225
-0.2093436713047735
-0.17054648731297067
-0.09097303337853296
-0.024481455941439953
0.03452644268065156
0.10364317044171603
0.18252128422216035
0.20537625010101146
0.13845238852103195
0.06238776511680123
0.0010256126662868403
-0.060008756686811084
-0.13555581695107966
-0.20413142078680946
-0.18491483709347475
-0.1064187944285556
-0.036720804410291547
0.0223482727641163
0.0882990096383293
0.16781563898796953
0.20978133050037862
0.15480841304274356
0.07630524045407182
0.012664339054309665
-0.04697766272194228
-0.11936564804421035
-0.19486196939359202
-0.19683460399865585
-0.12232581699561731
-0.04933593413501319
0.01050433983359085
0.07367399918266516
0.1518068360070886
0.20932297749567824
0.1706547852961396
0.09108044663135778
0.02456700698984869
-0.034438900459953965
-0.10353245218492102
-0.1824240071512634
-0.20542331779635709
-0.13856836473759898
-0.06248343248293535
-0.0011076687631058763
0.05991409168897729
0.13544007926516508
0.20407893924702164
0.1850090079654434
0.1065301202094188
0.03680881455074596
-0.02226316798469815
-0.08819251124652272
-0.16770551207346557
-0.2097956299709473
-0.15492357312476135
-0.07640704643218377
-0.012747601120024071
0.04688729349993281
0.1192520339589935
0.19478391611039825
0.19690825339217294
0.12243990549696673
0.04942698176498292
-0.010421439237974228
-0.0735734029057389
-0.15169114258657734
-0.20930204011892486
-0.1707630079897776
-0.09118789388373681
-0.024652575327455573
0.03435137586609672
0.10342175800059933
0.1823266148179566
0.20547017299446924
0.13868434868963958
0.06257913972353209
0.0011897264906874372
-0.0598194638770656
-0.1353243520537632
-0.20402625377431116
-0.1851030551930436
-0.1066414686976227
-0.03689684310276323
0.02217808022771394
0.08808604922536012
0.1675953197899826
0.2098096813874098
0.15503870924847565
0.07650889704487457
0.012830877516987652
-0.04679694817333833
-0.1191384377474139
-0.19470570398192621
-0.19698173539025135
-0.12255401125715512
-0.04951805580660851
0.01033855100784499
0.07347285147482575