0.3469387755102041
0.34693877551020413
0.2425112007054602
0.31036286013652614
0.38532308592019804
0.26108927028449824
0.29755169507730744
0.4034057422541842
0.27610173655992765
0.2946628512905736
0.410558633439449
0.28439404393073353
0.29470266428664504
0.41377807102034214
0.2885071187185563
0.2964122304962991
0.41585261650673033
0.2904726833496243
0.3005623172108447
0.4179827101134203
0.29154881650584236
0.3096624513027733
0.42030695998467654
0.2930011715732286
0.32905294364130017
0.41923003674061915
0.29673490688006615
0.3654357702102973
0.4000787400979998
0.300075268158782
0.4059623172690542
0.35741521942519683
0.29584866086393086
0.4201969402199148
0.3243096272472876
0.2926688000436897
0.4199744476117473
0.30738507409203486
0.2914735504157577
0.4176340583016892
0.29949845616831083
0.2904377399414041
0.4156390220126634
0.29591262919070127
0.28844005743926343
0.41364254548524027
0.2944713614065211
0.28424867967426903
0.41041731461639386
0.29458087087040036
0.27581329930653564
0.40312432566306894
0.2976410411252666
0.26061073751354724
0.3846271968069581
0.31091125576556483
0.24213644885663177
0.34576040120071183
0.3480967097232006
0.24286881818864742
0.3097667472578025
0.3860150524331749
0.2615561046349265
0.2973723962974554
0.4036784346953943
0.2763864437054559
0.2945800799788983
0.4106563694890649
0.28454067209368694
0.2946079758033586
0.41379555273197194
0.28857930317042
0.29623876434632157
0.4158119326526845
0.29050533911986665
0.3002048503204578
0.4178854653705845
0.29154291957572576
0.30890417135688697
0.4202184153414714
0.2928964604442533
0.3274869200040798
0.419600686618889
0.29645300460482604
0.3628629360961095
0.4020621088332985
0.3001250956588452
0.4042395457699229
0.35989392286878785
0.29612526932274025
0.4199569635415485
0.3257331387320365
0.2927751695517403
0.42009606530778176
0.30806220853590816
0.2915182900779284
0.4177585580496316
0.29981119198291495
0.29049911752829133
0.41573713780969523
0.29605313827849367
0.28856857417587317
0.41375452412647173
0.29451994956658023
0.28451582879340936
0.41062553952005393
0.29454150849555105
0.27633597992616415
0.4036291339057049
0.2973736614919063
0.2614702309097184
0.3858954325943334
0.30985166773402945
0.24279447004434826
0.347883242963977
0.34596440153104036
0.24219287770779663
0.31079155146654086
0.38475591931765196
0.2606938806677961
0.29759456543064
0.4031744352091575
0.2758653666250247
0.29454303403740906
0.4104297191340018
0.2842760835719177
0.29440973620420235
0.4136296538500935
0.2884543246044066
0.29578961438962487
0.41559607961486766
0.2904442267492075
0.29924050462546237
0.41755114406960203
0.2914642961042422
0.3068347624171358
0.4198809252643027
0.2925976701588088
0.3231551801237135
0.42037272560218525
0.295629918665373
0.355372019475856
0.4073274296662095
0.3000092724274589
0.3983380438565439
0.36762167090849046
0.2969838640029301
0.41888517113380613
0.33041177107042463
0.2931114210903497
0.42039087290421395
0.31031915932002335
0.29158892931317837
0.41809122621271044
0.30086673253677654
0.29051722241121686
0.4159361424137419
0.29655067368057075
0.28859814315044013
0.4138645664548962
0.29475573044897285
0.28458362426408146
0.4107090291224764
0.2946445142722648
0.2764735450804397
0.40376342802793475
0.2973690982904341
0.26170439568016624
0.38622139082899853
0.3096198514580064
0.24299792023976935
0.3484658483409805
0.3454069844057721
0.2420393081098115
0.31111871209076347
0.38440331962947344
0.2604663880049273
0.29772018519371185
0.4030368662326245
0.2757228073987161
0.2946432867399522
0.41039467585738354
0.2842011182913891
0.29457169706870273
0.4136621843940388
0.2884155051432694
0.2961123986590849
0.4157074006191688
0.2904269934744807
0.2999172074186278
0.41776509714806365
0.29149013136421187
0.30827807580208283
0.4201123215644156
0.2927891648172277
0.3261748723809186
0.4198612041805959
0.29619891960237876
0.36064040637481787
0.40369369070733907
0.30012272027827713
0.4026186056143587
0.36210638316045257
0.2963608747064048
0.41968540021918055
0.32704080416421133
0.2928494090544473
0.4201729182162411
0.3086938071744615
0.29150310351798414
0.4178281880321868
0.3001115422505654
0.2904317924928947
0.41574529835426294
0.296203882268854
0.28842441079062286
0.41368466945741944
0.29461457764819127
0.28422076264423324
0.4104153302391156
0.2946602235768532
0.2757619695937626
0.4030753462637414
0.2977111520501983
0.26053133806785445
0.3844978358848763
0.3110457381646107
0.24208949036820332
0.34556606477481105
0.3483110444706858
0.24294974468887312
0.30970080422359436
0.38612942202423234
0.2616423182104073
0.2973963915216349
0.40372753914107545
0.2764356906285589
0.2946620328264989
0.41069776529543467
0.284564031433692
0.29478126921256936
0.4138668692566992
0.2885883687950106
0.29660051255637704
0.4159513254141941
0.29051319526531316
0.3009708690095546
0.41812035224434757
0.29159383437213526
0.3105407138692173
0.4204126999142499
0.29314485895211667
0.33086617367495136
0.4187596000198185
0.29706329790153896
0.3683380633395852
0.3977521015968665
0.2999792784936034
0.4077510994012473
0.3547148022072568
0.2955569177498095
0.42041898067503336
0.32278985784185554
0.2925693201476284
0.4198439627131754
0.3066624854177631
0.29144781229408795
0.4175145909524769
0.2991616856319066
0.2904167300487058
0.4155631635152607
0.2957556440771266
0.28839633238934514
0.413584531399554
0.2944020627963508
0.28415607918253855
0.4103377762403464
0.2945682925385458
0.2756314561926861
0.4029466008313489
0.29772095130510373
0.260313018208467
0.384184590925107
0.31127572327644953
0.24191658360767704
0.3450317444857919
0.34882200531513186
0.24310445545040144
0.30941804763891856
0.3864366617269549
0.26184689874250866
0.2972842839994325
0.40384562006699715
0.2765614858516139
0.29456568581688564
0.4107252062118276
0.28462991067754095
0.2946210170717618
0.41383179357895966
0.2886222553875194
0.2962790740135961
0.41584206915268035
0.2905259637101836
0.3002954786746836
0.41792153806627474
0.29155784577179755
0.3091008765328201
0.42024924122019575
0.2929298596227723
0.327897656830768
0.41951230284383245
0.2965313718458905
0.36354844786731816
0.40154573643084707
0.3001191747218544
0.4047168237826397
0.35922475848287805
0.296054172466102
0.4200315776886539
0.32534325204512576
0.2927532525403488
0.4200711121016974
0.3078745456753487
0.2915221836774097
0.4177367461671997
0.29972213654457425
0.29051737342138745
0.4157333068354583
0.296008712174009
0.28860760034385596
0.41377254687117954
0.2944927037632643
0.28459569209752467
0.41068168364877544
0.2945089854479175
0.2764917477291311
0.4037775878401859
0.2972838322910114
0.261727605596597
0.3862720050801295
0.3095331106816327
0.2429986788469504
0.34852441984411914
0.34531548568807496
0.24199273755363732
0.31110545380014665
0.3843663008519384
0.26042924060912753
0.29765408255128045
0.4030174756180784
0.2757046852162185
0.29451324198453327
0.41035494205431783
0.28419473118921185
0.2943120296063135
0.4135651151021759
0.2884166141345773
0.29557581904543395
0.4154994437763463
0.2904264027266256
0.298784703032131
0.4173899629252639
0.29143617887223694
0.30585815132798605
0.4196926850395629
0.2924711119767096
0.32109490033553173
0.4206207066742805
0.2952347049961007
0.3516360481282401
0.40967177723520004
0.2998134253559846
0.39487467018191613
0.3717757561401608
0.29746193786816233
0.41811992966154277
0.3330869692503829
0.29334552454651047
0.4205400993343845
0.3116187684697053
0.29168780157284047
0.4183138823840985
0.30146647212932987
0.29064080731000635
0.4161244777927734
0.29681854363677795
0.2888520628306885
0.4140844793651224
0.2948471170198942
0.2851118672576696
0.4111165590626392
0.29456913624733216
0.2775138462571336
0.40474335723986865
0.2968672380777242
0.26345592429527376
0.38870051570421504
0.3076043755747419
0.24452191746583063
0.3528838925830007
0.3409751809167624
0.24080395466180898
0.3134826980234531
0.38159174633613097
0.258625857976246
0.29826554316677645
0.4019026446849906
0.2745794652127446
0.2946038014509436
0.4098988530790564
0.28361556797137144
0.29420571336090007
0.41332181966785086
0.2881376222237471
0.29526840754052314
0.41528393770443717
0.2902953083087756
0.2981030478084319
0.4171028581032863
0.29135001553834505
0.3043845184581322
0.41934898108399155
0.2922735050447739
0.3179589992893446
0.42083077676872693
0.2946260767375065
0.3457386348908487
0.4129574173012617
0.29930848622188494
0.3886297390736797
0.3787366346885601
0.2982668807768234
0.41646691792536905
0.3378934244517591
0.29381896473085456
0.420754283917355
0.3139789992591552
0.2919267378225333
0.4187427036944131
0.30254684116971287
0.2909718414792677
0.4165371646890781
0.29728625120120006
0.2895362476026452
0.4146284561436857
0.29497575462343756
0.2865395090887246
0.4121700251300542
0.2943380467458186
0.2803619009857236
0.4072706668758185
0.29564688178092835
0.26847662951520096
0.39517769271643466
0.30267619887533215
0.24999236741203834
0.36590275322594307
0.32808252380375763
0.23866512967002818
0.3227142156064253
0.3714674351232417
0.252771871988575
0.3009053442002473
0.39766806366945506
0.27060931719190406
0.2951613844964065
0.40822590930275526
0.2815232500226118
0.29413778500405113
0.4125406590429811
0.2871164251417432
0.294782943803265
0.41474888174760016
0.28981389273229813
0.2969578724285831
0.4165107806102978
0.2910960864623527
0.30188266697859456
0.4186130868814205
0.29193237753766355
0.31258278438748
0.42071980383980767
0.2936099083131996
0.33510962173358977
0.4175260489418186
0.29785883511263406
0.3748395542237315
0.3922456015366782
0.2996605968863192
0.41126635955580404
0.3489857193731253
0.2950145253364257
0.42081402520698896
0.3196418159648189
0.29249403092585186
0.4196450198910223
0.30514955022640655
0.29164805358375506
0.4174368846561588
0.29842424001443335
0.29090902448070544
0.4157458115534109
0.29535002091070206
0.2894364485379937
0.4141887823509486
0.29406222439787527
0.2863013019990143
0.41185188075544166
0.2939323463161492
0.2798638186278478
0.4068112921121617
0.2956032269480634
0.2675604030489038
0.3940904074561691
0.30332218471672445
0.2488423765372543
0.3635227846111198
0.33031538778610836
0.2387751279411422
0.32060161123648256
0.373589351943973
0.2538677554964742
0.3001015084738655
0.3985898983041953
0.27142021504519326
0.29469320021225065
0.4085189457437689
0.28196673081541357
0.2934985748311473
0.41248007795601477
0.28734985586590467
0.29355786904812137
0.4143194183926674
0.2899510871888991
0.29442334230357253
0.41551195679213104
0.2911631274621166
0.2965134680917837
0.41678935610533296
0.29172175038152337
0.301084866956212
0.4186250133984522
0.29216729210084713
0.31097156699881995
0.42074210821583496
0.2934888868050324
0.33191560850798774
0.41866004237775867
0.29741293505837463
0.37015470808776496
0.39641487755507276
0.3000412286724665
0.4089745588324296
0.3530544972686521
0.29555211001280424
0.4207645836414726
0.3217787017059696
0.29284805944280545
0.42007017095306665
0.30610667502290884
0.29216903098954833
0.41796125377923415
0.2988079005143636
0.2919960719028798
0.4165137091861132
0.2954236754775958
0.29175586587439556
0.4156231258181414
0.293858923519995
0.29118113605968315
0.4149245353632784
0.29316861453542
0.2899104141030659
0.41402017000965075
0.2929631974280764
0.28722161421958364
0.41228398093333257
0.2932287711283794
0.28168859227451665
0.40826598094461264
0.2946350325863424
0.27089051078713106
0.39801252686324595
0.30039515554396623
0.2531098767717959
0.3722291857122843
0.3218229861022293
0.23858943108887304
0.3287308694626569
0.3650780790620582
0.24953464217716098
0.30268585783311563
0.3948281562042429
0.268151226818753
0.2953035459228349
0.4070679957290163
0.280196768359277
0.2935890488803505
0.41186542029010503
0.2864752999495598
0.2934327464933774
0.41398662876579434
0.2895365819530384
0.29406130842328204
0.4152230088924745
0.29097565961133126
0.29570823012416214
0.4163924017614835
0.29163055327551224
0.29934443554259915
0.4180215319052268
0.2920231484594937
0.3072167583860034
0.4202042225528374
0.2929117913460847
0.32408767447169307
0.42040617319316315
0.2959535096998763
0.3571643163155286
0.406271811673242
0.3001857152702615
0.40002132488912306
0.3656832802656131
0.29688245749925124
0.4193773908083833
0.32911762340812223
0.2932278771683474
0.420539100532916
0.3096303618354974
0.2920219925372619
0.4183478907343381
0.300475897797627
0.29149499971722964
0.4165246231637141
0.29625200749719827
0.29068272734594985
0.41515985057925503
0.2943477634882814
0.28893061467432324
0.413664468959181
0.2936467595123601
0.28522759694296485
0.4110218026954277
0.2939427974023717
0.277715499915978
0.4049027410326327
0.2964337895082647
0.26377308555829354
0.3891991298202156
0.3070058216607008
0.2447511951763295
0.35370449014403493
0.34001395931330614
0.2404767700762539
0.3137783820204578
0.3810432176387276
0.25822322622549676
0.29808692502406503
0.4016700284263387
0.2743465579185873
0.2940948116733885
0.40967954862200684
0.28350916187629915
0.29315503210304533
0.41289088996857154
0.2881135572727903
0.2930949900045717
0.41435344375087957
0.2903310692282941
0.2935370371969965
0.41522181184440654
0.2913661882724966
0.29467215337750285
0.41605641615994404
0.29182305379264667
0.29716911706076077
0.4172733138796459
0.2920388143232106
0.30255943733494717
0.41917995533273333
0.2924282300913214
0.3141876253134655
0.4210338860658619
0.2941058838141143
0.33848306184391613
0.41642983656152466
0.2985162529610662
0.3797310345847467
0.3878686894794967
0.29937135613810595
0.4135568506948994
0.3449164182367125
0.29474255334919314
0.4210900892021946
0.3174438747612415
0.29265193047866017
0.4196457966062358
0.3040648369101563
0.29222069715783083
0.4176632520860959
0.2978510615016286
0.2921796585717113
0.4164218534215124
0.29496176104415067
0.2921393306447494
0.4157348124057036
0.2936134645458225
0.2919809337547308
0.41531665783452415
0.29299109554921654
0.29158949804302
0.4149456085351662
0.2927257488451016
0.2907328887466564
0.41439900892153597
0.29267060811499246
0.28892021380158295
0.4133104532446761
0.2928402456984196
0.2851507211450406
0.410839702473759
0.2935557848324396
0.27754107498310676
0.40472483006615156
0.2962912718904417
0.26345510620915935
0.3888054235897149
0.3071870351463567
0.24440453889561303
0.3528981716585754
0.34072805778617404
0.240596893865682
0.3131928758780728
0.38158272662796056
0.25852912375550335
0.29777210301443124
0.4018787864280207
0.27455541956088503
0.2937395926129916
0.4096802962566496
0.28362749605350046
0.29251568086190566
0.4126778442334278
0.28819538993583926
0.2918014592238653
0.41377340824416775
0.2904330623953467
0.290845957117369
0.41389429479017315
0.29156884369650926
0.28902918406064504
0.4131358705602745
0.29229564840336153
0.28532786530937454
0.41087582835552805
0.2932470134443713
0.2778739125837625
0.40501157494629525
0.2959837178118138
0.26401420652254326
0.38959316789834536
0.3064698457157474
0.24490898867002067
0.3543355723153668
0.3392291511111038
0.24019101936782905
0.31395681067834413
0.3806166336818163
0.2578947190970976
0.2978602732236729
0.40148642522570255
0.2741625372359121
0.2935470059162264
0.40946762977636497
0.2834320224999928
0.29204291634083906
0.4124204461074477
0.28812195429958576
0.2908074799954498
0.41326063173924055
0.2904651562924742
0.2887775449880874
0.4127372229628973
0.2917928363170206
0.2847548479971534
0.41038972997408396
0.29311517401281456
0.27672698926154443
0.40395481964110347
0.2963918541200819
0.26204773788200597
0.38689846628441293
0.3085591359026398
0.2430838960985288
0.3493352879690047
0.3441719302339822
0.24146074336615564
0.31108921303298886
0.3838568239439669
0.25996446794598144
0.29701968999979905
0.40276605225273376
0.2754680764679479
0.2932125003847976
0.4099162622402721
0.28411246643434596
0.29170331751412065
0.4124961281046622
0.2884707089401829
0.2902021342696334
0.4130415411915188
0.29068248556321374
0.2875552075978259
0.4120446297487217
0.292062019807874
0.28227358082019083
0.4085909445498834
0.29386024946541595
0.27195154216701356
0.3991974936659504
0.2992691931141602
0.2545593942162433
0.3750069964658352
0.3190196749792158
0.238777007437611
0.33173358669691305
0.36185176921346124
0.24798836903525454
0.3035228871713309
0.3933534451691795
0.2669081442910147
0.29516423010892556
0.40643676864048023
0.2795232339025987
0.29289125331853566
0.4113820932457209
0.28616389922858
0.2919044513448551
0.4132215148470911
0.28945221264933574
0.29085722596871205
0.41364449392160446
0.29109914533186065
0.288984976508416
0.41300391870320885
0.29207432600731786
0.2852139608213213
0.41075918435532144
0.2931598093821866
0.27764116603535904
0.40479639147349866
0.2960301947659682
0.26360809833037924
0.3890538417513919
0.30686161488743463
0.2445051447364005
0.3532958277918045
0.34024230530894745
0.24042024094829484
0.31330992151425885
0.38131851346538687
0.2583267951585071
0.2976442124977301
0.40176474410984386
0.2744417797064691
0.29342207877564674
0.4095522298501428
0.283579969510684
0.2918688346242087
0.4123960874117685
0.28820282396912567
0.29047163181978625
0.4131107919591786
0.29053064565604814
0.2880901785963276
0.4123408788921308
0.2919126055520362
0.28335337923137244
0.4093905652387857
0.29350006572777554
0.27400655749650615
0.4013299881319449
0.2979135784583262
0.2576465793983977
0.380229975046909
0.3142748391126028
0.24004435214955802
0.3386484258082982
0.3548990205815281
0.2451151091434664
0.30620509870026236
0.389894409385545
0.2642326152979211
0.2958793226206594
0.40512190825953626
0.2780024397689323
0.2931513661035014
0.4108955605101817
0.28539560647052076
0.2921313846394195
0.41308571178015785
0.2890698677963891
0.291238258364929
0.41373858266776964
0.29088783045805633
0.28974807827426335
0.4133986363331028
0.29188775271399636
0.2867769326231185
0.4117872938321191
0.2927753010720784
0.28075266761142503
0.4074574734454869
0.29468705283911434
0.26913885794050585
0.39603734758570097
0.301583681232696
0.25072838888169413
0.3676866363397398
0.32604978708105725
0.23835036449462466
0.3239945453511042
0.3698104611896644
0.2517923725629132
0.3009004180537211
0.39697704224151
0.2699513751543936
0.29447535669380365
0.40780424444747043
0.2811951141230916
0.29263763358112865
0.411894052226395
0.287000362301316
0.2916829228844154
0.4133694578163764
0.28986719280932516
0.29048646595165234
0.41355564784290966
0.29132836084881286
0.28824431779827886
0.41260763105392384
0.2922793737096232
0.28370657763699475
0.40970534123100333
0.2936001233486509
0.2747005715397548
0.40202207019292946
0.29761768231885954
0.2587507289578618
0.38195007703269723
0.31283114715071236
0.24070980912151074
0.34125170397937404
0.3523402596176999
0.2441828309083648
0.3073671942282405
0.38851913460441845
0.2632355779397403
0.2962667521715751
0.4046046688165147
0.27741690184026846
0.29341851203447245
0.4107502575420951
0.2850925051656501
0.29254130485324936
0.4131661138191957
0.28890439125274375
0.29204657540648454
0.4140951262791921
0.29075740689255913
0.29141919396711696
0.4142838308181631
0.2916795545075439
0.29024743819486193
0.41387240997737834
0.29221720164326376
0.28785554849963
0.4125498767915752
0.29276615039798565
0.28295065260454627
0.40920241570693716
0.29404006128585236
0.2732626569076186
0.40056654345848797
0.2986319953037121
0.25653742382336464
0.37832885610039
0.3161233123111987
0.23958740851407834
0.33611884755168087
0.3575612826447103
0.24623008878918262
0.3053557857196554
0.39121444206600287
0.2652677221496516
0.2959219288303828
0.4056694978506768
0.27858246269797643
0.29364457033483526
0.41127154535381755
0.2856704913803508