0.16326530612244897
0.16326530612244897
0.054385147897199365
-0.07031772507971681
-0.17205633556866795
-0.1523569031971804
-0.03816451814802228
0.08613567689959781
0.17846164154220762
0.13960950697884508
0.02153495485788967
-0.10188711241464388
-0.18218633681542978
-0.12539930685060072
-0.0045626806580141704
0.11737440438827221
0.1829875448680871
0.1102191993888872
-0.012494973009042384
-0.13216852365049692
-0.1808038219687818
-0.09456741635031189
0.02932990942735675
0.1457529432445387
0.17579451609921806
0.07877682424967573
-0.04576400714399696
-0.1576831205824777
-0.16824281309163427
-0.0629230463230489
0.06182814959609528
0.1676376313303125
0.1584338927340137
0.04687887304569159
-0.07768943223730634
-0.1753532463865299
-0.146630460327441
-0.030473470495748597
0.09348384980826879
0.18054698585300527
0.13314699895414095
0.013662695604368585
-0.10915308617355411
-0.182932266553761
-0.11841960454564843
0.0033889275551459014
0.12438059777511827
0.18233697242066654
0.10296424145540839
-0.02037692387913785
-0.1386742185794575
-0.17880691274778585
-0.08722156330225973
0.03703469754420241
0.15153574755568322
0.17257637779474158
0.07140734184464408
-0.05328118390611282
-0.1625801586632336
-0.1639404433332165
-0.055487727266063436
0.06922761869260964
0.17152503292403196
0.1531693228510433
0.03929232482250786
-0.08504958014570778
-0.17810368142284205
-0.1405378262805655
-0.02269128200549511
0.10080883336494119
0.18202180409359225
0.1264134249365009
0.0057360076838375434
-0.11632596265268903
-0.18302861695072842
-0.11128315262600737
0.01132614023575236
0.1311842945518098
0.1810472507858296
0.09565043628762919
-0.028184362548384495
-0.14486755059601367
-0.17622377268506487
-0.07986400292200113
0.0446473337526366
0.15692298531150872
0.1688373391888057
0.06401706070531714
-0.060732306317649004
-0.16702187915536487
-0.1591752157154857
-0.04799197680245555
0.07660180582080287
0.1749000630090497
0.14749998083134538
0.0316150245652964
-0.09239980144397231
-0.1802768277445998
-0.13411955522701308
-0.01482921795431226
0.10808495909007848
0.1828628039639738
0.11946139321782426
-0.0022148569044190825
-0.12335747300289657
-0.18247365426471784
-0.1040401081281974
0.019217250469023853
0.1377321076633166
0.17913939713965393
0.08830721732820426
-0.03590284956937154
-0.15070595699146458
-0.17308506595786316
-0.0724965173967949
0.052175773568328476
0.1618850825762871
0.16460548866841856
0.05658898507472719
-0.06813697125197356
-0.17098256238768822
-0.15397290793360677
-0.04041813571989637
0.08396328902034707
0.17773313118902448
0.14145903310283386
0.02384584882634859
-0.09972951092065346
-0.1818434353661324
-0.12742277713639
-0.006908801422796915
0.11527444722039241
0.18305546642637066
0.11234479572161706
-0.010156290715910954
-0.13019447900342507
-0.18127718985647584
-0.09673283846168379
0.02703685636149475
0.14397440666155858
0.1766409162631645
0.08095098436967259
-0.043528810939924
-0.15615357432042198
-0.16942112342786458
-0.0651102559312543
0.0596354515687816
0.16639564095597018
0.15990700464403884
0.049103366933426776
-0.07551391920151904
-0.1744350648667191
-0.1483613869538601
-0.032754555746249164
0.0913153296440766
0.17999343554932007
0.13508602954167165
0.01599445361036915
-0.10701495992996869
-0.18277918455429262
-0.12049959879073699
0.0010405782197763641
0.12233010792763703
0.18259633036808703
0.10511459449374698
-0.018056000794404822
-0.136783323930988
-0.17945899795326598
-0.0893926108036563
0.03476896562866767
0.1498676351915444
0.17358230533134147
0.0735852968468089
-0.051068856787297376
-0.16118015963662802
-0.16526036034091865
-0.057688985427751485
0.06704572858767624
0.17042901534993854
0.1547675621926997
0.04154197355114497
-0.08287681357653473
-0.1773500903121601
-0.1423729873241392
-0.024998603846701134
0.09864924580465669
0.18165129599892468
0.12842718923708718
0.008080956313253368
-0.11422002363115462
-0.18306808256167437
-0.11340397473569064
0.008985520975711259
0.12919924624594709
0.18149355984777885
0.09781454537663645
-0.025887422680244784
-0.1430736390267399
-0.1770458466916408
-0.08203777955733998
0.042408400415216235
0.15537497653679433
0.1699940786028265
0.06620269386568017
-0.05853752002528631
-0.16575900035490818
-0.16062917562348283
-0.0502130948836121
0.07442574207179167
0.17395835016928082
0.1492145640331495
0.033892053412381884
-0.09023048639856837
-0.17969689951291018
-0.13604626146124843
-0.017158319982591527
0.10594322591312302
0.1826814411781429
0.12153404826244257
0.0001337983390258951
-0.12129867774093148
-0.18270495360091485
-0.10618757721414707
0.016893245633016737
0.13582802010486877
0.1797656198028148
0.09047770932095703
-0.03363304209406749
-0.14902088859597304
-0.17406800015773813
-0.07467372173684561
0.04996037537937234
0.16046547194035488
0.16590497625800477
0.058787793173371086
-0.06595383407954951
-0.1698644820615417
-0.1555531915500713
-0.042663865419181254
0.08179015807542253
0.17695465871814914
0.14327955212617163
0.026149500712669735
-0.09756813271966894
-0.1814454553898508
-0.129426487985535
-0.009252368763351393
0.11316285477043793
0.18306646030540968
0.11446053223797176
-0.0078139303536639
-0.12819876718596857
-0.18169628479378652
-0.09889547325717338
0.024736098605937146
0.14216537860614276
0.1774384637395562
0.08312439410969541
-0.04128606774547704
-0.15458728259356133
-0.17055611644121244
-0.06729443474681278
0.05743844626426588
0.1651120403156387
0.16134164556411673
0.05132121476625749
-0.0733372398511311
-0.17347001632376605
-0.15005940046318947
-0.03502751214729871
0.08914531731861404
0.17938731196208366
0.13700009320477552
0.01832073856308543
-0.10486988944808792
-0.1825696119661125
-0.12256456756161235
-0.001308162308212929
0.12026335712322372
0.18279948185212386
0.10725892775091254
-0.015729060198624273
-0.13486635181311357
-0.18005916893068574
-0.09156247217038772
0.03249508040757726
0.14816582651781296
0.17454205371675258
0.07576182977871349
-0.04885027335261559
-0.1597411020764684
-0.16653925388482313
-0.05988547360152659
0.06486122895097873
0.16928905164649033
0.15632970393708565
0.043783842637933265
-0.08070332113646264
-0.1765469365806452
-0.14417859401873726
-0.027298498268418403
0.09648626023804889
0.18122598673599305
0.13042050135452365
0.01042293746402305
-0.11210310056185704
-0.1830506003073732
-0.11551430760321618
0.006641620706033774
0.12719321415277723
0.1818852923421625
0.09997553212534645
-0.0235829264846808
-0.1412497596495726
-0.1778186672721218
-0.08421082813574977
0.04016178255966549
0.15379058500250686
0.17110714756421605
0.06838553688594937
-0.056338165069729426
-0.16445484326075535
-0.16204433200459128
-0.05242778309688177
0.07224837393234258
0.1729701598378962
0.15089578759551345
0.03616093167243331
-0.08805986167286717
-0.1790647670476681
-0.13794736979505112
-0.019481635132547748
0.10379507790660039
0.18244374018689663
0.12359098186388043
0.002482403263121713
-0.11922431993010227
-0.18287987818199586
-0.10832851257881804
0.01456352394805159
0.13389847745550856
0.1803395534616387
0.09264685228983592
-0.03135508716702419
-0.14730256125121616
-0.1750043684093727
-0.0768496546006002
0.04773849717865773
0.15900713330267502
0.16716311011770504
0.060982092139559005
-0.06376785256657758
-0.16870281213021232
-0.15709700912480112
-0.04490194053786374
0.07961629590224296
0.17612702412611853
0.14506998284696662
0.028445560614449944
-0.09540371071034291
-0.1809929667924304
-0.13140905879616183
-0.011592563692078839
0.11104091766605993
0.18302050891595326
0.11656513731389283
-0.005468696101376694
-0.12618276064199907
-0.1820605139936131
-0.10105462589631928
0.02242795384456464
0.14032691973084258
0.17818635744840597
0.08529707606728523
-0.03903551874018904
-0.15298497832300156
-0.17164708146198393
-0.06947605637065851
0.05523661173642981
0.16378749120098868
0.16273715293692106
0.05353285851976945
-0.07115910193681863
-0.1724588762396273
-0.15172361962834396
-0.037292316757249935
0.08697415244189788
0.17872936049137678
0.13888793918867962
0.020640939949163703
-0.1027189134132725
-0.18230387409084772
-0.12461311590461507
-0.003656411161164927
0.118181738875332
0.18294611095712474
0.10939619341469438
-0.013396720370710893
-0.132924558051585
-0.18060668366028715
-0.09373079623267129
0.030213074193922676
0.14643120816667188
0.17545484585812315
0.07793722550315144
-0.04662499605682993
-0.15826364972408297
-0.16777646116823497
-0.06207771404632262
0.06267364273319742
0.16810585048278207
0.15785501854955927
0.04601819825874212
-0.07852907021734373
-0.17569502145160787
-0.1459535917812082
-0.0295906571460251
0.09432056019276928
0.18074647562418975
0.13239199148205552
0.012761151602116327
-0.10997645918736666
-0.18297619815436092
-0.11761285526899365
0.004295262505457947
0.1251675810472329
0.18222188533256506
0.10213265249280455
-0.021271233312951374
-0.13939699971877925
-0.1785414349306323
-0.0863831265121175
0.03790725460069763
0.15217055932487308
0.17217582648440272
0.07056604677222537
-0.054133722371194015
-0.16311006587390248
-0.16342002663571603
-0.05463650152768619
0.07006937797826686
0.1719362600129829
0.15254279348402613
0.038421677112160074
-0.08588821639038244
-0.17838118933762448
-0.13982165238799413
-0.021798587919243162
0.10164151265122272
0.18215006673721518
0.12563079428668936
0.004830076683101911
-0.11713578521207746
-0.18299815396680402
-0.11046182746028292
0.01222873676136102
0.13194475707138836
0.18086047219039839
0.0948142441541323
-0.029069058582950294
-0.1455518857925649
-0.1758933870231582
-0.07902456722563667
0.045509722169796235
0.1575107364736949
0.16837922245886736
0.06317240410546669
-0.06157853600352543
-0.16749825267666069
-0.15860364513521888
-0.04713265853040417
0.07744162682054342
0.17525102835595036
0.14682929729009064
0.030733762571814358
-0.09323687839373851
-0.18048659635292713
-0.1333691325292515
-0.013928608506057538
0.10890987438944683
0.18291768567569644
0.11865729309757178
-0.0031214274578875156
-0.12414785038080353
-0.18236934624758688
-0.10320950397790464
0.0201128225139722
0.13846014373016124
0.17888380110407653
0.08746896212278953
-0.036776973049498854
-0.15134742714429514
-0.17269328984772042
-0.07165555885810905
0.05302943419097808
0.1624226488913723
0.16409287149269744
0.05573877417560279
-0.06897915293411208
-0.1714024045502249
-0.15335320867575225
-0.039549027264746406
0.08480207415660734
0.17802035171174146
0.14074836353470327
0.022954518749101482
-0.10056298668434369
-0.18198237580625964
-0.12664384178187932
-0.006003291571125821
0.11608662841375848
0.18303598652003217
0.1115252676581805
-0.011059663976899017
-0.13095924024940034
-0.18110083437449376
-0.09589712981647204
0.027923062732609374
0.14466471588222543
0.17631989233384895
0.08011169972294535
-0.04439263092989952
-0.15674847989356994
-0.1689713085308495
-0.06426622631864609
0.060482467981514104
0.16688010375841192
0.15934280311317697
0.04824536744226504
-0.07635394354967681
-0.1747951441851779
-0.1476969790973154
-0.03187485691296309
0.09215272863942671
0.1802134148999223
0.13434031721108883
0.015094845139198593
-0.10784130842126001
-0.18284499469716797
-0.11969828047559562
0.0019472997418560206
0.1231237439848254
0.1825028411400912
0.10428506670597486
-0.018952783946394866
-0.1375164990644016
-0.17921335830647817
-0.0885545594812786
0.03564466173790311
0.15051568343160635
0.17319937765724647
0.07274464031016117
-0.051923685816886556
-0.1617253218949035
-0.16475560585752283
-0.05683973978919486
0.06788837472382507
0.17085740212032652
0.15415476716458287
0.04067438641989983
-0.08371574035881572
-0.17764694658586755
-0.14166792998518668
-0.024108677077764956
0.09948344079682521
0.1818008633975209
0.12765208362454525
0.007175948962281117
-0.11503443585599582
-0.18305959352245313
-0.11258636295981823
0.009889596178094512
0.12996817538222982
0.18132768845219727
0.09697938061303608
-0.02677511435671899
-0.14376982346572692
-0.17673426183541976
-0.08119863795413994
0.043273681215446586
0.1559769677155281
0.16955263296515355
0.06535924359941066
-0.05938537362889336
-0.1662514879337823
-0.16007240784131627
-0.04935637420235449
0.07526599355843663
0.17432746769267668
0.1485565201228213
0.03301392548282532
-0.09106816785834075
-0.179927019726965
-0.13530538315219381
-0.01625977591173207
0.10677090205442516
0.18275815391393269
0.12073564544468161
-0.0007729890484055868
-0.12209543723384063
-0.18262231911992202
-0.10535922149103567
0.017791184842132934
0.13656621611988662
0.17953001006580252
0.08963988900026493
-0.034510313192832
-0.1496754324899941
-0.17369399494630056
-0.07383333544936367
0.050816417563384605
0.16101816671780608
0.1654081478859239
0.057939462668893466
-0.06679698859341883
-0.17030134385362306
-0.15494737320782
-0.04179777830452719
0.08262922371786326
0.17726107355373513
0.1425802123674793
0.025261012590190715
-0.0984029743504465
-0.18160559581559615
-0.1286553457963088
-0.008347943715763376
0.1139793725010865
0.1830689655326846
0.11364495860434917
-0.008718630557256496
-0.12897173211078033
-0.1815409558357573
-0.09806091761137117
0.02562524647644865
0.14286733688575143
0.177136395350088
0.08228539168327823
-0.04215283559616337
-0.1551962892402612
-0.17012310831705724
-0.06645151746851787
0.058287187572020074
0.16561248866547587
0.1607923756230093
0.05046573088664345
-0.0741777455444032
-0.17384809691461223
-0.14940780640902793
-0.03415095884768192
0.08998324658474585
0.1796275015767012
0.1362641705069528
0.017423319144788868
-0.10569879143311221
-0.1826571973931646
-0.12176921473125353
-0.0004013943632960315
0.1210631052303453
0.18272773418650054
0.1064318437921702
-0.01662809700575829
-0.13560944829198335
-0.17983366134510603
-0.09072491484146343
0.03337392493305889
0.14882678140401137
0.17417704573148685
0.07492168496783118
-0.04970757172193856
-0.16030126555321464
-0.16605041539611345
-0.059038007790241376
0.06570493740536987
0.16973431974244213
0.15573093319979833
0.042919230997493465
-0.08154252719563375
-0.17686283261547447
-0.1434850746200681
-0.02641148011076247
0.09732168066008313
0.1813966433448606
0.1296534553004819
0.009519172732673983
-0.11292160058645064
-0.18306409879763752
-0.11470089640724261
0.007546867052918224
0.12797008168771046
0.18174056136115932
0.09914165561538478
-0.024473497392678484
-0.14195738781692424
-0.1775261926520668
-0.08337196529320381
0.04103006054705702
0.15440653551371206
0.17068264606495892
0.06754310775141925
-0.05718784440831298
-0.16496318878289798
-0.16150262352730413
-0.05157349217943863
0.07308916398756987
0.1733571290610191
0.15025072703293016
0.03528595276882354
-0.08889800898075273
-0.1793149532139761
-0.13721652212088975
-0.018585397290125732
0.10462510783748431
0.18254216444909763
0.12279881406466833
0.0015757400081784084
-0.12002692249457217
-0.18281904539429228
-0.1075028039152457
0.015463596635481247
0.13464635185283885
0.18012421879318916
0.09180959485147035
-0.03223549956849191
-0.14796984015693612
-0.1746484330842944
-0.07600972566882841
0.048597092838314704
0.15957470112691763
0.16668232573439568
0.06013544050132236
-0.06461216193320866
-0.16915641865743092
-0.1565053555062007
-0.04403877674551082
0.0804556481486066
0.17645232397348032
0.14438238401274092
0.027560039676940595
-0.09623964688775827
-0.18117408001461383
-0.1306462404250956
-0.010689535266881753
0.11186127931843576
0.18304499526657542
0.11575401505734492
-0.006374408052678707
-0.12696339673107332
-0.1819264335332508
-0.10022150324651047
0.023319910638529603
0.1410401112680829
0.17790355365570118
0.08445835761300002
-0.03990532664991764
-0.15360779949957887
-0.17123115657395402
-0.06863407227868142
0.05608727901150934
0.16430367060308426
0.1622030692114148
0.0526797151056375
-0.07200020939861249
-0.1728546604228623
-0.15108517400490004
-0.03641890812646212
0.08781249287677491
0.17898946916967717
0.13816228367451228
0.019745937132715177
-0.10354997746160409
-0.1824130994999174
-0.123824268492887
-0.002749937518507689
0.11898706264990294
0.1828962170014601
0.10857196723024505
-0.014297764126120674
-0.13367708581316584
-0.18040159099966058
-0.09289388051556216
0.031095044881910602
0.14710472173599354
0.1751080592189376
0.07709749021557787
-0.04748492798273263
-0.15883855687390572
-0.16730379565087225
-0.06123182621804028
0.06351860116000821
0.16856772837920975
0.1572705502930213
0.045156451765709066
-0.07936857849593569
-0.17602964784028854
-0.14527201114981905
-0.02870665659303004
0.09515695395548299
0.18093798335617584
0.13163353099343533
0.011858933225680685
-0.11079856457284327
-0.1830116625838103
-0.11680415042109668
0.005201358085427751
0.12595185096512362
0.182098504763309
0.10130036304373692
-0.022164534912001585
-0.14011564556703904
-0.17826837861589892
-0.08554456175976224
0.03877860878172125
0.1528001762468124
0.17176854907461434
0.06972446659008041
-0.054985426834998075
-0.1636340160619883
-0.16289363074659713
-0.05378445875560531
0.07091083857617225
0.17234078629528307
0.15191104215506246
0.037549830825937866
-0.08672672983004608
-0.17865114548853184
-0.13910130380923486
-0.02090486997552181
0.10247352120669397
0.18227005190749496
0.12484540269421937
0.003923876986586514
-0.11794369810536989
-0.18295921860066294
-0.10963919440333664
0.013130683854756797
0.13270181176637458
0.1806656887529593
0.09397771692975222
-0.029952573892694526
-0.14623154222456847
-0.17555582559623556
-0.07818500688955876
0.046371027012142754
0.15809291711758522
0.16791474118606636
0.062327230117963484
-0.06242419258006236
-0.16796833564494582
-0.1580264293512829
-0.04627229603559353
0.07828130490141813
0.1755949042593376
0.1461538299561625
0.0298513014640734
-0.09407367647708166
-0.18068843415350094
-0.13261515860104928
-0.013027271458973852
0.10973360860352391
0.18296411406009144
0.11785113585253604
-0.004027823504265671
-0.12493561894937802
-0.1822567115975123
-0.10237813158226214
0.0210074239887504
0.1391841323274941
0.17862056833993384
0.0866305649953191
-0.037649886289214354
-0.15198376305099684
-0.17229473165735743
-0.07081434364312039
0.05388222421247384
0.16295430685526352
0.16357422644849307
0.05488778400345641
-0.06982100487239977
-0.17181560091715548
-0.15272822900820449
-0.038678731686782736
0.08564074520079298
0.17830007948226642
0.14003343423515258
0.02206213180591035
-0.10139585449049633
-0.1821130758010726
-0.1258620412837682
-0.005097449305436638
0.11689699973666286
0.18300802523109508
0.11070434164280665
-0.011962443949769475
-0.13172069371544876
-0.18091642529986057
-0.09506104279144056
0.028808104902038778
0.14535042088052091
0.17599163304327312
0.07927229935908453
-0.0452553428238022
-0.15733786725051507
-0.1685150775692833
-0.0634217168335328
0.06132887250295843
0.16735832620932403
0.1587729059186702
0.047386353071180956
-0.07719380896863831
-0.17514819293936526
-0.14702771764647618
-0.03099395021002649
0.0929898827090496
0.1804255161888778
0.13359095683832858
0.014194458035837243
-0.1086665597602834
-0.18290236862288695
-0.1188948025077215
0.0028539121614379326
0.12391487579704841
0.1824009949348181
0.10345469961048023
-0.019848636615089177
-0.13824571639782843
-0.17896002440960918
-0.08771634859852694
0.03651914314895302
0.1511586596084929
0.17280961128271272
0.07190375352673863
-0.05277760865513825
-0.16226462458761076
-0.1642447747129942
-0.055989753219520697
0.06873065846600065
0.17127919742697684
0.1535366346481965
0.039805626315222276
-0.08455455824562193
-0.17793636948945826
-0.14095852982050663
-0.023217663443188125
0.10031708707342418
0.1819422298861077
0.12687400911318297
0.00627054650594909
-0.1158471365671077
-0.18304261747097442
-0.11176726095783812
0.010793136044120022
0.13073389788311535
0.18115371660492716
0.0961437904088563
-0.027661661519281358
-0.1444614801998281
-0.1764153818884585
-0.08035938645886426
0.044137831599401475
0.15657349391556885
0.16910471912943587
0.06451535014535623
-0.06023257635932405
-0.16673778491936675
-0.15950989449920489
-0.048498669694054544
0.07610606744861309
0.17468961310312248
0.14789355467848184
0.03213458406039185
-0.09190563452046425
-0.18014931598530595
-0.13456076149780827
-0.015360404507346076
0.10759756221732915
0.18282645074591436
0.11993497966213956
-0.001679733076700718
-0.12288979688407514
-0.182531300232797
-0.1045299522048868
0.018688236381420004
0.13730054579160933
0.17928664941267702
0.08880188775370297
-0.035386368112120675
-0.15032496816226842
-0.17331309380771126
-0.07299274318094162
0.051671519144693395
0.1615650509297476
0.16490519385864558
0.05709042997775976
-0.06763974664203823
-0.17073166783504184
-0.1543361615729488
-0.04093053496073695
0.0834681822276307
0.1775601146433528
0.14187644866280016
0.024371410666894064