0.6440677966101694
0.6440677966101696
1.0822102849693092
1.6330764992555395
1.2024316430652278
1.413292315717377
1.5001614151257996
1.4138504012755693
1.7713698388693593
2.2425572884381246
2.561376020603246
2.437790280934951
2.7589973863539874
3.231525944972524
3.57924651886876
3.4815915031074254
3.6418846207846185
3.956231754328104
4.133888486995337
4.645878091226836
4.160165779720044
4.130758006414567
4.518038406992644
4.087960510054055
3.536063762565311
4.09082297017912
4.530462708459217
4.1639259763566825
4.334816813822218
4.704655511191236
5.00046497275798
5.297652150189491
5.660178355412872
5.823616671460957
5.419980001581157
5.9586490371995495
6.515689910824219
5.961229548286598
5.410218091832274
5.832149219782959
5.724081593023469
5.202373765049507
4.862015626654661
4.305574925355506
4.520272407694521
4.242019609217729
3.7461121300344313
3.5045845791198227
3.7604691764376916
3.2835670880161243
3.664882142085657
3.1211634073996146
2.8110849936717366
2.2658820278578053
2.20652979517835
2.72385947805532
2.435493859631708
2.8884167961826117
3.4436893218479874
2.93818325820569
2.5589524041157876
3.060165350660788
3.6157032047153557
3.173424278991594
3.2689468232435663
3.802508899919928
4.126760508671018
4.677292764678429
4.358242256502583
4.913911012472245
5.410382234678521
5.125403287015735
4.585107611034877
5.119061635689214
5.4024844131243475
4.894836246669776
4.353295230983447
4.576643564229709
4.142339611859084
3.5984421084464913
3.9718192211051977
4.41217238717991
3.8583337836079625
3.463428754421669
3.7584712879814797
3.3023479643175446
3.7523027644474074
3.4304620244796955
3.914458063674114
4.471393481859361
3.925380906951144
3.488128689850762
3.8984467343388007
4.003623521973277
4.121226186617799
4.582105715411164
4.026867499579892
3.4719958595894225
4.02690000037145
4.5820991131973425
4.121478410016487
4.00518913288216
3.906720306462171
3.5214310995416254
3.8492236395131787
4.406256884374096
3.9448518382132454
3.616861149486968
4.16201698795843
4.545681266874321
4.292043070367013
4.83701215581403
5.0217987413146306
5.276605310449667
5.722651467888724
5.975142090890942
6.147322358894455
6.674145484648013
6.271645683753068
6.707747075854622
6.258895294394437
6.6133449925158425
6.064231842698979
5.522455230492625
6.040635541897774
6.490391632024343
6.021625533190452
5.597942947373607
5.735127269312179
6.259856443102067
6.4139860747555195
6.0064059401293
5.614434727962104
5.648686818534307
6.075418217562944
6.6185151952075465
6.135220063067206
6.0241371092493345
5.996795301160106
5.958256866431288
5.776950809812515
5.227218430502377
5.059770774764092
5.0988584671310075
5.454026494146959
5.235814943883457
4.705903362900392
4.685676531604378
5.205456757174924
5.54155506872715
5.33152057975957
5.884175126986367
6.3432438404408
6.352314494337493
5.901088147886859
5.344053077505338
5.656763461356687
5.099750283128827
4.651944786488613
4.640316808462743
5.077531648144167
5.625460349026487
5.167974923424686
5.219025066307734
5.773123876960163
5.796759954523561
5.270911985896718
5.5220157668255565
5.204747591393273
4.67627127786395
4.754891693561948
5.308513476020631
5.167045799413528
4.629367135866148
5.104725873871403
5.303243568812746
4.746449408546641
4.775490696655421
5.329287223512445
5.011921975167725
4.661186342870479
5.214016381819538
5.271310170768002
4.71453309507037
4.820821202759135
5.360130874316109
4.908659500012614
4.706673507480979
5.260997460377887
5.1678914711627275
4.644234735556419
5.1166992765681725
5.270250753297574
4.7196337047409225
4.906884946151043
5.352716819106656
4.817754682335609
4.738249710824362
5.293951600702691
5.105277186854665
4.634441314671662
5.16964454762811
5.293351771584805
4.736962910338666
4.7556053704988015
5.3126468217922795
5.098103162608315
4.625858817908467
5.16800702605957
5.323773824285163
4.77574363172009
4.588992393757293
5.025695598386038
5.512308863856101
5.006203286723686
4.4914142432976725
4.993979715278183
5.487099701918276
5.016576431290362
4.517604044851377
5.040862082399639
5.595480589152804
5.1084037209038
4.900196225700436
4.428427851436807
4.982045971254583
5.5390872953836725
4.9985072777295665
4.456690300805113
5.013335069524409
5.569787998099754
5.076855757150543
4.760763988677805
4.281776627927894
4.098053953351989
4.251985136211426
4.785375143990535
5.059602989548979
5.4921906502345745
5.0773368723165015
4.536892024307739
5.093887802951725
5.560749562442844
5.240677621445298
5.677064279757399
5.173518692474706
5.15196759836529
5.593846276971961
5.037980324196596
4.48931431764151
5.043200724118538
5.56093174045088
5.15746709662123
5.256853896135018
5.80017139508262
6.085457512726613
6.575327038366345
6.018430503963332
5.463791505303366
6.015796907003361
6.572491688883467
6.063897435043757
5.684536995643663
5.4623328498283
5.558576313825119
5.271372320328598
4.836826623156133
4.313416847629795
4.34080701397191
4.794253341067279
5.229836656544599
5.629312681605559
5.636447628163635
5.210635695528816
4.758179478638739
4.410435580052082
4.472386635848356
4.5069317491754965
4.496626164739925
4.5187349519087014
4.562148617925834
4.31061385008246
3.9427052498446655
3.4510410916068466
3.998908983805119
4.5474541799446895
4.051585038594813
3.6623605286872527
3.526427983927924
3.749780741623724
3.2391700178017944
3.426585662942082
3.492238161399362
3.399697320700777
3.7981768293491394
4.288510251493024
4.427647748753276
4.065794563042623
3.904557045073798
3.470526240763072
3.9614275941141286
4.501165385493287
3.9624508169128276
3.4055349033608984
3.873835086676828
3.9876884656653897
4.059062705395185
4.32592054060667
4.637772766449872
4.787139367802023
4.299581048876496
4.705468354028691
4.22670142510489
4.438562203295375
4.436261774965399
4.221213766686094
4.688006131491505
4.229539670987717
4.484545542910943
4.278755352321767
3.8065248361975925
3.3652953787308935
3.4030654025394806
3.690034690488969
4.028399102836433
4.439930921834275
4.195715688888504
3.6422106744706624
3.9402271201748036
4.390093911939705
3.8340484260183496
3.582636872751571
4.047567413107566
4.5822271484257495
4.0401355375329135
3.547175142845105
3.9428715199617863
4.451079917043419
3.8976834997470964
3.416613189323047
3.6926529679483835
3.1425615513012013
2.867270930686709
2.3236450439166774
2.675053975387854
2.1304529236702345
1.8443485636249848
1.2881008513864822
1.448889478683296
1.4646647115311513
1.3266658874485693
1.8688654829576363
2.33093406441448
2.377700780140119
1.9582942541148403
1.4582357656802456
2.0048439424100035
2.5479334294078404
2.066041538786176
1.737692360657537
1.3144224412947492
1.1482455002641905
1.4757583353951311
1.220403792597391
0.6866610103728994
0.746550826907036
1.2989364076271173
1.2002603827121394
0.6482445773464461
1.0375337505898863
1.3229527061099464
0.7676734295491328
0.750149839263431
1.3068996962483546
1.0951618063198236
0.6301226171347629
1.1719030095203147
1.3129932844694105
0.7613796810569978
0.6445914093657802
1.145917360288696
1.6436265264983843
1.5315319710963036
1.534035276387217
1.6498053859973776
1.141218323278765
0.6438514667893562
0.7544287848795013
1.3032508040536608
1.2130873863988663
0.6573841739830331
0.9950637159725201
1.346319242942151
0.7909317190534412
0.6911593667046807
1.2382167898593346
1.3833908331435367
0.9157614909343441
0.3592874471317965
0.7315278457392471
0.27680209666175815
0.6702123402315849
0.1353069445108046
-0.10083658636586362
-0.5898345423284511
-0.03396854619937495
0.501621051715063
-0.0355001277680741
-0.5266560857930043
-0.08618181352876325
0.11552155727879149
0.6110387351752686
0.06781936531853383
-0.3758478948237973
-0.2973645044384616
0.20686613109933322
0.5699572815968602
0.42114741922711085
0.8072701892257292
1.3190220889374658
1.3036243287471958
0.7831938404655447
0.4811247916144861
0.7256955604940694
0.19383559888890622
0.16540709637384407
0.6305661493182837
0.0892000142897138
-0.29958911489082873
-0.5601164673956474
-0.4995404844733305
-0.561714979141416
-0.713470302797265
-0.15702741895004413
0.12830125265430975
0.6710673014615569
0.3025759689201167
0.8172602133281417
0.8340341202046201
0.36152142898787526
0.8916761343892601
1.1961140405810389
1.737238758817723
1.8256849821457841
1.3772246335333176
1.9290912333945651
2.3944378765921317
2.2162671751372818
1.6628167638401299
1.8971385337145694
2.3885478838375347
1.8437364554130031
1.6376238753762447
2.1651383159391884
2.5873829025797357
2.4168072166167884
2.829341196678315
3.355341355532568
3.1767009121104315
2.624658887551889
3.0683922912929957
3.331488630787363
2.774558841665989
2.677898611083757
3.2134591480468293
3.4845250670473304
3.167496985284803
3.4082704029467585
3.4801417308026785
3.340084833888998
3.870257461705645
4.358215063000366
4.260351049593643
3.719492480176667
3.6916771283832417
4.221051700852519
4.4873227322638884
4.182964156880116
4.484292294043533
4.2305943837274205
3.7075027549305983
3.660812645518868
4.155812729584262
4.643984524084475
4.553269948394451
4.458410096805961
4.4082379398045655
4.7527321634344535
5.196325250961812
5.6610561048547945
5.675044499013232
5.172454914922475
4.724896813319946
4.467669511319628
4.619926871418003
4.142266770784968
3.6196623668369017
3.8696846202662654
4.404015708739483
3.8746503934355125
3.624038985482534
4.151958418678374
4.60206523186904
4.4377111209393085
4.792666378081004
5.300658159864282
5.358764720836995
4.892479898825357
4.338039053217767
4.5835799808127655
4.120452166706335
3.5712206048786137
4.026149486276148
4.422372672759995
3.8888628223715545
3.3772334201860184
3.590477667169897
3.133728929885774
2.59145439260005
2.9773852821179423
3.4163117028322754
2.8645253979895218
2.4434436758546236
2.711339886779702
2.1728486292099456
2.0480508327430993
2.0903219836504703
2.424532508690682
2.3306797600583216
1.8962170642110947
1.3393369264737083
1.6471445140578873
1.091131813743002
0.6054633295169791
0.8205179514526142
1.3769525449542388
0.9605297500331019
0.6476651462034329
1.2041025691097849
1.3872347513903254
0.9058513932634318
0.34995916775162184
0.647639831715715
0.09235056292777166
-0.39625957587237637
-0.17009861272155405
0.38498151858624186
-0.062244017223358816
-0.3491086021528397
0.2060740151655347
0.40112210523243297
-0.061189187651924326
-0.6063013668008244
-0.10730492550594078
0.12794499562510467
0.6547694998177549
0.20848577007957814
0.41547269842241286
0.49892985901464876
0.41177139485732783
0.775490445468406
1.25000155339731
1.5417765192455715
1.383125315598834
1.858702525047939
2.3838278825844847
2.116420557488748
1.591005732036098
2.1329684669443694
2.401064199518819
1.8987632962370842
1.3516450663262702
1.59374406346941
1.1137374091327221
0.5659417479866334
1.0266979660858127
1.4287191190286763
0.8993726313313107
0.3698424419296622
0.6057937694997682
0.10882045470414897
-0.4353899414961084
0.01764635085167271
0.43203743807814793
-0.09931774655968834
-0.6282283585747461
-0.38796759826256677
-0.8963862014718337
-1.4387470403435416
-0.983757577763106
-0.5638759919544157
-1.0933937356522954
-1.6300854084971301
-1.3717155626719175
-1.906684681606345
-2.438207590146261
-2.0093423308199365
-1.5603607798074675
-2.09950816855281
-2.6186382245928645
-2.374188960707478
-2.901892139845168
-3.4356061966910714
-3.007777347935369
-2.563033837514486
-3.102744295995957
-3.616794954457551
-3.3787741976495727
-3.8985989856721877
-4.435533368520274
-4.000494329700826
-3.5643768134953877
-4.101686424538578
-4.620638501398171
-4.382942527325727
-4.8972085152445795
-5.436739123142993
-4.99291215842569
-4.564511444313151
-5.098597903721667
-5.625325917313778
-5.382065969681025
-5.899810648986173
-6.439309171142027
-5.990180770962138
-5.56222372456659
-6.093773145255647
-6.628268488785763
-6.371348425806703
-6.906219826569625
-7.437359319330247
-7.0112159705993875
-6.560869798796315
-7.1010318771003975
-7.6166695758223755
-7.374501875555284
-7.901030833513036
-8.434921228670378
-8.008234779811247
-7.563599342117463
-8.103752451551218
-8.615726991421548
-8.379145187758448
-8.897924725538195
-9.434999728327007
-9.00079803332974
-8.564852109803871
-9.10252616367581
-9.619890067502704
-9.383739337348777
-9.896260696848067
-10.436083355578772
-9.992931887146746
-9.565201329126461
-10.09967465359717
-10.624709122454625
-10.384130902375436
-10.898024101590888
-11.438492933825271
-10.988717858498118
-10.563348824221759
-11.094872017734831
-11.628296741329775
-11.374805298931404
-11.905001014847446
-12.439546735525333
-12.001203435597358
-11.560273597829571
-12.095816273237215
-12.624000255503763
-12.372526129352115
-12.904446410484425
-13.436788206500282
-13.009336159623793
-12.561678622748708
-13.101419902636312
-13.617191370985935
-13.376350521266657
-13.900233339155827
-14.435570602877403
-14.004149444778266
-13.56368877976453
-14.102201014560343
-14.618781624382423
-14.381023369691531
-14.897858965041644
-15.436250126230378
-14.996210013523
-14.564427440815054
-15.099920564601494
-15.623427308009513
-15.38288036572427
-15.898433607717081
-16.43819077645142
-15.990767137890758
-15.563335158769217
-16.095794751312564
-16.62734416834062
-16.376575738914774
-16.90386139312533
-17.439863434174754
-16.997618150458894
-16.560490996432353
-17.094517775836536
-17.625782075247777
-17.370988952877966
-17.905541849866687
-18.436307326867748
-18.013348201559833
-17.561509322992123
-18.10281991545546
-18.614179578410045
-18.374108412213655
-18.900326964089153
-19.43378316497234
-19.01065199142704
-18.56423855667613
-19.105638704385953
-19.612848595296672
-19.377831255120434
-19.8976499327135
-20.433694980083764
-20.004804694584994
-19.565380664287222
-20.104959704615318
-20.616184349822046
-20.382772525752724
-20.895436194712357
-21.43444801104735
-20.996790518332894
-20.566170748179882
-21.10282291590376
-21.621225908650004
-21.386755785737684
-21.894288162269117
-22.43544329869726
-21.99031960058515
-21.56637660957064
-22.100350836777963
-22.62518294133809
-22.386647901250672
-22.896166881759036
-23.437724538584394
-22.986841149014417
-22.564512383802292
-23.095851832234796
-23.628458374033354
-23.37798314221355
-23.903551059401785
-24.440672805487367
-23.994205861719003
-23.56015921928122
-24.092417701147443
-24.627571979984733
-24.36640738666399
-24.907026329880363
-25.432042864216417
-25.031256149379736
-24.56268477752747
-25.11097695569087
-25.594441719910613
-25.348346391748976
-25.898243862502504
-26.392590364809113
-26.167025618266013
-25.61301846903757
-26.07097201875932
-26.34736264494822
-25.792704807285737
-25.596013535881905
-26.05366060854613
-26.590598337265995
-26.05839633300521
-25.620627428788172
-25.701774382835577
-26.203553883537005
-26.579586298959445
-26.446645978927787
-26.75015161920569
-27.217538445583266
-27.608986608848433
-27.556458298931393
-27.413092585818042
-27.256071712762466
-27.796125208923282
-27.819629079689594
-27.325457980656743
-27.779797819094508
-27.547706881600032
-27.61992104843799
-27.945158728583632
-28.09851359197879
-28.534125795825013
-28.03461494421798
-27.493671621228316
-28.028902246017257
-28.583207801949737
-28.07540954989714
-27.728037331187704
-27.344497050403223
-27.22424226928987
-27.741664517373952
-27.508534844159747
-27.714212361558648
-28.173000215176423
-28.66607394726983
-28.64192106173325
-28.224035636286185
-27.792723606736068
-27.33843871350584
-27.304216382025913
-27.839691415613256
-28.255500708448196
-28.611584395778053
-28.615815615617954
-28.242151656493746
-27.811111068364486
-27.322487594232527
-27.29720831123366
-27.836764743362778
-28.234955173914052
-28.660339565057804
-28.73724246814811
-28.181147866549484
-27.977496734423205
-27.702812768709535
-27.319600828998528
-27.115657617210257
-27.307641405324212
-27.72861216773907
-28.03372262010648
-28.430021860521595
-28.238044467141144
-27.702195902723922
-27.71535689189844
-28.25626093190099
-28.367997555656725
-27.89005759928102
-27.33938292766039
-27.56155918243843
-27.163108090957277
-26.623533713858304
-26.911608750863493
-27.407770106596775
-26.853949275242783
-26.564914260283945
-27.019120829984093
-27.508702803005917
-27.005330057044535
-26.49425166927231
-26.99699571396697
-27.49512228544969
-27.00486983703262
-26.506755607032943
-27.01500233447605
-27.54245222925667
-26.986435243150456
-26.435312292458764
-26.909516755821162
-27.15176868697069
-27.701034489105766
-27.44630279670903
-27.850658523421583
-28.39871279015529
-28.01717785570991
-27.594142273709696
-28.147386394476015
-28.531783911771097
-28.235004014275884
-28.676390889257885
-28.175336605578263
-28.165906457211353
-28.642160406205313
-28.11849297108109
-27.8620691692805
-27.319165146548862
-27.660855941549052
-27.106610575482257
-26.706745153576307
-26.44050258073096
-26.509672387786562
-26.407059600910895
-26.19080754122129
-26.590477206181973
-26.04477515365442
-25.489479214027167
-26.046473713067233
-26.577789465108303
-26.18725186072621
-26.403974819034836
-26.51667918234822
-26.46165835375029
-26.647341870602038
-26.955373973241326
-27.122937154328262
-27.61369293750345
-27.070264007525246
-26.631237219246888
-26.677525165955977
-27.155715763857923
-27.659741909845575
-27.589031753706205
-27.355743658055985
-27.101349332844194
-27.191486433742202
-27.73685083870345
-27.57876911767692
-27.46418542910257
-27.45424248726574
-27.62170625495301
-27.868679410456913
-27.66944708041554
-27.311057166317237
-27.04975547750696
-26.95242180059734
-26.69787438584727
-26.310616138366033
-26.082851025656726
-26.138095885981567
-26.596651909847356
-26.03961303303861
-25.5002204494006
-26.039419830145867
-26.527877475763095
-26.093558236348514
-25.925579014694975
-25.536235748770583
-25.825611135534903
-26.381243278252118
-26.000135356505435
-25.61868205472899
-26.174329261721113
-26.463701398380568
-26.074203554679592
-25.905292892914474
-25.46786144310813
-25.96557701293906
-26.505379654927097
-25.97053252437777
-25.416167866800425
-25.922814753267268
-26.263106011179442
-26.674640338634717
-26.821089771851376
-26.399632953089807
-26.95479997678743
-27.5005247683731
-26.954434590372973
-26.461612718787926
-26.87814625930684
-26.92213529831667
-26.699997458274918
-26.282816154577755
-26.006916864641568
-25.7523024754199
-25.25322406639671
-25.015963748826103
-24.830362796851748
-24.28090888323
-24.476856713774886
-24.35853453642742
-24.010522222616114
-23.692005295852834
-23.378530902457154
-23.286757079385453
-23.842606886850543
-24.178527751809035
-24.72466045886794
-24.746393410337088
-24.18942568980586
-23.99098760323396
-23.763409307345047
-23.237628179805903
-23.01336903099211
-22.832682392811563
-22.285576880856016
-22.50899846325786
-22.257098902711963
-21.77199227117239
-21.43398020569961
-21.564881136807266
-21.230045436302586
-20.746493217376557
-20.480675755633456
-20.68524481815513
-20.128467180129352
-19.73103328666083
-19.390741607406355
-19.374419130594575
-19.781072253404606
-20.233424503751333
-20.60376380304101
-20.56185753673893
-20.390144814876802
-20.18514182590299
-20.579425094677703
-20.044908208643758
-19.48786873489896
-20.043155665238118
-20.58998903628037
-20.185137960958922