0.899322033898305
0.899322033898305
1.2286600081083094
0.8274610123114268
0.9813811417535965
1.1967353380422279
0.7822429003632878
1.0633794962365135
1.1360351392205807
0.767086906043285
1.1424905096863853
1.0560604122024662
0.7850850866924237
1.200745727557357
0.9741153175987534
0.832870773075737
1.2300325276885968
0.8922118754769282
0.9065035862415134
1.2270354711077076
0.822276628341585
0.9886371442436067
1.1924966187573922
0.7796305844353348
1.0706956104996022
1.1294148435140847
0.7673609344828995
1.148765216176799
1.04874564980138
0.7881554751118666
1.2045283816165324
0.9668372826290502
0.8385018765412005
1.231147138818547
0.8851909754934035
0.9137397796330164
1.225164680027213
0.8173200023390275
0.9958867203647165
1.188029027899343
0.7772506930069811
1.077999292730841
1.1226469802490937
0.7679072060085232
1.154845621880177
1.0414402866999726
0.791453168462174
1.2080837863434641
0.9595460161396168
0.8443482497977042
1.2319982615350358
0.8782779145510098
0.9210152858790449
1.2230529066459026
0.8125922732244403
1.0031338887302532
1.1833322670956088
0.7751067200965929
1.0852790245831112
1.115749936183835
0.7687223314021483
1.1607204946936704
1.0341472429734795
0.7949778886800842
1.2114121634048607
0.9522421934035288
0.8504014820975505
1.2325810946859082
0.8714915045896854
0.9283164484079741
1.2207046709486324
0.808093722995795
1.0103828954933247
1.1784065291514454
0.7732030703302037
1.092521391570747
1.1087425127001616
0.7698016497979304
1.1663810925914173
1.0268674452888318
0.7987298092852839
1.2145133056531394
0.9449284532177704
0.8566506777374333
1.2328920550161517
0.8648502239598215
0.9356314825055507
1.2181235938247879
0.803824103680512
1.0176378133492214
1.1732528157062667
0.7715449266141335
1.0997112781875205
1.101643351942392
0.7711396591468449
1.1718210415075094
1.0196000840076895
0.8027093899223027
1.2173864090351483
0.9376095759960688
0.8630825118002763
1.2329291260577726
0.8583716052390615
0.942950640130712
1.2153123548383393
0.799782894199792
1.024902144550758
1.167873316172764
0.7701380050455475
1.1068321074524112
1.0944704402674905
0.7727304836360536
1.1770360531421011
1.0123429343076886
0.8069172193501801
1.220029917211365
0.9302925545387468
0.8696815047097564
1.2326920623893627
0.8520716373851733
0.9502663321037935
1.2122727363994956
0.7959694975785134
1.032178435939499
1.1622718175790943
0.7689882037896958
1.1138661439027413
1.0872407007507008
0.7745683193701771
1.1820235469871592
1.005092714850389
0.8113538566535742
1.2224414005255386
0.9229865631870491
0.8764304845797097
1.232182414887936
0.8459642635170721
0.957573182494619
1.2090057315841187
0.7923834040480184
1.0394679132665994
1.1564540972407251
0.7681011720945145
1.1207948773401453
1.0799696697951506
0.7766478104630059
1.1867822397537764
0.9978454683432074
0.8160196461018903
1.2246174923349677
0.9157028509847291
0.8833111675643842
1.2314033725866111
0.8400610505953713
0.9648679869264297
1.2055116924578322
0.7890243468036818
1.0467701477194082
1.1504282373945387
0.7674818432860208
1.1275994956307216
1.0726712424212064
0.7789643242476447
1.1913117542628093
0.9905969559704605
0.8209144782686794
1.2265539057728838
0.9084545867845104
0.8903047733732503
1.230359448110166
0.8343710742295558
0.9721495625964529
1.2017904966803659
0.7858924651731232
1.0540827784974338
1.1442047963530246
0.7671339882009505
1.1342614401049076
1.0653574666897812
0.7815141137054968
1.1956122834132512
0.9833430582163633
0.8260374818295148
1.2282455512908266
0.9012566690615733
0.8973926074042655
1.229056056968537
0.8289010148943805
0.9794185021710362
1.19784171393794
0.7829884729737249
1.061401321156885
1.1377967820769177
0.7670598506380831
1.1407630143339145
1.0580383741498782
0.784294372965697
1.1996843239990638
0.9760801729106323
0.831386651574845
1.2296867664863838
0.8941254933985316
0.904556568892405
1.2274990515459936
0.8236554220947772
0.9866768595726574
1.1936647638867084
0.7803138168183159
1.068719082106616
1.1312194064310592
0.7672599209722464
1.1470879884282719
1.0507218507170615
0.7873032035151002
1.2035284727211482
0.9688056022158392
0.8369584402785863
1.2308716539959998
0.8870786592103435
0.9117795704421658
1.2256942693775388
0.8186370832502883
0.993927795222443
1.1892590734976516
0.7778708031186246
1.0760271769217282
1.1244896447778516
0.7677328857329839
1.153222119061462
1.0434135713263215
0.7905395136191335
1.2071452601718056
0.961517921460855
0.8427473603732646
1.2317945039008575
0.8801345976485999
0.9190458720609942
1.2236471454133404
0.8138474332144112
1.0011751978786292
1.1846242569414922
0.7756626708673036
1.0833146287103672
1.1176256667052604
0.7684757618943071
1.1591535065113743
1.036117027414958
0.7940028741384297
1.210534995309571
0.954217318111906
0.8487456549218705
1.232450258950117
0.8733121108567066
0.9263413440117194
1.2213624220462105
0.8092869505064264
1.008423291685401
1.1797603459022912
0.7736935870440752
1.0905685177132625
1.1106462207220495
0.769484192848473
1.1648727397584526
1.0288336624614274
0.7976933531806619
1.2136976035279778
0.9469058785064837
0.8549431034495967
1.2328349674690753
0.8666298266187237
0.9336536779891168
1.2188439714383315
0.804955502149217
1.0156762356975837
1.1746680882246974
0.7719685436370287
1.0977741667021752
1.1035700445885737
0.7707528582253316
1.1703728269966358
1.0215631065526911
0.8016113488564717
1.2166324583219221
0.9395877926761461
0.8613270194775556
1.232946162521107
0.8601055940550821
0.9409725613319926
1.2160947264189566
0.8008526193196643
1.0229377249268035
1.1693493124376673
0.7704931431479496
1.1049153668200848
1.0964153458225332
0.7722759373937242
1.1756489506818018
1.0143034831694424
0.8057574302580439
1.2193382204516658
0.9322694546291463
0.8678824669984699
1.2327831097124076
0.8537558743666476
0.9482898126301006
1.2131167034756523
0.7969777085786396
1.0302106014550443
1.1638073333293302
0.7692732743617092
1.1119746614791328
1.089199370062159
0.7740475663107933
1.1806981089230009
1.0070517597247128
0.8101321811187162
1.2218127053859267
0.924959457030502
0.874592677699337
1.2323468826186093
0.8475952044907175
0.9555994574668706
1.2099110956685715
0.7933302213237503
1.0374964826493231
1.1580473548285513
0.7683146992886509
1.1189337069927505
1.0819380561205634
0.776062236279258
1.1855187080085492
0.999804123180619
0.8147360246507558
1.2240528018333867
0.9176685018638266
0.8814396075966502
1.2316402527795196
0.8416358142584317
0.9628977148542724
1.2064784122604015
0.7899098094004545
1.044795417106087
1.1520768122077258
0.7676225907399453
1.1257737212034484
1.074645764620028
0.7783150984181715
1.1901101617545726
0.9925563713919678
0.8195690014553662
1.2260544645607194
0.9104092564180402
0.8884045507977001
1.2306674132095985
0.8358874514311654
0.9701828763108298
1.2028186424468366
0.7867164857904734
1.0521055891732771
1.1459055881933602
0.7672010742155029
1.1324760183294242
1.067335060927202
0.7808021566574954
1.1944725381905532
0.9853043130635111
0.8246304804730245
1.2278128030589324
0.903196172579279
0.8954687358949853
1.2294335805831453
0.8303574237159552
0.9774550833489001
1.1989314232162505
0.783750792655743
1.0594231013983728
1.1395460438018041
0.7670528352007631
1.1390226078052903
1.060016536304844
0.7835203507556575
1.1986062743479733
0.9780441674532134
0.829918802382754
1.2293222806791697
0.8960452673241504
0.9026138564973117
1.2279445353574192
0.8250508233439124
0.9847160286556969
1.1948161995489783
0.7810139643178481
1.0667418594887876
1.1330128314671903
0.7671788507107229
1.1453968070399574
1.0526986662262625
0.7864675445190805
1.2025119573546372
0.9707729550380076
0.8354308773894541
1.2305770248181058
0.8889738478454763
0.9098225150024152
1.2262061607463854
0.8199708742026129
0.9919686101126031
1.1904723801608184
0.7785080649502807
1.0740535642190432
1.1263225021588936
0.7675782891030098
1.151583792562029
1.0453877248075152
0.789642440978134
1.2061901510112492
0.9634888720692498
0.8411617788533807
1.231571229899904
0.882000162171102
0.9170785787014554
1.22422403360873
0.8151193362398241
0.999216557880936
1.1858995084798236
0.7762360783075033
1.081347791172365
1.1194929629327346
0.7682485954431726
1.1575710076394559
1.0380877848052454
0.7930444477258639
1.2096412397367935
0.9561916393304829
0.8471043891274338
1.2322996160119863
0.8751429626742164
0.9243674600242018
1.2220031057925151
0.8104969097877978
1.0064640447892597
1.1810974768965765
0.7742019262806918
1.0886121288255652
1.1125428661019383
0.769185747665792
1.1633483669462794
1.0308008238087778
0.7966735151786265
1.2128652690854105
0.9488828058014717
0.8532491626178608
1.2327578910910477
0.8684209821237387
0.931676339805691
1.2195474957838748
0.8061035969697528
1.0137152870604056
1.1760668062310746
0.7724103942651572
1.095832354615621
1.1054910070036115
0.7703846412832596
1.1689082426793447
1.0235269342096935
0.800529968327897
1.2158617782307557
0.9415659784639643
0.8595840672005868
1.2329431560735622
0.8618523412233425
0.9389943507993588
1.2168603914853864
0.8019389965097184
1.020974144023162
1.1708089940040922
0.7708669473651104
1.1029926484355488
1.0983557827986206
0.7718395445117677
1.1742452614813705
1.01626461350119
0.8046143453078878
1.218629635220851
0.9342469520110832
0.8660947412779416
1.2328541931798993
0.8554539337608944
0.9463127250798204
1.2139440503805687
0.7980025307129297
1.0282437257890868
1.1653269125238448
0.7695774345869852
1.1100758588480044
1.0911547365688599
0.7735445624956456
1.1793559699964018
1.0090111053309654
0.8089272418764585
1.2211668945665233
0.9269337307240961
0.8727648612577076
1.2324915905372273
0.8492408622047284
0.9536248888656115
1.2107998758418392
0.7942936233971827
1.035526016090974
1.1596252177080042
0.7685476966176965
1.1170638414528269
1.0839041898311597
0.7754940560636565
1.1842384345921513
1.0017627695385547
0.8134691440881648
1.2234706996774136
0.9196364588985814
0.8795766682856497
1.2318576817311333
0.8432260064269
0.9609264756881261
1.2074285464057675
0.7908118567848583
1.042821519174347
1.1537107140007876
0.7677831119387665
1.1239378832555746
1.0766189530549521
0.7776829742056846
1.188891834152015
0.9945154699166612
0.8182402214633308
1.225537253341977
0.9123672890770003
0.88651157470446
1.2309563107631918
0.8374197896191018
0.9682152349773585
1.2038301751379121
0.7875571298627333
1.0501289484922598
1.1475926109929335
0.7672881316863712
1.1306792153880394
1.0693120958593874
0.7801070777728087
1.193316091014975
0.9872649726387721
0.8232400570325196
1.2273618786295222
0.9051402106260668
0.8935507711649464
1.2297924615295317
0.8318301634799565
0.9754908350891937
1.2000044780142995
0.7845298251604929
1.0574449851521421
1.1412826090413042
0.7670658631650693
1.1372695983485923
1.0619947587568883
0.7827630511655216
1.197511566586865
0.9800073469637234
0.828467307746216
1.2289391874055107
0.8979708419527463
0.900675778065033
1.2283718085802642
0.826462788701086
0.9827545820889624
1.195950936598254
0.7817309748951186
1.0647641336878504
1.134794772116146
0.7671177626099166
1.1436919375891612
1.0546760003456344
0.7856485141819116
1.2014788259252325
0.9727393590904392
0.8339193112348465
1.2302633614755774
0.8908761725814928
0.9078689135375468
1.226700250703765
0.8213213555056635
0.9900090840273219
1.191668953669389
0.7791624076879199
1.072078686081041
1.128145186688441
0.7674434865292034
1.1499308596210789
1.0473626937941127
0.7887619546517323
1.2052184547645335
0.9654588517761791
0.8395916755406152
1.2313285334068436
0.8838742355399635
0.9151136725151526
1.2247834832784792
0.8164079787148661
0.9972578839736246
1.1871580174294238
0.7768268535385235
1.079378780600045
1.121351452213136
0.7680409270392409
1.155973165740745
1.0400595009507763
0.7921026049661727
1.2087309013595038
0.9581651014753139
0.8454779046381814
1.2321292347341417
0.8769836950591898
0.9223950257959628
1.222626652387502
0.8117236070097438
1.0045050742251966
1.1824179013661416
0.7747279838939249
1.0866525268177536
1.1144320805198762
0.7689064250560321
1.1618080951219691
1.0327689489984375
0.7956702854792598
1.212016319121807
0.9508591367580501
0.8515691233094435
1.2326608629470015
0.8702233453570303
0.9296996567333798
1.2202341158226877
0.8072683991539851
1.011754898880374
1.1774489248242672
0.7728703641516401
1.0938861723349433
1.107405884860074
0.7700351255726743
1.1674273687875913
1.0254916140169752
0.7994652362738133
1.215074400754939
0.9435439910797778
0.857853965283415
1.2329201081868384
0.8636115333843306
0.9370161543613599
1.2176093166962083
0.8030420378841461
1.0190113528898535
1.1722522836188254
0.771259300323373
1.1010643051233158
1.1002914187244488
0.7714214198751389
1.1728250327571714
1.018226392548905
0.8034879532714428
1.2179042110638951
0.9362248613145401
0.8643186705177845
1.2329052785175112
0.8571655437989338
0.9443351713456603
1.2147547591935157
0.7990439740767576
1.026277786801355
1.1668304377526046
0.7699005727881763
1.1081701035306044
1.0931064958574328
0.7730594131170443
1.1779971526343955
1.0109708315635417
0.8077390321998884
1.2205040363435635
0.9289091580960278
0.8709473990890857
1.2326164721404247
0.8509010127166277
0.9516495356447344
1.211672066571852
0.7952736152949369
1.0335565248222953
1.1611875221589152
0.7688000674662514
1.1151856534233282
1.0858677994432313
0.7749433600669859
1.1829414248640604
1.0037214921370015
0.8122190069917663
1.222871272418716
0.9216064582692907
0.8777227220354428
1.2320555672884974
0.8448314528241415
0.9589542886375472
1.2083620984048578
0.7917304856663543
1.040848503941472
1.1553297295676985
0.7679633341887198
1.122092348504098
1.0785905731245506
0.7770680239411506
1.1876567662856332
0.9964743331517091
0.816928156408065
1.2250023744454706
0.9143283870926192
0.8846262146029904
1.231226031555166
0.8389679618095142
0.9662466231451605
1.2048251040165594
0.7884143824219607
1.0481529489030288
1.149265602940232
0.7673951189545895
1.1288713798030434
1.0712883770634398
0.7794289305956519
1.192142931289562
0.9892251075739759
0.8218662526715712
1.2268928913476924
0.907088456323207
0.8916390699315482
1.230132582888478
0.833319148875495
0.973525713644966
1.2010608902645303
0.785325540706399
1.0554671087705727
1.1430061726983896
0.7670989281566927
1.1355043042531725
1.063972889777944
0.7820225098173383
1.1964001885609334
0.9819697634725839
0.8270322400696251
1.2285376041135703
0.8999018670766601
0.8987426694170635
1.228780755540907
0.8278912669694203
0.9807924549229023
1.1970689865707185
0.7824648014765971
1.062786084359805
1.136564889162609
0.7670766862417399
1.14197365792179
1.0566537452548075
0.7848461323431802
1.2004290678894667
0.9747048405377369
0.8324238533885613
1.2299307769596945
0.892785267366689
0.9059190745626713
1.2271764323910699
0.822688501853349
0.9880491383291988
1.1928488016091459
0.7798337656006349
1.0701027633355757
1.1299573366279148
0.7673285404859294
1.148263550851462
1.0493384136685042
0.7878980616533607
1.2042301655353702
0.9674278542084636
0.8380372076327535
1.231066513614184
0.8857564451322661
0.9131514296834231
1.225325401928641
0.8177133533863434
0.9952990916259085
1.1883997828018957
0.7774349123808382
1.0774078559331952
1.1232007626015814
0.7678528458392497
1.1543601617508406
1.042032151531842
0.7911773433742173
1.2078039821478654
0.9601376600282311
0.8438664079270353
1.231939191509906
0.87883393978515
0.9204242811192389
1.2232329869844365
0.8129670462484175
1.0025462975026778
1.183721603709941
0.7752716594592775
1.0846900050334707
1.1163134934577044
0.7686463324719087
1.1602520573910082
1.0347380491472973
0.7946836554126424
1.2111507668347228
0.9528347847966776
0.8499032409822436
1.2325439292112232
0.8720365646140954
0.927723828793246
1.220903775488541
0.8084499188140346
1.0097949985907244
1.1788144064271275
0.7733483410801203
1.0919359431038367
1.1093143191982797
0.7697044275150837
1.1659302958512878
1.0274571863000566
0.7984171409473405
1.2142703535103256
0.9455217001102976
0.8561370134365114
1.2328770301255993
0.8653828475077103
0.9350381296225424
1.218341464108946
0.8041617555813279
1.0170492965491036
1.1736791135795919
0.7716700846576636
1.0991306843379234
1.1022219145447967
0.7710216798069482
1.1713883198384383
1.020188882828198
0.8023782423686348
1.2171619926085708
0.9382030086373347
0.8625545899646906
1.2329363409121736
0.8588904206832675
0.9423572651881564
1.215548808101368
0.8001020496066784
1.0243127544255552
1.168317803158092
0.7702425748323383
1.1062577599397225
1.0950543354021303
0.7725922265981753
1.1766216851664197
1.012931015660279
0.8065675437282201
1.2198241938995091
0.9308855237186959
0.8691406506092586
1.2327214690980228
0.8525754187877086
0.9496734681389852
1.212527659302487
0.796270203724095
1.0315880104622466
1.1627341174374888
0.7690717102309337
1.1132995152460194
1.0878286041514698
0.7744102429665578
1.1816276880944012
1.0056803751724908
0.8109856128709976
1.222254601824829
0.9235782459836821
0.8758781401179265
1.2322338234461607
0.8464519658205807
0.9569811832219343
1.2092790696563098
0.7926656953333553
1.0388764104985575
1.1569336591733304
0.7681631775341868
1.1202374864616158
1.0805603799078884
0.7764703249668341
1.1864049552688967
0.9984330443270775
0.8156328195112392
1.2244499263099313
0.9162922615282948
0.8827488418344261
1.2314764700680882
0.840531828677571
0.9642770341456259
1.2058034371033053
0.7892882319821974
1.0461776711479778
1.15092431501843
0.7675219854174389
1.1270528662363701
1.0732636989696223
0.7787677737267911
1.1909530494592142
0.991184792231102
0.8205091015307746
1.2264059521789812
0.9090405901657642
0.8897339932440355
1.2304538289033853
0.8348242840173083
0.9715596822403353
1.202100671473697
0.7861379137954577
1.053489596720261
1.144716440610864
0.7671520140422544
1.1337270530945138
1.0659507659146026
0.7812987670109093
1.1952721282059613
0.9839314747714547
0.8256136625011654
1.2281176479309501
0.9018379981271027
0.8968148727212746
1.2291712594103952
0.8293361985363116
0.9788295872118546
1.1981703614285755
0.7832154018515991
1.0608078796155693
1.138322851539297
0.7670556416129324
1.140242257651014
1.0586317812466046
0.7840604228424239
1.199362671972108
0.976669433224123
0.8309446041163284
1.2295793863735234
0.8947007695926998
0.903973314519431
1.227634595927884
0.8240722817471162
0.9860886973213336
1.1940119330355754
0.7805220780533892
1.0681260059548112
1.1317585951119637
0.7672335050509829
1.1465821100614588
1.0513148083314054
0.7870507721425246
1.203225275863843
0.9693958823952382
0.8364985194960224
1.2307852743677046
0.8876464190850224
0.9111921355595489
1.2258496927640716
0.8190354488409195
0.9933400971200392
1.189624806460335
0.7780601755135578
1.0754352661501632
1.125040523716163
0.7676844345464016
1.1527321900180139
1.0440057017443678
0.7902686626989137
1.206860481616411
0.9621092812484953
0.8422700919973067
1.2317295697146158
0.8806933262748623
0.9184554759799973
1.2238220297707656
0.8142272291009005
1.0005876307965225
1.1850085729535356
0.7758328565995795
1.0827248479226577
1.1181867329412665
0.7684055733243771
1.1586803993881483
1.036708126363957
0.7937136176646733