0.18
0.18
-0.036011547064855126
-0.22371338087906303
-0.10906490581507944
0.1122282316745781
0.22269232582802773
0.03302193832534081
-0.18244538148781064
-0.17750665469357607
0.03901270101960727
0.22465586390857778
0.10589310214238161
-0.11538453274960127
-0.22159304908486688
-0.030040118988584247
0.1848442561101521
0.17496380661338548
-0.04202907809759279
-0.22551921618250417
-0.10271143311224676
0.11853509848064525
0.22041576763613585
0.02706246635223214
-0.1871978156436177
-0.17237003221965463
0.0450640636663846
0.22630262485525468
0.09951879927663884
-0.12168083445063307
-0.21916066299256737
-0.024085687082354285
0.18950682847070632
0.16972422299295895
-0.04812054400785343
-0.22700501081553373
-0.09631459035365522
0.12482206588708952
0.21782799331022784
0.021106988236127805
-0.19177151547163276
-0.16702577410503747
0.05120072002034226
0.22762505160618515
0.0930988504066056
-0.12795837905107418
-0.21641820963547642
-0.01812421339378681
0.1939914673326769
0.16427474843278542
-0.0543059534375985
-0.2281612379750231
-0.089872394251716
0.1310885130236739
0.21493206512992122
0.015135935431578179
-0.19616560832507776
-0.16147200236235143
0.05743665730319175
0.22861195946777904
0.08663686465575715
-0.13421031180723803
-0.21337070589271273
-0.01214149924798652
0.19829220883690654
0.1586192611201962
-0.06059224091973184
-0.22897561137237066
-0.08339472347747151
0.1373207429044393
0.211735732759985
0.009141010311778913
-0.2003689456348239
-0.15571913406484728
0.06377111670990757
0.2292507126214107
0.08014917465289101
-0.1404159836361997
-0.21002922539193358
-0.006135268278791045
0.20239300513643996
0.15277506457495088
-0.0669707722965791
-0.22943602240336317
-0.07690402256285686
0.14349157069628912
0.20825372307581697
0.003125648970255329
-0.2043612212143739
-0.1497912146789878
0.07018790583232545
0.22953064266451587
0.07366347529805584
-0.14654260240172
-0.20641216078061733
-0.00011394234445855078
0.2062702357103866
0.14677229085297216
-0.07341861670553718
-0.22953409471385625
-0.07043190787045026
0.14956397760053947
0.2045077636648156
-0.002897841823723185
-0.20811666745565385
-0.14372332363938292
0.07665863800600525
0.22944636082433653
0.06721360465043077
-0.15255065112944266
-0.20254390784992796
0.005907685631155929
0.20989727464693383
0.14064941895256056
-0.07990359245016013
-0.22926788578335314
-0.0640125025052184
0.15549788381493157
0.20052395915345292
-0.008913775380045091
-0.2116090961907644
-0.13755550225688812
0.08314925065392445
0.22899953820297542
0.06083195587023657
-0.15840146567612248
-0.19845110404043842
0.011914697766436055
0.213249560075813
0.13444607766540617
-0.08639177020843486
-0.22864253628860504
-0.05767454234012326
0.1612578941371095
0.19632818794762003
-0.014909604808318822
-0.21481655063329055
-0.13132502229344772
0.08962789603453364
0.22819834690803747
0.054541922799095255
-0.16406449415373078
-0.19415757531082262
0.017898335517822966
0.2163084311247532
0.12819543227424363
-0.09285510659104909
-0.227668569602337
-0.05143476441481021
0.1668194733436937
0.19194104333780054
-0.020881486360196128
-0.21772402278125813
-0.1250595314234204
0.09607169597659601
0.22705481833679578
0.04835272889855605
-0.16952191151759166
-0.189679718279621
0.02386042688272072
0.21906254558541063
0.12191864751096076
-0.09927678793753716
-0.22635861333464105
-0.04529452308827184
0.17217168959941495
0.18737405920735395
-0.02683726098048117
-0.22032352929037805
-0.11877325529109573
0.1024702834814046
0.22558129356246437
0.04225800468331872
-0.17476936723706002
-0.18502389058613716
0.02981473770297649
0.22150670519218862
0.11562308045955291
-0.10565274862165158
-0.22472395778181264
-0.03924033307553898
0.17731602121382262
0.18262848159631537
-0.03279611812464153
-0.2226118900179768
-0.11246725486319156
0.10882525246223279
0.22378743899572523
0.036238153614081975
-0.1798130581598149
-0.1801866673382461
0.03578500663639361
0.2236388731220354
0.1093045106100128
-0.11198916835470434
-0.22277231396695835
-0.03324780304799882
0.18226201530442476
0.17769700476811817
-0.03878515623908202
-0.2245873172187669
-0.10613339905644896
0.11514595239448149
0.22167894650148173
0.03026552396629681
-0.18466436245655635
-0.17515795434075102
0.041800258263624795
0.22545668133915725
0.10295251974698137
-0.11829691430261731
-0.22050756049096432
-0.027287676483534834
0.1870213173597699
0.1725680767554853
-0.0448337276062819
-0.2262461727247613
-0.09976074404725446
0.12144299596033581
0.2192583363306193
0.024310935989812515
-0.18933368524552818
-0.1699262328432645
0.047888495150419486
0.22695473204639735
0.09655741835856191
-0.12458457260453737
-0.21793152229932064
-0.02133246643224751
0.19160173186364665
0.16723177354076704
-0.050966819506222505
-0.22758105368221576
-0.09334253248639032
0.12772129088738696
0.21652755087361236
0.018350059400640828
-0.19382509744930998
-0.16448470625177408
0.05407013034727945
0.22812363984467202
0.09011684014027121
-0.130851956463874
-0.2150471488842881
-0.015362230441343105
0.19600275686825427
0.16168582399500261
-0.05719891515329495
-0.2285808842076465
-0.08688192090271257
0.13397448126001235
0.21349143011864247
0.012368265751425134
-0.19813302845154182
-0.1588367849312411
0.06035265973477294
0.22895117756879613
0.0836401765075451
-0.13708589691057177
-0.2118619596510781
-0.009368214899034139
0.20021363076349055
0.155940132446527
-0.06352985023478283
-0.22923302533479967
-0.08039475893244011
0.1401824360338032
0.21016078102404695
0.006362828534648701
-0.2022417828705058
-0.15299925005882475
0.06672804027204299
0.2294251646803995
0.0771494333968972
-0.1432596772956531
-0.20839040043319285
-0.003353444063727229
0.20421433990847535
0.15001825084102494
-0.0699439816852494
-0.22952666855313164
-0.07390838533357616
0.1463127441716989
0.20655372611543643
0.00034182658560294454
-0.20612795235317669
-0.14700180730161552
0.0731738114578219
0.2295370245989357
0.07067598599821501
-0.14933654174520067
-0.20465396578194267
0.0026700234728401773
0.2079792349248412
0.1439549339285302
-0.07641328161480015
-0.22945617964563575
-0.0674565357409018
0.1523260116733017
0.2026944895769658
-0.0056800813036699815
-0.20976492999026108
-0.14088273992356504
0.07965801408972162
0.2292845443532764
0.06425400633081266
-0.155276383371373
-0.20067867000234346
0.00868651059981701
0.21148205095572262
0.13779017314380704
-0.08290375958296761
-0.2290229574631077
-0.06107180367186779
0.15818339993248412
0.19860971292847715
-0.01168786152438972
-0.21312799347250724
-0.13468177732412448
0.08614663881187029
0.2286726139910465
0.05791256977163842
-0.1610435002743508
-0.19649049483947986
0.014683238469439586
0.21470060599195656
0.1315614831294612
-0.08938334639578821
-0.22823496593520878
-0.05477803837936898
0.16385394398297495
0.1943234207614452
-0.017672425332991376
-0.2161982157507634
-0.12843244980381738
0.09261130158293526
0.22771160698285126
0.051668953067255996
-0.1666128714578581
-0.19211031513080262
0.020655960033221232
0.2176196109671297
0.125296968845435
-0.09582873541663134
-0.22710415398608594
-0.0485850505944673
0.16931929829497372
0.18985235462747768
-0.023635154317322826
-0.21896398425348892
-0.12215643512450726
0.09903470990279924
0.22641413763447338
0.045525106980698726
-0.1719730485128121
-0.18755004826734947
0.026612059042017494
0.22023084553759317
0.11901138501026401
-0.1022290704723555
-0.22564291306433143
-0.04248703939195936
0.17457463564750772
0.18520326631727815
-0.029589378597452975
-0.22141991489759125
-0.1158615960160176
0.10541233793740819
0.224791598540408
0.03946805395437733
-0.17712510366763423
-0.18281131621763835
0.032570340828326216
0.2225310066479157
0.1127062385361812
-0.10858554991285435
-0.22386104727831474
-0.036464827915563436
0.17962584114687763
0.18037306084260338
-0.035558530694675405
-0.22356391591136232
-0.10954406748783489
0.11175006428252486
0.2228518543191682
0.03347371391463602
-0.1820783824496321
-0.1778870721024476
0.038557697176829386
0.22451831800193395
0.10637363993026877
-0.11490733888979959
-0.2217643973666532
-0.030490954159071187
0.18448420917852046
0.1753518109938128
-0.04157154379378761
-0.22539368943821328
-0.10319354378394367
0.11805870246148363
0.22059890777345642
0.02751289271725249
-0.18684456412126516
-0.17276582360551254
0.04460351377655988
0.2261892574634476
0.10000262239825841
-0.12120513203237612
-0.2193555654615941
-0.024536174699794466
0.1891602886279658
0.1701279412128004
-0.04765658152655855
-0.22690398264720094
-0.09680017982766981
0.12434705191574966
0.2180346095038292
0.021557921743977387
-0.19143169282307185
-0.1674374714760564
0.05073306246341622
0.22753657651481154
0.09358615231470496
-0.1274841685065433
-0.21663645444288726
-0.0185758740037599
0.19365846626131994
0.16469436707115537
-0.053834453547283806
-0.22808555322561533
-0.09036123282038011
0.13061535372866173
0.21516180131395563
0.015588489964992042
-0.195839634453843
-0.16189935810934777
0.05696131634982968
0.22854931119133928
0.08712693772288105
-0.13373858750784995
-0.21361173196498304
-0.012594997082196469
0.19797356400172608
0.15905403580351046
-0.060113213199096266
-0.22892623739770124
-0.08388560821809515
0.13685096607808225
0.21198777586706366
0.009595388664980276
-0.20005801584478847
-0.15616087730928177
0.0632887043435387
0.22921482440224208
0.08064034353681937
-0.13994877819009086
-0.21029194035527604
-0.006590365700585132
0.2020902424797677
0.15322320564819397
-0.06648541014962994
-0.22941378796706327
-0.07739486862529396
0.14302764562721432
0.20852669818536373
0.0035812262627673286
-0.2040671212242367
-0.15024508395794556
0.06970013721845636
0.22952217249724616
0.07415334490736672
-0.14608271838857217
-0.20669493027150676
-0.000569709483740688
0.20598531216207758
0.14723114952636304
-0.07292906145303682
-0.22953943223291653
-0.07092013840275055
0.14910890926262318
0.20479982608763164
-0.002442194773051215
-0.2078414268448704
-0.14418639936137723
0.07616795528260323
0.22946547858366326
0.06769956395603713
-0.1521011481750733
-0.20284474887766402
0.005452456021505264
0.20963219263607943
0.1411159444759399
-0.07941244134989325
-0.22930068787543686
-0.0644956268710842
0.15505463443221815
0.20083307685320229
-0.008459216485791343
-0.21135459808233895
-0.1380247537203082
0.08265825183015316
0.2290458685635018
0.06131178337987819
-0.1579650652501692
-0.1987680343514545
0.0114609907622025
0.21300600690326538
0.13491740924712228
-0.08590147174151866
-0.2287021919003931
-0.05815073907242502
0.1608288217583801
0.19665252808482087
-0.014456836337879447
-0.21458423181866734
-0.13179789435908218
0.08913874626958443
0.2282710943484551
0.05501430009278882
-0.16364309851774322
-0.194489003040691
0.017446482425110488
0.21608756393603126
0.12866943085704532
-0.09236743595297184
-0.22775416305673205
-0.05190328632377411
0.1664059686751366
0.19227933049720222
-0.02043040850825839
-0.2175147581327927
-0.12553437775680817
0.0955857088887491
0.22715301713322092
0.04881750983951047
-0.16911638322532418
-0.19002473744847156
0.023409868333900602
0.2188649791477673
0.12239419724968961
-0.09879256506728304
-0.2264691972182629
-0.04575581642940921
0.17177410859493228
0.1877257830215906
-0.026386859227498338
-0.2201377164644441
-0.1192494878948266
0.10198779371963358
0.22570407426451117
0.04271618357776219
-0.17437961129129262
-0.18538238372196655
0.02936404017133659
0.2213326782742291
0.11610007989749367
-0.1051718695428424
-0.22485878587773311
-0.03969586519351129
0.1769339013980177
0.18299388593026303
-0.032344604823726864
-0.22244967582466493
-0.11294518330325623
0.10834579753102797
0.22393420552599774
0.03669157159776548
-0.17943834828805363
-0.18055918117791453
0.0353321176036368
0.22348850942691553
0.10978357709100482
-0.11151091883210727
-0.22293094676436026
-0.033699672551245924
0.1818944823184777
0.17807685736486745
-0.03833032226657401
-0.2244488665391858
-0.10661382533932114
0.11466869171893819
0.22184940160350963
0.030716411100372515
-0.1843037958154793
-0.17554537715715063
0.04134293328444627
0.22533024087652126
0.10343450563726853
-0.11782046264290366
-0.22068980940441704
-0.02773811641248261
0.1866675556756258
0.17296327318456195
-0.04437342102357669
-0.2261318795833331
-0.10024443449990914
0.12096724263487735
0.2194523502536031
0.02476140432783555
-0.18898663862112108
-0.1703293482676039
0.04742480230914009
0.22685276322929046
0.09704287462272171
-0.12410950413279098
-0.2181372546888024
-0.021783354990767334
0.19126139863704256
0.1676428677621246
-0.05049944845168647
-0.22749162078466928
-0.09382970940331087
0.1272470126022201
0.21674491995987888
0.018801657694101692
-0.1934915743475034
-0.16490373038009287
0.05359892302356345
0.22804697882631692
0.09060557143957307
-0.1303787059033982
-0.21527602185149522
-0.015814714155250764
0.19567624193862215
0.16211260380906659
-0.05672386131904519
-0.228517241105741
-0.08737191391482077
0.133502632008304
0.2137316106590485
0.012821693069038409
-0.1978138165882556
-0.15927101245918035
0.059873902165495096
0.22890079147219736
0.08413101710351281
-0.13661595218800657
-0.21211318042638783
-0.009822531152294783
0.19990210217197338
0.15638136702669148
-0.06304768027325047
-0.2291961103135974
-0.08088592672807751
0.13971501213462004
0.21042270221104903
0.006817879092690243
-0.2019383853850848
-0.153446929428815
0.06624288348172627
0.22940189258874782
0.07764032637146559
-0.14279547787341892
-0.20866261499993605
-0.0038089947338524888
0.20391956663761052
0.15047171191244996
-0.06945637420839101
-0.2295171546296666
-0.07439835211241674
0.14585252727918624
0.2068357718109627
0.0007975901444833566
-0.2058423165944496
-0.14746031530911485
0.07268436858498598
0.22954131754438112
0.07116436326034628
-0.14888108231199176
-0.20494534310390708
0.002214356586025701
0.2077032445862703
0.14441771773024417
-0.07592266090705627
-0.22947425736904717
-0.06794268766515965
0.151876062620342
0.2029946843066592
-0.005224810522630713
-0.20949906381128106
-0.14134903052301623
0.07916687602128777
0.22931631590591617
0.06473736278513423
-0.15483263871859795
-0.20098717836684854
0.008231893571028326
0.21122673861315627
0.13825924212116575
-0.08241272898010002
-0.22906827092340085
-0.06155189401944541
0.15774646301728534
0.1989260671441898
-0.011234085742746952
-0.2128836012044706
-0.135152971872537
0.08565627029690029
0.22873126934659543
0.05838904968439551
-0.1606138596026994
-0.19681428674857054
0.014230398361558455
0.21446742874147584
0.1320342547809028
-0.08889409661697228
-0.22830673144040617
-0.0552507078204188
0.16343195838424848
0.19465432148324313
-0.01722050640562542
-0.21597647611648582
-0.1289063746214609
0.09212351029942922
0.227796237130055
0.052137764498704525
-0.16619876524988203
-0.19244808906143973
0.02020483106282936
0.21740946455369023
0.12577175773277915
-0.095342616633907
-0.2272014071421166
-0.04905010734924739
0.16891316623164743
0.19019686665563287
-0.023184567901821634
-0.21876553042613045
-0.12263193381980561
0.0985503533482211
0.2265237915415831
0.04598665249669165
-0.17157486949836206
-0.18790126364941193
0.026161660244902574
0.22004414216065563
0.11948756418137813
-0.10174645287488468
-0.22576477673053919
-0.04294543857755381
0.17418429362631588
0.18556124320385514
-0.02913872093577019
-0.2212449953945462
-0.11633853256875264
0.10493134290174023
0.2249255194785193
0.039923768319666764
-0.17674241375273272
-0.18317619130301507
0.03211890850361354
0.2223678976509917
0.11318408976760976
-0.10810599468413369
-0.2240069135306627
-0.03691838628557251
0.1792505789083896
0.1807450290053221
-0.035105765725728155
-0.223412653841888
-0.11002304006304185
0.11127173137322709
0.22300959117731858
0.03392568058725551
-0.18171031429803364
-0.17826636122646616
0.038103029933453936
0.22437896310327254
0.1068539558675877
-0.11443001035361278
-0.22193395913341835
-0.030941896333684632
0.18412312189351548
0.17573865342476053
-0.04111442531647799
-0.22526633604199423
-0.10367540573640167
0.11758219451420139
0.22078026530657127
0.02796334894414998
-0.1864902917527242
-0.17316042592321998
0.044143448171898664
0.2260740395880834
0.10048618054347183
-0.12072932771213965
-0.2195486905805517
-0.0249866260100014
0.18881273520748598
0.17053045419507623
-0.04719315664394827
-0.226801074397373
-0.09728550263061134
0.12387192954002296
0.21823945762878572
0.02200876701591073
-0.1910908495706412
-0.16784796227596593
0.05026597699981808
0.22744618716856083
0.09407320329134952
-0.1270098238384656
-0.21685294705381192
-0.019027410988153082
0.19332442226477412
0.16511279569632428
-0.05336353872895397
-0.22800791735478862
-0.09084985517282554
0.13014201404407416
0.21538980994436707
0.01604090319028259
-0.19551258015925338
-0.16232556022726297
0.0564865504539562
0.22848467464118327
0.08761684830233288
-0.13326661619207278
-0.21385106544406615
-0.013048353564204807
0.19765378729503943
0.159487713648541
-0.059634727455573994
-0.22887484041277012
-0.08437640167904731
0.1363808569991847
0.2122381723630143
0.010049641923507685
-0.19974589102584434
-0.156601599996954
0.06280677923397601
0.22917688356962107
0.08113150678283956
-0.13948113988123376
-0.2105530654304203
-0.007045368041730393
0.2017862130001136
0.1536704195055579
-0.06600046179977173
-0.229389478884458
-0.07788580476570245
0.14256317620879624
0.20879814955483847
0.004036748651816746
-0.20377167762296017
-0.1506981325992274
0.06921269441809852
0.22951161509839524
0.07464340504008507
-0.14562217307092962
-0.2069762493017812
-0.0010254676748194802
0.20569896711153374
0.147689302435591
-0.0724397347425052
-0.22954268047736787
-0.07140865873707397
0.14865306306142123
0.20509051535335535
-0.0019865097791408604
-0.20756468952828408
-0.14464888682275454
0.07567740038945062
0.22948251574677575
0.06818590521941872
-0.15165075701121644
-0.20314429441353377
0.004997145557352867
0.20936554475525904
0.1415819959652995
-0.0789213199062527
-0.22933142801283993
-0.06497921270720294
0.15461039797434065
0.2011409731936014
-0.00800454240658266
-0.2110984736056616
-0.1384936364612831
0.08216719263604358
0.22909016397083193
0.061792134585960945
-0.1575275946489234
-0.19908381012621323
0.011007146751157576
0.21276077722841005
0.13538846361324025
-0.08541103580129683
-0.2287598456645655
-0.05862750101681086
0.16039861484993923
0.1969757698766436
-0.014003924513258909
-0.21435019740383457
-0.13227056316489483
0.08864939842581415
0.22834187650469293
0.05548726140997551
-0.16322052423778635
-0.19481937540242716
0.01699449691163249
0.21586495274164536
0.12914328025485883
-0.09187952524818593
-0.2278378285062183
-0.05237238787443246
0.16599126146344112
0.1926165904258137
-0.01997922699908697
-0.2173037305160128
-0.12600910831996165
0.09509945891924432
0.22724932337097686
0.049282843810547206
-0.16870964726009882
-0.19036874214068475
0.02295925201236801
0.21866563825367494
0.12286964474269883
-0.0983080746855755
-0.22657792005218097
-0.046217616220944224
0.1713753308936394
0.18807649031123888
-0.025936460819920987
-0.21995012271931366
-0.11972561408597743
0.10150504760733428
0.2258250200211034
0.04317480571023152
-0.17398868212231983
-0.18573984515149894
0.02891341941419065
0.22115686633055767
0.1165769544802959
-0.10469075748903478
-0.22499179901879146
-0.04015176484835348
0.17655064008481444
0.18335823289462022
-0.031893250266727846
-0.2222856722258478
-0.11342295852532307
0.10786614074344593
0.22407917107676634
0.03714527359971875
-0.17906253233162336
-0.18093060498176525
0.03487947342248121
0.22333634932296964
0.11026245704791485
-0.11103250127197453
-0.22308778742768498
-0.0341517396549712
0.18152587776786758
0.17845558436058379
-0.03787581859459305
-0.22430860795868524
-0.1070940321069605
0.11419129425445229
0.22201806987570352
0.03116741141199103
-0.18394218692576297
-0.17593164039951073
0.04088601845582798
0.22520197531361943
0.103916244525557
-0.11734389772489046
-0.2208702754042437
-0.028188591702540178
0.1863127720651074
0.17335728226731087
-0.04391359402481615
-0.22601573797293498
-0.10072786074075854
0.1204913871850766
0.21964458632180872
0.025211840902501753
-0.1886385783491695
-0.17073125920351806
0.046961643650121426
0.22674891674936137
0.09752806376303813
-0.12363432839442146
-0.21834121810750778
-0.022234158686255334
0.19092004586701683
0.16805275491997523
-0.05003264760595533
-0.22740027633910964
-0.09431663354513661
0.1267726028498752
0.21696053536629295
0.019253134427758112
-0.19315701054816872
-0.16532156256591007
0.05312830058338214
0.22796836951832267
0.09109408322250814
-0.12990527917732822
-0.21550316505472705
-0.016267057273641916