0.24137931034482757
0.24137931034482757
0.11424208741936229
0.01394187989641918
-0.07911210431545249
-0.202345685425924
-0.2692847971186949
-0.153680104717625
-0.04402981751047609
0.043775071434472415
0.1533216321735844
0.26913104778825764
0.20271464603356765
0.07940139208060139
-0.013711935152504934
-0.1139523750442331
-0.2411069723248349
-0.24165359109477713
-0.11453450197151974
-0.01417687178307292
0.07881242974123756
0.20196148867208402
0.2694457147367802
0.15405697844625618
0.04429929387540982
-0.04350270716442384
-0.1529360189545282
-0.2689648305361149
-0.20311527234995638
-0.07971709314438881
0.0134577868385259
0.11362849008813111
0.24080173219507534
0.24196467349991835
0.11486695113175555
0.01444688146175592
-0.07846417167591208
-0.2015128051368884
-0.26963357696138013
-0.15450050333282533
-0.044617864190990675
0.04317840345094294
0.15247481125297696
0.26876419211984154
0.20359791225499696
0.08009917079334027
-0.013147280306988057
-0.11322943665078865
-0.24042434017757713
-0.2423517231113055
-0.11528191496419846
-0.01478634259804322
0.07802298771452436
0.20094176764493815
0.2698703450462777
0.15506774873709167
0.04502619130495317
-0.04276180900413783
-0.15188100387523468
-0.26850177691277205
-0.2042222021077686
-0.08059553756788801
0.012741522573057912
0.11270520879384989
0.23992614392688077
0.242862742480963
0.1158322759307541
0.015238356947079257
-0.07743303912930283
-0.20017453439346378
-0.27018171595067897
-0.1558317970210027
-0.0455761999520715
0.042202178667211085
0.15108311975939523
0.2681407110387124
0.2050631912023508
0.08126734006383103
-0.01219063847192181
-0.11199135046844666
-0.23924309474156938
-0.24355944535547816
-0.11658747650631912
-0.015859578450224912
0.07662083455730029
0.19911236145734112
0.27059752258976555
0.15689046313680002
0.046336948350473584
-0.04143382857153939
-0.14998937931424566
-0.26762899467296514
-0.2062172457394927
-0.08219453829229782
0.011429340455123546
0.11100329878669743
0.2382886991501226
0.2445218436784328
0.11764038267435073
0.016725474055555772
-0.07548885720178831
-0.1976214909012598
-0.27114910224741734
-0.15837613035019
-0.047400984542547056
0.040372510991515106
0.1484839393152951
0.26689235049672244
0.2078053400836045
0.0834801971358063
-0.010373749320671713
-0.10963251148569855
-0.23694724611553422
-0.24584991200057285
-0.11911287808122997
-0.017934011280981862
0.07391200213091902
0.19552534384402284
0.27185932099079124
0.16046329189913522
0.048888682673721554
-0.038916189559745504
-0.14643090191473795
-0.26582748388652244
-0.2099669743437169
-0.08524841876753242
0.008923955794408647
0.1077505862584719
0.23507282529932888
0.24765492942392936
0.12115331742933821
0.01960146413712406
-0.07174611580085147
-0.19261138588095528
-0.27271751743315115
-0.16336191476860057
-0.05094258201413232
0.03695847895832831
0.1436986121723854
0.26430386310055254
0.21283015806600994
0.08762388971893459
-0.006982762918857535
-0.10523573670560248
-0.23250940156355315
-0.25002484492501365
-0.12390867665707625
-0.0218354431646008
0.06886963294469359
0.188683795542462
0.27363308602959063
0.16726686232767854
0.05369295482452045
-0.03442883830404171
-0.14022256532686925
-0.2621944149778518
-0.21643778114724377
-0.09067418030797306
0.00450607493255252
0.10204225707913815
0.22915959863786622
0.2529458427879552
0.1274446386115557
0.024664495948732296
-0.06528425297199043
-0.1837076104984145
-0.2743900000585407
-0.17221882948532785
-0.057167865905175905
0.03136832551256992
0.13610844843516484
0.25946115000828207
0.22063680514271697
0.09431209305766192
-0.001582997119609561
-0.09830641647341194
-0.2251113577593739
-0.2562048541859822
-0.1316178034082739
-0.027937060931237226
0.06124446797558582
0.17801662512616023
0.2746965378373201
0.17789846503006923
0.06116109624223959
-0.028005792352843437
-0.13170654100335996
-0.256271799597919
-0.22502412162530164
-0.09822726016160213
-0.0015206902519324522
0.09439014620700384
0.22072563017340568
0.2594000018815589
0.13602045254742806
0.03130201220994154
-0.05724490414726838
-0.17232864001434856
-0.2744016228681994
-0.18359738639048598
-0.06520546959156971
0.024727356472901627
0.12752390088435095
0.2530096958939711
0.2290836865060794
0.10197101526778146
0.0044506229504716055
-0.09074278231815727
-0.21651801749497424
-0.262145031093477
-0.1401447126437346
-0.03437162272498187
0.053756443585060695
0.1673572259670707
0.27365096419419493
0.1885929195951932
0.06880360377399873
-0.021887048410238932
-0.12397267341841808
-0.2500789375801441
-0.23244939269090603
-0.10517763400783531
-0.006937836401915157
0.08767900584521497
0.21289603452663364
0.26426726139842455
0.14363551385256895
0.03691297105894001
-0.05099108916003191
-0.16343058069732563
-0.27273601648722556
-0.19254232943402289
-0.07169513321359819
0.019640845667471124
0.12120165763727868
0.24769718491924125
0.2350281816965364
0.10770622104531885
0.008889756716401853
-0.08529018002578158
-0.21001771348332
-0.2658016147146667
-0.14638263001802707
-0.03888180710511943
0.04892421054372155
0.16051327129977577
0.27187538865815
0.1954751249027757
0.0738744246663002
-0.017962858863859843
-0.1191480833786783
-0.24588140584388948
-0.23691506445350397
-0.10959987717061989
-0.010348618650521418
0.08351081775189305
0.2078429947738467
0.2668744187907273
0.14844822376944267
0.040347269799413416
-0.04742649090362598
-0.15841181773502683
-0.271161885066028
-0.19758566724832388
-0.07546176728696426
0.016746208639834587
0.11766561178658373
0.24454477457786933
0.2382657862597616
0.1109797104859492
0.011411173267037542
-0.08221666019828931
-0.20624468958436237
-0.2676165874381805
-0.14996337270959154
-0.0414155343371789
0.04635515448318972
0.15691583337213993
0.2706072575235009
0.19908690828283426
0.07660143173962315
-0.01587441542071337
-0.11660551054299542
-0.24357601746258864
-0.23922677405152962
-0.11197436271357525
-0.012177541289822472
0.08128329813018696
0.20508311748297012
0.2681320388377216
0.15106422858169577
0.04218892240108282
-0.04558926469108372
-0.15584995651136976
-0.27018900396306905
-0.2001563106752868
-0.07741906133453269
0.015249053937389331
0.11584528607715647
0.24287478950115393
0.23991437818798572
0.11269286445182955
0.012731984631761797
-0.08060718346881408
-0.20423681776790092
-0.2684955807839303
-0.1518671231169029
-0.042752074950394986
0.04503573720925445
0.15508100534505598
0.2698758240722386
0.2009284431105728
0.07801271619219162
-0.014794225791811846
-0.11529152840331347
-0.2423606724761179
-0.24041562340533867
-0.11322023893223096
-0.013140145205370796
0.08010792068118774
0.2036089416557047
0.2687595896712853
0.15246429973841083
0.04317102304913499
-0.044625100155959704
-0.15451056279304137
-0.269637812842832
-0.20150265771157416
-0.07845631347833522
0.014452947467777144
0.11487438912468403
0.2419716236929038
0.24079494072880597
0.11362129472826893
0.013452167293060813
-0.07972403678745525
-0.2031240632652177
-0.268961184713604
-0.15292759139003184
-0.04349676993331071
0.04430514274734586
0.1540651370032053
0.26944918747245944
0.2019532069335791
0.07880598615959027
-0.01418189325545717
-0.11454071444343895
-0.24165941181701134
-0.24110123128803296
-0.11394627487065043
-0.013707122981263059
0.07940740521302148
0.20272229535450845
0.2691278693711623
0.15331423697729424
0.04376983312808469
-0.04403502593434086
-0.15368740998396022
-0.26928792410274205
-0.20233820408822628
-0.07910625399418891
0.013946497568984598
0.11424786818227484
0.24138473834550578
0.241373883144506
0.11423630775482513
0.013937264279981182
-0.07911795040240736
-0.20235316056259495
-0.2692816730847688
-0.1536728069448416
-0.04402461509043809
0.043780302545148184
0.15332901628065135
0.26913422114439006
0.20270700964903737
0.07939538972904626
-0.0137167374449894
-0.11395846127088627
-0.24111269994796344
-0.2416477853968573
-0.11452830582820453
-0.014171864594407252
0.07881885350423039
0.2019697441199287
0.26944225303346014
0.15404884706529226
0.044293465027408
-0.0435086231897763
-0.15294441564796524
-0.2689684623526134
-0.2031065149266788
-0.07971017659312356
0.013463383380877103
0.11363565476808776
0.2408084942378527
0.24195775432159453
0.11485954679985891
0.01444084379053083
-0.07847199195840328
-0.20152290266798029
-0.2696293611105946
-0.1544904943288461
-0.044610664842923406
0.04318574616277163
0.15248526860101264
0.26876876942588623
0.20358694071894673
0.08009046756650644
-0.013154376518799013
-0.11323858326303848
-0.24043300767605916
-0.2423428243802258
-0.11527235677383346
-0.01477850533826297
0.07803319851663724
0.2009550121534761
0.26986489662519114
0.15505457241105894
0.04501670321947876
-0.04277148460830338
-0.15189480120777388
-0.2685079328923274
-0.20420767504018808
-0.08058396333791988
0.012751001221160518
0.11271747565948088
0.23993783423630843
0.24285077136887012
0.11581934941671818
0.015227729057727221
-0.07744692613792241
-0.2001926377411285
-0.27017447091903696
-0.15581375778428277
-0.045563221272582194
0.04221534954228498
0.15110188982392075
0.2681493219101524
0.20504339310467828
0.08125148646576594
-0.01220364957184572
-0.11200822604194165
-0.23925930460049255
-0.24354298205732897
-0.11656956416679212
-0.01584484154067041
0.0766401065458782
0.19913763943802115
0.27058784387427437
0.15686526742316262
0.04631886625000042
-0.04145200268633681
-0.1500152169553658
-0.2676413102273306
-0.2061899801062446
-0.08217256336860794
0.011447386933568102
0.11102673007315696
0.2383114536043156
0.24449906304026967
0.11761532552376794
0.01670488000302979
-0.07551576450490635
-0.1976570664610392
-0.2711363859182358
-0.15834068952584573
-0.04737565195646824
0.04039758958851908
0.14851942910298113
0.26691014797715706
0.207767922073605
0.08344977529017994
-0.010398717512844893
-0.10966493502937139
-0.23697920862668442
-0.24581861540808916
-0.11907790674003296
-0.017905352995235338
0.07394933624844786
0.19557522549123865
0.27184331712942245
0.16041364714074718
0.04885338840236564
-0.03895036420255783
-0.14647889159246913
-0.2658531641203048
-0.2099165272450297
-0.08520690966196753
0.008957950578166757
0.1077946880728231
0.23511718313463564
0.24761291025594356
0.12110527451414604
0.019562318732148434
-0.07179680134156508
-0.19268001929880813
-0.2726990469763072
-0.16329366862773734
-0.05089436530506487
0.03700374713315918
0.14376139767427926
0.26434022046753447
0.21276459576658444
0.08756905740186591
-0.007027463778700921
-0.10529355288283833
-0.2325690796178243
-0.24997098711306115
-0.12384500940491436
-0.021784090010432994
0.06893536018626077
0.18877422531624108
0.2736151465866895
0.16717694380977705
0.053629773517991836
-0.034485827661817806
-0.1403001450662646
-0.26224353396371064
-0.21635779900532637
-0.09060582959182961
0.0045613355975471365
0.10211326583092398
0.22923521171804256
0.2528821374838742
0.1273656501113895
0.02460182686978664
-0.06536283826400564
-0.18381752299109994
-0.27437818729569946
-0.1721093359962046
-0.05709105268682978
0.03143450708552985
0.1361963180412632
0.25952210086624566
0.22054806376533714
0.09423416086255909
-0.0016452250724446615
-0.09838549370954897
-0.22519844740424633
-0.25613788309208635
-0.1315291656846227
-0.027868370097053327
0.061327855835919334
0.17813478462132515
0.27469627825449916
0.17778031554053333
0.06107774827969584
-0.02807455839279864
-0.13179537099099298
-0.25633871314645357
-0.22493674620485316
-0.09814803139369335
-0.001458309563346527
0.09446831404554334
0.22081453141795868
0.25933866111710085
0.13593233742816166
0.031235572297712247
-0.05732216172773821
-0.17243875911792264
-0.27441305289004403
-0.18348685929588976
-0.06512649430680244
0.024790404012555778
0.12760343179364098
0.25307369177635064
0.22900747980374966
0.10189954502091939
0.004394983073397363
-0.09081163161709005
-0.2165985029020971
-0.26209538434533797
-0.14006659157232867
-0.03431418392496102
0.053820237127880505
0.16744803085251816
0.27366877805302375
0.188501601459653
0.06873727579840008
-0.021938903649387873
-0.12403699742837254
-0.2501332624295626
-0.2323890547349571
-0.10511924695244632
-0.00689268579316879
0.08773440401807718
0.212962222647548
0.2642304156943116
0.14357210483267363
0.03686722469658707
-0.051039885982853694
-0.16349966542451347
-0.27275454227362617
-0.19247285096773786
-0.07164385456435773
0.01968046273007279
0.12125029458899653
0.24773967580239856
0.23498325259989505
0.10766159306907094
0.008855353790965068
-0.08533219296522107
-0.21006874383020502
-0.2657755563114036
-0.14633407657139205
-0.038847217167631315
0.04895997204163342
0.16056358548326666
0.27189151926858274
0.1954245685130957
0.07383660390536839
-0.017991895774686975
-0.11918352274929085
-0.24591309679295814
-0.23688266341264708
-0.10956703207592455
-0.010323325482334153
0.08354163719233997
0.20788088606020208
0.2668563524794107
0.1484122824991721
0.040321865964585035
-0.047452171288370135
-0.15844775209635598
-0.2711747340552457
-0.19754959506996386
-0.07543449453078091
0.016767083958972598
0.11769101314033945
0.24456785586557392
0.238242714620028
0.11095596497151722
0.011392885212215834
-0.08223892928888987
-0.20627231181132172
-0.2676040882189766
-0.14993719696459745
-0.041397119825983056
0.04637348490662206
0.1569413785284452
0.2706170485974441
0.19906127950400881
0.07658189783221322
-0.015889352661992207
-0.11662366654518012
-0.24359269856205068
-0.2392103422593006
-0.11195726255950048
-0.012164357857010366
0.08129936087430799
0.20510317216673446
0.2681233050937252
0.15104521607743454
0.04217558057917882
-0.045602415702373986
-0.15586823657185833
-0.27019633497076184
-0.2001379662633044
-0.07740499253257507
0.01525982020194741
0.1158583800721406
0.24288691259868528
0.23990253681064325
0.11268044244680203
0.012722387253139983
-0.08061890121830159
-0.20425152222275428
-0.26848934436066335
-0.15185315873949262
-0.04274228230466702
0.04504534109665592
0.15509434247367557
0.2698813337475114
0.20091503830738794
0.07800238377583664
-0.01480215505463181
-0.1153011972581946
-0.2423696726151556
-0.24040685720149255
-0.11321098995699555
-0.013132971097416832
0.08011671737365111
0.20362002909197652
0.26875496197963655
0.15245373389410616
0.043163604839606864
-0.04463237286510362
-0.15452067289168075
-0.2696420688060114
-0.201492460206682
-0.07844841722870162
0.014459041915040646
0.11488186091020021
0.2419786050164907
0.24078811971590497
0.11361406856574591
0.013446524648679528
-0.07973100764104472
-0.20313288781818284
-0.26895752481118324
-0.1529191328147072
-0.04349081139660997
0.04431101174688781
0.15407332288320102
0.269452671291974
0.20194489875431967
0.07879952264540367
-0.014186929100634266
-0.11454694335467662
-0.2416652476645666
-0.2410954767339569
-0.11394016064317336
-0.013702300846926946
0.0794134292318701
0.2027299577447063
0.2691246858335374
0.15330683056339084
0.04376458753469577
-0.04404024045439611
-0.15369472287425234
-0.2692910540900578
-0.20233071641552372
-0.07910039933453876
0.013951117379969846
0.11425365014688815
0.24139016724363396
0.24136845664731754
0.11423052908523726
0.013932650637165686
-0.07912379235958449
-0.2023606296328267
-0.269278551947353
-0.15366551653444502
-0.044019418581226946
0.04378552655224252
0.15333638942820466
0.2691373894995526
0.2026993860665401
0.07938939805156808
-0.013721529944174984
-0.1139645336591554
-0.24111841426246186
-0.24164199462051866
-0.11452212590098457
-0.014166871598808833
0.07882525756465059
0.20197797343004142
0.26943880230958617
0.154040742710307
0.044287656097463976
-0.04351451811164091
-0.15295278161371084
-0.26897208023836355
-0.20309779084576313
-0.07970328701185714
0.013468957018534261
0.11364278889438115
0.2408152269834907
0.24195086603842167
0.11485217599370176
0.0144348343444958
-0.07847977446702534
-0.20153295049564737
-0.26962516523677627
-0.15448053559338848
-0.044603501980410284
0.04319305130676028
0.1524956719521247
0.268773321692487
0.20357602686980653
0.08008181085170557
-0.013161433961824023
-0.11324767892524663
-0.24044162606407132
-0.24233397613644622
-0.11526285365899058
-0.014770713872210073
0.07804334877924385
0.20096817688800814
0.2698594787602637
0.1550414761193326
0.04500727278202997
-0.04278110191230067
-0.15190851531796626
-0.26851404887169994
-0.20419323635216877
-0.08057246059281963
0.01276042072724537
0.11272966524454574
0.23994944933372148
0.24283887598638948
0.11580650630919714
0.015217170087997431
-0.0774607225921046
-0.20021062105518697
-0.27016726884689024
-0.15579583847105916
-0.04555032842985329
0.042228435201760395
0.1511205390042561
0.26815787167162564
0.20502372295312654
0.08123573711349195
-0.012216574768931704
-0.11202498966599225
-0.2392754039123504
-0.2435266273705442
-0.11655177324129579
-0.015830204469847425
0.07665924798241132
0.1991627426563207
0.27057822144458726
0.15684024581097505
0.04630090790799127
-0.04147005685525329
-0.1500408858336657
-0.2676535344149647
-0.2061628924885447
-0.08215073520481389
0.011465312876161371
0.11105000456657599
0.2383340499557764
0.24447643251422363
0.11759044003193586
0.016684426259802848
-0.07554248945185056
-0.19769239439321512
-0.27112373638085147
-0.15830549481280534
-0.047350492872738
0.040422505663485
0.14855469313585373
0.2669278116281053
0.20773074078796128
0.08341955212941625
-0.010423523273526955
-0.1096971478445981
-0.2370109522477687
-0.24578751617608285
-0.11904316920090982
-0.01787688394437449
0.07398642701040507
0.1956247700544096
0.27182737791204664
0.16036433682898815
0.04881832766137291
-0.03898433074436289
-0.1465265984397276
-0.26587865573888336
-0.20986637295851154
-0.08516565313006685
0.008991740663036568
0.1078385259083792
0.23516125498405493
0.24757112829842723
0.12105752937914974
0.01952340999402216
-0.0718471889205848
-0.19274822877277262
-0.27268060695049623
-0.16322584317085628
-0.05084643972850296
0.037048774381660335
0.14382386832426264
0.2643763332199772
0.21269935003949877
0.08751451058084916
-0.007071937478764376
-0.10535108045898386
-0.2326284252069364
-0.24991736671412249
-0.12378167382842975
-0.021732990968924587
0.06900078247495568
0.1888642050767508
0.2735971488782064
0.1670874741456946
0.05356690224106034
-0.034542587874749855
-0.14037744740537156
-0.2622923860996864
-0.2162780761164066
-0.09053773408450536
0.004616401594816549
0.10218403698968287
0.229310521374712
0.25281858493484005
0.12728694041411348
0.024539353586377294
-0.06544121937712448
-0.18392711538575374
-0.2743661874623168
-0.17200016786526934
-0.05701447007744803
0.03150055187265051
0.13628405438322355
0.25958284990790803
0.22045941342758277
0.09415635582613177
-0.0017073690578333356
-0.09846448529478932
-0.22528538342608903
-0.2560708924909849
-0.13144063525992744
-0.027799725793207497
0.06141125218814611
0.1782529323302443
0.2746957591880792
0.17766218783701193
0.060994431705334806
-0.02814335308453203
-0.13188428587768714
-0.2564055886716603
-0.22484923873387494
-0.09806873680089845
-0.0013958601634970758
0.09454659027958541
0.22090350142043508
0.2592771324047064
0.13584411015911937
0.03116901093295206
-0.05739963289200534
-0.17254917822801885
-0.2744242873439524
-0.1833760379443065
-0.0650473333632986
0.024853634083702045
0.12768322612880606
0.2531378253629819
0.22893098309141258
0.10182785102501163
0.004339158773046331
-0.09088072413579312
-0.21667923215463958
-0.26204547683292156
-0.13998820673660237
-0.03425652495895261
0.05388433270913087
0.16753927299962548
0.27368652457199094
0.18840984523211618
0.0686706522174152
-0.021991006726864007
-0.12410164635639039
-0.25018781676603263
-0.23232838949667262
-0.1050605777627305
-0.006847312703575581
0.0877900824198408
0.21302871986305139
0.2641933263617997
0.14350838729057278
0.036821241175609906
-0.051088971676375036
-0.16356916789276377
-0.2727730929037323
-0.1924029515613382
-0.07159228088819951
0.01972031469473476
0.12129922769183947
0.24778240109330985
0.23493803832185828
0.10761670300469889
0.008820747494412029
-0.0853744570793277
-0.21012006450725296
-0.2657493084035345
-0.14628524228347944
-0.038812420103219294
0.04899596717081105
0.16061423455356233
0.2719077119403549
0.19537367455770643
0.07379853992732974
-0.018021122023501993
-0.11921919628571394
-0.2459449846789326
-0.23685004278601093
-0.10953397621605765
-0.010297869813154031
0.08357265549071777
0.20791901383253897
0.2668381511927364
0.1483761155620269
0.04029629945543092
-0.047478025930932685
-0.15848393383023257
-0.2711876488845935
-0.1975132739539009
-0.07540703871938699
0.01678810020445165
0.11771658700187013
0.24459108765494392
0.2382194839293986
0.1109320620570386
0.011374476143456769
-0.08226134575460553
-0.2063001125755416
-0.2675914967164075
-0.14991085191658307