0.01694915254237288
0.016949152542373017
-0.042260815264987324
0.045957021032626034
-0.02609925478988915
-0.007014352807824295
0.03657989660376674
-0.047488421678943106
0.034036414159618424
-0.0032444378134871693
-0.029188256208631087
0.04677995295420185
-0.04038450957682443
0.013353425509576827
0.02043788319824829
-0.043866375149888136
0.0448387488847694
-0.022844843888031215
-0.010740093728179244
0.03889004049299051
-0.04718282865234989
0.03127619871250774
0.0005459016017012458
-0.03209195695736337
0.047302039768167416
-0.03824986392196012
0.00967349349488815
0.023797424897782943
-0.04519053177367585
0.043432599799370614
-0.019445878870641586
-0.014398151949103518
0.04095168913601234
-0.046573691576320506
0.028317179369340376
0.004332804806027522
-0.034791564533358174
0.047519783411661784
-0.035870930510185625
0.005932613740250212
0.027006318035357177
-0.04622446580241815
0.04174793065113776
-0.01592404414982205
-0.01796539077550204
0.04275125315825913
-0.04566509016575031
0.025178478605691404
0.008092429818247152
-0.037269517669420105
0.04743172366487325
-0.03326329558982119
0.002154377627199687
0.030043970952000114
-0.04696127175977268
0.03979591196746784
-0.01230171838587047
-0.021419177504893194
0.044276820068468864
-0.04446309876370812
0.021880278998310757
0.011801083008417486
-0.03950961530891909
0.04703845116166298
-0.030443958812013457
-0.0016374199417971969
0.03289079500483832
-0.04739601824398632
0.03758943446513
-0.008601840647365355
-0.024737516758235704
0.045518252926314666
-0.042975733091575756
0.01844368841902727
0.015435349352570786
-0.041497140146606756
0.04634260212275891
-0.027431206323886043
-0.0054189104232359175
0.03552833865834732
-0.047525791419103604
0.035143003867474064
-0.004847777810181739
-0.027899184925595337
0.0464672762239639
-0.04121288093101811
0.014890604912499286
0.01897222364519303
-0.0432189747352848
0.045348834918196176
-0.02424447952068623
-0.009166281231027992
0.03793941918453818
-0.04734972090247107
0.032472625970317665
-0.001063193190365165
-0.030883865256109515
0.04711754729510241
-0.03918621812251599
0.011243582127367015
0.02238924292587755
-0.044663708117203646
0.04406378893336274
-0.020904241190400713
-0.012855905549494558
0.04010825027220462
-0.046868987524693886
0.029595683995415276
0.002728083819964658
-0.03367228277152987
0.04746471182707717
-0.03690911153442642
0.007525695817722562
0.02566462015989496
-0.04582173099695824
0.04249602656936617
-0.017431840506548328
-0.016464472827527964
0.04202056363643919
-0.046086812804879265
0.02653081024306929
0.006502187501627923
-0.03624633782784223
0.047506442359361564
-0.03439651086652579
0.0037604116090162593
0.028777378932563092
-0.04668531761925816
0.04065595954343383
-0.013849377991905762
-0.019969120322565197
0.04366372260617667
-0.045008430354314906
0.023297753926865138
0.010235345417771392
-0.03858923682290875
0.04724245899049554
-0.03166483128606946
-2.854604844151898e-05
0.0317074885883494
-0.047248692734988426
0.03855576095669104
-0.010179571219773816
-0.023347565895334738
0.045026825655474986
-0.043641039787096866
0.01991724685138141
0.013904008378123927
-0.04068561828114085
0.046674531874329336
-0.028731828937773388
-0.003817324021599025
0.034435998890918564
-0.04750808231575449
0.0362092648505389
-0.00644562167258108
-0.02657824202059252
0.046100797929024134
-0.041993744067530994
0.016410868297056555
0.017484981203638495
-0.042521672363488736
0.04580646545500967
-0.025616471312522704
-0.0075820701526324065
0.036945172930268375
-0.04746174699502394
0.03363185516268068
-0.002671082867898203
-0.02964043068320723
0.04687846898180847
-0.04007747155085665
0.01280091013335212
0.02095555461904965
-0.044085251766666694
0.04464406475992344
-0.022338804302803647
-0.011299062920670585
0.039218616690695686
-0.047109997559705276
0.030840346103157647
0.0011202703913451642
-0.032514398489822995
0.04735463519092121
-0.03790488426330641
0.00911024282467738
0.024293638413219756
-0.04536597199222897
0.04319508443211237
-0.018919817526849854
-0.01494484159466818
0.04124140344853129
-0.04645519217848139
0.027852855985960503
0.004904571972263971
-0.035181530969611255
0.047526105587657755
-0.03549027420467479
0.005362182654883141
0.02747789575292326
-0.04635529907674852
0.041469161529068106
-0.015381309190286276
-0.01849633729611334
0.04300019101323259
-0.04550171542303773
0.02468867646588911
0.008657994019803144
-0.03762446469504034
0.0473917301851986
-0.032849449624848995
0.001580360201088385
0.030487878225263047
-0.047046623065264324
0.039477733432222016
-0.011745751403672663
-0.021931005252187365
0.04448332977035165
-0.044255939506850854
0.021368138946206643
0.01235687671162021
-0.039827215557856656
0.046952410228787066
-0.029999613309148486
-0.002211410147163601
0.033304160836744034
-0.047435315764878916
0.03723394248748656
-0.008036156519799859
-0.02522695831259951
0.04568095952972551
-0.04272616852466138
0.01791247965459907
0.015977858634710653
-0.04177530131463088
0.04621109016081293
-0.02695923489376023
-0.005989259994051518
0.03590847584097858
-0.04751877161762195
0.034752529216265836
-0.004275944726234875
-0.028363101531456342
0.04658509331757031
-0.04092256681432094
0.014343704557725809
0.01949800816987699
-0.04345585638914299
0.04517273146353553
-0.023747919117593753
-0.00972939653650213
0.03828384393465185
-0.047296430867097235
0.03204971608173011
-0.0004888128496170346
-0.03131926729209979
0.04718968646217181
-0.03885707286967953
0.010684454929693617
0.02289495611197566
-0.04485773689306195
0.04384426890873634
-0.02038627170663085
-0.01340823245199552
0.040414701084658514
-0.04676978455002738
0.029143083851606924
0.0033013958874023065
-0.034076350099965624
0.047490689592860236
-0.03654330049450276
0.006957874039920604
0.026147029527112262
-0.045971613898528274
0.04223455009739803
-0.01689576429885272
-0.01700251653137946
0.04228701905402274
-0.045942361211596144
0.02605144255602286
0.0070708215622293895
-0.0366164398158699
0.047486084485106994
-0.033996429086962585
0.0031874751097176746
0.029233386559529582
-0.04679005315503771
0.04035425950327826
-0.013298599479223058
-0.020489465404429072
0.043888417596023216
-0.044819695613606325
0.022794698895401283
0.010795717184117204
-0.03892295178269985
0.04717590202721099
-0.031233085065441923
-0.0006029895748578505
0.032134151566363914
-0.04730757967272155
0.03821582852962836
-0.009617576637445127
-0.023846896527673578
0.045208266289083546
-0.043409280068319095
0.019393721718515625
0.014452578753134233
-0.04098075204295161
0.046562221944818086
-0.028271216475036165
-0.004389658702335108
0.03483054960235074
-0.04752072587808302
0.03583333333356338
-0.005875959018414131
-0.02705336235845006
0.04623777408350982
-0.04172049937914982
0.015870206885121536
0.018018276178428515
-0.04277627567610804
0.04564915428885361
-0.025129962742106236
-0.008148691562254735
0.03730503893008532
-0.047428062371174425
0.033222382351246436
-0.002097342033094779
-0.030088285335422914
0.0469700648120657
-0.03976455069135011
0.012246542480340343
0.021470185359356596
-0.044297636215887094
0.0444428030616553
-0.021829521372926507
-0.011856397750875802
0.039541439927507326
-0.047030210662126336
0.0303999955528648
0.0016944773460728958
-0.0329320929421638
0.04740023716337516
-0.03755434983836896
0.008545674992087693
0.02478632153496638
-0.04553472413897758
0.04295121271647079
-0.01839101313462896
-0.015489367437554994
0.041525058531870516
-0.04632983762910497
0.02738447745650701
0.005475630457256138
-0.03556635177368382
0.04752540791379262
-0.03510442599739594
0.0047909767293480635
0.027945473743699933
-0.04647929254066184
0.04118429860740226
-0.0148363469357388
-0.019024602594059855
0.04324280221888918
-0.045331631809947245
0.024195285828815777
0.009222306547225547
-0.037973899188274644
0.04734473754501565
-0.03243080662398513
0.0010061144723395726
0.030927339917686265
-0.047125028314387245
0.039153762778943065
-0.01118808527046676
-0.022439649440429865
0.04468328647609421
-0.04404226200730435
0.020852897802256437
0.012910882591302266
-0.04013897084100333
0.046859437729046285
-0.029550894704997333
-0.0027850808791424174
0.033712661785519085
-0.04746760741527069
0.03687299675271123
-0.007469310738524783
-0.025712732143361283
0.04583692978874983
-0.04247031904323777
0.017378674860030113
0.016518053800923145
-0.04204732218762495
0.046072760528904126
-0.02648334034023119
-0.006558744048980797
0.036283358402810065
-0.047504733095641585
0.03435697317795949
-0.0037034938300815126
-0.028822887522360424
0.04669603530451548
-0.040626241833800314
0.013794727806115605
0.02002096518546025
-0.04368634193573655
0.04498996953379729
-0.023247908533041234
-0.010291104995837422
0.038622656803930296
-0.047236156340055076
0.03162212834525074
8.563810459308319e-05
-0.0317501001893841
0.047254857564058485
-0.03852222925516207
0.010123782481679625
0.023397344366202846
-0.045045155409465354
0.04361829351268273
-0.019865344846819538
-0.013958618886363086
0.040715218002523215
-0.04666367808610106
0.028686237604608048
0.0038742309865878143
-0.03447543719279085
0.04750965296232612
-0.03617213952587643
0.006389046642655112
0.026625635603678432
-0.04611471588014031
0.041966863521168365
-0.016357240286623442
-0.01753809687477385
0.0425472563870561
-0.045791133186028066
0.025568285671313667
0.00763843366267614
-0.036981180886684506
0.04745871292361986
-0.03359137901861853
0.0026140781042936698
0.029685134702835698
-0.04688788208599119
0.04004663472297558
-0.012745896421738817
-0.021006838014012492
0.044106650474837784
-0.04462435643392725
0.022288333644268916
0.011354527570907888
-0.03925095843513771
0.04710237911966766
-0.030796782522708878
-0.0011773459938354061
0.03255612412100438
-0.04735948040289442
0.03787029447597126
-0.009054191408335986
-0.024342762435021696
0.04538304300611495
-0.04317113134533979
0.018867384314621635
0.014999056904333799
-0.04126986611719208
0.046443040422547335
-0.02780648699245289
-0.004961359134498643
0.03522000724679704
-0.04752635041897722
0.03545215846903099
-0.005305447233212017
-0.02752454567548134
0.04636792847181624
-0.04144112272121324
0.015327247028365826
0.018548959689986096
-0.043024586444637275
0.045485111654179206
-0.024639800728903913
-0.008714135029096678
0.037659440476005654
-0.04738737299353224
0.032808056863106366
-0.0015232982053687907
-0.030531753728193372
0.04705472636051536
-0.03944579434501909
0.011690403015924368
0.021981700061123828
-0.044503496051037726
0.04423499456254693
-0.021317069757132705
-0.012412017378523035
0.03985846141574503
-0.046943480232568974
0.029955212471880557
0.0022684395115977647
-0.033344978031765005
0.047438838665729025
-0.03719831343715027
0.007979871747365502
0.025275401792326655
-0.04569676235674895
0.04270102181304038
-0.017859542891954433
-0.016031650262407823
0.04180261132855674
-0.0461976471789748
0.02691211300231937
0.006045897698904686
-0.035945969270304155
0.047517690497502686
-0.03471344370879168
0.004219078544134107
0.028408982894269966
-0.04659642715126494
0.04089338512149811
-0.014289236657177774
-0.019550109540984364
0.04347904980260334
-0.045154865385585635
0.023698379258953614
0.009785285682293038
-0.038317768517100954
0.04729075297803779
-0.03200742900160177
0.00043172340006335935
0.0313622907409522
-0.0471964754462547
0.038824048961925775
-0.01062880086832639
-0.02294503549459761
0.04487665960978746
-0.04382209890590002
0.02033463100415065
0.013463020227851584
-0.0404448339816124
0.046759547957952924
-0.02909786955456689
-0.003358349250165593
0.03411623684903722
-0.047492888223409475
0.036506651542383924
-0.006901385339225283
-0.02619476669811684
0.045986139787190405
-0.04220822359071201
0.016842351877659083
0.017055856189062083
-0.04231316142513737
0.04592763445765244
-0.02600359289513883
-0.0071272802224411486
0.03665293007658107
-0.04748367801490686
0.033956394941033814
-0.0031305078573974146
-0.02927847483824916
0.04680008513720006
-0.040323950909273334
0.013243754439585906
0.020541018250637172
-0.043910396213904454
0.04480057710836707
-0.022744521206765497
-0.010851325217860938
0.03895580668972989
-0.047168906597282186
0.031189926414229942
0.0006600766876295634
-0.03217629984665761
0.04731305057233803
-0.038181737808338334
0.009561646044184385
0.02389633393546277
-0.04522593498293426
0.04338589723111479
-0.019341536788772234
-0.01450698489166739
0.0410097554916046
-0.046550684440468545
0.028225212915712547
0.004446506333988201
-0.0348694843655957
0.04752159901545243
-0.03579568436682304
0.0058192959094673855
0.02710036779443026
-0.04625101498390902
0.041693007539828075
-0.015816346918017393
-0.018071135787176527
0.04280123604057402
-0.04563315192316579
0.02508141079239576
0.008204941671383935
-0.037340506216692756
0.047424331889350246
-0.03318142118133624
0.002040303446241766
0.030132556394462707
-0.04697878937231004
0.03973313177635859
-0.012191349074118916
-0.021521162435800413
0.044318387917687545
-0.044422442694838034
0.02177873244950796
0.01191169555178561
-0.03957320724046622
0.047021901579173735
-0.030355988512296823
-0.0017515323324960932
0.03297334337598046
-0.04740438693695033
0.03751921086692872
-0.008489497134289523
-0.024835090725150832
0.04555112903609382
-0.04292662992481365
0.018338311518852637
0.015543363367603142
-0.041552916642989095
0.046317005615146324
-0.02733770921897557
-0.0055323426759398935
0.03560431349439204
-0.04752495507230836
0.0350657974164577
-0.004734168810866746
-0.02799172237267117
0.04649124111034489
-0.04115565652052047
0.014782067742325038
0.019076954297894005
-0.043266566847050436
0.04531436269351166
-0.024146057409048127
-0.009278318693124721
0.038008324223202494
-0.04733968512613165
0.032388940512385944
-0.0009490343187137859
-0.030970770024070674
0.04713244060619236
-0.03912125070840221
0.011132572429458552
0.022490023773442263
-0.0447027998070187
0.044020671020964935
-0.02080152452884558
-0.012965841179935222
0.040169633211321235
-0.046849819609368126
0.029506062877547784
0.0028420739640864397
-0.03375299214506905
0.04747043375520105
-0.036836828638750235
0.007412914995629669
0.02576080719290197
-0.0458520618073613
0.04244454982374339
-0.017325484340641725
-0.016571611140158187
0.042074019680910124
-0.04605864112239837
0.02643583238125051
0.006615291233837486
-0.03632032652054077
0.04750295452719459
-0.0343173858836349
0.0036465707660420996
0.028868354640605432
-0.046706684913832744
0.040596465196723386
-0.01374005789918397
-0.020072781365194182
0.043708897741685834
-0.044971443221832094
0.02319802978615254
0.010346849874156816
-0.03865602084995185
0.047229784793247055
-0.03157937982866097
-0.00014273003855173882
0.03179266602653064
-0.04726095346833526
0.03848864176828528
-0.010067979283340092
-0.0234470892672674
0.04506341958857222
-0.043595483817212864
0.01981341438382505
0.014013209438242982
-0.0407447586632692
0.04665275627104803
-0.028640604999738008
-0.00393113242274884
0.03451482571386578
-0.04751115429668772
0.036134961908903744
-0.00633246249267487
-0.026672990923256205
0.0461285666371308
-0.04193992203770795
0.016303588873371848
0.017591187443460443
-0.04257277860161008
0.045775734213237405
-0.025520063306384656
-0.0076947862672899735
0.03701713535019842
-0.047455609617479314
0.033550854399056904
-0.0025570696105052734
-0.02972979598882172
0.046897226822947086
-0.040015739834660696
0.012690864493540059
0.02105809130113851
-0.044127985025593515
0.04460458316898546
-0.022237831023374725
-0.011409975998630749
0.0392832433075801
-0.047094691986565816
0.030753174578701227
0.001234419916394485
-0.032597802802430076
0.047364256531024246
-0.03783564987400212
0.008998127062181338
0.024391851514743837
-0.04540004793402283
0.043147115511027595
-0.018814924084134002
-0.015053250763611782
0.04129826889433806
-0.04643082097459689
0.027760078012782755
0.0050181392157991195
-0.035258432642092497
0.047526525912689827
-0.03541399150785206
0.005248704239245727
0.02757115602347591
-0.046380490288806545
0.041413023765088264
-0.015273162944501109
-0.018601555524778664
0.04304891934907805
-0.045468441644870905
0.024590889618303857
0.008770263594956876
-0.03769436175600877
0.04738294667561251
-0.032766616780586115
0.001466234036063746
0.03057558525644342
-0.04706276103510494
0.0394137980949955
-0.01163503792447678
-0.022032363351728028
0.044523597575314246
-0.044213985267166724
0.021265970011547196
0.012467140307533823
-0.03988964949444411
0.04693448178468214
-0.029910768505267263
-0.0023254656391170983
0.033385747114700166
-0.04744229236206637
0.03716263057135311
-0.007923575581411019
-0.025323808974416558
0.04571249862289025
-0.0426758130612128
0.01780658056383526
0.016085418955563282
-0.0418298606519316
0.04618413687728577
-0.02686495242974596
-0.006102526773906949
0.035983410742596866
-0.047516540052948295
0.034674308068723
-0.004162206340909254
-0.028454823390721952
0.04660769306020437
-0.040864144101250256
0.014234748325661288
0.019602182908762353
-0.0435021800048121
0.04513693356684724
-0.023648805393754094
-0.009841160852284482
0.0383516376187839
-0.047285006109620366
0.0319650957791786
-0.00037463333449870573
-0.03140526899586071
0.04720319559428064
-0.03879096881896779
0.01057313162376175
0.022995081963303233
-0.04489551700634671
0.04379986517480508
-0.02028296116541821
-0.013517788758542093
0.04047490822260272
-0.046749243193519766
0.029052613383676387
0.003415297820485868
-0.0341560743479344
0.04749501756724679
-0.036469949801789664
0.006844886786456707
0.026242466233377535
-0.04600059867660043
0.0421818357844755
-0.016788915355662543
-0.01710917143864267
0.04233924233905438
-0.04591284079310873
0.025955705876910845
0.007183728707778159
-0.03668936733174387
0.04748120227200249
-0.03391631178093464
0.003073536137834544
0.02932352097879358
-0.04681004888545699
0.04029358384014682
-0.0131888904693402
-0.02059254166237459
0.04393231097038908
-0.044781393397942806
0.022694310894845554
0.010906917749783149
-0.038988605165083366
0.04716184237319448
-0.03114672282226002
-0.0007171628585605182
0.032218401736233665
-0.047318452458699825
0.03814759180885022
-0.009505701795134054
-0.023945737049392304
0.045243537828501934
-0.04336245132297706
0.019289324156720036
0.014561370286578272
-0.041038699438523174
0.04653907908077956
-0.02817916875859232
-0.00450334761982539
0.03490836876551522
-0.04752240282244192
0.035757983665747846
-0.005762624494344039
-0.027147334274740854
0.046264188483538124
-0.04166545517442155
0.015762464325946322
0.01812396952557694
-0.04282613421411412
0.04561708309291662
-0.02503282282715877
-0.008261180065210712
0.03737591947652927
-0.04742053222507342
0.03314041214047275
-0.0019832619480370725
-0.030176784064223663
0.046987445427252944
-0.039701655269430786
0.012136138246316819
0.02157210866046783
-0.04433907514254752
0.044402017693996876
-0.021727912301568814
-0.011966976331905738
0.03960491720035702
-0.04701352392542798
0.030311937754848396
0.0018085848196500165
-0.03301454624550789
0.04740846755840151
-0.03748401760305759
0.008433307154305625
0.024883824257904776
-0.045567467592829494
0.042901984753591915
-0.018285583647666533
-0.015597337065106489
0.041580714438179095
-0.04630410610034398
0.027290901679533755
0.005589046998292029
-0.03564222376425058
0.04752443289533938
-0.03502711818181105
0.004677354135850749
0.028037930744958604
-0.046503121914884295
0.04112695471329599
-0.014727767410223067
-0.019129278681173593
0.04329026858398574
-0.04529702759501751
0.0240967943328686
0.009334317588595955
-0.03804269423808586
0.047334563653500306
-0.032347027697144815
0.0008919528109355285
0.03101415551150519
-0.04713978415925399
0.03908868195939995
-0.011077043683851484
-0.022540365851937423
0.044722248080496955
-0.043999016006912535
0.020750121444435422
0.013020781236575966
-0.04020023733730996
0.04684013318026477
-0.02946118857871828
-0.002899062993456082
0.03379327379066702
-0.04747319084256972
0.036800607246246314
-0.007356508669641784
-0.02580884523854502
0.04586712702986918
-0.042418718949613195
0.01727226902497296
0.01662514476817833
-0.04210065607620507
0.046044454606762306
-0.02638828643535021
-0.006671828975406361
0.036357242126205266
-0.0475011066567254
0.03427774904203623
-0.003589642498152655
-0.02891378022079275
0.046717266431043694
-0.040566629676771465
0.01368536834956681
0.02012456878693037
-0.04373138999002705
0.04495285144642699
-0.023148117758532698
-0.010402579972931583
0.03868932891124838
-0.04722334435975578
0.03153658579913056
0.0001998217688551837
-0.031835186037207586
0.04726698043855272
-0.03845499854610443
0.010012161704625808
0.023496800526368714
-0.045081618165179166
0.04357261073506022
-0.019761455537381414
-0.014067779955406708
0.0407742402191516
-0.046641766445747815
0.02859493118989044
0.003988028248853741
-0.03455416439593442
0.04751258631655571
-0.03609773205474391
0.006275869303477802
0.026720307910304462
-0.046142350178999265
0.041912919657595825
-0.01624991413447572
-0.017644252833234886
0.042598238968782315
-0.04576026855996189
0.02547180428790162
0.007751127885922519
-0.037053036267408274
0.04745243708132156
-0.03351028136377669
0.0025000574678930645
0.02977441447574254
-0.046906503178484035
0.039984786932095576
-0.012635814427665676
-0.021109314406313903
0.044149255386745356
-0.04458474499496505