-0.23232323232323226
-0.23232323232323224
-0.1057837889201382
0.002523205370340245
0.11187779806252238
0.2374680900612995
0.22647214700170093
0.09938780947611267
-0.008277079269328691
-0.11932958592709178
-0.24304448664530126
-0.2183781454714335
-0.09105507398682841
0.01624945460302367
0.12998041329461033
0.24956768932052434
0.20618601602382033
0.07919552477205721
-0.02799931103144225
-0.145564626902545
-0.2560243516079463
-0.1885647098922203
-0.06312793575104944
0.04413271756612065
0.16607667382486033
0.2590859068509652
0.16696856825882933
0.044857524891256315
-0.06240613194155781
-0.187743546024278
-0.2562421821673934
-0.1463107155692845
-0.028570441506843722
0.0786248043582223
0.20558151416046916
0.24984520671453384
0.1305060919198948
0.016641980127467357
-0.09065331101596497
-0.21797719326605372
-0.24329004130997034
-0.11968538698357548
-0.008545801198858144
0.09909947550136677
0.22619993005089123
0.23767915082667712
0.11214126862710941
0.002732653168146748
-0.1055417257222448
-0.23210925117372785
-0.2325360977537865
-0.10602534731346908
0.002314917730956087
0.11161655347951482
0.2372578311489178
0.22674069452720863
0.09967292602716765
-0.00801202609895453
-0.11897909816933873
-0.24280073568065727
-0.21877224202686907
-0.09145085608515136
0.01586332666230618
0.12946317687231965
0.2492905416771513
0.2067810462405646
0.07975877028629222
-0.02743598552070288
-0.14482747897352452
-0.2558010178761926
-0.18937845862629876
-0.06384546880469519
0.04341204231987994
0.16518722375248068
0.25907529110702243
0.16786186801066297
0.045585659917511456
-0.06168083968041896
-0.18691580808854044
-0.2564540518263168
-0.14706509601673334
-0.029148939021558712
0.07804703509881925
0.20496793499334465
0.25012274844853066
0.1310399333698723
0.01704072134422545
-0.09024575525782712
-0.2175695417895045
-0.24353722921533333
-0.12004637809382968
-0.00881810785084522
0.09880801711406027
0.22592412071110052
0.23789092779609447
0.11240689455908051
0.00294320890617486
-0.10529921952642407
-0.23189421444229585
-0.23274779011763427
-0.10626634112640485
0.0021078384040522785
0.11135759774835241
0.23704845458385956
0.22700550805071337
0.09995474440821575
-0.00775071220490095
-0.11863402689520028
-0.24255894631119562
-0.21915935331721387
-0.09184049481455933
0.015483751194645068
0.12895462434094457
0.24901409450442263
0.20736625706431003
0.08031415566045425
-0.026880860024450906
-0.14409986668601654
-0.2555726487243332
-0.1901840035783932
-0.06455798597798831
0.04269626724658092
0.16430122444607578
0.25905411047811006
0.1687555468221837
0.0463163184095057
-0.06095284245629204
-0.186082349228877
-0.25665952602551423
-0.14782710061853627
-0.0297343493157972
0.07746265743490771
0.2043456919395726
0.25039996820958665
0.13158164405211975
0.017445486706868865
-0.08983260263840692
-0.21715535665900454
-0.24378587839881596
-0.12041243137206542
-0.009093913220936528
0.09851352725083612
0.225644796852731
0.23810333912637166
0.11267460858715511
0.003154825013657922
-0.10505632420082375
-0.23167817614405778
-0.23295826343043974
-0.10650672240187023
0.0019020031613229404
0.11110097565911445
0.2368400270955991
0.22726654586052134
0.10023320735523869
-0.007493184293270436
-0.11829444164603313
-0.24231925362456813
-0.2195393916391423
-0.09222386885178574
0.015110841031958783
0.12845493930989332
0.24873865069482515
0.2079413712681112
0.08086135986534548
-0.02633426333396184
-0.14338229935324823
-0.25533970771938996
-0.19098064522449426
-0.06526481277241414
0.041986090254758135
0.1634196065539285
0.2590224633061721
0.1696486355662163
0.04704873251907035
-0.060222889068148336
-0.18524399367431899
-0.25685820441378227
-0.14859607972930022
-0.030326229581783937
0.07687209863719081
0.20371518832310398
0.2506765321698388
0.13213094109131118
0.01785609346160892
-0.08941403822915554
-0.21673479401424167
-0.24403582648709618
-0.12078343051719356
-0.00937314138553648
0.09821608612736028
0.22536202509728637
0.23831631549334018
0.11294435790125998
0.00336746711224907
-0.10481307616277666
-0.23146117550019837
-0.2331674907635435
-0.10674646398743148
0.0016974279895456829
0.110846704983327
0.236632593950207
0.2275237976491397
0.10050829047594029
-0.007239456870314895
-0.11796036742404115
-0.24208176117661995
-0.21991232301735494
-0.09260091046226218
0.014744655151675806
0.12796423133849766
0.24846447380656017
0.20850620087367325
0.08140014485817954
-0.02579643935197805
-0.14267517519769077
-0.25510264011432016
-0.19176780362518453
-0.06596537380188752
0.041282110139588046
0.16254318731467202
0.25898048901756165
0.1705402622266946
0.04778220415186957
-0.059491660541115196
-0.1844014981572874
-0.2570497289532181
-0.1493714368752695
-0.03092417544297099
0.0762757461440724
0.20307678869643397
0.2509521309493929
0.13268757692404834
0.018272385885508752
-0.08899021792563636
-0.21630798192399478
-0.24428693102103147
-0.12115928672710136
-0.009655738227370494
0.09791574913764417
0.22507584909109668
0.23852980797605156
0.11321611457202785
0.0035811218436098136
-0.10456948592640276
-0.23124322906426764
-0.23337547058504096
-0.10698556716656493
0.00149410304639698
0.11059476945736534
0.236426172642634
0.22777729070731592
0.100780009269333
-0.006989506227104023
-0.1176317770923553
-0.2418465343430744
-0.22027817503922525
-0.09297161403492629
0.014385190803289594
0.12748252529815438
0.2481917790002517
0.20906065958209072
0.08193036858048058
-0.02526753435813965
-0.1419787634990314
-0.2548618599236925
-0.19254504063472586
-0.06665921439061481
0.04058480459441052
0.16167264098978035
0.2589283593612578
0.17142968464672964
0.04851613302911717
-0.058759742242140214
-0.18355551859147187
-0.2572337885608588
-0.15015265987392673
-0.031527845127890086
0.07567392375880015
0.202430792766563
0.25122648925950974
0.13325136177296015
0.018694252006006565
-0.08856125180520193
-0.21587500323704012
-0.24453907827356353
-0.12153995319562579
-0.009941682035274416
0.09761253611648854
0.22478627893050676
0.23874379459460254
0.11348988459155118
0.003795803483023802
-0.10432553122988496
-0.23102432414373442
-0.23358223139052234
-0.10722406749242491
0.0012919883061792425
0.11034511405251812
0.23622074834139623
0.22802709349007622
0.1010484234328883
-0.006743267068517647
-0.11730858739935579
-0.24161359611970276
-0.22063704039862841
-0.09333604035872983
0.014032379885464075
0.12700975652129118
0.24792072700062012
0.20960476835723335
0.08245199153880606
-0.02474759078576827
-0.14129319531094314
-0.25461773919425623
-0.19331207260991407
-0.06734601398958756
0.03989451648470792
0.1608084792516316
0.25886626816346886
0.17231631385022017
0.04925003750602326
-0.058027603129764516
-0.18270658438409387
-0.2574101200971881
-0.15093934562343653
-0.03213697907624305
0.07506687242986237
0.20177741382987258
0.2514993725392761
0.13382218238130278
0.01912163760866542
-0.08812719033895247
-0.21543588109171466
-0.2447921899440868
-0.12192543719220089
-0.010230992259257221
0.09730642267944245
0.22449328244795758
0.2389582850885435
0.11376571495905394
0.004011558933876405
-0.10408115214237032
-0.23080441391501705
-0.233787834395102
-0.1074620385182174
0.001091011098202102
0.11009764272157868
0.2360162713095134
0.22827331647358554
0.10131363832430229
-0.006500631853434191
-0.11699065867472026
-0.24138292554278368
-0.22098907617432764
-0.0936943165994846
0.0136860895655911
0.12654577172988235
0.2476514213983691
0.21013865416613875
0.0829650768540631
-0.02423654759170764
-0.14061846295433
-0.2543706002380493
-0.19406877317805332
-0.06802559082284207
0.03921144899401589
0.15995104252675105
0.2587944205910099
0.17319972657170118
0.04998356684358618
-0.05729558344988164
-0.1818550820953152
-0.2575785058515573
-0.1517312168377875
-0.03275141359373862
0.07445473696069624
0.2011167632548233
0.25177059015898046
0.13440001568497545
0.019554556551399385
-0.08768801441105704
-0.21499056809474226
-0.24504622728143582
-0.12231580890710551
-0.010523735839939707
0.09699733419991602
0.2241967789305494
0.23917332365333335
0.11404369837763581
0.004228470814410329
-0.10383624840901896
-0.23058341450795328
-0.23399237419487937
-0.10769959326651654
0.0008910656086511676
0.1098522186399878
0.2358126563836866
0.22851611040767889
0.10157580364251778
-0.006261452726268657
-0.11667779799124184
-0.2411544587076433
-0.22133449916282233
-0.0940466322378628
0.013346126837061642
0.12609033532788402
0.24738390933987545
0.21066254237249274
0.08346978414414472
-0.02373424681736626
-0.13995442783902995
-0.25412071131918823
-0.19481516638880902
-0.06869789786204489
0.03853566955243588
0.159100502415319
0.2587130229177816
0.1740796665082905
0.05071650432828534
-0.0565638915020447
-0.1810012493971212
-0.25773876797424533
-0.1525281296469586
-0.033371087640932065
0.07383755953084492
0.20044884208298575
0.25203999504235514
0.1349849364817824
0.019993096679177327
-0.08724362981561495
-0.21453893990969333
-0.2453011923803733
-0.12271120647917481
-0.010820030704500688
0.09668514279699597
0.22389663567120088
0.2393889894935233
0.11432397529177471
0.004446658476053453
-0.10359067914546954
-0.23036120420409353
-0.2341959774346464
-0.10793688342405153
0.0006920142945539831
0.10960866680675567
0.23560978446177688
0.2287556622235245
0.10183510956078767
-0.006025545766294049
-0.1163697653815785
-0.24092809219414943
-0.2216735778164997
-0.09439323147235709
0.013012246475372594
0.12564314031921886
0.24711818541116143
0.21117674366832856
0.08396635799467134
-0.0232404455484318
-0.13930083562684564
-0.25386828599230576
-0.19555141122386666
-0.06936301082979676
0.037867121845122836
0.15825687451355855
0.25862227369282004
0.17495603463928783
0.051448761315410776
-0.05583260942715848
-0.18014517951452397
-0.257890760536957
-0.1533300716559418
-0.03399604234259236
0.07321528041722941
0.19977354030628772
0.2523074798274814
0.13557711858007546
0.020437420938852965
-0.08679386659228715
-0.21408079369281202
-0.24555712659185783
-0.12311183687929235
-0.011120046208691545
0.09636966751126037
0.22359266756750962
0.23960539518916768
0.11460673316241708
0.0046662769190383285
-0.10334426485347911
-0.23013762476505878
-0.23439879962968604
-0.10817409637698475
0.0004936910547630458
0.10936677874660623
0.23540750583646963
0.2289921889709656
0.102091780673637
-0.005792697168233843
-0.1160662825524444
-0.24070368857515084
-0.22200662149575068
-0.09473440276332692
0.012684161692670198
0.12520382289007603
0.24685419832623534
0.21168163669769946
0.0844551120533222
-0.022754832202867864
-0.13865733735623792
-0.2536134860122329
-0.1962777789300837
-0.07002110940623738
0.037205644713691116
0.1574200403160066
0.2585223570383707
0.1758288696735484
0.05218036287634463
-0.05510170736651741
-0.17928683562401465
-0.25803436005453756
-0.15413715069810685
-0.03462641328961516
0.07258774582823749
0.19909064387192252
0.2525729699202466
0.1361768293291028
0.020887763599252027
-0.08633848325666021
-0.2136158515088703
-0.24581410616862948
-0.12351797257747492
-0.011424000488863079
0.0960506776568632
0.22328463980184818
0.23982268299597248
0.11489220303352254
0.004887513686440387
-0.10309679160711831
-0.22991248479180088
-0.2346010203775704
-0.1084114503075396
0.0002959059221866456
0.10912631896402876
0.23520564512561476
0.2292259302343379
0.10234606820706504
-0.0055626708963408406
-0.11576704345054015
-0.24048108359093476
-0.22233396783017187
-0.09507046629586963
0.012361556700206514
0.12477197956988767
0.24659185988662757
0.21217764767556607
0.08493640995241661
-0.022277045913087434
-0.13802351490793463
-0.25335642749350407
-0.19699462496395467
-0.07067245314344678
0.03655099642543712
0.15658977639903598
0.2584134385900904
0.17669832024263374
0.05291142622113493
-0.05437106485108324
-0.1784260740848862
-0.25816945536951297
-0.15494957508210297
-0.035262416140194416
0.0719547223386678
0.19839984900369256
0.25283641398157347
0.1367844178203757
0.021344421764347116
-0.08587717570163532
-0.21314376857495337
-0.24607223542374196
-0.12392994415587072
-0.01173215485667671
0.095727899168408
0.22297227347023846
0.24004101930385938
0.1151806535819926
0.005110583916506928
-0.10284801715838986
-0.22968556491812941
-0.23480283726000653
-0.10864918765386666
9.845098406331687e-05
0.10888703274079052
0.23500400748752343
0.22945713951340185
0.10259824099090109
-0.005335217319697105
-0.11547172599710832
-0.24026009451731814
-0.22265596900986184
-0.09540176017958416
0.012044100358996265
0.12434718584515643
0.24633105558776552
0.21266522835239426
0.08541064433546211
-0.02180669770426072
-0.13739890908429955
-0.253097189805877
-0.19770235750153928
-0.07131735378506027
0.03590288258674969
0.15576578878318958
0.25829566435461904
0.17756461085135383
0.05364213343394311
-0.05364049791032903
-0.17756267490702793
-0.2582959377962608
-0.15576762659654952
-0.0359043263938551
0.07131591705624968
0.1977007830288974
0.253097772526545
0.13740029738724174
0.021807742615674947
-0.08540959030285195
-0.2126641459274949
-0.24633163780646128
-0.1243481292357232
-0.012044805516361112
0.09540102361569511
0.22265525388266547
0.24026058756168023
0.11547238295902404
0.005335723813988072
-0.10259767863243499
-0.22945662456307558
-0.2350044587776616
-0.10888756729337046
-9.889280018612889e-05
0.10864865483568666
0.2348023857692645
0.22968607506527833
0.1028485757114456
-0.005110082330613774
-0.11518000430958028
-0.2400405292304138
-0.2229729778082573
-0.09572862619663872
0.011731460115808237
0.12392901512395471
0.24607165620145258
0.21314483364438339
0.08587821525783196
-0.02134339218423198
-0.13678304857527546
-0.25283582655006653
-0.19840140450727206
-0.0719561457663919
0.03526098589614968
0.15494775021731472
0.2581691625224273
0.17842800384162294
0.05437270030821091
-0.052909790134800724
-0.17669637751062955
-0.25841369235629086
-0.15659162790238523
-0.03655245450915584
0.0706710023616966
0.1969930305665249
0.25335700540313133
0.1380249233160356
0.022278107032231168
-0.08493534055541231
-0.21217654688954452
-0.24659244539861264
-0.1247729382625687
-0.012362273009922556
0.09506971943760581
0.2223332411336287
0.24048158003989525
0.11576770882666518
0.005563182866044569
-0.10234550142244062
-0.22922540990427734
-0.23520609668696354
-0.1091268558497624
-0.00029634823566937474
0.10841091863222226
0.2346005682129078
0.22991299069228924
0.10309734695983644
-0.004887016462242072
-0.11489156075737557
-0.23982219546967495
-0.22328533408763418
-0.096051395870272
0.011423315469915124
0.1235170570163857
0.24581352965259728
0.21361690016484416
0.0863395091715713
-0.020886748528895216
-0.13617547816060693
-0.25257237786224296
-0.1990921812990318
-0.0725891566592711
0.03462499594284493
0.15413533809241364
0.25803404804935637
0.17928875974506497
0.055103343217347875
-0.052178725769878906
-0.17582691959435076
-0.2585225908233912
-0.15742190621881463
-0.03720711776988629
0.07001964383718107
0.1962761636596785
0.25361405896632505
0.13865876692177742
0.022755910415722252
-0.08445402639663092
-0.21168051652745828
-0.24685478740871272
-0.1252047978445364
-0.012684889902774873
0.0947336448443772
0.22200588243561376
0.24070418885171166
0.11606695707261183
0.005793215180613195
-0.10209120884856279
-0.2289916626849087
-0.23540795812175128
-0.10936731855082257
-0.0004941343461395409
0.10817356528033771
0.23439834633382622
0.2301381269364258
0.10334481757431713
-0.004665783548703992
-0.11460609724474641
-0.2396049098156014
-0.22359335246893475
-0.0963703775655608
0.011119370284178115
0.12311093399169558
0.24555655252353414
0.21408182677315354
0.08679487960758814
-0.020436419651744864
-0.13557578462746894
-0.252306883240151
-0.1997750604227626
-0.07321667924899647
0.03399463733498924
0.15332827074971933
0.25789042961622627
0.18014709841920867
0.05583424602327426
-0.05144712284294413
-0.17495407678182284
-0.25862248714791863
-0.15825875540830608
-0.037868610484635204
0.06936152982332017
0.19554977421372544
0.2538688537757217
0.13930228734246475
0.023241541702312102
-0.08396525522383493
-0.211175603122849
-0.24711877829513856
-0.12564413246925588
-0.013012987315136323
0.0943924617506467
0.22167282561546922
0.24092859668993147
0.11637044975333395
0.00602607036826934
-0.10183453210966921
-0.2287551294262451
-0.23561023788785376
-0.10960921008121319
-0.0006924590115277574
0.1079363523878566
0.23419552258297552
0.23036170310829046
0.10359122974755375
-0.004446168506767739
-0.11432334517067777
-0.23938850592490216
-0.22389731176578823
-0.09668584525994323
0.010819363335266174
0.12271031558674035
0.2453006205547452
0.21453995811518467
0.08724463054597936
-0.01999210857670429
-0.13498361904976225
-0.25203939406275677
-0.20045034547484
-0.07383894680309078
0.03336969457300552
0.15252634007776872
0.25773841839684014
0.18100316329731952
0.056565529020653496
-0.05071486432155417
-0.17407770065144068
-0.2587132156504449
-0.15910239869648618
-0.038537174235889884
0.06869640091692489
0.1948135069264133
0.2541212736236472
0.1399559025732712
0.02373536167248827
-0.08346866349363913
-0.21066138054299924
-0.24738450618508429
-0.12609134553897963
-0.013346880985828466
0.0940458500272384
0.2213337330918156
0.24115496776319376
0.1166784928727873
0.006261984424367845
-0.10157522002965999
-0.22851557058506267
-0.23581311131647084
-0.10985276588424572
-0.0008915121517123342
0.10769906183473946
0.2339919174103117
0.23058391053785793
0.103836797334563
-0.004227983861328735
-0.11404307358302235
-0.23917284160275185
-0.2241974466897532
-0.09699802953396525
0.010523076590834596
0.12231492947134426
0.24504565756484592
0.21499157196552135
0.08768900331930565
-0.019553581186830732
-0.1343987142767406
-0.2517699849877473
-0.20111825028853222
-0.07445611291636939
0.03275003226376266
0.15172943849325876
0.2575781379153676
0.18185699093468016
0.057297221838903484
-0.049981925367239693
-0.17319775277436067
-0.25879459217083817
-0.1599529543188524
-0.03921296997273259
0.06802407764535702
0.19406709077253698
0.2543711566450565
0.14061996139103822
0.02423768177529012
-0.0829639376926178
-0.21013747027409058
-0.24765202227111793
-0.1265468007587313
-0.0136868576231262
0.09369352129950642
0.22098829558228128
0.24138343942999477
0.11699136464969251
0.00650117109537153
-0.10131304808292599
-0.22827276917095307
-0.236016728051368
-0.110098194366886
-0.0010914598086334132
0.10746150630993728
0.23378737536038308
0.230804907384778
0.10408169975105236
-0.00401107468921609
-0.11376509512323373
-0.23895780434041408
-0.22449394222779803
-0.09730711123080943
0.010230340808440944
0.12192456882654565
0.24479162228688228
0.21543687099414147
0.08812816772124599
-0.019120674700979612
-0.13382089671802627
-0.2514987634592565
-0.20177888462830584
-0.075068237089959
0.03213560950521824
0.1509375786763112
0.25740973416138513
0.18270848779546234
0.0580292420675778
-0.04924839489831531
-0.17231433250494704
-0.2588664181343786
-0.16081040635133864
-0.0398960537518013
0.0673444845420857
0.1933103670495105
0.2546182891648073
0.14129471789651304
0.024748744751650037
-0.08245083340900859
-0.20960356179706707
-0.2479213318560716
-0.12701080497987027
-0.014033162345675199
0.09333523148069724
0.22063624473896898
0.24161411502745483
0.11730930495500441
0.006743814227535616
-0.10104782618079736
-0.22802653832762862
-0.2362212071217827
-0.11034567044918778
-0.0012924394571576514
0.10722353421073749
0.2335817698572449
0.2310248152834691
0.10432607779183126
-0.0037953217208026857
-0.11348926945393481
-0.23874331501069032
-0.2247869309689997
-0.0976132181111635
0.0099410381767039
0.12153909566819199
0.24453851271682614
0.21587597936161745
0.08856221778701487
-0.018693301442895036
-0.1332500917986662
-0.25122587664801094
-0.20243224720187974
-0.07567527691266959
0.031526487568824244
0.1501509047970252
0.2572333850657219
0.18355741587545604
0.058761381114907696
-0.04851448992499799
-0.1714276965129849
-0.25892848725910544
-0.1616745828264512
-0.04058635784966638
0.06665766892649509
0.19254331203010527
0.2548624027956797
0.14198031040121173
0.025268708354717312
-0.08192919122991606
-0.2090594299557701
-0.248192387670412
-0.12748359362478645
-0.014385988033109934
0.09297079122236246
0.2202773638912104
0.24184705836709613
0.11763250660260208
0.006990061590139873
-0.10077940472016898
-0.22777672739165544
-0.23642663361264252
-0.11059533086648954
-0.0014945568377930235
0.10698503260285752
0.23337500637875952
0.23124371801946794
0.10457003162025122
-0.003580642419717714
-0.11321550397763172
-0.2385293294966931
-0.2250764935126297
-0.09791642468461845
0.009655101866323526
0.12115843995396694
0.24428636769689888
0.21630894429443742
0.08899117246877303
-0.018271447715380043
-0.13268632279557985
-0.25095151528296844