0.24489795918367346
0.2448979591836735
0.11763942169523006
0.020840951371131608
-0.06432864751512116
-0.17985644996242967
-0.27754858314614206
-0.1802876854780014
-0.06462350554029815
0.020612551874106988
0.11735039560118796
0.24461892069738325
0.2451666559833606
0.11791921925187035
0.0210500130761552
-0.06407623465685365
-0.17949439981230317
-0.2775382696460705
-0.18063849501058526
-0.06485858891277835
0.020443870476394704
0.11715210493075405
0.24442649005557093
0.24533232680091355
0.11809290889109966
0.021167511462617902
-0.06395324831306264
-0.17932671569123892
-0.27752347827497337
-0.1807872011816103
-0.06495211072937349
0.020393373957923358
0.1171130356801015
0.24438780192318477
0.24533827386183246
0.11810031514564628
0.021152903592128097
-0.06400179224067067
-0.179410965153102
-0.27751098206348246
-0.18068251642990302
-0.06487156895906407
0.0204785933429045
0.11724667592828993
0.2445162714569608
0.24518258239693624
0.11793885829579681
0.021011187673171602
-0.06420513950262692
-0.17971783377730838
-0.277504062274659
-0.18036100176795317
-0.06464512787890968
0.02067000585804539
0.11750690149961608
0.24476693199628846
0.24491860392701303
0.11766447010451228
0.020791255997370806
-0.06449340277002383
-0.18014142280288115
-0.2775026986825804
-0.17993404185961534
-0.0643515313089996
0.020901273105171453
0.11780376116567087
0.24505261494066866
0.2446371821913296
0.11737218393399859
0.020569180455130537
-0.06476708654073744
-0.18053548316112422
-0.27750662036504087
-0.1795491817032106
-0.06409238798823329
0.0210923208587718
0.11803448787828433
0.2452746645713906
0.24443582904879896
0.11716311884423702
0.020421900674522847
-0.0649312491878646
-0.18076369947255613
-0.2775163343242366
-0.17933922886165693
-0.06395693737117598
0.021177144130440986
0.11811915344615169
0.2453568644011006
0.24438478319181078
0.1171094848949831
0.020400459977157892
-0.06492868035170411
-0.18074684150792922
-0.27753060296269144
-0.17937672917309533
-0.06399169836089409
0.02112652139016276
0.11802843584947281
0.2452710219332093
0.2445020120512528
0.11722978184622321
0.02051226554916656
-0.06476016316075814
-0.18049042901155063
-0.27754418969988054
-0.17964907619665005
-0.06418486296059547
0.020957936133455937
0.1177937753743996
0.2450463822120426
0.24474662222178298
0.11748248274226991
0.020718541704790816
-0.06448434450083464
-0.1800832324623614
-0.27755003769159603
-0.18006238962027382
-0.06447009336362453
0.020729580447016033
0.11749645142756086
0.24476010927490088
0.24503339665417884
0.11778025245153417
0.02094783234849952
-0.06419706132996522
-0.17966657402763192
-0.27754469367192136
-0.18047347350816917
-0.06474880038738204
0.02052041824504247
0.11723936502014125
0.24451131364905127
0.24526301651656002
0.11802004116919562
0.02112084292219099
-0.06399764123423851
-0.17938483229118113
-0.2775313218547778
-0.18073965490706972
-0.06492416007181231
0.020402900630629217
0.11711137305050418
0.2443866530702876
0.24535657732338265
0.1181187954559896
0.02117784999385089
-0.063954591402947
-0.17933515667231553
-0.27751693573569014
-0.18076875973543735
-0.06493514251458711
0.020417781903151452
0.11715666024168284
0.244429618816352
0.24528218794052048
0.11804229131510233
0.021099169701214712
-0.06408256127909141
-0.17953435129927764
-0.27750694893894867
-0.18055102243273702
-0.0647780314910435
0.020559929136824126
0.11735960732070633
0.2446250665801136
0.24506537195525394
0.11781702271503677
0.020911902458652654
-0.06433759997867346
-0.17991357032321548
-0.2775027627825768
-0.18016205757139436
-0.06450759251364144
0.020780078591908155
0.11765012259124841
0.24490479718197786
0.24478053359477644
0.11752102781098622
0.020680739128208378
-0.06463190000453489
-0.18034195670391284
-0.27750387726295866
-0.17973643340093537
-0.06421766299675749
0.021001954481770155
0.11792770693426309
0.2451718521274353
0.24452600432347965
0.11725677982438326
0.020485711636141962
-0.06486363392908119
-0.1806714860202116
-0.2775105177415791
-0.17942111199338745
-0.0640083377653891
0.021148804366294044
0.11809622316312864
0.24533430172230553
0.24439026972950426
0.11711562768864825
0.020394410168619745
-0.06495223462195318
-0.1807880151671209
-0.2775227879428265
-0.17932490418755379
-0.0639515688362277
0.021169957999913724
0.11809729343167266
0.24533647448765722
0.24442082353767408
0.1171462911689003
0.020438466653302192
-0.06486673423091174
-0.1806508876339744
-0.2775376072665295
-0.17948123804544064
-0.06406690015072496
0.021058160534108028
0.11793056070772488
0.24517751155552947
0.24460709715717993
0.11733818268786608
0.02060258223861558
-0.06463683698255353
-0.18030736655588903
-0.27754829702937583
-0.17983647384200047
-0.06431486242316964
0.020851987806320527
0.11765379158172753
0.24491179505177893
0.24488409899313573
0.11762503027768867
0.020829869730895387
-0.06434253188837351
-0.1798765878131341
-0.2775488446266716
-0.18026781650623133
-0.06461003453036962
0.020622660986047314
0.11736282048021995
0.24463094650582287
0.24515555967534275
0.1179076299453789
0.02104165173930496
-0.06408587150714627
-0.17950801567675734
-0.27753892171438094
-0.18062563019269862
-0.06485011285510363
0.020449550370925065
0.11715829058488514
0.24443251581616554
0.24532780614349708
0.1180881359269528
0.021164756389541073
-0.06395532832713774
-0.17932911559340503
-0.2775241746163958
-0.18078579528254418
-0.06495158015189989
0.020392654777521557
0.11711084705498001
0.24438572469777706
0.24534186860096208
0.11810401267304374
0.02115670593577927
-0.06399560821423797
-0.1794013382080466
-0.27751145973978814
-0.18069304040855821
-0.06487916316852205
0.020471723117449978
0.11723686772297687
0.244506823991891
0.24519305971718652
0.11794974585930779
0.021020238134716526
-0.06419281441744404
-0.17969950679266045
-0.277504259863299
-0.18037980059933895
-0.06465819897373484
0.020659365671405014
0.11749286079505429
0.2447534120548232
0.24493236977480065
0.11767877583626177
0.02080242836526154
-0.06447917908731529
-0.18012071912521424
-0.2775026463024206
-0.17995461177857985
-0.06436554322633524
0.020890549767037914
0.11779034514867406
0.24503970918515167
0.24464948472909873
0.11738495496822748
0.02057860649058188
-0.06475588580243465
-0.1805195565700456
-0.277506305258265
-0.17956442060645028
-0.0641025036081291
0.021085223884704907
0.11802634324935547
0.24526681462283367
0.2444423904371742
0.11716994049099913
0.02042631340667868
-0.06492696633425464
-0.18075806677361303
-0.27751574413312596
-0.1793438789424899
-0.06395968078590489
0.0211761219281819
0.11811910175372389
0.24535675913213437
0.24438330652583476
0.11710800297406965
0.020398330582274263
-0.06493281289897637
-0.1807534684652565
-0.27752988297281267
-0.17936917461847524
-0.06398612542338034
0.021131924343373437
0.1180364942942339
0.24527870316722922
0.24449300805712113
0.11722050794695213
0.02050433352181187
-0.06477127527570682
-0.1805070322090341
-0.2775436674294489
-0.1796319077778054
-0.06417287974161763
0.020967900279960358
0.11780715193763053
0.24505922365275976
0.24473323354218546
0.11746861936093611
0.02070755669143147
-0.06449856897293152
-0.18010405325484435
-0.2775500108878376
-0.1800415416303282
-0.06445582710717661
0.020740663991781524
0.1175105141318088
0.24477368374681432
0.245020277436449
0.11776659410785342
0.02093759707633104
-0.06420946503849068
-0.17968438714140758
-0.27754517863526684
-0.1804561794413709
-0.06473719619837831
0.02052878500708083
0.11724924974058847
0.24452090525979808
0.24525469330297958
0.11801131704764459
0.02111489351306292
-0.06400394930177176
-0.17939347748638462
-0.2775320388473941
-0.18073191444653267
-0.06491925573035937
0.020405650562929686
0.11711366591905822
0.24438891464663484
0.24535589811197023
0.11811802807490032
0.02117823895576601
-0.06395264476708877
-0.17933166568591447
-0.2775175480207584
-0.18077324342884288
-0.06493864312924065
0.020413960425561595
0.11715056988692896
0.2444237648268821
0.24528937871987952
0.1180497472448987
0.021105764896391627
-0.06407303135878732
-0.1795199413418132
-0.27750729103642396
-0.18056616180891
-0.0647887117558262
0.0205508600268412
0.11734723528109635
0.24461314774594645
0.24507796998402956
0.11783011906569835
0.020922429239465468
-0.0643237604634569
-0.17989321367501554
-0.277502838649628
-0.18018260677584647
-0.06452173684538558
0.020768905190745854
0.11763574490014983
0.24489096067382132
0.24479420583805814
0.11753522831321678
0.020691556793293694
-0.06461852607479493
-0.18032268079618602
-0.2775037047292068
-0.17975529067799564
-0.06423037483466176
0.02099254600973502
0.1179163007998228
0.24516087749874815
0.24453601464999464
0.11726717126289266
0.020493072233735435
-0.06485536454484411
-0.1806599581273159
-0.2775100668660279
-0.17943177054390116
-0.06401523954613629
0.02114441155342793
0.11809174003559164
0.24532995535867028
0.24439312608188818
0.11711862099380377
0.020395762573714366
-0.06495195174383617
-0.1807882366234315
-0.27752210421750284
-0.1793236824966961
-0.06395029122438758
0.02117209402877672
0.11810128599877798
0.24534024591318349
0.24441552088552257
0.11714085398435134
0.02043334328027635
-0.06487454218254995
-0.18066279804270674
-0.2775369354256091
-0.17946854096413878
-0.06405787546515893
0.021066087547556914
0.11794164513565054
0.24518811769381
0.24459548551868088
0.117326191597485
0.020592760148642503
-0.06465001802791154
-0.18032684377444763
-0.2775479866988228
-0.1798166756234048
-0.06430118774114141
0.020862970122447033
0.11766812831903282
0.24492559540637454
0.2448702256955679
0.11761062896394858
0.02081875183716142
-0.0643565043302071
-0.17989687108829583
-0.27754908108375353
-0.1802477757588306
-0.0645964348932456
0.0206329013930502
0.11737544729576263
0.24464316478647324
0.24514423152645984
0.11789580216587367
0.021033083262091412
-0.06409580298012836
-0.17952207468126424
-0.27753956262576707
-0.18061230358533592
-0.06484131295426664
0.020455501734830975
0.11716484314634626
0.2444388959025512
0.24532291610406462
0.11808297840339854
0.021161695001476633
-0.0639578072306468
-0.17933210200637928
-0.27752487634648926
-0.18078379856485072
-0.06495064330682075
0.020392253206535288
0.11710906357515488
0.2443840397688803
0.24534508306390299
0.11810731275453779
0.02116020834143892
-0.06398979063889715
-0.1793922389260219
-0.27751195065852696
-0.18070304941631193
-0.06488641036731436
0.020465106522194743
0.11722736311757474
0.24449766963950414
0.24520327570282946
0.11796036081316469
0.021029098565756132
-0.06418069764432245
-0.17968146721213435
-0.277504470128975
-0.18039833800621327
-0.06467110268920326
0.020648827181929424
0.11747891704304057
0.24473998472079234
0.24494608362856457
0.1176930282158864
0.02081358665861842
-0.0644649329624733
-0.18009996324718758
-0.2775026056029732
-0.17997526349369053
-0.06437962443435047
0.020879741109319977
0.11777678551975032
0.2450266650567315
0.24466196419465083
0.11739791011264805
0.020588199610588734
-0.06474443837943056
-0.18050325554673793
-0.27750600355306226
-0.17958005573318753
-0.06411290002758827
0.021077884495457763
0.11801786401947773
0.24525864436671402
0.24444929760885734
0.11717711968544903
0.02043101652844649
-0.06492229745569242
-0.18075186623415423
-0.2775151654836986
-0.17934910313966718
-0.06396281944398816
0.02117478420423194
0.11811864041860247
0.2453562616157366
0.2443822242649763
0.11710692848212789
0.020396514173695562
-0.06493655435887055
-0.18075953044984105
-0.2775291626737975
-0.17936217467031856
-0.06398092686629153
0.02113704743016137
0.11804420998124687
0.24528605409424775
0.24448430901507898
0.11721155080043347
0.020496628586936697
-0.06478212769262373
-0.1805232696457469
-0.2775431275919483
-0.1796150826302503
-0.06416112130752474
0.02097771675035444
0.1178203713204
0.24507191063983713
0.24471995411453176
0.11745487248256106
0.02069663429063924
-0.06451275525240655
-0.18012483511237087
-0.2775499573205596
-0.18002070539672033
-0.06444155728624573
0.020751783377411154
0.1175246594931697
0.2447873346155759
0.2450070351285518
0.11775281139125693
0.020927238575205467
-0.06422206410599478
-0.17970250114985759
-0.2775456439021914
-0.18043856082997844
-0.06472536003205635
0.020537359059917396
0.11725942803564206
0.2445307790568645
0.24524605893459647
0.1180022705455396
0.021108677954678176
-0.06401061752843312
-0.17940265783403192
-0.27753275312719855
-0.18072362636023756
-0.06491397131168603
0.020408707543884574
0.11711636165308514
0.24439156608545223
0.2453548272919681
0.11811685192584509
0.021178310708464668
-0.06395109903073691
-0.17932875874751156
-0.27751817080715224
-0.18077714688492286
-0.06494174816606467
0.020410439333890334
0.1171448526865142
0.24441827187756446
0.24529623116524701
0.1180568496341165
0.021112101133834757
-0.06406380586616674
-0.1795059634398478
-0.27750764670369854
-0.18058088903510675
-0.06479911865065965
0.02054198046886241
0.11733507780175571
0.2446014353829064
0.24509039891333895
0.11784303961992904
0.020932844943584786
-0.06431002391422944
-0.17987298832662363
-0.27750292633868945
-0.18020305382863855
-0.064535824325954
0.020757744833322572
0.11762134865855332
0.24487710556509035
0.24480793766105685
0.11754949152938016
0.020702450096814068
-0.06460501692947118
-0.1803031896184161
-0.2775035445763966
-0.17977439041450843
-0.06424326479706087
0.020982969848887756
0.11790464912375162
0.24514966729897977
0.24454629427147703
0.11727784186273149
0.020500669175918806
-0.0648467675433911
-0.18064794209973534
-0.2775096295095979
-0.17944293220894467
-0.06402249205524999
0.02113972868544127
0.11808686938979482
0.24532523824528257
0.24439636862799594
0.11712201318544715
0.020397430081195017
-0.06495126234073689
-0.1807878654145529
-0.27752142767288906
-0.17932305155869369
-0.06394941648426106
0.021173917826279337
0.1181048833596853
0.24534363808752
0.2444105864244363
0.11713579775847804
0.020428504508947537
-0.06488200641563954
-0.18067421660955768
-0.27753625497561385
-0.17945631877844015
-0.06404916782567918
0.021073787729053953
0.11795246356612844
0.24519846590388167
0.24458409524476307
0.11731443200738642
0.020583093554379026
-0.06466303796734049
-0.18034610133414913
-0.27754765261120584
-0.1797970713307655
-0.06428763450459815
0.020873889450222047
0.11768242031510397
0.24493934908978848
0.2448563505215809
0.11759622939613129
0.020807606671789033
-0.06437055355284795
-0.17991728336113078
-0.2775492921663044
-0.18022757949361826
-0.06458271767163519
0.020643264808059766
0.11738826585470384
0.24465556558890816
0.24513268062170565
0.11788374548371122
0.021024314550611448
-0.06410602111523901
-0.17953656550736202
-0.277540191540408
-0.1805985259700046
-0.06483219637038401
0.02046171974635133
0.11717175733422976
0.2444456251080624
0.24531766056671309
0.11807744049574875
0.021158329765592426
-0.06396068305695146
-0.17933567257051355
-0.2775255828222717
-0.1807812126019918
-0.06494930094260794
0.020392169566858714
0.11710768667617194
0.24438274853136213
0.24534791467755632
0.11811021272105435
0.02116340799502074
-0.06398434417420179
-0.17938367465148075
-0.27751245468691554
-0.18071253532818576
-0.06489330464654317
0.020458748914058064
0.11721816977569342
0.24448881587438537
0.24521322217968702
0.11797069456634218
0.021037761820044396
-0.0641687989165267
-0.179663729568725
-0.2775046931719739
-0.18041659900606988
-0.06468382855854463
0.020638398921308962
0.11746508150995574
0.2447266608738737
0.2449597344377512
0.11770721571521905
0.020824721852718733
-0.0644506759073241
-0.18007917191803383
-0.2775025765535021
-0.17999598035104963
-0.06439376357753514
0.020868855867136965
0.11776309325042214
0.24501349303841188
0.2446746104491949
0.11741103890680543
0.020597952047356496
-0.06473275357328484
-0.18048659327926375
-0.2775057151758356
-0.17959607448872972
-0.06412356890864579
0.021070308603726856
0.11800905705071656
0.24525016033159103
0.24445654491021587
0.11718465064252132
0.02043600623337602
-0.06491724636791114
-0.18074510290801585
-0.2775145986721549
-0.17935489721744094
-0.06396635082674026
0.021173132029622718
0.11811776981219645
0.24535537226325715
0.24438153727890935
0.11710626228538873
0.020395012225711953
-0.06493990169563481
-0.1807650225912538
-0.2775284428399815
-0.179355734923676
-0.06397610683382889
0.021141886524236472
0.11805157666554253
0.24529306885584906
0.244475922025131
0.11720291762881813
0.020489156984899254
-0.06479271158255193
-0.18053912816535
-0.27754257093811946
-0.1795986143318619
-0.06414959710848445
0.02098737762698144
0.11783342282862326
0.2450844329657617
0.24470679473198076
0.11744125321113219
0.02068578333629978
-0.06452689183953832
-0.18014556117983072
-0.27754987707014556
-0.17999989781224168
-0.06442729545504221
0.020762929614132994
0.11753887608212114
0.24480105080108544
0.24499368040417763
0.11773891544977616
0.02091676520377471
-0.06423484839126294
-0.17972090141765906
-0.27754608880906806
-0.18042063195771973
-0.06471330151443272
0.020546133460685262
0.11726989169593949
0.24454092698425403
0.24523712030490258
0.1179929089843661
0.02110220125343447
-0.06401764058957414
-0.17941236597646237
-0.2775334638705935
-0.18071479732725676
-0.06490831111016199
0.02041206909471134
0.11711945808049842
0.24439460523206044
0.2453533657002549
0.11811526796257765
0.021178065199375595
-0.06394995544105449
-0.1793264382334171
-0.27751880369692217
-0.1807804669044777
-0.0649444550811419
0.020407221476911416
0.11713951324601718
0.24441314447162046
0.24530273980294162
0.11806359273544725
0.021118173312473523
-0.06405489219487562
-0.1794924288550331
-0.27750801597572516
-0.18059519218818074
-0.06480924371140315
0.02053329765308498
0.11732314469506686
0.24458993902060727
0.24510264876872756
0.11785577392198421
0.020943141157866815
-0.06429640139569805
-0.17985291058240666
-0.2775030259120371
-0.18022338222290493
-0.06454984355885032
0.020746606549267355
0.11760694550798168
0.2448632430377452
0.24482171795488816
0.11756380593089255
0.02071341022155175
-0.06459138351503778
-0.1802834989162878
-0.2775033967103443
-0.17979371722024956
-0.06425632251869508
0.020973233727524215
0.11789276133595174
0.24513823050740874
0.24455683480618304
0.11728878301683118
0.02050849631145106
-0.0648378499269028
-0.18063544767901668
-0.27750920572675936
-0.17945458798901226
-0.06403008948397415
0.021134759528199196
0.11808161516619219
0.24532015415186254
0.24439999470006052
0.1171258015320982
0.020399411343835397
-0.06495016698960211
-0.1807869018840769
-0.2775207588586844
-0.17932301183869415
-0.06394894530083078
0.021175427920575696
0.11810808260142797
0.24534664832346312
0.24440602417841678
0.1171311265655276
0.020423954260582924
-0.06488912085826086
-0.18068513410796605
-0.2775355667696103
-0.1794445813124279
-0.06404078420134389
0.02108125487439834
0.11796300724469397
0.24520854790175167
0.24457293561980326
0.11730291340723789
0.020573590280659707
-0.06467588622086742
-0.18036512361438944
-0.2775472952564767
-0.17977767682769324
-0.06427421364714112
0.020884736972257012
0.11769665601342812
0.24495304498682446
0.2448424847078179
0.11758184321417603
0.020796443239666743
-0.06438466820262126
-0.1799378080973472
-0.27754947756017584
-0.18020724409457295
-0.06456889400134305
0.020653742845109804
0.11740126580824325
0.2446681388166115
0.2451209162289583
0.11787146965419884
0.021015352673003848
-0.06411651771903881
-0.1795514764846448
-0.2775408076260797
-0.1805843084959782
-0.0648227705213853
0.02046819936794954
0.11717902757587297
0.2444526979406288
0.24531204370807783
0.11807152668707974
0.021154663393474632
-0.06396395352202797
-0.17933982445587837
-0.27752629337914314
-0.1807780394448636
-0.06494755413836821
0.020392403922887534
0.11710671746608718
0.24438185205810276
0.2453503611735313
0.11811271022741057
0.021166302326391537
-0.06397927318281815
-0.17937565229962227
-0.2775129716706117
-0.18072149044077201
-0.06489984038350244
0.020452655440091227
0.11720929510926606
0.24448026992816674
0.24522289119112325
0.11798073875542889
0.02104622091148857
-0.06415712778976616
-0.1796463081516368
-0.2775049290918223
-0.1804345688379122
-0.06469636625664033
0.020628089332313068
0.11745136537368984
0.24471345131409272
0.2449733112068932
0.11772132685792189
0.020835824942426945
-0.06443641943921832
-0.18005836191389654
-0.2775025591318878
-0.18001674564269238
-0.06440794925033914
0.020857902838576303
0.11774927941909998
0.2450002037198678
0.24468741322229393
0.11742433074896666
0.02060785590421034
-0.06472084087615472
-0.1804695832458318
-0.27750544004602823
-0.17961246396951897
-0.06413450169307555
0.0210625023137595
0.11799992947048848