0.96
0.96
0.9619790112419626
0.9657256799960869
0.9708860366606854
0.9770622604576502
0.9838951503641292
0.9911051258922738
0.9984919656468736
1.0059065181349627
1.0132087494217983
1.0202236596493057
1.0267058691553952
1.0323261236665282
1.036694433485302
1.039427128222846
1.0402438022298122
1.0390542023645577
1.0359887883248542
1.0313549530605663
1.0255444488799639
1.0189396838701463
1.0118546534360309
1.0045196381278392
0.9970999571007222
0.9897339184903869
0.9825772962753717
0.9758436782430786
0.969828661626122
0.964903191829961
0.9614641551060894
0.959846080475873
0.9602241969787685
0.9625564949389843
0.966598039035655
0.9719790384565304
0.9783037124405026
0.985226040907509
0.9924824086153664
0.9998849229960671
1.0072895470105083
1.0145529403601294
1.0214891385238365
1.0278371427269217
1.0332532274698294
1.0373422181172034
1.0397320590043022
1.0401725363169434
1.0386147371820564
1.0352277047335618
1.0303424110764732
1.0243552858617146
1.0176390550716015
1.0104919500569673
1.00312985704428
0.9957097856267434
0.9883699120644227
0.9812740860763829
0.9746501569384165
0.968809543231277
0.9641331902541119
0.9610138536475175
0.9597630612515656
0.9605177714930494
0.9631944962253162
0.9675176030914032
0.9731050942167936
0.9795659503187064
0.9865684643294377
0.9938647068474961
1.0012779525654785
1.008667729772039
1.0158858371611657
1.0227341652126676
1.0289357808725352
1.0341335698406624
1.037929849677505
1.039967786830549
1.0400302944923359
1.0381104181569458
1.034413708944594
1.0292911735816672
1.0231406899316569
1.0163235065403537
1.00912185277718
1.0017380902712338
0.9943223618909528
0.987014306960129
0.9799872349666499
0.9734839900699069
0.967831352279858
0.9634182162621735
0.9606298283812653
0.9597512799723333
0.9608795581716557
0.9638907463922612
0.9684816797413472
0.9742617022677873
0.9808470004444473
0.9879210157962928
0.9952510172190823
1.0026701786651697
1.01004001659345
1.0172059529448318
1.0239566738987556
1.0299992216345424
1.034964478939416
1.0384551902774308
1.0401333670370192
1.0398176529480827
1.0375431399635844
1.0335494060470474
1.0282038783853
1.0219028695358554
1.0149946632799556
1.0077454989968602
1.0003452290426893
0.9929386295058059
0.9856683864033432
0.9787185684626001
0.9723475666366134
0.966896782321527
0.9627607109101156
0.9603135743329662
0.9598107846503865
0.9613081410311368
0.9646428429951631
0.9694875722420052
0.9754464439420172
0.9821450005415994
0.9892823830268248
0.9966403829521064
1.0040607156983754
1.0114052933237616
1.0185116977374888
1.0251544908779855
1.031024843506373
1.0357433290932803
1.0389162809808932
1.040228130347667
1.039535466540063
1.0369149839975125
1.0326374552716682
1.0270831087400762
1.0206439265227
1.0136540457024312
1.0063639587710138
0.9989521511291088
0.9915595753374462
0.9843335239138841
0.9774700234553881
0.9712433620943238
0.9660085295930178
0.9621629898892414
0.9600663414687297
0.959941333032917
0.961801871184806
0.9654482752522092
0.9705326001675307
0.9766569933015506
0.9834581991727741
0.9906513391611482
0.9980318836515164
1.0054486574319077
1.0127623725402923
1.0198013743568624
1.0263253391173508
1.0320099812445092
1.036467565237258
1.0393113648105805
1.0402516915943447
1.0391848577264806
1.0362281944496534
1.0316805462249385
1.0259313789470426
1.0193658528757443
1.012303074554404
1.004978244125432
0.9975597316224647
0.9901862394849006
0.9830111898208742
0.9762436476341417
0.970173927187931
0.9651692712775768
0.9616272183410032
0.9598891188656342
0.9601423957867605
0.9623588870144794
0.9663044493774102
0.9716141182285577
0.9778911247379409
0.9847849536649449
0.9920267348146196
0.9994246248265479
1.006833066414495
1.0141099852428888
1.0210731756261604
1.0274668448257795
1.032951943722056
1.0371347280520926
1.0396389079756154
1.040203954769915
1.0387672022373864
1.0354851534173866
1.030681376405517
1.0247511221148056
1.0180705292768502
1.0109430769391363
1.0035893188398235
0.9961688537401696
0.9888197248398313
0.9817029567490696
0.9750415971412881
0.9691418746204054
0.9643816423361128
0.9611553863924448
0.9597826219921487
0.9604131634217746
0.9629771363550039
0.9672087134159116
0.9727295331095368
0.9791467185162511
0.9861237266353826
0.9934074894349143
1.0008177272245793
1.0082129636237278
1.0154467733036634
1.0223251830595905
1.028576546118471
1.0338480336892741
1.0377424793866663
1.0398976188550064
1.0400851142917718
1.0382841118130086
1.0346883555388038
1.0296426302837034
1.0235446800809493
1.0167597253710412
1.0095752933009607
1.0021981086035185
0.9947804195715644
0.9874612061287937
0.9804105039398815
0.9738661323374416
0.9681498635875043
0.9636482112179894
0.9607492859027756
0.9597472834011259
0.9607525567846078
0.9636544002135978
0.9681583811909938
0.9738763182161634
0.9804217643561188
0.9874730812598094
0.9947925820728126
1.0022103160565652
1.0095873184265263
1.0167712827944055
1.023555367159659
1.0296519038272345
1.0346955692523028
1.0382886275156427
1.0400864643069878
1.039895652444818
1.037737414408818
1.033840382618097
1.0285669601693033
1.0223142954651983
1.0154351015959495
1.008200885245105
1.0008055114553391
0.993395360689487
0.9861119383325954
0.9791356202666551
0.9727196115693285
0.9672005822536216
0.9629714548109074
0.9604104889090527
0.9597832470600772
0.9611592408706118
0.9643883175334973
0.9691507550202982
0.97505202627372
0.981714363162412
0.9888316754220432
0.9961810416695427
1.0036015101909739
1.0109550389435256
1.0180819583209988
1.0247615894609774
1.0306903144749557
1.0354919068258508
1.0387711517567562
1.0402046829251819
1.039636333066496
1.0371291323111251
1.0329438786798915
1.0274569690380833
1.02106210579155
1.0140982124344635
1.0068209440733311
0.9994124084243039
0.99201464854682
0.9847732643695921
0.9778802058020054
0.97160448285576
0.9662967282947482
0.9623537330353928
0.9601403282411792
0.9598903664569488
0.9616316416272607
0.965176410513845
0.9701831469116149
0.9762542997617222
0.9830227270322279
0.990198254879617
0.997571936956381
1.004990411392517
1.012314962914259
1.0193771385002848
1.025941606445224
1.0316891253921965
1.0362344652607736
1.0391882259582201
1.04025179492708
1.0393081916276135
1.03646145863762
1.0320015258505155
1.0263151954337333
1.0197901395902245
1.0127505109484864
1.0054364999235843
0.9980196742916262
0.9906393045738908
0.9834466219220116
0.976646271796288
0.9705232734340685
0.9654409876882546
0.9617972635277054
0.9599398807431117
0.9600682065277936
0.9621679653601352
0.9660161100139636
0.9712528980036699
0.9774808792093916
0.98434517767424
0.99157164557351
0.9989643660558583
1.006376093682854
1.0136658491672994
1.0206550527192755
1.027093075436802
1.032645651908498
1.0369207507952967
1.039538240366839
1.0402276084365984
1.0389125219479405
1.0357367327123534
1.0310160214170176
1.0251441005123463
1.0185003143697333
1.0113933544539304
1.0040485314095624
0.9966281883968306
0.9892704098873117
0.9821335492770893
0.9754359389312465
0.9694785771427916
0.964636011984529
0.9613040968832114
0.9598099534887249
0.9603160493591237
0.9627662203042202
0.9669047805985017
0.9723573960726926
0.9787296094098141
0.9856801433813521
0.9929507452028468
1.0003574458686642
1.0077575929028468
1.0150063698072296
1.021913819318819
1.0282135625681408
1.0335571965010222
1.0375483824315062
1.0398198214025998
1.0401322220077347
1.0384508598616868
1.034957414804613
1.029990056362529
1.0239460572510308
1.0171944363343115
1.0100280112015536
1.0026579756633798
0.9952388454117044
0.9879091145145109
0.980835690048496
0.9742514337221996
0.9684730396555915
0.9638843943506262
0.9608760929483792
0.9597510733183736
0.9606329035259417
0.9634242398900876
0.9678397448183046
0.9734940909792457
0.9799984436379834
0.9870261546988506
0.994334514177654
1.0017503013263218
1.0091338965597283
1.0163351032380874
1.0231514453430797
1.0293005528771588
1.0344210697298506
1.0381151172989789
1.0400318488962867
1.0399660233275378
1.0379249642124353
1.0341260607071123
1.0289262956217147
1.022723341802209
1.015874201711921
1.0086556679343697
1.0012657386909904
0.9938525660051484
0.9865566460310381
0.9795547966387477
0.9730950829563594
0.9675093416259959
0.9631886447288283
0.9605148986518552
0.959763479947699
0.9610175168400135
0.9641397072168995
0.9688183063680026
0.9746605079803452
0.9812854459794204
0.9883818389284676
0.9957219660550151
1.0031420545870924
1.0105039340476483
1.017650528150348
1.024365827991902
1.030351462567032
1.0352346127340915
1.0386188755373935
1.0401734703926637
1.0397296841301804
1.037336795607824
1.0332452966024421
1.0278273602445973
1.0214781269408262
1.0145411995524043
1.007277438199524
0.9998727059554908
0.9924703073198514
0.9852143175000638
0.9782927323006773
0.9719693060745388
0.9665901798518114
0.962551164501157
0.9602219278524182
0.959847122816232
0.9614683922051028
0.9649101802417656
0.9698377718128408
0.9758542588781032
0.9825887918919999
0.989745913604621
0.9971121575566096
1.0045318142514428
1.0118665673362368
1.0189510186050148
1.025554757904556
1.0313636534201396
1.0359952210076373
1.0390577642117111
1.0402441121819805
1.039424151446239
1.0366884933999947
1.0323177946298683
1.0266958116029756
1.020212477523394
1.0131969158535867
1.0058943713002582
0.998479753107663
0.9910930731781366
0.9838835345956916
0.9770514716562461
0.9708766054289483
0.9657182466208998
0.9619742210920034
0.9599983436534196
0.9600016617529045
0.9619838062093408
0.9657331172068131
0.9708954706318587
0.9770730510171182
0.9839067671344421
0.9911171790731987
0.9985041782589748
1.0059186646737917
1.0132205822288685
1.0202348403534653
1.0267159243899884
1.032334449314316
1.0367003691201317
1.0394300997688382
1.040243486795221
1.0390506353988578
1.0359823513780237
1.0313462495195385
1.025534137722478
1.0189283478553224
1.011842738874432
1.0045074617813579
0.9970877567859685
0.9897219239294512
0.9825658017842116
0.9758330995346559
0.9698195543811897
0.9648962074550105
0.9614599229728424
0.9598450435897892
0.9602264714421613
0.9625618300318118
0.9666059018498728
0.9719887733800112
0.9783146941781157
0.9852377652012313
0.9924945102962249
0.9998971400421898
1.0073016554491623
1.0145646802999277
1.0215001485347213
1.0278469226999545
1.0332611547409774
1.0373476359996399
1.039734428554821
1.0401715967811271
1.0386105938379242
1.0352207926634232
1.0303333566103619
1.0243447417763143
1.0176275808461803
1.0104799654981642
1.0031176593489197
0.9956976054095723
0.9883579858459353
0.9812627274307023
0.9746398079995141
0.9688007832418483
0.9641266775237513
0.9610101955533121
0.9597626480357017
0.9605206495815695
0.9632003522021717
0.9675258679799851
0.9731151078262527
0.9795771054446639
0.9865802834061159
0.9938768479980861
1.0012901663782365
1.0086797911567016
1.01589747162817
1.0227449868921143
1.028945263416953
1.0341410751723497
1.037934730351065
1.0399695449372313
1.0400287346726491
1.0381057141719698
1.0344063442902278
1.0292817915135863
1.0231299327348924
1.0163119088208914
1.0091098085139245
1.00172587913207
0.9943102098878546
0.987002459965603
0.9799760276930556
0.9734738914473747
0.96782296309598
0.9634121970545749
0.9606267584499715
0.9597514921102588
0.9608830285332506
0.963897102729345
0.9684903230427567
0.9742719729763339
0.9808583121431853
0.9879329177554796
0.9952631892611876
1.0026823815371921
1.010052021446714
1.0172174684508626
1.0239672886482731
1.030008383998448
1.0349715390702756
1.0384595157508685
1.0401345066184493
1.0398154791436418
1.0375378928129388
1.0335416119286192
1.0281941916286232
1.021891918129211
1.0149829558478474
1.0077334046923994
1.0003330122000746
0.992926514168199
0.9856566302751177
0.9787075290620836
0.9723377396777839
0.9668887876066106
0.9627552061145729
0.9603111046164193
0.9598116212773631
0.9613121901904459
0.9646496781079954
0.9694965703506173
0.9754569509368247
0.9821564529742168
0.9892943567494429
0.9966525776713941
1.0040728997877952
1.0114172315636958
1.0185230798702531
1.0251648791702634
1.0310336624825396
1.0357499212736094
1.0389200349362862
1.0402286467812283
1.0395326874497766
1.0369092126897512
1.03262925517737
1.0270731396629524
1.0206327988556445
1.0136422414419517
1.0063518235384659
0.998939936252949
0.9915475055407432
0.9843218711163503
0.9774591694055716
0.9712338288584736
0.9660009529401625
0.9621580191835722
0.9600644817954205
0.9599427907472842
0.961806483709982
0.9654555667187308
0.9705419297068508
0.9766677166196566
0.9834697774653377
0.9906633742431727
0.9980440931066956
1.0054608146688095
1.0127742334046579
1.0198126077495389
1.026335480544999
1.032018433318231
1.0364736674470059
1.0393145327979132
1.0402515827767118
1.0391814843371407
1.036221919311911
1.031671963807794
1.0259211492556424
1.0193545659253538
1.0122911855009527
1.0049660766116935
0.9975475264069926
0.9901742246143042
0.9829996536932559
0.9762329973765905
0.9701647103387682
0.9651621360121926
0.9616227999731668
0.9598878767151559
0.9601444686945837
0.9623640457036705
0.9663121741585411
0.9716237562076839
0.9779020453236817
0.9847966438838989
0.9920388214941467
0.9994368412565318
1.006845188409011
1.0141217572194714
1.021084243939269
1.02747671816811
1.0329600052363836
1.0371403192231963
1.0396414775896656
1.0402032211447179
1.0387632476844917
1.035478395874309
1.030672435292759
1.0247406527555614
1.0180590990429315
1.0109311143364959
1.0035771273131424
0.9961566659985477
0.9888077748720268
0.9816915515485832
0.975031170052755
0.9691329972996467
0.9643749713072951
0.961151536970637
0.9597820023983573
0.9604158432136591
0.9629828224383982
0.967216848069949
0.9727394570616893
0.9791578182610441
0.9861355157513116
0.9934196185136166
1.0008299429543537
1.0082250415765042
1.0154584440677585
1.0223360689763925
1.0285861294269192
1.0338556810262203
1.0377475396259417
1.0398995798905883
1.0400837588437555
1.0382795912175657
1.0346811378894007
1.0296333539009346
1.0235339911616699
1.0167481668855796
1.009563267666421
1.002185901043936
0.9947682573296426
0.9874493317086492
0.980399244874061
0.9738559486840367
0.9681413492700027
0.9636420265815916
0.9607460201983218
0.9597472888863464
0.960755832842828
0.9636605935667679
0.9681669020786334
0.9738865063185582
0.9804330261215053
0.9874849571007961
0.9948047448327215
1.002222523402452
1.0095993430423342
1.0167828391545648
1.0235660523962982
1.0296611745297333
1.0347027790281162
1.0382931383241571
1.0400878088889804
1.0398936806606358
1.0377323446938334
1.0338327278145054
1.0285573715811722
1.022303406194644
1.0154234289456545
1.0081888064413749
1.0007932956472487
0.9933832322780296
0.9861001508439103
0.9791245235135978
0.9727096924427645
0.9671924545849151
0.962965777807669
0.9604078196763152
0.9597838776019461
0.9611631004039919
0.9643949968977292
0.969159638497501
0.9750624574484706
0.9817257707874181
0.9888436266178199
0.996193229786025
1.0036137013659547
1.0109670003488296
1.018093386174197
1.024772054792507
1.030699249499253
1.0354986560979709
1.0387750962414288
1.0402054056102883
1.039633752863099
1.037123532001837
1.0329358101117236
1.0274470908067292
1.0210510344367916
1.0140864387951665
1.0068088213862194
0.9994001920504145
0.9920025626914801
0.984761575998867
0.9778692885172916
0.9715948500910401
0.9662890109123758
0.9623485837678666
0.9601382660584834
0.959891619488709
0.9616360698306519
0.9651835537192246
0.9701923695080215
0.9762649537578212
0.9830342653261988
0.9902102707976631
0.9975841424081171
1.0050025784122882
1.0123268505796283
1.0193884227977201
1.025951831748553
1.0316977013077306
1.0362407317436089
1.0391915890313412
1.0402518927748832
1.0393050132499733
1.0364553476497254
1.0319930671380868
1.0263050494957984
1.019778903450903
1.0127386486301482
1.0054243421445075
0.9980074650276457
0.9906272704821754
0.9834350457141456
0.9766355521053569
0.9705139495082526
0.9654337040286552
0.9617926607400139
0.9599384338783249
0.9600700769720326
0.9621729455948396
0.9660236942011916
0.9712624365847512
0.9774917366661443
0.9843568323963716
0.991583716248191
0.9989765810325831
1.0063882282732992
1.013677651835608
1.020666177444043
1.0271030397514394
1.0326538450860232
1.0369265130815282
1.039541008929254
1.0402270810481864
1.0389087578385479
1.0357301321325358
1.0310071962162985
1.0251337080749336
1.0184889297681876
1.0113814149550502
1.0040363469219975
0.9966159940061987
0.9892584373317254
0.9821220991818518
0.9754254359060681
0.9694695850547922
0.9646291850778314
0.9613000577478646
0.9598091277926412
0.9603185296941305
0.9627717342953621
0.9669127824357058
0.9723672279843083
0.9787406519023634
0.9856919012081666
0.9929628612586189
1.0003696626773886
1.0077696864096375
1.015018075428658
1.0219247674767016
1.028223244175407
1.0335649832887221
1.0375536202152325
1.03982198450652
1.0401310715309535
1.0384465245048997
1.0349503466676289
1.0299808881842079
1.0239354387066177
1.0171829186204284
1.010016005271819
1.0026457725324447
0.9952266738397052
0.9878972139110087
0.9808243809565685
0.9742411673411894
0.9684644027873206
0.963878046606112
0.960872632864464
0.9597508721484463
0.9606359838830679
0.9634302679367005
0.9678481407094872
0.9735041941737346
0.9800096537057712
0.9870380031808552
0.9943466667472902
1.0017625122967202
1.009145939860808
1.0163466989130143
1.0231621989676893
1.0293099293982821
1.0344284266442059
1.0381198115967154
1.040033397884014
1.039964254428745
1.0379200739572472
1.0341185477734989
1.0289168076662536
1.0227125166621833
1.015862565281489
1.0086436056444392
1.0012535247553829
0.9938404254717209
0.9865448285118508
0.979543644406099
0.9730850740466271
0.9675010835855975
0.9631827977142975
0.9605120310588658
0.9597639041239721
0.9610211851297088
0.9641462284104223
0.9688270726502028
0.9746708611237075
0.9812968071386073
0.9883937664372191
0.9957341466937484
1.0031542519767338
1.0105159174693998
1.017662000081273
1.024376368165337
1.030360511080231
1.0352415166632678
1.0386230089027186
1.040174399007993
1.0397273039331854
1.0373313684730052
1.0332373621406368
1.0278175752546965
1.0214671137870583
1.0145294578777342
1.0072653290169107
0.9998604889210643
0.9924582064103887
0.9852025949798899
0.9782817537600218
0.9719595762357621
0.966582324300163
0.9625458387198174
0.9602196640638128
0.9598481706105407
0.961472634268645
0.9649171726886745
0.9698468849395466
0.9758648414382054
0.9826002886329642
0.9897579092713578
0.9971243581530126
1.0045439901515272
1.0118784805741905
1.0189623520587083
1.0255650647946517
1.0313723505964334
1.0360016494246926
1.0390613209392516
1.0402444166516276
1.0394211694399207
1.036682548865809
1.0323094622061646
1.0266857517343904
1.020201293977022
1.0131850815251504
1.0058822241703445
0.9984675406419488
0.9910810209315349
0.98387191983019
0.97704068461436
0.9708671769384148
0.9657108170830451
0.9619694357608338
0.9599966927136808
0.960003328911617
0.9619886059927686
0.9657405582512869
0.9709049073407031
0.9770838433331984
0.9839183849055715
0.9911292327201645
0.9985163909433614
1.0059308109160792
1.013232414273881
1.0202460196345806
1.026725977305093
1.0323427715714018
1.0367063003028836
1.039433066083311
1.0402431658783051
1.0390470633156768
1.0359759101688237
1.0313375427988771
1.0255238244336973
1.0189170105617573
1.0118308236522948
1.0044952852126359
0.9970755566129638
0.9897099299226072
0.9825543084196496
0.9758225227543578
0.9698104500798427
0.9648892271186639
0.9614556958066003
0.959844012158307
0.9602287512418971
0.9625671697781555
0.9666137682926492
0.9719985108432616
0.9783256775121404
0.9852494903802429
0.9925066123617242
0.9999093570932605
1.007313763514788
1.0145764193708204
1.0215111569721145
1.0278567001619818
1.0332690784140652
1.03735304925363
1.0397367927810055
1.0401706517855076
1.0386064455062098
1.0352138765254137
1.030324299170498
1.024334195737232
1.0176161054752242
1.010467980372038
1.003105461501627
0.9956854254041337
0.9883460602738501
0.9812513700435809
0.9746294611652263
0.9687920264015355
0.964120169027507
0.961006542558489
0.959762240300239
0.9605235329165421
0.963206212657814
0.9675341362899179
0.9731251237830721
0.9795882620153226
0.9865921032601531
0.9938889894562538
1.0013023801286667
1.008691852087623
1.0159091051118905
1.0227558068391125
1.0289547432532107
1.034148576700378
1.037939606231726
1.0399712976470363
1.0400271694377095
1.0381010053453954
1.0343989757685328
1.0292724066746817
1.0231191737542442
1.016300310080765
1.0090977637707104
1.0017136679094305
0.9942980581690144
0.9869906137161734
0.9799648218184756
0.973463795113297
0.9678145772684968
0.9634061822689037
0.9606236937329907
0.9597517097320848
0.9608865040321266
0.9639034633602149
0.9684989695580009
0.9742822458462351
0.9808696251434882
0.9879448203912129
0.9952753615373852
1.0026945842788404
1.0100640257605664
1.017228982851292
1.0239779014980779
1.0300175434524563
1.0349785951954378
1.038463836280741
1.0401356407516669
1.039813299989946
1.0375326409810335
1.0335338141475465
1.028184502299833
1.0218809651002683
1.0149712475118977
1.0077213099901667
1.0003207953414117
0.9929143991907106
0.9856448749976366
0.9786964912096116
0.9723279151979042
0.9668807964555707
0.9627497059191087
0.9603086402102416
0.9598124633693942
0.9613162443599516
0.9646565173213005
0.9695055714668293
0.9754674599141332
0.9821679065737975
0.9893063310543655
0.9966647725540824
1.0040850836772004
1.0114291691729045
1.0185344607668434
1.0251752653876094
1.0310424783437069
1.0357565092516445
1.0389237838130048
1.0402291577371179
1.0395299030968235
1.0369034368735752
1.0326210516274215
1.0270631682070983
1.020621669719413
1.0136304363867852
1.0063396879858744
0.9989277214279696
0.9915354361841223
0.9843102192826646
0.9774483170613613
0.9712242982978643
0.9659933800571949
0.9621530532445345
0.9600626275084444
0.9599442538857625
0.9618111011019125
0.9654628620860493
0.9705512620502629
0.9766784417491432
0.983481356798634
0.990675409819217
0.9980563026565701
1.005472971633647
1.0127860935407
1.0198238397669985
1.026345619715046
1.0320268820698606
1.0364797652652413
1.0393176955886543
1.0402514684742123
1.0391781057912082
1.0362156398491917
1.0316633781425768
1.0259109173726308
1.0193432776503397
1.0122792957547662
1.004953908851934
0.9975353213105626
0.9901622102685921
0.9829881186504673
0.9762223489905573
0.9701554963659057
0.9651550047194506
0.9616183865250307
0.9598866400059027
0.9601465469640115
0.9623692091015246
0.9663199026363405
0.9716333967914139
0.9779129675578392
0.9848083350254561
0.9920509085846982
0.9994490577136693
1.0068573100562057
1.0141335283632669
1.0210953107295468
1.027486589063388
1.032968063221058
1.0371459058229053
1.0396440419078605
1.0402024820498188
1.038759288099233
1.0354716341983303
1.0306634911384795
1.0247301813847864
1.018047667620394
1.0109191511364075
1.0035649356115388
0.9961444784452889
0.9887958255194434
0.9816801475621184
0.9750207450096762
0.9691241230598265
0.9643683044487483
0.9611476926063258
0.9597813882788988
0.9604185282838915
0.9629885130595449
0.9672249862139191
0.972749383424112
0.979168919499721
0.9861473056794519
0.9934317479249289
1.000842158644077
1.008237119102725
1.0154701138872255
1.0223469532142024
1.0285957100929146
1.033863324627139
1.037752595125222
1.0399015355509578
1.0400823979633598
1.0382750657306137
1.0346739163058558
1.0296240746806975
1.0235233004032924
1.016736607339098
1.0095512415236594
1.0021736933784096
0.9947560953476813
0.987437458000245
0.9803879871598961
0.9738457672575666
0.9681328382403047
0.9636358463060367
0.9607427596722271
0.9597472998567866
0.9607591140764541
0.9636667912758677
0.9681754262486092
0.973896696643011
0.9804442892348051
0.987496833650887
0.9948169078506585
1.0022347306405872
1.0096113671476319
1.0167943944504403
1.0235767357893937
1.0296704423894292
1.0347099848644818
1.0382976442372531
1.0400891480373304
1.039891703503067
1.037727270243134
1.0338250692802937
1.0285477803558076
1.022292515249326
1.0154117553537843
1.0081767272132434
1.0007810798008905
0.9933711042012051
0.9860883641702571
0.9791134282583915
0.9726997757315187
0.9671843304116065
0.9629601053468332
0.9604051557243757
0.9597845136175591
0.9611669649914492
0.9644016804271077
0.9691685250502146
0.9750728906639902
0.9817371796229281
0.9888555784263527
0.996205418089009
1.0036258923641612
1.0109789611542472
1.0181048128352952
1.0247825181078534
1.0307081814766121
1.0355054012320357
1.0387790356902453
1.0402061228250075
1.0396311673662106
1.0371179271257565
1.0329277380193638
1.0274372101333973
1.021039961563207
1.0140746643259353
1.0067966983538268
0.9993879757054606
0.9919904772492988
0.9847498885537642
0.9778583728851858
0.9715852199361207
0.9662812972320914
0.9623434392133402
0.9601362092393088
0.9598928779605258
0.9616405029498999
0.9651907008919623
0.9702015949753782
0.9762756096209578
0.9830458047017006
0.9902222872382823
0.9975963479770823
1.0050147451841196
1.0123387375496564
1.019399705766828
1.0259620548554251
1.0317062739697296
1.0362469938965162
1.0391949469448372
1.0402519851377228
1.0393018296786143
1.0364492322751913
1.0319846051090353
1.026294901305168
1.0197676659401433
1.0127267855861513
1.0054121840953116
0.9979952558601616
0.9906152368867434
0.9834234705502396
0.976624834230216
0.9705046283918458
0.9654264242751782
0.9617880628230502
0.9599369924390067
0.9600719528008702
0.9621779305919528
0.9660312821529128
0.9712719778358332
0.9775025958242384
0.9843684880792642
0.9915957873607788
0.9989887960587026
1.0064003625416937
1.01368945370644
1.0206773006957044
1.0271130016823253
1.0326620348024294
1.0369322708546478
1.0395437722264669
1.0402265481825945
1.0389049886538264
1.0357235273555176
1.0309983679060175
1.0251233135673081
1.0184775439340232
1.0113694748279376
1.0040241622362907
0.9966037997808113
0.9892464653608566
0.9821106502570227
0.9754149348680105
0.9694605959797991
0.9646223622767895
0.9612960236262788
0.9598083075623931
0.9603210153372288
0.9627772528820295
0.9669207878313298
0.9723770623697724
0.978751695938914
0.9857036598828393
0.9929749776724508
1.0003818794682833
1.0077817795165411
1.0150297801432586
1.0219357140081302
1.0282329232053846
1.0335727664083463
1.0375588533133058
1.0398241422591785
1.0401299156070343
1.038442184208325
1.0349432745302098
1.0299717171013567
1.0239248182670084
1.0171713998042797
1.01000399880501
1.0026335692729564
0.9952145025037062
0.987885313986632
0.980813073169875
0.9742309031263503
0.9684557691383437
0.963871703160373
0.9608691779209415
0.9597506764626139
0.9606390694517154
0.9634363004004073
0.9678565399515914
0.9735142996517405
0.9800208651687551
0.9870498524052592
0.9943588195992232
1.0017747231818446
1.009157982679686
1.0163582935640831
1.0231729508040397
1.0293193031432817
1.0344357796858876
1.0381245010488171
1.040034941455038
1.039962480134719
1.037915178913325
1.0341110310416082
1.0289073170078953
1.0227016897940118
1.0158509278708965
1.0086315429029657
1.001241310759238
0.9938282852478633
0.9865330117727817
0.9795324936220452
0.9730750674892498
0.9674928289720213
0.9631769551832959
0.9605091687149482
0.9597643337802503
0.9610248585155143
0.9641527538329986
0.9688358420760709
0.9746812163669304
0.9813081695527583
0.9884056945898493
0.995746327542328
1.0031664492126047
1.0105279003214385
1.0176734708632516
1.0243869063805024
1.0303695566142819
1.0352484165193625
1.0386271372768263
1.0401753221626422
1.0397249184140471
1.0373259367142438
1.033229424086223
1.027807787758919
1.0214560990638817
1.01451771533708
1.0072532194633488
0.9998482718933691
0.9924461058876654
0.9851908733479608
0.978270776819899
0.9719498489419082
0.966574472382515
0.9625405175964412
0.9602174056136464
0.9598492238584719
0.9614768812954821
0.964924169168948
0.969856001004455
0.9758754259218795
0.982611786497153
0.9897699054898224
0.9971365588893342
1.004556165827473
1.0118903931490535
1.0189736842300272
1.0255753695486653
1.0313810445876386
1.0360080735743524
1.0390648725461207
1.0402447156386574
1.039418182204792
1.0366765998843364
1.0323011263972333
1.026675689551284
1.0201901090114627
1.013173246437386
1.0058700767458677
0.9984553282503168
0.9910689691531976
0.9838603060686666
0.9770298993334285
0.9708577511908368
0.965703391384303
0.9619646552498147
0.9599950471812951
0.9600050014756207
0.9619934105908821
0.9657480031277274
0.970914346785468
0.9770946374044561
0.983930003676477
0.9911412868324436
0.9985286036994477
1.0059429568611775
1.0132442455559372
1.020257197491376
1.0267360278990625
1.032351090435969
1.0367122270319677
1.0394360271653675
1.040242839479165
1.039043486116077
1.0359694646989246
1.0313288329003918
1.025513509015206
1.0189056719906502
1.011818907770458
1.0044831084222938
0.9970633565823066
0.9896979364706323
0.9825428161828008
0.9758119479036932
0.9698013487238669
0.96488225082266
0.961451473608593
0.9598429861817482
0.960231036377276
0.962572514176536
0.9666216383621772
0.9720082508445735
0.9783366624412146
0.9852612164435706
0.9925187148111767
0.9999215741486963
1.0073258712067037
1.0145881575718443
1.0215221638346652
1.027866475111303
1.0332769984872843
1.0373584578776807
1.039739151682132
1.0401697013303806
1.0386022921881242
1.0352069563212656
1.0303152387586714
1.0243236477459863
1.017604628959858
1.0104559946793734
1.0030932635030034
0.9956732456110454
0.9883341353489979
0.9812400139162073
0.9746191164371288
0.9687832727121463
0.9641136647670588
0.9610028946641316
0.9597618380453045
0.9605264214970921
0.963212077590664
0.9675424080193834
0.9731351420855952
0.9795994200293935
0.986603923890639
0.9939011312213449
1.0013145938161818
1.0087039125640793
1.0159207376112944
1.0227666250522354
1.0289642203795624
1.0341560744229616
1.0379444773181072
1.0399730449594222
1.0400255987880043
1.0380962916785683
1.0343916033812868
1.029263019066713
1.0231084129911612
1.016288710321029
1.0090857185482744
1.0017014566039049
0.9942859067350769
0.9869787682127305
0.9799536173441743
0.9734537010693118
0.9678061947992256
0.9634001719067643
0.960620634231248
0.9597519328377431
0.9608899846672462
0.9639098282832113
0.9685076192852666
0.9742925208758942
0.9808809394441429
0.9879567237026426
0.9952875340470483
1.0027067868895163
1.0100760295342366
1.017240496145015
1.0239885124466706
1.0300266999947851
1.0349856473131545
1.0384681518657952
1.0401367694363186
1.039811115487666
1.0375273844693302
1.0335260127056343
1.0281748104006467
1.021870010450404
1.0149595382730934
1.007709214890859
1.0003085784672865
0.9929022845740195
0.9856331205718554
0.9786854549065256
0.9723180931986687
0.9668728088702205
0.9627442103252354
0.9603061811151874
0.9598133109262161
0.9613203035384653
0.9646633606333537
0.9695145755888444
0.9754779708724098
0.9821793613392006
0.989318305940796
0.9966769675995638
1.0040972673659734
1.0114411061505624
1.0185458404260794
1.0251856495284548
1.031051291088067
1.035763093025693
1.03892752760994
1.040229663215177
1.0395271134820514
1.0368976565505499
1.0326128446236424
1.0270531943741823
1.020610539115309
1.0136186305378545
1.0063275521139015
0.9989155066547598
0.9915233672683028
0.984298568413851
0.9774374664241738
0.9712147704142378
0.9659858109459079
0.9621480920735301
0.9600607786083745
0.9599457224478959
0.9618157233592717
0.9654701613523912
0.9705605971959986
0.9766891686885459
0.9834929371715931
0.9906874458885317
0.9980685123005444
1.0054851283257762
1.0127979529475342
1.0198350704079853
1.0263557566258599
1.0320353274975786
1.0364858586903443
1.0393208531818516
1.0402513486868834
1.0391747220896963
1.0362093560631451
1.0316547892311048
1.0259006832996183
1.0193319880519311
1.012267405316707
1.004941740846787
0.9975231163337734
0.9901501964485302
0.9829765846936038
0.9762117024775319
0.9701462852711236
0.9651478774011083
0.9616139779978718
0.9598854087382609
0.9601486305944031
0.9623743772065968
0.9663276348090053
0.971643039978021
0.9779238914390226
0.9848200270886172
0.9920629960855696
0.999461274197373
1.0068694313554047
1.0141452986733293
1.0211063759956631
1.0274964575099261
1.032976117674263
1.03715148784969
1.0396466009294156
1.0402017374854484
1.0387553234827742
1.035464868391166
1.0306545439444796
1.0247197080040253
1.0180362350103909
1.0109071873396773
1.003552743735624
0.9961322910810082
0.9887838767828983
0.9816687447908435
0.9750103220136098
0.9691152519027498
0.9643616417621762
0.9611438533006463
0.9597807796339657
0.9604212186316536
0.9629942082168955
0.9672331278460041
0.9727593121951285
0.9791800222309666
0.9861590964188702
0.993443877668184
1.000854374293161
1.0082491962016775
1.0154817827610514
1.0223578357716152
1.0286052881147223
1.0338709644902317
1.0377576458830848
1.03990348583551
1.040081031651008
1.0382705353534547
1.0346666907899333
1.0296147926247636
1.0235126078072907
1.0167250467326754
1.0095392148734297
1.0021614856075338
0.9947439336263177
0.9874255850044537
0.9803767307986286
0.973835588059652
0.9681243305002285
0.9636296703929584
0.9607395043254726
0.9597473163124446
0.9607624004845023
0.9636729933392632
0.9681839536991051
0.9739068891879045
0.9804555536947799
0.9875087109092127
0.9948290711259881
1.0022469377703769
1.009623390741664
1.0168059486809509
1.023587417337469
1.0296797074045487
1.0347171867596356
1.0383021452536314
1.040090481751619
1.0398897209727205
1.0377221910581438
1.0338174070172588
1.0285381864949408
1.0222816226306444
1.015400080821347
1.0081646475614199
1.000768863916851
0.993358976459681
0.98607657831257
0.9791023345023538
0.9726898614372689
0.967176209735513
0.9629544374299455
0.9604024970540469
0.959785155106718
0.9611708346318444
0.9644083681199286
0.9691774146766365
0.9750833259187252
0.9817485896677786
0.9888675308468292
0.9962176065778826
1.0036380831849838
1.010990921358973
1.0181162383031392
1.0247929794054715
1.0307171104052322
1.0355121422263325
1.038782970102046
1.0402068345691144
1.0396285765766196
1.0371123176844146
1.0329196624046262
1.0274273270197705
1.0210288871721216
1.0140628890277106
1.0067845749768232
0.9993757593900265
0.9919783922209789
0.9847382020352824
0.9778474589070784
0.9715755923927277
0.9662735872556956
0.9623382993732537
0.9601341577842896
0.9598941418720073
0.9616449409837249
0.9651978520303018
0.9702108233119096
0.9762862673496486
0.9830573451576445
0.9902343042007148
0.9976085536626822
1.0050269117073807
1.0123506238234823
1.0194109874063806
1.0259722757642318
1.031714843376378
1.0362532517178509
1.0391982996977025
1.04025207201557
1.0392986409144944
1.036443112515639
1.031976139765178
1.026284750863469
1.019756427059195
1.0127149218173734
1.0054000257766345
0.997983046789764
0.99060320378834
0.9834118964313606
0.9766141181723271
0.9704953100866128
0.965419148429592
0.9617834697781328
0.959935556425605
0.9600738340137267
0.9621829203500698
0.9660388738673357
0.9712815217551785
0.9775134566822634
0.9843801447219006
0.99160785891056
0.9990010111336323
1.0064124964873795
1.0137012547788753
1.020688422472958
1.027122961227794
1.0326702210559011
1.0369380241130965
1.0395465302576377
1.0402260098399896
1.0389012143948901
1.0357169183829908
1.0309895364879775
1.0251129169910305
1.0184661568684124
1.0113575340734107
1.0040119773530538
0.9965916057212715
0.9892344939754993
0.9820992025037409
0.9754044358186048
0.9694516099196065
0.9646155435831244
0.9612919945196362
0.959807492798238
0.96032350628766
0.9627827760627096
0.9669287967835639
0.9723868992273961
0.9787627415181314
0.9857154194044214
0.9929870944436694
1.0003940962407671
1.007793872222864
1.0150414839500463
1.021946658911729
1.0282425996563573
1.033580545858092
1.0375640817242688
1.039826294659911
1.0401287542363362
1.038437838973218
1.0349361983941021
1.0299625431157535
1.0239141959336953
1.0171598798869637
1.0099919918018923
1.0026213658855094
0.9952023314043316
0.9878734147422298
0.9808017666896285
0.9742206410792793
0.9684471387104734
0.9638653640150658
0.9608657281188441
0.9597504862609393
0.9606421602309556
0.9634423372796034
0.967864942542803
0.9735244074116304
0.9800320780256757
0.9870617023711771
0.9943709727328122
1.0017869339811079
1.0091700250156255
1.0163698871902396
1.0231837008506814
1.0293286741103986
1.0344431288531208
1.0381291856539436
1.040036479608878
1.0399607004460059
1.0379102790820511
1.0341035105132241
1.0288978236483812
1.0226908611991143
1.0158392894811696
1.0086194797106673
1.0012290967031385
0.9938161453342267
0.9865211958147392
0.9795213442878743
0.9730650632858834
0.9674845777870835
0.9631711171373989
0.9605063116209722
0.9597647689164022
0.9610285369963446
0.9641592834829504
0.9688446146438043
0.9746915737084454
0.9813195332206923
0.9884176233855344
0.9957585086001419
1.003178646294108
1.0105398826029814
1.0176849404951591
1.0243974426358795
1.0303785991673953
1.035255312300646
1.0386312606585104
1.0401762398563215
1.0397225275734938
1.0373205003330337
1.0332214824410058
1.027797997758958
1.0214450827726398
1.0145059719313974
1.0072411095395135
0.9998360548729829
0.9924340057523652
0.985179152605247
0.9782598014816691
0.9719401241946827
0.9665666241006714
0.962535201132503
0.9602151525026132
0.9598502825596991
0.9614811332843827
0.9649311696808497
0.969865120005786
0.9758860123276247
0.9826232854834596
0.9897819022592451
0.9971487597649821
1.0045683412786643
1.0119023050599902
1.0189850151177744
1.025585672165014
1.031389735391948
1.0360144934549502
1.0390684190312616
1.0402450091429756
1.039415189741754
1.0366706464571662
1.0322927872048864
1.0266656250552963
1.020178922627984
1.0131614105911846
1.005857929027469
0.9984431159333479
0.9910569178438484
0.9838486933121592
0.9770191158148845
0.9708483281879624
0.9656959695264504
0.9619598795603045
0.959993407056773
0.9600066794443994
0.9619982200023195
0.965755451834358
0.9709237889644086
0.9771054332294633
0.9839416234461252
0.9911533414093154
0.9985408165266544
1.0059551025084457
1.0132560760741436
1.0202683739225804
1.026746076170255
1.0323594059062053
1.0367181493057982
1.0394389830141126
1.0402425075979016
1.0390399038011198
1.035963014969992
1.0313201198258857
1.0255031914685815
1.0188943321431918
1.0118069912297516
1.004470931410944
0.9970511566945874
0.989685943574296
0.9825313250747726
0.9758013749841639
0.9697922503150422
0.9648752785687325
0.9614472563800467
0.959841965660433
0.9602333268475988
0.9625778632254776
0.9666295120566561
0.9720179933822478
0.978347648963986
0.9852729433902514
0.9925308176439047
0.999933791207924
1.0073379785242358
1.0145998949020436
1.021533169121029
1.0278762475462235
1.0332849149588308
1.0373638618703016
1.039741505257478
1.0401687454160413
1.0385981338848753
1.0352000320527048
1.0303061753766642
1.024313097804086
1.0175931513011967
1.0104440084209445
1.0030810653536395
0.9956610660309154
0.9883222110722008
0.9812286590497621
0.9746087738167901
0.9687745221754821
0.9641071647440816
0.9609992518713205
0.9597614412710249
0.9605293153223479
0.9632179469991495
0.9675506831665731
0.9731451627321765
0.9796105794856012
0.986615745296677
0.993913273292718
1.0013268074402064
1.0087159725853585
1.01593236912536
1.0227774415300663
1.0289736947942694
1.0341635683383203
1.0379493436088312
1.0399747868738485
1.040024022724018
1.038091573172828
1.034384227130258
1.0292536286914278
1.02309765044708
1.016277109542724
1.0090736728473408
1.0016892452160697
0.9942737555866743
0.9869669234561533
0.9799424142714063
0.9734436093170484
0.9677978156899756
0.9633941659697549
0.9606175799456644
0.9597521614271647
0.9608934704375752
0.9639161974966819
0.9685162722227517
0.9743027980637278
0.9808922550439506
0.987968627688934
0.9952997067895656
1.0027189893686361
1.0100880327669672
1.0172520083309402
1.0239991214925648
1.0300358536236622
1.0349926954216866
1.0384724625047836
1.040137892672053
1.0398089256374705
1.0375221232792857
1.0335182076046778
1.0281651159327687
1.021859054180979
1.0149478281324043
1.007697119395156
1.000296361578268
0.9928901703187888
0.985621366998714
0.9786744201541532
0.9723082736817595
0.9668648248523624
0.9627387193344568
0.9603037273320062
0.9598141639475654
0.9613243677248037
0.9646702080424396
0.9695235827148794
0.9754884838101378
0.9821908172693028
0.9893302814079555
0.9966891628072491
1.0041094508535142
1.0114530424958614
1.0185572188467975
1.0251960315912463
1.0310601007138251
1.0357696725940717
1.038931266325987
1.0402301632152473
1.039524318606304
1.0368918717222313
1.032604634167839
1.0270432181658562
1.0205994070446178
1.0136068238960634
1.00631541592319
0.9989032919338897
0.9915112987939863
0.9842869185109164
0.9774266174954106
0.9712052452093223
0.9659782456080832
0.9621431356719535
0.9600589350957803
0.9599471964332301
0.9618203504807418
0.9654774645159959
0.9705699351423066
0.9766998974364197
0.9835045185831658
0.9906994824503895
0.9980807220380448
1.0054972847445742
1.0128098116242963
1.0198462996712618
1.026365891275826
1.0320437695995799
1.0364919477207055
1.0393240055765582
1.0402512234147614
1.0391713332336123
1.0362030679554102
1.0316461970751802
1.0258904470381962
1.0193206971313362
1.0122555141876166
1.0049295725968652
0.9975109114772035
0.9901381831548641
0.9829650518237418
0.9762010578389864
0.9701370770561859
0.9651407540589101
0.9616095743929579
0.9598841829126119
0.9601507195851191
0.9623795500174492
0.9663353706747447
0.9716526857657946
0.9779348169658602
0.9848317200724026
0.9920750839960761
0.9994734907070748
1.0068815523059529
1.0141570681487304
1.0211174397363045
1.0275063235060526
1.0329841685941956
1.0371570653020314
1.039649154653554
1.0402009874518399
1.0387513538362765
1.0354580984545223
1.0306455937125463
1.0247092326148057
1.018024801214057
1.010895222947092
1.0035405516859892
0.9961201039063011
0.9887719286631891
0.9816573432359088
0.9749999010660972
0.9691063838302071
0.9643549832492705
0.9611400190547256
0.9597801764637465
0.9604239142561285
0.9629999079089079
0.967241272964398
0.9727692433730771
0.9791911264534828
0.9861708879686524
0.9934560077427332
1.0008665899010367
1.0082612728726676
1.0154934506882412
1.0223687166472422
1.028614863490621
1.033878600613713
1.0377626918981175
1.039905430743646
1.0400796599071245
1.0382660000873873
1.03465946134339
1.029605507734893
1.0235019133751242
1.0167134850673756
1.00952718771647
1.0021492777318868
0.9947317721661725
0.9874137127221319
0.9803654757914856
0.9738254110918995
0.968115826051579
0.9636234988439791
0.9607362541590305
0.9597473382533134
0.9607656920659888
0.9636791997553249
0.9681924844283142
0.9739170839516333
0.9804668195002053
0.9875205888749181
0.9948412346580898
1.002259144791241
1.0096354138236898
1.0168175018450292
1.0235980970390617
1.0296889695733318
1.034724384711825
1.0383066413720028
1.0400918100314347
1.0398877330702079
1.037717107140285
1.0338097410271907
1.0285285900002934
1.0222707283399868
1.015388405349337
1.008152567486599
1.000756647995702
0.9933468490541096
0.9860647932717688
0.9790912422467879
0.9726799495616804
0.9671680925584406
0.9629487740585421
0.9603998436661353
0.9597858020692216
0.9611747093240399
0.9644150599744932
0.9691863073749732
0.9750937632111333
0.9817600009208186
0.9888794838784497
0.9962297952520471
1.0036502738278261
1.0110028809622136
1.0181276625765878
1.024803438683828
1.0307260362833242
1.035518879079158
1.0387868994756793
1.0402075408423892
1.0396259804951158
1.03710670367934
1.032911583269319
1.027417441467523
1.0210178112648498
1.014051112901422
1.0067724512558671
0.9993635431046853
0.9919663076072119
0.9847265164444091
0.9778365465843489
0.9715659674625773
0.9662658809849798
0.9623331642490396
0.9601321116940551
0.9598954112227597
0.9616493839308485
0.9652050071324916
0.9702200545158475
0.9762969269424189
0.9830688866929516
0.9902463216842108
0.9976207594643328
1.0050390779814509
1.0123625094002555
1.01942226771516
1.0259824944733733
1.03172340952587
1.036259505205976
1.0392016472889372
1.0402521534083984
1.0392954469585713
1.0364369883726858
1.0319676711083248
1.026274598172319
1.0197451868092982
1.0127030573246831
1.005387867189105
0.997970837817035
0.9905911711877026
0.9834003233585685
0.9766034039331456
0.9704859945943125
0.965411876493659
0.9617788816065751
0.9599341258385645
0.960075720610021
0.9621879148677867
0.9660464693426719
0.971291068341055
0.9775243192388154
0.9843918023232705
0.9916199308968284
0.9990132262567952
1.0064246301097044
1.0137130550519997
1.0206995427745085
1.0271329183861848
1.0326784038446277
1.03694377285532
1.0395492830219302
1.0402254660205406
1.0388974350628533
1.0357103052166465
1.030980701963979
1.0251025183476585
1.018454768572523
1.0113455926922832
1.0039997922728943
0.9965794118281779
0.9892225231764428
0.9820877559231408
0.9753939387593781
0.9694426268760044
0.9646087289985518
0.9612879704291147
0.9598066835004286
0.9603260025446622
0.962788303835888
0.9669368092905984
0.9723967385554926
0.9787737886386839
0.9857271797719681
0.9929992115716054
1.0004063129942622
1.007805964527916
1.0150531868480395
1.0219576021861256
1.0282522735266126
1.0335883216361608
1.0375693054466684
1.0398284417080579
1.0401275874192224
1.0384334888008377
1.0349291182610534
1.0299533662291753
1.0239035717081688
1.0171483588695756
1.0099799842632278
1.0026091623706939
0.9951901605422014
0.9878615161786468
0.9807904615170382
0.9742103812015689
0.968438511505517
0.963859029171842
0.9608622834591988
0.9597503015434802
0.960645256219856
0.9634483785726817
0.9678733484813072
0.973534517451772
0.9800432922752764
0.9870735530777265
0.9943831261474197
1.0017991446939265
1.0091820668678944
1.0163814797904331
1.0231944491061693
1.0293380422978788
1.034450474144136
1.0381338654107601
1.0400380123450588
1.039958915363158
1.0379053744648123
1.0340959861901324
1.0288883275894527
1.0226800308789095
1.0158276501133328
1.0086074160682599
1.0012168825876653
0.9938040057314602
0.986509380638629
0.9795101964048711
0.9730550614381804
0.9674763300325963
0.963165283578176
0.9605034597778014
0.9597652095322894
0.9610322205711079
0.9641658173585951
0.9688533903515972
0.9747019331466814
0.9813308981412264
0.9884295528234494
0.9957706898665772
1.0031908432206458
1.0105518643132465
1.0176964089758722
1.024407976929952
1.0303876387377853
1.0352622040053936
1.0386353790465697
1.0401771520887462
1.0397201314122588
1.0373150593308735
1.033213537206794
1.0277882052565113
1.0214340649146791
1.014494227661645
1.0072289992460828
0.9998238378604855
0.992421906005174
0.985167432752721
0.9782488277466941
0.9719304019957923
0.966558779456435
0.9625298893294743
0.9602129047314026
0.9598513467138895
0.9614853902341092
0.9649381742226381
0.9698742419417546
0.9758966006539358
0.9826347855907729
0.9897938995788517
0.9971609607793591
1.0045805165044803
1.0119142163061612
1.0189963447207493
1.0255959726421127
1.0313984230075535
1.0360209090648214
1.0390719603936207
1.0402452971644924
1.039412192051713
1.0366646885858932
1.0322844446309416
1.0266555582480725
1.0201677348278595
1.0131495739874434
1.0058457810157955
0.9984309036916296
0.9910448670042181
0.9838370815617122
0.9770083340601664
0.9708389079315443
0.9656885515112668
0.9619551086936606
0.9599917723406213
0.9600083628174311
0.962003034225712
0.9657629043693938
0.9709332338757714
0.977116230806783
0.9839532442134737
0.9911653964500499
0.9985530294243926
1.005967247857233
1.0132679058275984
1.0202795489269156
1.0267561221170214
1.032367717980294
1.0367240671227869
1.0394419336286531
1.0402421702346205
1.0390363163718719
1.0359565609837007
1.0313114035771713
1.02549287179541
1.0188829910205828
1.0117950740310158
1.0044587541792094
0.9970389569504083
0.9896739512343795
0.982519835096684
0.9757908039972824
0.9697831548551573
0.9648683103586205
0.9614430441221894
0.959840950594679
0.9602356226521607
0.9625832169234962
0.9666373893742753
0.9720277384545736
0.9783586370790893
0.9852846712193091
0.992542920859217
0.9999460082703563
1.0073500854666975
1.01461163136045
1.0215441728298498
1.0278860174650393
1.033292827826894
1.03736926123
1.0397438535063226
1.0401677840427892
1.0385939705976786
1.0351931037214672
1.0302971090262696
1.0243025459130526
1.017581672500369
1.01043202159754
1.003068867054141
0.9956488866643664
0.9883102874442947
0.9812173054454397
0.9745984333057909
0.9687657747933539
0.9641006689602563
0.960995614181138
0.9597610499775238
0.9605322143914301
0.963223820881688
0.9675589617296658
0.9731551857211573
0.9796217403826545
0.9866275674773543
0.9939254156697154
1.0013390210001492
1.0087280321507315
1.0159439996530486
1.0227882562711736
1.0289831664955809
1.0341710584446657
1.0379542051025175
1.0399765233897758
1.0400224412462418
1.0380868498295237
1.0343768470172274
1.0292442355505893
1.023086886123453
1.016265507746909
1.0090616266686514
1.0016770337465193
0.9942616047244563
0.986955079447338
0.9799312126014419
0.9734335198581501
0.9677894399425674
0.9633881644594807
0.9606145308771628
0.9597523955002772
0.9608969613420715
0.9639225709989626
0.9685249283686388
0.974313077408135
0.9809035719416942
0.9879805323492328
0.9953118797643055
1.0027311917155963
1.0101000354579817
1.0172635194079571
1.024009728634256
1.0300450043373006
1.0349997395192838
1.0384767681964535
1.0401390104585198
1.0398067304400345
1.0375168574123665
1.033510398846486
1.0281554188979192
1.021848096293373
1.01493611709082
1.0076850235037578
1.0002841446749464
0.9928780564257019
0.9856096142791735
0.9786633869538414
0.972298456648876
0.9668568444038126
0.9627332329482858
0.9603012788614509
0.9598150224331753
0.9613284369177751
0.9646770595468313
0.9695325928431362
0.975498998725783
0.9822022743629623
0.9893422574550456
0.9967013581765279
1.0041216341392016
1.0114649782079723
1.0185685960278135
1.0252064115744115
1.0310689072191708
1.0357762479550876
1.0389349999600384
1.040230657737172
1.0395215184704314
1.0368860823901866
1.0325964202618314
1.0270332395837887
1.0205882735086433
1.013595016462336
1.0063032794144042
0.9988910772659514
0.9914992307618954
0.9842752695748888
0.9774157702764924
0.9711957226848633
0.9659706840455158
0.9621381840412065
0.9600570969712332
0.9599486758413063
0.9618249824649947
0.9654847715750887
0.9705792758874178
0.9767106279912995
0.9835161010322813
0.9907115195040397
0.9980929318684734
1.0055094408893936
1.0128216695700973
1.0198575275555675
1.0263760236633077
1.032052208374042
1.0364980323547044
1.0393271527718229
1.040251092657886
1.0391679392239723
1.0361967755276387
1.0316376016766224
1.025880208589976
1.0193094048897855
1.0122436223683602
1.004917404102806
0.997498706741456
0.9901261703883646
0.9829535200419822
0.9761904150764158
0.9701278717228766
0.9651336346946154
0.9616051757115655
0.9598829625293389
0.9601528139355148
0.9623847275326334
0.9663431102317528
0.9716623341530055
0.9779457441369589
0.9848434139758102
0.9920871723155098
0.9994857072421831
1.0068936729071711
1.0141688367885198
1.0211285019501353
1.0275161870500755
1.032992215979037
1.0371626381783992
1.039651703079493
1.0402002319492265
1.0387473791609065
1.0354513243901167
1.0306366404444816
1.0246987552186733
1.0180133662325475
1.0108832579594598
1.0035283594632487
0.9961079169217866
0.9887599811611375
0.9816459428984877
0.9749894821687012
0.9690975188440074
0.9643483289117369
0.9611361898696985
0.959779578768432
0.9604266151564955
0.9630056121340315
0.9672494215672818
0.9727791769562805
0.9792022321659531
0.9861826803278634
0.9934681381479068
1.0008788054671125
1.0082733491149791
1.0155051176677778
1.0223795958396742
1.0286244362188723
1.0338862329957832
1.0377677331688981
1.0399073702747634
1.0400782827321358
1.038261459933717
1.0346522279679922
1.029596220012858
1.023491217108268
1.0167019223442793
1.009515160053537
1.0021370697520664
0.9947196109678865
0.9874018411541562
0.9803542221397131
0.9738152363559336
0.9681073248961765
0.9636173316607322
0.9607330091738793
0.959747365679387
0.9607689888199253
0.9636854105224155
0.9682010184344179
0.9739272809325783
0.9804780866498408
0.9875324675471312
0.9948533984463251
1.0022713517025816
1.0096474363929493
1.0168290539415892
1.0236087748926912
1.0296982288940024
1.0347315787192857
1.03831113259107
1.0400931328763627
1.0398857397961427
1.0377120184909858
1.0338020713118894
1.028518990873599
1.022259832378755
1.0153767289387643
1.0081404869894919
1.000744432038032
0.9933347219851612
0.9860530090487906
0.979080151493014
0.9726700401064332
0.9671599788822072
0.9629431152341673
0.9603971955614505
0.9597864545048675
0.9611785890668929
0.9644217559890949
0.969195203143421
0.9751042025396605
0.9817714133808843
0.9888914375204005
0.996241984110889
1.0036624642920764
1.0110148399631607
1.0181390856544832
1.0248138959413744
1.0307349591090849
1.0355256117887985
1.0387908238099868
1.0402082416446086
1.0396233791224903
1.0371010851120654
1.0329035006152572
1.0274075534783382
1.0210067338427176
1.0140393359480115
1.0067603271916312
0.999351326850025
0.9919542234087049
0.9847148317821478
0.9778256359183926
0.9715563451473992
0.9662581784217471
0.9623280338421384
0.9601300709692383
0.9598966860123888
0.9616538317899886
0.9652121661967734
0.9702292885854155
0.9763075883977841
0.9830804293065313
0.9902583396880082
0.9976329653814369
1.0050512440056962
1.0123743942791112
1.0194335466919344
1.0259927109812366
1.0317319724163874
1.0362657543592453
1.039204989717536
1.0402522293161816
1.0392922478118054
1.0364308598479548
1.0319591991402937
1.0262644432333454
1.0197339451917031
1.0126911921089599
1.005375708333364
0.9979586289425686
0.9905791390855809
0.9833887513329355
0.9765926915141382
0.9704766819167137
0.9654046084691495
0.9617742983096953
0.9599327006783311
0.9600776125891706
0.9621929141436956
0.9660540685771277
0.971300617591724
0.9775351834924824
0.9844034608823546
0.9916320033188678
0.9990254414276035
1.0064367634080058
1.0137248545248883
1.0207106615990498
1.0271428731558285
1.0326865831667917
1.036949517079759
1.0395520305185066
1.0402249167244175
1.0388936506588335
1.03570368785818
1.0309718643358274
1.0250921176387553
1.0184433790475291
1.0113336506853754
1.0039876069964262
0.9965672181021367
0.9892105529644843
0.982076310516365
0.9753834436918649
0.969433646850789
0.9646019185247925
0.9612839513558947
0.9598058796692187
0.9603285041074726
0.9627938362000484
0.966944825350621
0.9724065803523714
0.9787848372992356
0.9857389409845289
0.9930113290555834
1.0004185297281842
1.0078180564310004
1.0150648888362497
1.0219685438299408
1.028261944814431
1.0335960937407482
1.0375745244790473
1.039830583402957
1.0401264151560556
1.0384291336924434
1.034922034132813
1.0299441864434025
1.0238929455919235
1.0171368367532159
1.0099679761897846
1.0025969587291073
0.9951779899179436
0.9878496182967362
0.9807791576533215
0.9742001234948192
0.9684298875252882
0.9638526986323572
0.960858843943035
0.959750122310295
0.9606483574174833
0.9634544242780338
0.9678817577652874
0.9735446297705302
0.9800545079162961
0.9870854045240198
0.9943952798424025
1.0018113553197099
1.0091941082357518
1.0163930713636047
1.0232051955690493
1.0293474077039602
1.0344578155571573
1.0381385403179284
1.0400395396631041
1.0399571248867283
1.037900465062997
1.0340884580741225
1.0288788288328556
1.0226691988348215
1.0158160097684168
1.0085953519764668
1.0012046684134073
0.9937918664402214
0.986497566245366
0.9794990499743297
0.9730450619478018
0.967468085710378
0.9631594545072015
0.9605006131863014
0.9597656556277738
0.9610359092387111
0.9641723554582473
0.9688621691976403
0.9747122946800634
0.9813422643131726
0.9884414829027628
0.9957828713410138
1.0032030399916128
1.0105638454514427
1.017707876304258
1.024418509261194
1.0303966753236575
1.0352690916318736
1.0386394924397997
1.0401780588596312
1.0397177299310767
1.0373096137092641
1.0332055883854
1.0277784102532794
1.02142304549135
1.0144824825287861
1.00721688858374
0.9998116208564628
0.9924098066467845
0.9851557137913624
0.9782378556163429
0.9719206823469501
0.9665509384516143
0.9625245821888309
0.9602106623007064
0.9598524163207122
0.9614896521434243
0.964945182792571
0.9698833668105755
0.9759071908993061
0.9826462868179802
0.9898058974478654
0.9971731619318654
1.0045926915042973
1.011926126886723
1.019007673037747
1.0256062709783709
1.0314071074326427
1.0360273204022974
1.0390754966321425
1.0402455797031167
1.0394091891355748
1.0366587262721123
1.0322760986772164
1.0266454891312575
1.0201565456123622
1.0131377366270597
1.0058336327114947
0.99841869152575
0.9910328166350386
0.9838254708183718
0.9769975540707149
0.970829490423337
0.9656811373405327
0.9619503426512422
0.9599901430333475
0.9600100515941945
0.9620078532596924
0.9657703607310529
0.9709426815178062
0.9771270301349816
0.9839648659774829
0.9911774519539194
0.9985652423920754
1.00597939290689
1.0132797348154001
1.020290722503103
1.0267661657377132
1.0323760266564177
1.0367299804813461
1.0394448790080961
1.0402418273894274
1.0390327238294006
1.0359501027417224
1.031302684156058
1.0254825499972742
1.0188716486240201
1.0117831561750878
1.00444657672771
0.9970267573503679
0.989661959451661
0.9825083462496512
0.9757802349445587
0.9697740623459983
0.9648613461940612
0.961438836836247
0.9598399409848029
0.9602379237902573
0.9625885752691103
0.966645270313228
0.9720374860598449
0.9783696267851655
0.9852963999297732
0.9925550244564282
0.9999582253354112
1.0073621920334062
1.0146233669460984
1.0215551749597744
1.0278957848660484
1.0333007370896656
1.037374655955285
1.0397461964279457
1.040166817210925
1.0385898023277482
1.035186171329286
1.0302880397092766
1.0242919920744027
1.0175701925584977
1.0104200342099423
1.0030566686051077
0.9956367075120157
0.9882983644661115
0.9812059531044302
0.9745880949057081
0.9687570305675693
0.9640941774172603
0.9609919815946635
0.9597606641649233
0.9605351187034605
0.9632296992366998
0.9675672437068453
0.9731652110508843
0.9796329027192693
0.9866393904317647
0.9939375583516857
1.0013512344954243
1.0087400912594755
1.0159556291933276
1.0227990692741304
1.0289926354817507
1.0341785447402132
1.0379590617977885
1.0399782545066667
1.0400208543551666
1.0380821216500031
1.0343694630439724
1.0292348396459543
1.0230761200217262
1.0162539049346346
1.0090495800129413
1.0016648221958426
0.9942494541490681
0.9869432361871762
0.9799200123355474
0.9734234326942558
0.9677810675588173
0.9633821673775429
0.9606114870266627
0.9597526350570063
0.9609004573796925
0.9639289487883914
0.9685335877211149
0.974323358907521
0.9809148901361627
0.9879924376826911
0.9953240529706426
1.002743393929799
1.0101120376065083
1.0172750293749597
1.0240203338702443
1.030054152133918
1.0350067796042008
1.0384810689395563
1.0401401227953708
1.0398045298960343
1.0375115868700389
1.0335025864328653
1.0281457192978152
1.0218371367889607
1.0149244051493254
1.0076729272173595
1.0002719277579069
0.9928659428954384
0.9855978624141901
0.978652355306933
0.9722886421017132
0.9668488675263827
0.9627277511682305
0.9602988357042694
0.9598158863827758
0.9613325111161863
0.9646839151448013
0.969541605971818
0.9755095156178143
0.98221373261904
0.989354234081271
0.9967135537067939
1.0041338172224181
1.0114769132860693
1.0185799719679463
1.0252167894763815
1.0310777106022966
1.03578281910705
1.0389387285109877
1.0402311467807968
1.0395187130752856
1.0368802885559831
1.0325882029074391
1.0270232586296462
1.0205771385086868
1.0135832082375933
1.0062911425882053
0.9988788626515338
0.9914871631727509
0.9842636216067938
0.9774049247688381
0.9711862028426038
0.9659631262599978
0.9621332371826883
0.9600552642353014
0.9599501606716638
0.9618296193107023
0.965492082527896
0.9705886194295659
0.976721360351724
0.9835276845178729
0.9907235570487362
0.998105141791237
1.0055215967595919
1.0128335267840538
1.0198687540596465
1.0263861537866743
1.0320606438191475
1.0365041125907248
1.0393302947666985
1.0402509564162998
1.0391645400617937
1.036190478781482
1.0316290030372477
1.025869967956565
1.0192981113285045
1.0122317298597971
1.0049052353652401
0.9974865021271281
0.9901141581497963
0.9829419893494198
0.9761797741913091
0.9701186692729737
0.9651265193099781
0.9616007819549653
0.9598817475888208
0.9601549136449432
0.9623899097507005
0.9663508534782255
0.9716719851379284
0.9779566729509306
0.9848551087978428
0.9920992610431676
0.9994979238021109
1.0069057931583845
1.0141806045917496
1.0211395626358235
1.027526048140307
1.0330002598269725
1.0371682064772678
1.0396542462064555
1.0401994709778475
1.0387433994578354
1.0354445461996689
1.0306276841420878
1.0246882758171723
1.0180019300670147
1.0108712923775862
1.0035161670680135
0.9960957301280803
0.9887480342775617
0.9816345437797501
0.9749790653229806
0.9690886569459553
0.9643416787512761
0.9611323657466946
0.9597789865482073
0.9604293213319292
0.9630113208907123
0.9672575736528349
0.9727891129430609
0.9792133393670619
0.9861944734955699
0.9934802688830361
1.000891020990798
1.008285424927896
1.015516783698645
1.0223904733475027
1.0286340062977384
1.0338938616346436
1.0377727696940076
1.0399093044282635
1.0400769001264722
1.0382569148937524
1.0346449906655097
1.029586929460435
1.023480519008199
1.0166903585644689
1.0095031318853884
1.0021248616686718
0.9947074500321025
0.9873899703014055
0.9803429698445594
0.9738050638533798
0.9680988270358412
0.9636111688448498
0.9607297693709945
0.9597473985906559
0.9607722907453202
0.963691625638894
0.9682095557155949
0.973937480129118
0.9804893551424444
0.9875443469249782
0.9948655624900534
1.002283558503798
1.00965945844868
1.0168406049695418
1.023619450896874
1.0297074853647816
1.034738768780251
1.0383156189095362
1.0400944502859908
1.039883741151142
1.0377069251116777
1.0337943978731579
1.028509389116595
1.0222489347483552
1.0153650515906434
1.0081284060708147
1.0007322160444352
0.9933225952535109
0.9860412256445781
0.9790690622423573
0.9726601330732122
0.9671518687086339
0.9629374609583667
0.9603945527408013
0.9597871124134506
0.9611824738592567
0.9644284561620222
0.9692041019801709
0.9751146439027474
0.9817828270468058
0.9889033917718622
0.9962541731537884
1.003674654577116
1.0110267983609982
1.0181505075356614
1.0248243511765567
1.030743878880708
1.035532340353539
1.0387947431038118
1.0402089369755545
1.0396207724595403
1.0370954619841313
1.0328954144442635
1.027397663053907
1.0209956549070578
1.0140275581684288
1.006748202784795
0.9993391106266404
0.9919421396261715
0.9847031480495082
0.9778147269106099
0.9715467254489277
0.9662504795678026
0.9623229081539899
0.9601280356104686
0.959897966240495
0.9616582845598562
0.965219329221382
0.9702385255188293
0.9763182517142518
0.9830919729972855
0.9902703582113372
0.9976451714133892
1.0050634097794746
1.0123862784591768
1.0194448243354648
1.0260029252862037
1.0317405320461088
1.0362719991760128
1.039208326982496
1.0402522997388968
1.0392890434751632
1.036424726943076
1.0319507238629095
1.0262542860481831
1.0197227022076685
1.0126793261710914
1.0053635492100605
0.9979464201669673
0.9905671074827332
0.9833771803555417
0.9765819809167791
0.9704673720555911
0.9653973443578378
0.9617697198888122
0.9599312809453482
0.9600795099505876
0.9621979181763819
0.9660616715689018
0.9713101695054384
0.9775460494418438
0.984415120398125
0.9916440761759528
0.9990376566454602
1.0064488963816114
1.0137366531966066
1.0207217789452665
1.0271528255350468
1.0326947590205688
1.036955256784851
1.0395547727465293
1.0402243619517932
1.0388898611839534
1.035697066309293
1.030963023605336
1.025081714865893
1.0184319882946151
1.0113217080535184
1.003975421524276
0.9965550245437663
0.9891985833404339
0.9820648662845682
0.975372950617611
0.9694246698457663
0.964595112163574
0.9612799373011593
0.9598050813048604
0.9603310109753238
0.9627993731536674
0.9669528449618101
0.9724164246163318
0.978795887498439
0.9857507030411414
0.9930234468949155
1.0004307464419362
1.007830147931407
1.015076589913675
1.0219794838417833
1.0282716135180832
1.0336038621700434
1.0375797388199455
1.0398327197439474
1.040125237447203
1.038424773649301
1.0349149460111384
1.0299350037602244
1.023882317586464
1.0171253135389957
1.0099559675823422
1.0025847549613585
0.9951658195321977
0.9878377210973627
0.980767855099707
0.9741898679606411
0.9684212667716099
0.9638463723982734
0.9608554095713844
0.9597499485614402
0.9606514638228992
0.9634604743940437
0.9678901703929172
0.9735547443662597
0.980065724947463
0.9870972567091584
0.9944074338171054
1.0018235658578556
1.0092061491184459
1.0164046619086844
1.0232159402378578
1.0293567703268725
1.0344651530904028
1.0381432103741066
1.0400410615625375
1.0399553290172716
1.0378955508779988
1.0340809261669899
1.0288693273803433
1.0226583650682828
1.015804368447461
1.00858328743602
1.001192454180962
0.993779727461177
0.9864857526358738
0.9794879049975523
0.9730350648164161
0.967459844822254
0.9631536299260538
0.9604977718473393
0.9597661072027162
0.9610396029980581
0.9641788977802175
0.9688709511801191
0.97472265830701
0.9813536317353364
0.9884534136226367
0.9957950530228246
1.0032152366063958
1.0105758260167714
1.0177193424791766
1.0244290396280737
1.0304057089232124
1.0352759751783513
1.0386436008369941
1.040178960168692
1.0397153231306846
1.03730416346971
1.0331976359786401
1.0277686127509684
1.0214120245040088
1.0144707365337904
1.0072047775531758
0.9997994038615088
0.9923977076778973
0.9851439957221588
0.978226885091992
0.9719109652498755
0.9665431010880224
0.9625192797120504
0.9602084252112157
0.9598534913798327
0.9614939190110859
0.9649521953889005
0.9698924946104561
0.9759177830622217
0.9826577891639606
0.9898178958655013
0.9971853632218923
1.004604866277482
1.0119380368008226
1.0190190000675534
1.0256165671721906
1.0314157886653972
1.036033727465706
1.0390790277457702
1.0402458567587596
1.0394061809942492
1.0366527595174235
1.0322677493455348
1.0266354177065038
1.020145354982774
1.01312589851094
1.0058214841152244
0.9984064794363078
0.9910207667370521
0.983813861083194
0.9769867758479797
0.970820075665103
0.9656737270160346
0.9619455814344102
0.9599885191354586
0.960011745774165
0.9620126771028876
0.9657778209175458
0.9709521318887544
0.9771378312126162
0.9839764887371033
0.9911895079201859
0.9985774554291053
1.0059915376567568
1.0132915630366364
1.0203018946498534
1.0267762070306716
1.032384331932752
1.0367358893798833
1.0394478191515466
1.0402414790624293
1.0390291261747766
1.0359436402457358
1.0312939615643628
1.0254722260757663
1.0188603049547107
1.011771237662815
1.004434399057077
0.997014557895077
0.989649968226931
0.9824968585348026
0.9757696678275138
0.9697649727893608
0.9648543860767984
0.9614346345234492
0.9598389368311213
0.9602402302611809
0.9625939382608324
0.9666531548717
0.9720472361963475
0.9783806180808454
0.985308129520663
0.9925671284348412
0.999970442402495
1.0073742982236675
1.0146351016580124
1.0215661755094387
1.027905549747539
1.033308642745329
1.0373800460446605
1.039748534021626
1.04016584492075
1.0385856290763025
1.0351792348778994
1.0302789674274808
1.0242814362896602
1.0175587114767146
1.0104080462589446
1.003044470007151
0.9956245285744931
0.988286442138495
0.9811946020279355
0.9745777586181296
0.9687482894999454
0.9640876901167782
0.96098835411298
0.9597602838333459
0.9605380282575577
0.9632355820625998
0.9675755290962884
0.9731752387196964
0.9796440664941523
0.9866512141589927
0.9939497013379675
1.0013634479254354
1.0087521499108558
1.0159672577451528
1.0228098805374992
1.0290021017510227
1.0341860272231709
1.0379639136932621
1.0399799802239829
1.040019262051285
1.0380773886356172
1.0343620752122746
1.0292254409792854
1.023065352143352
1.0162423011069595
1.009037532880953
1.0016526105646355
0.9942373038611619
0.9869313936765676
0.9799088134749974
0.973413347827013
0.9677726985405491
0.963376174725548
0.9606084483950867
0.9597528800972783
0.9609039585493955
0.9639353308633046
0.9685422502783645
0.9743336425602876
0.9809262096261413
0.9880043436884562
0.9953362264079464
1.0027555960106398
1.0101240392117685
1.0172865382308351
1.0240309371990228
1.0300632970117254
1.0350138156746869
1.03848536473284
1.0401412296822574
1.039802324006146
1.0375063116537695
1.0334947703656232
1.028136017134175
1.0218261756691194
1.0149126923089082
1.0076608305366603
1.0002597108277393
0.9928538297286826
0.9855861114047261
0.9786413252147763
0.9722788300419716
0.966840894221889
0.9627222739958023
0.960296397861212
0.9598167557960977
0.961336590318844
0.9646907748346226
0.9695506220991282
0.9755200344846995
0.9822251920363959
0.9893662112858345
0.9967257493974375
1.0041460001025426
1.0114888477293222
1.0185913466660104
1.025227165295583
1.0310865108613918
1.035789386048266
1.0389424519777288
1.0402316303459676
1.0395159024217195
1.036874490221189
1.032579982106482
1.0270132753050956
1.02056600204605
1.013571399222757
1.0062790054452555
0.9988666480912277
0.991475096027275
0.9842519746076596
0.9773940809738689
0.9711766856842894
0.9659555722533235
0.9621282950977987
0.9600534368885534
0.9599516509238414
0.9618342610165355
0.9654993973726437
0.9705979657669844
0.9767320945162316
0.9835392690388732
0.9907355950837313
0.9981173518057405
1.0055337523545231
1.012845383265278
1.0198799791822388
1.02639628164429
1.032069075933075
1.0365101884271475
1.0393334315602354
1.040250814690043
1.0391611357480923
1.0361841777185907
1.0316204011588725
1.0258597251395707
1.0192868164487188
1.012219836662788
1.0048930663848012
0.9974742976348202
0.9901021464399281
0.9829304597471543
0.9761691351851604
0.97010946970826
0.9651194079067557
0.961596393124432
0.9598805380914389
0.9601570187127588
0.962395096670203
0.9663586004123598
0.9716816387188386
0.9779676034063877
0.9848668045375035
0.9921113501783461
0.9995101403862701
1.0069179130589165
1.0141923715574712
1.0211506217920354
1.0275359067750571
1.0330083001361854
1.0371737701971104
1.0396567840336624
1.0401987045379386
1.0387394147282307
1.0354377638848944
1.0306187248071634
1.0246777944118433
1.0179904927186085
1.0108593262022743
1.0035039745008933
0.9960835435257973
0.9887360880132801
0.9816231458808666
0.9749686505304959
0.9690797981378569
0.9643350327695902
0.961128546686845
0.9597783998032592
0.9604320327816066
0.9630170341773997
0.9672657292192411
0.9727990513317453
0.9792244480554979
0.9862062674708425
0.9934923999474563
1.0009032364715067
1.0082975003107064
1.0155284487798288
1.0224013491693211
1.028643573725483
1.0339014865284981
1.0377778014720278
1.0399112332035478
1.0400755120905634
1.0382523649687996
1.0346377494377075
1.029577636079392
1.023469819076387
1.0166787937290194
1.0094911032127756
1.0021126534822957
0.9946952893594567
0.9873781001647525
0.9803317189072672
0.9737948935858596
0.96809033247239
0.9636050103979613
0.9607265347513503
0.9597474369871103
0.9607755978411835
0.9636978451031238
0.9682180962700301
0.9739476815396381
0.9805006249767815
0.9875562270075927
0.9948777267886414
1.0022957651942963
1.0096714799901263
1.0168521549278047
1.0236301250501332
1.0297167389838977
1.0347459548929612
1.038320100326109
1.0400957622599087
1.0398817371358218
1.0377018270037892
1.0337867207127933
1.02849978473101
1.0222380354501825
1.0153533733059772
1.008116324731272
1.0007200000154945
0.9933104688598241
0.9860294430600646
0.9790579744961349
0.9726502284636942
0.9671437620395353
0.9629318112326809
0.9603919152049938
0.9597877757947659
0.9611863636999883
0.9644351604915713
0.969213003883424
0.975125087298846
0.9817942419174255
0.9889153466320271
0.9962663623801371
1.0036868446823384
1.0110387561549226
1.0181619282189693
1.0248348043878304
1.0307527955963947
1.0355390647716705
1.0387986573560006
1.040209626835008
1.0396181605070594
1.0370898342970698
1.0328873247581496
1.0273877701959073
1.0209845744591897
1.0140157795636084
1.0067360780360235
0.9993268944351125
0.9919300562603125
0.9846914652474879
0.9778038195623905
0.9715371083688875
0.9662427844249439
0.9623177871860291
0.9601260056183739
0.9598992519066808
0.961662742239169
0.9652264962045625
0.9702477653143182
0.9763289168903448
0.9831035177641316
0.9902823772534435
0.9976573775595996
1.0050755753021585
1.0123981619395936
1.0194561006445246
1.0260131373866666
1.0317490884132212
1.0362782396546375
1.0392116590828178
1.0402523646765207
1.0392858339496054
1.0364185896596696
1.0319422452779847
1.0262441266184519
1.0197114578584363
1.0126674595119485
1.005351389819827
0.9979342114908177
0.9905550763799025
0.9833656104274532
0.9765712721425296
0.9704580650127086
0.965390084161489
0.9617651463452395
0.9599298666400584
0.9600814126936886
0.9622029269644403
0.9660692783162057
0.9713197240804667
0.9775569170854963
0.984426780869571
0.9916561494673761
0.9990498719097857
1.0064610290298657
1.013748451066236
1.0207328948118584
1.0271627755221753
1.0327029314041458
1.0369609919690415
1.039557509705164
1.04022380170284
1.0388860666393303
1.0356904405716778
1.0309541797743047
1.0250713100306277
1.0184205963149473
1.0113097647975247
1.0039632358570503
0.9965428311536659
0.9891866143050823
0.9820534232288873
0.9753624595381457
0.9694156958627274
0.9645883099166117
0.9612759282660838
0.9598042884076032
0.9603335231474512
0.96280491469523
0.9669608681223582
0.9724262713456905
0.9788069392349666
0.9857624659408643
0.993035565088935
1.0004429631349416
1.0078422390284454
1.0150882900793337
1.0219904222202794
1.0282812796358551
1.0336116269222477
1.0375849484679112
1.0398348507303719
1.0401240542930301
1.0384204086726703
1.034907853897776
1.029925818181415
1.0238716876932765
1.0171137892280064
1.0099439584416594
1.0025725510680359
0.9951536493855833
0.9878258245813717
0.9807565538574053
0.9741796146006284
0.9684126492462899
0.9638400504712407
0.960851980345271
0.9597497802969707
0.9606545754351696
0.9634665289191052
0.9678985863623857
0.9735648612373332
0.9800769433675256
0.9871091096322643
0.9944195880708946
1.0018357763077823
1.0092181895152446
1.016416251424621
1.0232266831111485
1.029366130164861
1.0344724867421036
1.0381478755779625
1.040042578042887
1.0399535277553422
1.0378906319112036
1.0340733904705175
1.0288598232336528
1.0226475295807065
1.0157927261514845
1.0085712224476318
1.0011802398909078
0.9937675887949746
0.9864739398110582
0.979476761475825
0.9730250700456767
0.967451607370036
0.963147809836301
0.9604949357617759
0.9597665642569756
0.9610433018480565
0.964185444322825
0.9688797362972322
0.9747330240259563
0.981365000406541
0.988465344982251
0.9958072349114003
1.0032274330643995
1.010587806008451
1.0177308074995037
1.0244395680290734
1.0304147395346626
1.0352828546431017
1.038647704236954
1.0401798560156463
1.0397129110118173
1.037298708613709
1.03318967998832
1.0277588127512705
1.021401001953996
1.0144589896776106
1.0071926661550634
0.9997871868761998
0.992385609099196
0.9851322785460817
0.9782159161750029
0.9719012507062749
0.9665352673674611
0.9625139819006026
0.9602061934636172
0.9598545718909168
0.9614981908358574
0.9649592120098887
0.9699016253396179
0.9759283771411849
0.982669292627611
0.9898298948309919
0.9971975646488486
1.0046170408234187
1.0119499460476236
1.0190303258089697
1.0256268612219879
1.03142446670401
1.0360401302533846
1.0390825537334532
1.0402461283313336
1.039403167628643
1.0366467883234194
1.0322593966377087
1.026625343975449
1.0201341629403595
1.0131140596399728
1.005809335227624
0.9983942674238838
0.991008717310984
0.9838022523572192
0.9769759993933962
0.9708106636585918
0.9656663205395483
0.9619408250445186
0.9599869006474578
0.9600134453568193
0.9620175057539313
0.9657852849270941
0.970961584986872
0.977148634038261
0.9839881124913039
0.9912015643481302
0.9985896685349027
1.0060036821061902
1.0133033904904114
1.0203130653658932
1.0267862459942525
1.0323926338074843
1.0367417938168155
1.0394507540581164
1.0402411252537347
1.0390255234090668
1.03593717349741
1.031285235803889
1.0254619000324612
1.0188489600138428
1.0117593184950255
1.004422221167922
0.9970023585851269
0.9896379775609613
0.9824853719532489
0.975759102647653
0.9697558861870264
0.9648474300085644
0.9614304371850173
0.9598379381339474
0.9602425420642255
0.962599305897182
0.9666610430478887
0.9720569888623821
0.9783916109647778
0.9853198599910161
0.9925792327937782
0.9999826594710329
1.007386404036806
1.0146468354952334
1.0215771744774955
1.027915312107815
1.0333165447920822
1.0373854314966418
1.0397508662866493
1.0401648671725685
1.038581450844556
1.0351722943690378
1.0302698921826654
1.024270878560334
1.0175472292561343
1.010396057745321
1.0030322712608621
0.9956123498524078
0.988274520462269
0.9811832522171389
0.9745674244446259
0.9687395515922833
0.9640812070604813
0.9609847317371613
0.9597599089829091
0.9605409430528412
0.9632414693578097
0.9675838178961831
0.9731852687259468
0.9796552317060266
0.9866630386581402
0.993961844627917
1.0013756612896043
1.0087642081041566
1.0159788853074976
1.0228206900598584
1.0290115653016558
1.034193505891759
1.037968760787566
1.0399817005411915
1.040017664335091
1.0380726507877132
1.0343546835239081
1.0292160395523344
1.0230545824897694
1.016230696264928
1.0090254852734148
1.0016403988534799
0.9942251538613766
0.986919551916398
0.9798976160210529
0.9734032652580561
0.9677643328895744
0.9633701865050924
0.9606054149833497
0.9597531306210154
0.9609074648501368
0.963941717222042
0.9685509160385791
0.9743439283648463
0.9809375304104262
0.9880162503656877
0.9953484000755983
1.0027677979575278
1.0101360402729975
1.0172980459744836
1.0240415386190975
1.0300724389689457
1.0350208477290013
1.0384896555750611
1.040142331118836
1.0398001127710481
1.0375010317650233
1.0334869506465618
1.0281263124087079
1.0218152129352147
1.0149009785705438
1.007648733462346
1.0002474938850203
0.9928417169261058
0.9855743612517306
0.9786302966787082
0.9722690204713406
0.9668329244921381
0.9627168014325048
0.9602939653330235
0.9598176306728697
0.9613406745245567
0.9646976386145732
0.969559641223278
0.9755305553249171
0.9822366526139016
0.9893781890679512
0.9967379452478619
1.004158182778966
1.011500781536913
1.0186027201208319
1.0252375390304536
1.0310953079946552
1.0357959487770518
1.0389461703591614
1.0402321084325337
1.0395130865105853
1.0368686873873683
1.0325717578607727
1.0270032896117944
1.0205548641220237
1.0135595894187375
1.0062668679862057
0.9988544335856125
0.9914630293261796
0.9842403285785037
0.9773832388929962
0.971167171211656
0.9659480220272783
0.9621233577879305
0.9600516149315524
0.9599531465973759
0.9618389075811672
0.9655067161075632
0.970607314897915
0.9767428304833703
0.9835508545942258
0.9907476336082891
0.9981295619113999
1.0055459076735538
1.0128572390128938
1.0198912029220952
1.0264064072345294
1.0320775047140127
1.0365162598623618
1.0393365631514915
1.040250667479162
1.039157726283886
1.036177872340613
1.031611796043307
1.025849480140592
1.0192755202516453
1.0122079427781836
1.0048808971621124
0.997462093265122
0.9900901352595181
0.9829189312362746
0.9761584980594533
0.9701002730305083
0.9651123004866968
0.9615920092212313
0.9598793340375679
0.9601591291383126
0.9624002882896933
0.9663663510323564
0.9716912948940178
0.9779785355019504
0.984878501193804
0.9921234397203508
0.9995223569940818
1.0069300326080999
1.0142041376847435
1.0211616794174443
1.0275457629526423
1.0330163369048648
1.037179329336405
1.0396593165603394
1.0401979326297401
1.0387354249732617
1.035430977447508
1.0306097624415032
1.0246673110042217
1.0179790541884723
1.0108473594343208
1.003491781762491
0.9960713571155461
0.9887241423691044
0.9816117492030021
0.9749582377928016
0.969070942421513
0.9643283909683763
0.9611247326912761
0.9597778185337713
0.9604347495047033
0.963022751992544
0.9672738882646867
0.9728089921206649
0.9792355582299552
0.9862180622527575
0.9935045313405082
1.0009154519086565
1.0083095752627018
1.01554011291032
1.0224122233037276
1.028653138500375
1.033909107675554
1.037782828501545
1.0399131566000215
1.0400741186248408
1.0382478101601653
1.0346305042863493
1.029568339871496
1.0234591173142982
1.0166672278390023
1.0094790740364452
1.0021004451935267
0.994683128950582
0.9873662307450669
0.9803204693290768
0.9737847255549914
0.9680818412076366
0.9635988563216933
0.9607233053159177
0.9597474808687382
0.9607789101065245
0.9637040689134692
0.9682266400959106
0.9739578851625276
0.980511896151621
0.9875681077941121
0.9948898913414592
1.0023079717734866
1.0096835010165353
1.016863703815298
1.0236407973509938
1.0297259897495796
1.0347531370556573
1.0383245768394977
1.040097068797708
1.0398797277507998
1.0376967241687485
1.0337790398325921
1.0284901777185715
1.0222271344856315
1.0153416940857682
1.0081042429715683
1.0007077839517928
0.9932983428047657
0.986017661296183
0.9790468882556628
0.9726403262795557
0.9671356588767248
0.962926166058648
0.9603892829548307
0.9597884446486052
0.9611902585879416
0.9644418689760353
0.9692219088513797
0.9751355327264072
0.9818056579915853
0.9889273021000873
0.9962785517893267
1.0036990346071355
1.0110507133441275
1.0181733477032522
1.02484525557365
1.0307617092543464
1.035545785041485
1.0388025665654028
1.0402103112227548
1.0396155432658452
1.0370842020524171
1.0328792315587303
1.0273778749060194
1.0209734925004343
1.0140040001344879
1.0067239529459848
0.9993146782760253
0.991917973311832
0.984679783377088
0.9777929138751273
0.9715274939090057
0.9662350929949697
0.9623126709396902
0.96012398099358
0.9599005430105456
0.9616672048266407
0.9652336671445558
0.9702570079701075
0.976339583924582
0.9831150636059833
0.9902943968135686
0.997669583819474
1.0050877405731158
1.012410044719498
1.0194673756178825
1.0260233472810136
1.03175764151591
1.036284475793479
1.039214986017503
1.0402524241290345
1.0392826192360989
1.0364124479993622
1.0319337633873373
1.026233964945777
1.0197002121452543
1.0126555921324083
1.0053392301633024
0.9979220029147131
0.9905430457778384
0.9833540415497426
0.9765605651928567
0.970448760789834
0.9653828278818702
0.9617605776802891
0.9599284577628997
0.9600833208178832
0.9622079405064567
0.9660768888172422
0.9713292813150692
0.9775677864220284
0.9844384422956743
0.9916682231924219
0.9990620872199918
1.006473161352105
1.01376024813285
1.0207440091975175
1.0271727231155432
1.0327111003157061
1.0369667226307753
1.0395602413935794
1.040223235977735
1.0388822670260873
1.0356838106470332
1.0309453328445404
1.0250609031345226
1.0184092031096998
1.0112978209182155
1.0039510499953659
0.996530637932445
0.9891746458592309
0.982041981350469
0.9753519704550074
0.9694067249034708
0.9645815117856258
0.9612719242518446
0.9598035009776944
0.9603360406230852
0.9628104608232142
0.9669688948304485
0.972436120538754
0.9788179925074796
0.985774229682744
0.9930476836369626
1.000455179806612
1.007854329721414
1.0150999893322308
1.0220013589640442
1.0282909431660239
1.0336193879955562
1.0375901534214902
1.039836976361575
1.0401228656939077
1.0384160387638175
1.0349007577944809
1.0299166297087587
1.0238610559138588
1.0171022638213514
1.0099319487685077
1.0025603470497413
0.9951414794787333
0.9878139287496219
0.9807452539276396
0.9741693634163864
0.9684040349511449
0.9638337328529146
0.9608485562657205
0.9597496175169383
0.9606576922533544
0.9634725878516038
0.9679070056718709
0.9735749803821117
0.980088163175219
0.9871209632924456
0.9944317426031215
1.0018479866688934
1.0092302294254012
1.0164278399103497
1.0232374241874622
1.0293754872161593
1.0344798165104825
1.0381525359281598
1.0400440891036813
1.0399517211014992
1.037885708164006
1.0340658509864993
1.0288503163945328
1.0226366923735197
1.0157810828815212
1.0085591570120285
1.001168025543837
0.9937554504422765
0.9864621277718394
0.9794656194104467
0.9730150776372489
0.967443373355545
0.9631419942395165
0.960492104930473
0.9597670267904082
0.9610470057876075
0.96419199508438
0.9688885245471672
0.9747433918353247
0.9813763703255961
0.988477276980772
0.9958194170061179
1.0032396293650148
1.010599785425686
1.0177422713641022
1.0244500944626633
1.0304237671562115
1.035289730024394
1.038651802638478
1.0401807464002149
1.039710493575216
1.0372932491427673
1.033181720416255
1.0277490102558882
1.0213899778426636
1.0144472419612116
1.0071805543900885
0.9997749699011252
0.9923735109113778
0.9851205622641155
0.9782049488667494
0.9718915387178647
0.96652743729174
0.9625086887559606
0.9602039670585976
0.9598556578536266
0.9615024676164949
0.9649662326537884
0.9699107589962718
0.9759389731346865
0.9826807972078156
0.9898418943435574
0.99720976621213
1.004629215141478
1.0119618546262765
1.0190416502607849
1.0256371531261674
1.031433141546666
1.036046528763665
1.0390860745941393
1.0402463944207538
1.0394001490396687
1.0366408126916995
1.0322510405555596
1.0266152679397407
1.0201229694863951
1.013102220015059
1.0057971860493458
0.9983820554890718
0.9909966683575727
0.9837906446415001
0.9769652247084113
0.970801254405563
0.9656589179128565
0.9619360734829245
0.9599852875698485
0.9600151503416301
0.9620223392114502
0.9657927527579108
0.9709710408104048
0.9771594386104784
0.9839997372390406
0.9912136212370193
0.9986018817088747
1.006015826254534
1.0133152171758162
1.0203242346499364
1.0267962826268004
1.0324009322787937
1.0367476937905542
1.0394536837269148
1.0402407659634543
1.0390219155333433
1.0359307024984221
1.0312765068764502
1.0254515718689456
1.0188376138026178
1.0117473986725616
1.0044100430608711
0.9969901594211239
0.9896259874545386
0.9824738865061152
0.9757485394064943
0.9697468025407876
0.9648404779910995
0.9614262448221769
0.9598369448935938
0.9602448591986814
0.9626046781766722
0.966668934839983
0.972066744056239
0.9784026054355991
0.9853315913398573
0.9925913375325479
0.999994876540436
1.0073985094721307
1.0146585684567875
1.0215881718625828
1.0279250719451674
1.0333244432281112
1.037390812309736
1.0397531932222974
1.0401638839666845
1.0385772676337282
1.0351653498044378
1.0302608139766227
1.0242603188879438
1.0175357458978835
1.0103840686698593
1.003020072366848
0.9956001713463856
0.9882625994382747
0.9811719036732401
0.9745570923867828
0.9687308168463977
0.964074728250051
0.9609811144682869
0.9597595396137325
0.9605438630884288
0.9632473611207462
0.9675921101047101
0.9731953010679801
0.9796663983536055
0.9866748639282973
0.9939739882208782
1.0013878745873392
1.0087762658386468
1.0159905118793207
1.0228314978397735
1.0290210261318968
1.0342009807441894
1.037973603079322
1.0399834154577579
1.040016061207079
1.0380679081076418
1.0343472879806521
1.0292066353668594
1.0230438110624251
1.0162190904095922
1.0090134371910635
1.001628187062967
0.9942130041503603
0.9869077109075639
0.9798864199749856
0.9733931849890294
0.9677559706077135
0.9633642027177787
0.9606023867923703
0.959753386628141
0.9609109762808723
0.9639481078629416
0.9685595849999471
0.974354216319604
0.9809488524878083
0.9880281577135387
0.995360573972973
1.002779999769863
1.01014804078942
1.017309552604795
1.0240521381289642
1.0300815780037935
1.0350278757653975
1.0384939414649716
1.040143427104761
1.0397978961914185
1.0374957472052668
1.033479127277486
1.028116605123128
1.0218042485886187
1.0148892639352145
1.0076366359951108
1.000235276930335
0.9928296044883885
0.9855626119561626
0.978619269700074
0.9722592133915178
0.9668249583389428
0.9627113334798452
0.9602915381204492
0.9598185110128188
0.9613447637321295
0.9647045064829267
0.9695686633424737
0.9755410781369396
0.9822481143504221
0.9893901674268292
0.9967501412574623
1.0041703652510716
1.0115127147080154
1.0186140923312286
1.0252479106794228
1.0311041020002796
1.0358025072917183
1.0389498836541835
1.040232581040345
1.0395102653427377
1.0368628800560886
1.0325635301721279
1.0269933015514046
1.0205437247379041
1.013547778826451
1.0062547302117133
0.9988422191352747
0.9914509630701835
0.9842286835203516
0.9773723985276388
0.9711576594264468
0.9659404755836533
0.9621184252544799
0.9600497983648633
0.9599546476918034
0.961843559003268
0.9655140387308826
0.9706166668205949
0.9767535682516835
0.9835624411828683
0.9907596726216668
0.9981417721076242
1.0055580627160414
1.0128690940260165
1.0199024252779585
1.0264165305557598
1.0320859301601426
1.0365223268947532
1.0393396895395226
1.0402505147837018
1.0391543116701938
1.0361715626491994
1.0316031876923653
1.025839232961232
1.0192642227385045
1.0121960482068395
1.004868727697802
0.9974498890186297
0.9900781246093311
0.982907403817877
0.9761478628156788
0.9700910792414982
0.9651051970515553
0.9615876302466327
0.959878135427584
0.9601612449209557
0.9624054846077229
0.9663741053364137
0.9717009536617448
0.9779894692362353
0.984890198765752
0.9921355296684826
0.9995345736249617
1.0069421518052615
1.0142159029726205
1.0211727355107192
1.0275556166713762
1.0330243701311987
1.0371848838936304
1.0396618437857135
1.0401971552534937
1.0387314301940995
1.035424186889226
1.0306007970469035
1.0246568255958446
1.017967614477751
1.0108353920745239
1.0034795888534118
0.9960591708979375
0.9887121973458496
0.9816003537473237
0.9749478271114544
0.9690620897987259
0.9643217533493319
0.9611209237611135
0.9597772427399253
0.9604374715003928
0.9630284743345934
0.967282050787357
0.9728189353081498
0.9792466698891268
0.9862298578403902
0.993516663061531
1.0009276673016643
1.008321649783173
1.0155517760891073
1.0224230957493177
1.0286627006206799
1.0339167250740178
1.0377878507811449
1.0399150746170904
1.0400727197297372
1.038243250469157
1.0346232552131993
1.0295590408385138
1.023448413723399
1.0166556608954889
1.009467044357145
1.0020882368029547
0.9946709688061125
0.98735436204322
0.9803092211112296
0.973774559762395
0.9680733532433957
0.9635927066176717
0.9607200810656665
0.9597475302355261
0.9607822275403508
0.9637102970682928
0.968235187191423
0.9739680909961754
0.9805231686657324
0.987579989283674
0.9949020561478772
1.0023201782407778
1.0096955215271528
1.01687525163094
1.0236514677979798
1.0297352376600566
1.0347603152665812
1.0383290484484131
1.0400983698989823
1.0398777129966954
1.0376916166079853
1.0337713552343502
1.0284805680810059
1.022216231856095
1.015330013931017
1.008092160792406
1.0006955678539113
0.9932862170889998
0.9860058803538658
0.9790358035222575
0.9726304265224729
0.9671275592220154
0.962920525437806
0.9603866559911146
0.9597891189747598
0.9611941585219709
0.9644485816137095
0.96923081688224
0.9751459801838852
0.98181707526813
0.9889392581752378
0.9962907413807509
1.0037112243509017
1.0110626699278096
1.0181847659873562
1.0248557047324707
1.0307706198527649
1.0355525011612756
1.038806470730868
1.0402109901385799
1.0396129207366942
1.0370785652517076
1.0328711348478177
1.0273679771859205
1.0209624090321099
1.0139922198820013
1.0067118275153437
0.9993024621499599
0.991905890781431
0.9846681024393068
0.977782009850211
0.9715178820710075
0.9662274052796765
0.9623075594164053
0.9601219617367107
0.959901839551688
0.9616716723209857
0.9652408420396055
0.9702662534844261
0.9763502528154865
0.9831266105217589
0.9903064168909588
0.9976817901924224
1.005099905591719
1.0124219267980308
1.019478649254312
1.0260335549676374
1.031766191352363
1.036290707590899
1.0392183077855552
1.040252478096418
1.0392793993356075
1.0364063019637753
1.0319252781927795
1.026223801031777
1.0196889650693632
1.0126437240333408
1.0053270702411183
0.9979097944392396
0.9905310156772842
0.9833424737234766
0.9765498600692226
0.9704394593887312
0.9653755755207459
0.9617560138952724
0.9599270543143112
0.9600852343225842
0.9622129588010238
0.9660845030702228
0.9713388412075157
0.9775786574500384
0.9844501046754264
0.991680297350384
0.9990743025754998
1.0064852933476736
1.0137720443955294
1.0207551221009428
1.0271826683134855
1.032719265753437
1.0369724487684993
1.0395629678109446
1.0402226647766537
1.0388784623453442
1.0356771765370516
1.0309364828178416
1.0250504941791316
1.018397808680037
1.0112858764164014
1.0039388639398286
0.9965184448807026
0.9891626780036714
0.9820305406504517
0.9753414833697269
0.9693977569697888
0.9645747177723315
0.9612679252596151
0.9598027190153808
0.9603385634014591
0.9628160115361042
0.9669769250842739
0.9724459721938404
0.9788290473146521
0.9857859942658406
0.9930598025383326
1.0004673964563706
1.007866420009622
1.015111687671383
1.022012294071703
1.0283006041068747
1.0336271453881705
1.037595353679233
1.0398390966369022
1.0401216716502042
1.038411663924004
1.0348936577029983
1.0299074383440274
1.0238504222496947
1.0170907373201197
1.0099199385636444
1.0025481429070622
0.995129309812267
0.9878020336029592
0.9807339553116208
0.9741591144095094
0.9683954238879828
0.9638274195449441
0.9608451373337547
0.9597494602213948
0.9606608142765168
0.9634786511899327
0.9679154283195627
0.9735851017989698
0.9800993843692938
0.9871328176888268
0.9944438974131538
1.0018601969406085
1.009242268848184
1.0164394273648185
1.0232481634653514
1.0293848414790128
1.0344871423937714
1.0381571914233685
1.040045594744452
1.0399499090563005
1.037880779637795
1.0340583077167187
1.0288408068647195
1.0226258534481338
1.0157694386385885
1.0085470911299206
1.0011558111403271
0.9937433124037299
0.986450316519123
0.9794544788027035
0.9730050875927858
0.9674351427805917
0.9631361831372661
0.9604892793542875
0.9597674948028693
0.961050714815616
0.9641985500632011
0.9688973159281236
0.974753761733552
0.9813877414913271
0.9884892096173815
0.9958315993063692
1.0032518255076464
1.010611764267695
1.0177537340718477
1.024460618927326
1.0304327917860734
1.035296601320506
1.0386558960403711
1.0401816313221208
1.0397080708216198
1.037287785058385
1.0331737572642512
1.0277392052665126
1.0213789521713506
1.0144354933855453
1.0071684422589233
0.999762752936861
0.9923614131151262
0.9851088468772318
0.9781939831685927
0.9718818292863504
0.9665196108626586
0.9625034002795901
0.9602017459968379
0.9598567492676222
0.9615067493517574
0.9649732573188594
0.9699198955786383
0.9759495710412288
0.9826923029034718
0.9898538944024308
0.9972219679111454
1.0046413892310437
1.0119737625359442
1.0190529734217997
1.0256474428831448
1.0314418131915593
1.0360529229948872
1.0390895903267825
1.0402466550269382
1.039397125228238
1.0366348326238601
1.0322426811009013
1.0266051896010175
1.0201117746221462
1.013090379637088
1.0057850365810304
0.9983698436324544
0.9909846198775456
0.9837790379370793
0.976954451794462
0.9707918479077666
0.9656515191377338
0.9619313267509783
0.9599836799031283
0.960016860728068
0.9620271774740724
0.9658002244082132
0.9709804993576054
0.9771702449278399
0.9840113629792797
0.9912256785861312
0.9986140949504387
1.0060279701011423
1.0133270430919519
1.0203354025007063
1.026806316926669
1.032409227344867
1.0367535892995183
1.0394566081570578
1.0402404011917021
1.0390183025486794
1.035924227250447
1.0312677747838546
1.025441241586799
1.0188262663222283
1.0117354781962558
1.0043978647365408
0.9969779604036645
0.9896139979084401
0.9824624021945175
0.9757379781055474
0.9697377218524289
0.9648335300261365
0.9614220574361468
0.9598359571103688
0.9602471816638365
0.9626100550978165
0.966676830246175
0.9720765017762145
0.9784136014919533
0.9853433235662193
0.9926034426504668
1.0000070936101233
1.0074106145289596
1.0146703005417097
1.0215991676633471
1.0279348292578945
1.0333323380516106
1.037396188482458
1.0397555148278588
1.0401628953034063
1.0385730794450385
1.0351584011858348
1.0302517328111407
1.024249757274003
1.0175242614030822
1.01037207903334
1.0030078733257075
0.9955879930570439
0.9882506790673443
0.9811605563974306
0.974546762446178
0.9687220852640949
0.9640682536871606
0.9609775023074291
0.9597591757259292
0.9605467883634335
0.9632532573498238
0.967600405720051
0.9732053357441433
0.9796775664356054
0.986686689968559
0.9939861321161999
1.0014000878180536