0.6767676767676769
0.6767676767676769
0.790849147294101
0.7651209913087703
0.6385452159537147
0.730654739663477
0.8067424561102876
0.73762976861792
0.6363851984767785
0.7610319589537224
0.7955752388195085
0.6877740644659163
0.6662172380253784
0.7855446300797663
0.7686651281812815
0.641356837991658
0.7232166230030288
0.8056492510011423
0.7427227207375319
0.6350275583473398
0.7571890612998576
0.7985567511462036
0.6961272794182685
0.6588039693581377
0.7813265994329515
0.7713210098071583
0.6441916829677499
0.7170807295330984
0.8042828437431873
0.7460206694803794
0.6343008385537408
0.7541845451227228
0.8002082754554706
0.7016312705294407
0.6542385144392572
0.7784857007231425
0.7732281438212566
0.6466006519322407
0.7126115074220752
0.8031319619547168
0.748196153350345
0.6339634263951068
0.7520020753471535
0.8012143088040037
0.7053769737353034
0.6513450976683702
0.7765751941111165
0.7747126040311441
0.648645866536171
0.7092611877583845
0.8022357479865885
0.7498598620551652
0.6338536401360654
0.7503080849002289
0.802009154260135
0.7084080189501514
0.6492073330018275
0.7751071209447011
0.776131349827624
0.6506912021747728
0.7062724940896068
0.8014483941346211
0.7514874218313046
0.633913321230374
0.7486989864646628
0.8028554859603686
0.7115762493161775
0.6472076157290354
0.7736781889784375
0.7778702389583547
0.6532918004273751
0.7028261650477485
0.8005367551807271
0.7534916551094544
0.634174331273888
0.7467243278251421
0.8039259785878095
0.7156547117363457
0.6449259776317676
0.7719270408908243
0.7803927846124494
0.6572668215826384
0.6979414655086452
0.7991283128952694
0.7562393445160523
0.6347675443367393
0.7438167247357144
0.805255725663509
0.721294412934691
0.642190831579178
0.7695116556726298
0.7841954032742101
0.6637596800912168
0.690479016264817
0.7966019708246959
0.7598766310526398
0.6359212865214459
0.7392895830422936
0.80650999781153
0.7284906980178834
0.6393002280645297
0.7662113360319671
0.7893079113787853
0.6735423811139372
0.680034173248772
0.7923393014890038
0.7639832687362705
0.637847656301364
0.7327779228247295
0.8068799713536904
0.7358063739035499
0.6369156345910346
0.7622084672264091
0.7943950160209945
0.6848302609214225
0.6689518798137862
0.7869934364040008
0.7677436178083925
0.6405229562542659
0.7252555566493278
0.8060242152495445
0.7414807940109691
0.6353390451615025
0.7582110545865194
0.7978775185947384
0.6940767146209446
0.6605746044367891
0.7823755937071271
0.7706536350016094
0.6434195579273563
0.7186465175524427
0.8046599837910879
0.7452273349971265
0.6344582014621715
0.7549454881841026
0.7998296664569943
0.7002959131725912
0.6553177344992388
0.7791759676835861
0.7727441259075271
0.6459629452977976
0.7137375368121253
0.8034299032057629
0.747653232513754
0.6340313110300714
0.7525561700892992
0.8009644253706037
0.704425784209352
0.6520577045531231
0.7770538654529036
0.7743131003049263
0.6480840183708714
0.7101429613800431
0.8024714093616538
0.7494096914226673
0.6338668797872417
0.7507628800338225
0.8017876006906025
0.7075676514823276
0.6497780624495777
0.775504021008614
0.775713665093111
0.6500817512919654
0.707130575358881
0.8016729014287937
0.7510043885931091
0.6338790355343414
0.7491721180393766
0.8025984600282761
0.7106171279751838
0.6477892098867205
0.7741012693634024
0.7773189730138992
0.6524558186975626
0.7039037969941409
0.8008261215617947
0.7528616208881446
0.6340742874699707
0.7473520592535755
0.8035932163417735
0.7143618404980935
0.6456187515321354
0.7724773852681452
0.7795668603316507
0.6559373022175736
0.6995401736486445
0.7996094029536744
0.7553679557987617
0.6345535027692676
0.744775938842238
0.8048613340129028
0.7195138233792411
0.6430066394079511
0.7702819258991167
0.7829658831413061
0.6615917909118327
0.6929157133140569
0.7974774213170746
0.7587657876795129
0.6355223444579516
0.7407754206339592
0.8062042960502873
0.7263464089153713
0.6400973495567476
0.767237891919051
0.7877730829574855
0.6704665545626796
0.6832281034179314
0.7937262113356611
0.7628185416510536
0.6372166813849156
0.7348040672887304
0.8069089554553903
0.7338435632098598
0.6375118903568182
0.7633814004136561
0.7930739750355166
0.6817058178006175
0.6719231154630869
0.7885078977941098
0.7667523387715844
0.6397094060191703
0.7273728517691087
0.8063591045674929
0.7400817731471406
0.635706537596319
0.7592938543664715
0.797074119950041
0.6917765927388103
0.6625997500449962
0.78354228403584
0.769920458603062
0.6426170687187309
0.7203525683711333
0.8050504342635542
0.7443299259810501
0.6346512110517957
0.7557776230166544
0.799387972691425
0.698795714111869
0.6565533336780489
0.779951708218565
0.7722189389150922
0.6452904388884872
0.7149683941928257
0.8037503156249044
0.7470584442663447
0.6341194218295607
0.7531575444537095
0.8006910587595419
0.7033981546968611
0.6528458133255586
0.7775770574103378
0.7739005034788499
0.6475119756282244
0.7110703612304079
0.8027199527039113
0.7489474364750459
0.6338936831199762
0.7512334965201969
0.8015656812818814
0.7067210945539621
0.6503704258122677
0.7759120001798777
0.7753122261442941
0.6495015646885879
0.7079715625107977
0.8018938980567341
0.7505426655658111
0.633858852425032
0.749627150081703
0.8023566513133236
0.7097140884696764
0.6483550191067139
0.7745064421093933
0.7768186351275297
0.6517065298851784
0.7048916289246742
0.8010870778109487
0.7522841766280424
0.6339962960087444
0.7479201543377547
0.803283802277379
0.7131835798276811
0.6462738736545958
0.7729816787029156
0.7788338828459475
0.6547805444379795
0.7009573828879495
0.8000188418580005
0.7545706757307624
0.6343783566581662
0.745621080726234
0.80447638950024
0.7178756356862472
0.6437953424957281
0.7709826586791555
0.7818562973683759
0.6596921967149093
0.6950937260556532
0.798218795412897
0.7577109997426932
0.6351824663270902
0.7420973898130434
0.8058474477948321
0.7242622827579261
0.6409228179685841
0.7681960392119228
0.7862858866745264
0.6676036542511709
0.6862731980749653
0.7949815117910065
0.7616414415384729
0.6366521589134879
0.736702737079932
0.8068267772929097
0.7317654586499464
0.6381753142729923
0.7645352618999561
0.7916324144144584
0.6784650548501778
0.6750814902483341
0.7900520329343211
0.7656938962873888
0.6389306988317667
0.7295329397041759
0.806632429492403
0.7385125184968299
0.6361361900917475
0.7604282031840494
0.7961273820168668
0.6892101250636651
0.6649059065389752
0.7848304219474833
0.7691139599742157
0.6417908563715514
0.7222026215080112
0.8054461206518795
0.7433081533011328
0.6348865281924806
0.7566866763955602
0.7988657028340408
0.6970970548286731
0.6579786944081979
0.7808279955097377
0.7716428231708244
0.6445777748801844
0.7163235610060521
0.8040948094539722
0.7463961223192253
0.6342316230345254
0.7538167730886707
0.8003842435505546
0.7022673573860719
0.6537321288863572
0.7781576598548344
0.7734654659130823
0.6469191326501387
0.7120638840284801
0.8029859181422513
0.7484613838951245
0.6339353366732361
0.7517305923125538
0.8013373125124073
0.7058473772734422
0.6509994287058578
0.7763411114912577
0.7749174393678858
0.6489366190739083
0.7088159625535471
0.8021172890303419
0.7500920825155832
0.6338519880268401
0.7500752575759038
0.8021257951146575
0.7088479885880667
0.6489155416987711
0.7749026301845381
0.7763577716986949
0.6510239710884942
0.7058137640367553
0.8013285284216162
0.7517499139093229
0.6339372158796237
0.7484425103590817
0.8029963012721997
0.71210275232904
0.6468963394065516
0.7734485701596977
0.7781807640517292
0.6537676596170231
0.7022225055680382
0.8003719209368466
0.7538427945162335
0.6342363685570571
0.7463697097899787
0.8041082217087165
0.7163771213072193
0.6445501839129493
0.7716200654418407
0.7808630641576612
0.6580363988140742
0.6970289352054525
0.7988442585007739
0.7567223637797335
0.6348962872853411
0.7432670760646385
0.8054609322972207
0.722274872178425
0.6417594963965331
0.7690821566437958
0.7848811395576148
0.6649982475535399
0.6891084632291027
0.7960888155547872
0.7604716428116879
0.6361536152706965
0.7384501485750509
0.8066411978088929
0.7296143341944292
0.6389023101920489
0.7656529091728219
0.7901100255504397
0.675202829061756
0.6783421586393813
0.7915763500356658
0.7645780356772705
0.6382015335619473
0.731685606947402
0.8068215898943749
0.7367712760428174
0.6366322302802216
0.7615972037753176
0.7950258699669651
0.686383881684656
0.667500856328351
0.7862314049220978
0.7682306664645081
0.6409541767658824
0.7241856243465505
0.8058333274918437
0.7421440318619816
0.6351707713896056
0.7576725877481068
0.7982442867445294
0.6951707401875233
0.6596257109293323
0.7818168930950077
0.7710077233752746
0.643824360903464
0.7178168136193069
0.8044622104311234
0.7456508619178814
0.6343724522553551
0.7545420938714915
0.8000330450420731
0.7010075107783349
0.6547400379512175
0.7788079678670539
0.772999850592637
0.646297823978679
0.7131412999619217
0.8032726109798568
0.7479405317896235
0.6339937494362132
0.7522633731484809
0.8010964530248535
0.7049273294383714
0.6516797856637494
0.776800668069954
0.7745214371721687
0.6483761101165433
0.7096809900670156
0.802347804233257
0.7496440451317844
0.6338583553897977
0.7505255951835685
0.8019022121772604
0.7080031013384467
0.6494801442850301
0.7752973299571462
0.7759276747796348
0.6503932958251744
0.7066888926378206
0.801557257038444
0.751251625053414
0.633894968190997
0.7489296816495725
0.8027296007867533
0.7111063579817961
0.6474901436423892
0.7738846250224687
0.7775977439909242
0.6528771780068374
0.7033577179956152
0.8006802057359431
0.7531811943043378
0.6341231727620411
0.7470348900858258
0.8037628137547919
0.7150169288971615
0.6452644223387384
0.7721982814115012
0.7799827085184292
0.6566032191367368
0.698735715769746
0.7993699311086127
0.7558103478209942
0.6346592397702152
0.7442939279681113
0.805065264612822
0.7204194525153622
0.6425864107560463
0.7698915359126492
0.7835884675012608
0.6626811462454334
0.6916850808264451
0.797041263709101
0.7593355986516771
0.635721513422511
0.7400259779653552
0.806370622789188
0.7274534606839123
0.6396794419390911
0.7667137716505704
0.7885656150921295
0.6720387508190587
0.6815857251143943
0.7930218347891502
0.763425173576753
0.6375355905739594
0.73376740857517
0.8069078629109379
0.7348778336371051
0.6371942866321734
0.7627744589689752
0.7937758651936366
0.6833455673349687
0.6703548692194998
0.7877161390514312
0.7672751311816678
0.6401279316139445
0.7262668215840892
0.8061916829683202
0.7408279511511789
0.6355085499415701
0.7587251001755279
0.7975075690733296
0.693002085623144
0.6615157625602969
0.7829220651313329
0.7703094544295649
0.6430367935614429
0.7194497452960325
0.8048466551794463
0.7448096167018109
0.6345462631340298
0.7553367073733088
0.7996259672479556
0.6995964734441544
0.6558909412018472
0.7795377446595573
0.7724970978283733
0.6456440046167686
0.7143156360091226
0.803581183275969
0.7473743772295302
0.6340709837703925
0.7528390477848425
0.800836374809295
0.7039423569141654
0.6524262498176772
0.7772993401568549
0.7741167535421205
0.6478106814423304
0.7105823233412574
0.8025891309702978
0.7491894640035048
0.6338780307582051
0.7509867270278208
0.8016812282670271
0.7071623430007019
0.6500595230438622
0.7756983553844599
0.7755190859482654
0.6497998350571466
0.7075360922525658
0.8017793083225552
0.7507802086859149
0.6338676368233508
0.7493926157483832
0.8024804862487692
0.7101768540909152
0.648062780323269
0.7742978940162388
0.7770726428537724
0.6520858206324509
0.7043887138372108
0.8009546363852813
0.752577847149929
0.634034235993619
0.7476319135944287
0.8034415240833724
0.7137817714893461
0.6459383435373719
0.772725195568553
0.7792034817516533
0.6553611435463071
0.7002427212091455
0.7998143094845659
0.754975430715506
0.6344647720278881
0.7451956143418932
0.8046744555171425
0.7187080518077997
0.6433899198612947
0.7706273215641093
0.7824172696863929
0.6606459246693932
0.6939949223526302
0.797849697135293
0.758250693561655
0.6353518045463638
0.7414311520990466
0.8060376537494918
0.7253339041402638
0.6404919207997137
0.7677076192726029
0.7870493576036508
0.6690594947956672
0.6847157759930628
0.7943478347149203
0.7622527155873662
0.6369368402974777
0.7357350128949334
0.8068830699953278
0.7328560522602399
0.6378227302747803
0.7639398971657914
0.7923935155651994
0.680156062036617
0.6734236042037476
0.789249827655275
0.7662511109534941
0.6393295037631257
0.7284094752753197
0.8064996937975434
0.7393485271166818
0.6359051538879316
0.7598339931379027
0.7966375149389378
0.6905754320492692
0.6636730656182221
0.7841470026732673
0.7695419455354922
0.6422218888667112
0.7212249002433034
0.8052408404177953
0.7438550781817849
0.6347587154734644
0.7562051967423309
0.7991479021499834
0.6980052278611494
0.6572133297601132
0.7803598868894563
0.7719486696660796
0.6449527475257162
0.7156038277310868
0.8039130362119697
0.7467491834562391
0.6341701237523969
0.7534669045892255
0.8005482635367533
0.7028686024943134
0.6532585430801382
0.7778484482221992
0.7736945184765874
0.6472298739204568
0.7115389556596673
0.8028455002966138
0.7487172280288161
0.6339117596342349
0.7514687628147365
0.8014569636296817
0.7063052859233205
0.650667596417442
0.7761152446666721
0.7751219393228967
0.6492285389942584
0.7083763251997901
0.8020007698698741
0.7503249983748744
0.6338538980216756
0.7498430426520246
0.8022444149021534
0.7092936999208016
0.648624824219703
0.7746977323016078
0.7765924939639473
0.6513707164409136
0.705342360942354
0.8012052488624196
0.7520221350943784
0.6339656427686293
0.7481765462749788
0.8031427610723992
0.7126520914576656
0.646577273611486
0.7732106140642073
0.7785102218760681
0.654276533013696
0.7015837771439
0.8001950291138897
0.7542118854329216
0.6343061660269834
0.7459925653463392
0.8042966845667042
0.7171370239680033
0.6441633143157118
0.7712970700379648
0.781363907979908
0.658866141457474
0.6960545997542174
0.7985332790696908
0.7572262193777405
0.635038302507749
0.7426787924484983
0.8056638042992514
0.7232913427702807
0.6413253718394342
0.7686318306759745
0.7855974510006903
0.6663151671647181
0.6876674711753739
0.7955336288467867
0.7610759488620558
0.6364039288845582
0.7375640889851813
0.8067494578015786
0.7307356557395817
0.6385178825010849
0.7650789701767228
0.7909064358727814
0.676890426286887
0.676644986135931
0.7907917859105662
0.7651629450510037
0.6385726313431526
0.7305737653158012
0.8067353193290859
0.7376952155525596
0.6363665622979479
0.7609879991258107
0.7956166302065119
0.6878803169193717
0.6661197036019232
0.7854919514748827
0.7686983193153998
0.6413883040741049
0.7231420697154045
0.8056346719528908
0.7427664396423573
0.6350168870066735
0.7571520059515533
0.7985800710838794
0.6961996243404538
0.6587421275807954
0.7812894541177342
0.7713448628032095
0.6442199977502139
0.7170246332158388
0.8042690319259592
0.7460486470513045
0.6342955546137551
0.7541573011625616
0.8002214512385983
0.7016785657052058
0.6542006827393472
0.7784612852011724
0.7732456256362776
0.646623986698637
0.7125710516258194
0.8031211932697513
0.7482157040002209
0.6339612350760887
0.7519820712842165
0.8012233466276276
0.7054115082637498
0.6513195614779395
0.776557943301095
0.7747274688364332
0.6486669083725405
0.7092287157962788
0.80222709389592
0.7498766789472916
0.6338534009131932
0.7502911805875958
0.8020175459679678
0.7084397312606583
0.6491861396997765
0.7750923057336794
0.7761474921382605
0.6507148708817285
0.7062396490297881
0.8014398111160828
0.7515061258845864
0.6339149051447674
0.74868070274761
0.8028654994174619
0.7116136513226913
0.6471853210905125
0.7736618210826257
0.7778921207733508
0.6533252145584099
0.7027835613094199
0.800525191596255
0.7535164951501984
0.6341785761828964
0.7466993645533968
0.8039389556561044
0.7157057855176049
0.6448991479936809
0.7719053328710386
0.7804258358012256
0.6573206079396254
0.6978773969647878
0.7991085956329524
0.7562736044082174
0.6347764383454567
0.743778179827227
0.8052706107674823
0.7213641291212058
0.6421597471378679
0.7694812569357242
0.7842439757113143
0.6638467082624435
0.6903822162540496
0.7965662111151514
0.7599193336697241
0.635937511526795
0.7392303903880741
0.8065201986215769
0.7285719521215468
0.6392710112348005
0.76617146921758
0.7893660069099449
0.6736613759319402
0.6799121758949154
0.7922849381343426
0.7640266034386511
0.6378726776829905
0.7326996523594412
0.8068767182068135
0.735877539089947
0.6368945212273913
0.7621642121467789
0.79444199828876
0.6849444916287294
0.668844598415597
0.7869376074010613
0.7677795186423627
0.6405540214480099
0.7251773184405861
0.8060107200296324
0.7415302153195987
0.6353263644556317
0.7581715006698376
0.7979051654960863
0.6941581561589807
0.6605036418203816
0.7823340831476768
0.7706798562430547
0.6434491535775528
0.7185851801115506
0.8046455307937739
0.7452589098234046
0.6344516808942905
0.7549156454648515
0.7998449350874658
0.7003488741583505
0.655274544543915
0.7791485734121156
0.7727629986233332
0.6459874983324975
0.7136934489817087
0.8034183138352953
0.7476744788647838
0.634028414399719
0.7525345592246864
0.8009741815365556
0.7044627476692094
0.6520296941065745
0.7770351503506687
0.7743282883360144
0.6481052422343216
0.7101091324338545
0.8024623504933764
0.7494267502819834
0.6338661417526561
0.7507455734549573
0.8017958926185573
0.7075992022651234
0.6497563199948985
0.7754889714934865
0.7757289976780379
0.6501040206897855
0.7070987835499413
0.8016645696326001
0.7510220801738912
0.6338800600762153
0.7491547465936725
0.802607810517672
0.7106520115233628
0.6477677159918618
0.7740857599610532
0.777338677421092
0.6524855092792184
0.7038651109142746
0.8008158284706831
0.752884267969775
0.6340776220977682
0.74732965752013
0.8036052823519573
0.7144082062587549
0.6455934453111966
0.7724576079520757
0.7795961067199941
0.6559839059430783
0.69948361869091
0.799592738100191
0.7553993086353452
0.6345607970531311
0.7447421006475139
0.8048760264412684
0.7195781023607433
0.6429764469092017
0.770254299501071
0.7830098704850827
0.6616681975348131
0.6928289759480399
0.7974470845576361
0.758806554203331
0.6355362221215896
0.7407226591493044
0.8062168370372796
0.7264260811627934
0.6400668080117965
0.7672005562628764
0.7878300945266841
0.670578541858384
0.6831104283555254
0.7936763707045157
0.762862606048229
0.6372391697350115
0.7347301207801248
0.8069098900021994
0.7339195526831073
0.6374882855347601
0.7633376007865246
0.7931259427048925
0.6818257420659604
0.671807748916172
0.7884502243235595
0.7667908101420486
0.6397394190369414
0.7272923054203698
0.8063474997754968
0.7401373266917652
0.6356916497154392
0.7592521839057511
0.7971067730437893
0.69186772591652
0.6625187526368734
0.7834962734954808
0.7699492772935594
0.6426476922787934
0.7202858893514505
0.8050356120484213
0.7443657482107889
0.6346432420269337
0.755745007509642
0.7994059007185512
0.6988554318446388
0.6565037161730567
0.7799208501810202
0.7722395243156865
0.6453163981356076
0.714920035654228
0.8037378518342229
0.7470819030886433
0.634115704804319
0.7531339765580392
0.8007018646864106
0.7034384456552022
0.6528145871790454
0.7775564519406819
0.7739163500870068
0.6475337778559318
0.7110344581823672
0.8027103293697815
0.7489651575880629