0.1313131313131315
0.13131313131313152
0.03778201004339714
-0.07344228523779829
-0.14544033202044485
-0.10625679927018641
-0.0004823242965628083
0.10550645117135116
0.14562707827519542
0.07432069832545349
-0.03683830872525874
-0.13078963686637546
-0.1318293714798568
-0.038724640186027434
0.07256158429994579
0.1452442227686506
0.10700267232878788
0.0014469587710648213
-0.10475169524992549
-0.1458044301930655
-0.07519678265496689
0.035893562398946394
0.1302589576515847
0.13233828827979255
0.03966617294286964
-0.07167863574477987
-0.14503878331696063
-0.1077440026558727
-0.002411550892993386
0.10399259823231483
0.14597235791184637
0.07607049663297698
-0.03494779720235214
-0.12972116358009317
-0.13283981307749537
-0.04060658204662751
0.07079347914118964
0.1448240478988127
0.10848072210457062
0.003376072438276201
-0.10322922633655299
-0.14613083306653393
-0.07694179797108838
0.034001039256828916
0.12917632493684295
0.1333338777151002
0.041545841158387886
-0.06990615340581105
-0.14460005216224364
-0.10921276209091951
-0.004340495199256902
0.10246164525564166
0.1462798288081273
0.07781064367702355
-0.03305331467946014
-0.12862451235481567
-0.13382041453877308
-0.042483923852526695
0.06901669681541132
0.14436683314756488
0.10994005361279337
0.005304790991163141
-0.10168992014137397
-0.14641931982161313
-0.07867699004656983
0.032104649594664636
0.12806579678961405
0.13429935642535706
0.0434208036011596
-0.06812514701987998
-0.14412442926443758
-0.11066252726925084
-0.006268931658475266
0.10091411558865213
0.14654928234309844
0.07954079265634485
-0.031155070145110847
-0.12750024949418415
-0.13477063680921156
-0.0443564537581749
0.06723154105579215
0.14387288026838266
0.1113801132802918
0.007232889081166066
-0.10013429562031
-0.1466696941760543
-0.080402006357402
0.03020460250191366
0.12692794199366636
0.135234189709244
0.04529084754288806
-0.06633591536050629
-0.14361222723675607
-0.11209274150700832
-0.008196635180782494
0.09935052367245067
0.14678053470663355
0.08126058526969299
-0.02925327287409335
-0.1263489460603656
-0.13568994975612925
-0.046223958023354245
0.06543830578676173
0.14334251254422425
0.11280034147211476
0.009160141926336365
-0.09856286258031352
-0.14688178491802645
-0.08211648277740184
0.028301107517279198
0.12576333368883094
0.1361378522197102
0.047155758099377165
-0.06453874761773921
-0.1430637798377702
-0.11350284238084224
-0.010123381339973939
0.09777137456468135
0.14697342740381844
0.08296965152516218
-0.027348132741641898
-0.12517117707103514
-0.1365778330365707
-0.04808622048525116
0.06363727558254827
0.1427760740112619
0.11420017314218016
0.011086325502390776
-0.09697612121884347
-0.14705544638031545
-0.0838200434151643
0.02639437491904613
0.124572548571647
0.13700982883776802
0.04901531769227087
-0.06273392387210804
-0.1424794411796146
-0.11489226239044659
-0.012048946557957602
0.09617716349612974
0.14712782769780391
0.08466760960515601
-0.02543986048941682
-0.12396752070339044
-0.13743377697671139
-0.049943022011044225
0.06182872615538604
0.1421739286525776
0.11557903850716998
0.01301121671952353
-0.09537456169803195
-0.14719055885071475
-0.08551230050733881
0.024484615966316473
0.1233561661024862
0.13784961555716926
0.050869305493641576
-0.060921715595962406
-0.1418595849081764
-0.11626042964326197
-0.01397310827286076
0.0945683754629307
0.14724362898666163
0.08635406578815522
-0.023528667941736497
-0.12273855750417333
-0.13825728346138658
-0.0517941399356132
0.06001292486888764
0.14153645956584154
0.11693636374146202
0.014934593580714764
-0.09375866375544709
-0.14728702891432813
-0.08719285436896212
0.022572043090108837
0.12211476771831116
0.13865672037829072
0.05271749685790658
-0.05910238617780189
-0.1412046033592541
-0.11760676855903382
-0.0158956450864247
0.09294548485643848
0.14732075111017928
0.08802861442758085
-0.02161476817154763
-0.12148486960506297
-0.1390478668317632
-0.05363934748871309
0.058190131272286644
0.14086406810893912
0.1182715716906931
0.01685623531707725
-0.09212889635365974
-0.1473447897239773
-0.0888612934007121
0.02065687003433532
0.12084893605066598
0.1394306642089524
0.05455966274527328
-0.0572761914654189
-0.14051490669463762
-0.1189307005917471
-0.017816336886157774
0.09130895513311219
0.14735914058308466
0.08969083798720114
-0.01969837561667187
-0.12020703994329479
-0.13980505478860072
-0.05547841321566842
0.0563605976515002
0.1401571730274881
0.11958408260142604
0.018775922495663955
-0.09048571737110139
-0.14736380119554066
-0.09051719415213716
0.01873931194770724
0.11955925414902664
0.14017098176935974
0.05639556914062627
-0.05544338032393245
-0.13979092202204818
-0.12023164496638877
-0.019734964937647453
0.08965923852702687
0.14735877075190165
0.09134030713176847
-0.01777970614788163
-0.11890565148791893
-0.14052838929806358
-0.057311100395367756
0.0545245695932135
0.13941620956818687
0.1208733148643838
0.020693437095149994
-0.08882957333692572
-0.1473440501258394
-0.09216012143921298
0.016819585428601347
0.11824630471021355
0.1408772224979326
0.05822497647152114
-0.05360419520502627
-0.13903309250287832
-0.1215090194280509
-0.02165131194250304
0.08799677580779183
0.1473196418734955
0.09297658087094421
-0.01585897709127866
-0.11758128647268087
-0.1412174274966767
-0.05913716645913049
0.052682286558393784
0.1386416285819254
0.12213868576884765
0.02260856254496163
-0.08716089921269127
-0.14728555023159337
-0.09378962851402978
0.014897908525767597
0.11691066931512036
0.14154895145446783
0.06004763902878499
-0.05175887272387461
-0.1382418764516443
-0.12276224100108814
-0.023565162057644584
0.08632199608669497
0.14724178111431507
0.0945992067541008
-0.013936407208229681
-0.11623452563703658
-0.1418717425917521
-0.060956362413896
0.0508339824617713
0.13783389562053697
0.12337961226608361
0.024521083723758108
-0.08548011822364511
-0.14718834210895143
-0.09540525728403008
0.012974500698462316
0.11555292767450698
0.14218575021686972
0.06186330439315017
-0.04990764424032401
-0.13741774643097976
-0.12399072675637572
-0.025476300872080818
0.08463531667377323
0.1471252424703405
0.0962077211132964
-0.012012216636726705
-0.11486594747726264
-0.14249092475345262
-0.0627684322731662
0.048979886253861515
0.13699349003095362
0.1245955117400559
0.02643078691369287
-0.08378764174218337
-0.14705249311411048
-0.0970065385780135
0.011049582740110545
0.11417365688600113
0.1427872177675684
0.0636717128713845
-0.04805073644088097
-0.1365611883458411
-0.12519389458516655
-0.027384515337934845
0.08293714298821253
0.1469701066087486
0.09780164935160293
-0.010086626798462131
-0.1134761275099522
-0.14307458199458054
-0.06457311249922053
0.04712022250202584
0.13612090405031324
0.1257858027841827
0.028337459707586624
-0.08208386922567694
-0.14687809716651895
-0.09859299245609043
0.009123376669930974
0.11277343070471517
0.14335297136569342
0.06547259694551227
-0.04618837191793096
-0.13567270054032643
-0.12637116397857331
-0.029289593653259657
0.08122786852401048
0.1467764806332566
0.09938050627400748
-0.008159860276151981
-0.11206563755038919
-0.14362234103415178
-0.06637013146029437
0.04525521196690285
0.1352166419052495
0.12694990598344547
0.030240890867000977
-0.08036918821029754
-0.1466652744770659
-0.10016412856087903
0.00719610559710776
0.11135281883001485
0.1438826474010636
0.06726568073893191
-0.04432076974240173
-0.1347527929001369
-0.12752195681227543
-0.03119132509511066
0.0795078748722
0.1465444977759554
0.10094379645828234
-0.006232140665703337
-0.1106350450083455
-0.14413384814081537
-0.06815920890664852
0.04338507217028989
0.1342812189181622
0.1280872447017326
0.0321408701301794
-0.07864397436177434
-0.14641417120444128
-0.10171944650746009
0.005267993562088
0.1099123862109668
0.14437590222604882
0.06905067950348276
-0.04244814602581211
-0.1338019859632243
-0.12864569813660418
-0.033089499802356315
0.07777753180017057
0.14627431701915444
0.10249101466347459
-0.004303692407755924
-0.10918491220378022
-0.14460876995216715
-0.06994005546970941
0.04151001795027032
0.13331516062273485
0.12919724587482923
0.03403718796986133
-0.07690859158320272
-0.1461249590434866
-0.10325843630988929
0.0033392653594586236
0.10845269237286731
0.14483241296133942
0.07082729913176092
-0.04057071446735594
-0.13282081004059437
-0.12974181697265225
-0.03498390850876011
0.07603719738777624
0.14596612265131215
0.1040216462739661
-0.0023747406029594326
-0.10771579570474832
-0.14504679426597017
-0.07171237218868576
0.039630261999101274
0.13231900189035975
0.1302793408099064
0.03592963530202381
-0.0751633921791536
-0.14579783474982203
-0.1047805788423668
0.0014101463466603126
0.10697429076704947
0.1452518782716017
0.07259523569917957
-0.03868868688141236
-0.131809804348606
-0.13080974711543722
-0.036874342227897566
0.0742872182190385
0.1456201237615078
0.10553516777734803
-0.00044551081513086177
-0.10622824568959123
-0.1454476307992149
-0.07347585006922477
0.03774601537914478
0.13129328606848065
0.13133296599267727
0.03781800314760646
-0.0734087170744538
-0.14543301960533228
-0.10628534633343972
-0.0005191377574322031
0.1054777281459095
0.1456340191068951
0.0743541750403739
-0.036802273700684965
-0.13076951615344806
-0.1318489279453821
-0.03876059189242895
0.07252792962738722
0.1452365536771248
0.10703104727459736
0.0014837711337864767
-0.10472280533522087
-0.14581101191082754
-0.07523016967871066
0.03585748801199935
0.1302385641312185
0.1323575639035367
0.03970208225017084
-0.0716448960851754
-0.14503075882923616
-0.10777220289181753
-0.0024483610802384648
0.10396354396484149
0.1459785794055864
0.07610379236452089
-0.034911684450115915
-0.1297004999278549
-0.1328588052494401
-0.04064244795107398
0.07075965599159606
0.14481566934949122
0.10850874502120714
0.0034128793732226825
-0.10320001023307124
-0.14613669328368228
-0.07697500078270463
0.033964889136003595
0.12915539384204971
0.13335258384397575
0.04158166265319621
-0.06987224823863476
-0.1445913209394733
-0.10924060506249572
-0.004377297805838037
0.10243226981255155
0.14628532675433056
0.0778437519139577
-0.03301712818681697
-0.12860331651956225
-0.13383883205307145
-0.042519699927299065
0.06898271107889321
0.1443577506921763
0.10996771399797967
0.005341588194312297
-0.10166038783410782
-0.146424454561404
-0.07871000202674949
0.03206842772747563
0.12804433892780573
0.13431748277435274
0.043456533241281875
-0.06809108213860281
-0.14411499706905767
-0.1106900024118866
-0.006305722384366677
0.10088442887108591
0.1465540530005319
0.07957370667012016
-0.031118813901550968
-0.12747853233057455
-0.1347884694639896
-0.044392135944199634
0.06719739843120885
0.14386309987652712
0.11140740051014725
0.0072696722574501355
-0.10010445692419415
-0.14667409993530955
-0.08043482066731837
0.030168312881435594
0.1269059682629002
0.13525172616373535
0.04532648124990353
-0.06630169637148835
-0.14360210024190273
-0.11211983814056098
-0.008233409736813968
0.09932053540686132
0.14678457481257984
0.08129329811029695
-0.029216950877773873
-0.126326718506026
-0.13570718752815328
-0.0462595422203414
0.0654040117901656
0.14333204058886762
0.11282724481334058
0.009196906793395396
-0.09853272713112332
-0.14688545867675132
-0.08214909235508075
0.02826475414813559
0.12574085506248994
0.13615478885202387
0.04719129174855595
-0.06450437994898939
-0.14305296461245845
-0.11352954972201984
-0.010160135451477495
0.09774109429405176
0.14697673418311716
0.08300215601801711
-0.02731174900491956
-0.1251484501313086
-0.13659446609792383
-0.04812170254141675
0.06360283555623682
0.14276491725361848
0.11422668176470796
0.011123067794093597
-0.09694569846473858
-0.14705838561014056
-0.08385244097291737
0.026357961822476086
0.1245495760832526
0.13702615592396486
0.049050747102122275
-0.06269941278260766
-0.14246794467334428
-0.11491856956567241
-0.012085675968141793
0.09614660057185193
0.14713039887067345
0.08469989834909195
-0.0254034190434429
-0.12394430543620912
-0.13744979571167704
-0.0499783977125057
0.061794145277476564
0.14216209422645915
0.11560514149723192
0.013047932189174966
-0.09534386089178047
-0.1471927615220778
-0.08554447853028035
0.024448147184292585
0.12333271083062639
0.13786532359402087
0.05090462641517862
-0.060887066185469005
-0.1418474144350428
-0.11628632570194007
-0.014009808745830951
0.09453753903738393
0.147245462775221
0.08638613115447272
-0.023492172840094167
-0.12271486500503859
-0.13827267848350838
-0.0518294049955442
0.0599782081633294
0.14152395496154868
0.11696205011504013
0.014971278003867439
-0.09372769394736852
-0.1472884935023179
-0.08722480511461674
0.022535522688494652
0.12209084077167044
0.13867180010041183
0.052752704963711164
-0.05906760339704992
-0.14119176658163912
-0.11763224248717033
-0.015932312409764948
0.09291438387630789
0.14732184624359737
0.08806044856020087
-0.021578223492931883
-0.12146071099212427
-0.13906262900103747
-0.05367449753633831
0.05815528361923046
0.14085090115677001
0.11829683040730019
0.016892884493861837
-0.09209766638533062
-0.14734551521277217
-0.08889300889970189
0.020620302105092525
0.12082454855315375
0.1394451066060393
0.054594753618438616
-0.057241280126640134
-0.140501411606555
-0.11895574132587769
-0.017852966872986042
0.0912775983334953
0.14735949630129513
0.08972243280388248
-0.019661785466632956
-0.12018242634253058
-0.13981917522874643
-0.0555134437851712
0.056325623797952154
0.14014335188094001
0.11960890257816792
0.018812532252547462
-0.0904542358698761
-0.14736378708138909
-0.09054866620992205
0.018702700610185016
0.11953441722501403
0.14018477810347707
0.056430538263647925
-0.055408345111624874
-0.13977677693221988
-0.12025624140776467
-0.019771553428056865
0.08962763442638078
0.14735838680783941
0.09137165432636243
-0.017743074659670607
-0.11888059401843316
-0.14054185941380978
-0.0573460069147822
0.05448947416390136
0.1394017426869259
0.12089768499025734
0.020730003286038495
-0.08879784871132344
-0.1473432964185453
-0.0921913416388487
0.01678293482995241
0.1182210294698959
0.1408903643207839
0.05825981921520629
-0.05356904068690144
-0.13901830601761633
-0.12153316045703745
-0.021687854804304796
0.0879649327037738
0.14731851853382613
0.09300767191664393
-0.015822308425850265
-0.11755579623213884
-0.14123023899099824
-0.05917194423928389
0.05264707406677899
0.13862652471459835
0.1221625949192297
0.02264508105156411
-0.08712893964870355
-0.14728405745448697
-0.09382058821989622
0.014861222840554675
0.11688496684003448
0.1415614306245785
0.060082350641244564
-0.0517236033619182
-0.1382264574576113
-0.1227859154917349
-0.02360165518633424
0.08628992205295026
0.14723991915864762
0.0946300329076356
-0.013899705553471156
-0.11620861368727371
-0.14188388748298206
-0.06099100663746704
0.05079865732114201
0.1378181637874995
0.12340304931737404
0.02455755045513794
-0.08544793168201625
-0.14718611129734674
-0.09543594764647853
0.012937784127529092
0.11552680900324172
0.14219755891661034
0.061897879988939544
-0.04987226440190451
-0.13740170407790164
-0.12401392359112508
-0.025512740189959623
0.08460301955771918
0.14712264318893403
0.09623827342001817
-0.01197548620599119
-0.11483962483010711
-0.14250239539219714
-0.0628029379839248
0.04894445278844005
0.13697713950698354
0.12461846558444542
0.02646719780494511
-0.08375523595670889
-0.14704952581226816
-0.09703695053887823
0.011012839508799208
0.11414713300014422
0.14279834851994244
0.06370614742085942
-0.048015250409839505
-0.13654453202923794
-0.12521660266967635
-0.027420896792331034
0.08290463040986111
0.14696677179874112
0.09783191865140997
-0.010049871828492166
-0.11344940511330846
-0.1430853710803611
-0.06460747459151762
0.04708468495802369
0.1361039443473753
0.1258082623445276
0.028373810717593775
-0.08205125170255803
-0.14687439542315295
-0.09862311675501219
0.009086611025733007
0.11274651251508493
0.14336341705081532
0.06550688526447086
-0.04615278390558275
-0.13565543988432516
-0.1263933722566418
-0.029325913213811783
0.08119514787586042
0.14677241259346305
0.09941048320805522
-0.00812308502447949
-0.1120385262746298
-0.14363244163170025
-0.06640434466887497
0.04521957452344946
0.13519908275536857
0.12697186022824192
0.030277177975239378
-0.08033636622857485
-0.14666084083944758
-0.10019395574239098
0.007159321806835067
0.11132551716322434
0.14389240127225167
0.06729981747861831
-0.04428508389837296
-0.13473493774041712
-0.12754365428086564
-0.031227578750094256
0.07947495332021497
0.14653969930029437
0.100973471476433
-0.006195349407613515
-0.11060755563305935
-0.14414325369594555
-0.06819326779686549
0.04334933895015779
0.1342630702564529
0.12810868266019312
0.032177089332565634
-0.07861095497485197
-0.14640900871116766
-0.10174896692879065
0.005231195908651426
0.1098847117963681
0.14438495792545697
0.06908465914103105
-0.04241236644863314
-0.13378354633014145
-0.1286668738609755
-0.033125683554052696
0.07774441628584741
0.1462687913887779
0.10252037803244346
-0.004266889432901419
-0.10915705540492429
-0.14461747430714805
-0.06997395442821892
0.04147419303031524
0.13329643257062643
0.1292181566520736
0.03407333527364864
-0.07687538162145661
-0.146119071215992
-0.10328764014944283
0.0033024581383377244
0.10842465582992092
0.1448407645350525
0.07086111596116393
-0.040534845214725695
-0.13280179614251258
-0.129762460101616
-0.03502001836788794
0.07600389463128814
0.14595987362552013
0.10405068808612855
-0.002337930211705211
-0.10768758204224423
-0.14505479167432406
-0.07174610541471126
0.039594349420327635
0.1322997047390409
0.13029971360228754
0.03596570671977918
-0.07512999825360128
-0.14579122558271718
-0.10480945610884934
0.0013733338621422647
0.10694590259315703
0.14525952018411645
0.07262888382287001
-0.03865273198004211
-0.13179022655545797
-0.13082984689675858
-0.03691037420714759
0.07425373472342113
0.14561315556753474
0.1055638779601765
-0.0004086973147063022
-0.10619968559540327
-0.14545491593986104
-0.07350941156647714
0.0377100191563053
0.13127343026257726
0.13135279010326587
0.03785399469031675
-0.07337514558144581
-0.14542569355566143
-0.1063138868756007
-0.000555951196168955
0.10544899870474551
0.14564094625490714
0.07438764836150578
-0.03676623715563028
-0.1307493849805308
-0.13186847374135438
-0.038796541999158024
0.0724942716837213
0.14522887099888915
0.10705941560070181
0.0015205834332555623
-0.10469390910194776
-0.14581757990149138
-0.07526355324805274
0.03582141214263539
0.1302181602527051
0.13237682875779072
0.0397379899195425
-0.07161115321205323
-0.14502272080474093
-0.1078003964087821
-0.0024851711631258544
0.10393448347521203
0.1459847871309993
0.07613708458003716
-0.034875570253503366
-0.12967982601985467
-0.13287778655265464
-0.04067831217922892
0.0707258296851249
0.14480727731539703
0.10853676111895262
0.0034496861627307668
-0.10317078800308004
-0.14614253969348356
-0.07700820001564158
0.03392873760883704
0.12913445259438522
0.13337127900561646
0.041617482433223815
-0.06983833997028982
-0.14458257628595483
-0.1092684411146621
-0.004414100225933623
0.1024028883378096
0.14629081085640208
0.07787685650852354
-0.03298094032587913
-0.12858211063479663
-0.1338572385024047
-0.04255547424865183
0.06894872229600298
0.14434865486205722
0.10999536736265754
0.0053783851699718
-0.10163084958923535
-0.1464295754225383
-0.0787430102998239
0.03203220453006564
0.12802287112027586
0.13433559796146638
0.04349226108917263
-0.06805701426485754
-0.14410555155692373
-0.11071747043236436
-0.006342512841816389
0.10085473630912489
0.1465588097470678
0.07960661691099616
-0.03108255636588593
-0.12745680532542916
-0.1348062908608216
-0.04442781629898411
0.06716325286718955
0.1438533062278179
0.11143468051567355
0.007306455124401395
-0.10007461247603967
-0.14667849175373227
-0.08046763113747636
0.030132022007023945
0.12688398479514262
0.13526925126510927
0.04536211308644891
-0.0662674744952157
-0.14359196005198407
-0.11214692744712183
-0.008270183942691273
0.09929054148071334
0.14678860095008534
0.08132600704321175
-0.02918062766576053
-0.12630448131956135
-0.13572441385282086
-0.04629512450738284
0.06536971495766714
0.14332155550208547
0.11285414072445069
0.009233671269556654
-0.09850258611195871
-0.14688911844177327
-0.08218169795606223
0.028228399601617785
0.12571836690917637
0.13617171394371444
0.04722682344804216
-0.06447000949488367
-0.14304213632117574
-0.11355624952952736
-0.010196889131425094
0.09771080854311745
0.14698002694581494
0.08303465646408476
-0.027275364129233162
-0.12512571377001214
-0.13661108752640028
-0.048157182607846336
0.06356839279433286
0.14275374749723546
0.11425318274961255
0.011159809613675423
-0.09691527031906581
-0.14706131080284718
-0.08388483441270898
0.026321547625451594
0.12452659427890521
0.13704247128608488
0.0490861744818718