0.18181818181818182
0.18181818181818185
0.06600023905400937
-0.061311754212696246
-0.17863735485492127
-0.1849302394859294
-0.07074478431921236
0.05656706918285678
0.17531107916795374
0.18803187176278116
0.0756558093535884
-0.05165553604638712
-0.1717486395766105
-0.19115742959711987
-0.08083776164719292
0.046472186246065084
0.1678497185072336
0.19430934559403812
0.08638303365786945
-0.040923603635299066
-0.1635108533969119
-0.19744805432601156
-0.09236286013568097
0.034936478135846175
0.15863594810927065
0.20048178714917728
0.09881482040117101
-0.0284688976012637
-0.15315225031119623
-0.2032612988656675
-0.10572813375321774
0.0215228628221405
0.14703103450137192
0.20558775566592435
0.11303050808499035
-0.014154363322499836
-0.14030816341491856
-0.2072420097276086
-0.12058306931045655
0.006475756980398442
0.1330953636363124
0.20803557003003265
0.12819057618195404
0.0013540027830161727
-0.1255726659385941
-0.20786763857545285
-0.13562993258258993
-0.00915165793053424
0.11795953766295442
0.2067601268287739
0.14269094572086877
0.01673919946787175
-0.11047368992053563
-0.2048497881234291
-0.1492148996173304
-0.023971814056723995
0.10329322951098485
0.20234235525822813
0.15511650482168587
0.030756169689173093
-0.09653430175393883
-0.19945477575687812
-0.1603841588690847
-0.03705568373893957
0.09024682742633057
0.1963708663649611
0.16506426711885605
0.04288487351025029
-0.0844232201228634
-0.1932200634910644
-0.16923979097134917
-0.04829789392963579
0.07901268602308326
0.19007512833634874
0.17301088336918308
0.053376143961564176
-0.07393544337730945
-0.18695991355583827
-0.17648086325775694
-0.058217845280520666
0.06909408137301724
0.1838599224267986
0.17974731843842875
0.0629304756737663
-0.06438152880300793
-0.1807317535787185
-0.1828965780913266
-0.0676256416162317
0.059686325733807985
0.17751019065223855
0.18599952188835966
0.07241536552047602
-0.05489637337165011
-0.1741132533968818
-0.18910695588013657
-0.0774085455164189
0.049902456050822275
0.17044635191596508
0.1922432366884799
0.0827062906976909
-0.04460280574436694
-0.16640718942998267
-0.19539751599313968
-0.08839489531106351
0.03890982917182084
0.16189339755253618
0.19851325654133037
0.09453554950824584
-0.032759662444532336
-0.15681484405309204
-0.2014789790851138
-0.10115083440357187
0.026124159229912652
0.15111149036784768
0.20412648756632595
0.10820997656583001
-0.019023087296592245
-0.14477482434375558
-0.2062454034457551
-0.11561763965829418
0.011532169756372876
0.13786640529767974
0.20762058833395827
0.12321340437094669
-0.00378163171968926
-0.13052352468399808
-0.20808785774284855
-0.13078834393250188
-0.0040581367090507525
0.12294400508013265
0.20758674850600223
0.13811896873985935
0.011802231550760767
-0.11535153134574441
-0.2061820086005425
-0.14500909377876317
-0.019281296733022618
0.10795380807336324
0.20404062534147624
0.1513239779375022
0.026366867124149707
-0.1009091251984407
-0.20137845343131958
-0.15700474059756994
-0.032985242331536546
0.09431044342385184
0.1984048784362098
0.16206207471256118
0.03911852500512525
-0.08818641988440931
-0.19528621761313836
-0.16655743957147456
-0.044796340686184766
0.08251285474140588
0.19213191035103608
0.17058167271010483
0.050083585750964
-0.07722745658119654
-0.18899670041906397
-0.17423731763137845
-0.055068500089358416
0.07224325288663987
0.18589001832547786
0.17762650678620562
0.05985321414726573
-0.06745875668280941
-0.1827864376022154
-0.1808434581640407
-0.06454711362907944
0.06276489026619822
0.17963434727234026
0.18396963140956796
0.06926233237576643
-0.0580495883003499
-0.17636224982729098
-0.1870695674344321
-0.07411024438196719
0.053201322075420346
0.1728833444732728
0.1901857811851715
0.07919768205866114
-0.04811284171561071
-0.16909973283676022
-0.19333158768150455
-0.08462158787831275
0.042686374435029484
0.16490803025630824
0.19648158452147987
0.0904609331517983
-0.036841290268054674
-0.16020841858772117
-0.19956110567725446
-0.09676523889796468
0.03052461823453953
0.15491887131816848
0.2024386674541586
0.10354028984719378
-0.02372346981776839
-0.14899467340075584
-0.2049287850330517
-0.11073391885382379
0.01647638782046569
0.14244982892727992
0.20681402349581357
0.11822762050519985
-0.008878689496527828
-0.13537234781752766
-0.20789008595579936
-0.12584139676003742
0.0010767464927469994
0.12792326636296666
0.20802365744873125
0.13335676478703307
0.006750733843185364
-0.12031395201065057
-0.20719730191642638
-0.14055497807352324
-0.014420867695874334
0.11276717429127886
0.20551572628841303
0.14725804026840966
0.021776033192138944
-0.10547656591976334
-0.20316951623633014
-0.1533569076801524
-0.028705776989555898
0.09857871506396493
0.20037786680666375
0.1588182780717594
0.03515611915237543
-0.09214358378520485
-0.19733821647538252
-0.16367280641982607
-0.0411268111026583
0.08617999436595812
0.1941978089950806
0.16799440313888014
0.04666108867574022
-0.08064893308814548
-0.19104642853138765
-0.1718796633633991
-0.05183315092127036
0.07547822345719801
0.18792197260149784
0.17543208833877116
0.05673695075786493
-0.07057491190000166
-0.18482071852010143
-0.17875174849162218
-0.06147774382718142
0.06583425118931242
0.18170734694801982
0.18192893268678495
0.06616629711582679
-0.0611456942495789
-0.17852278102401947
-0.18503974989174948
-0.07091486525202584
0.05639697866284438
0.17518977607251116
0.18814180408907996
0.07583373482688258
-0.05147758053167584
-0.17161719593479022
-0.1912684679389593
-0.08102704611310046
0.04628282562059119
0.16770448373437435
0.19442087118447016
0.08658661913623455
-0.040719845220527906
-0.16334822854988876
-0.1975577672244393
-0.09258273118571379
0.03471623247446358
0.15845285324584457
0.20058539545700352
0.09905150843539381
-0.028231414941103955
-0.1529467898924391
-0.20335251811732769
-0.10598019463526971
0.021269158789084155
0.14680326915013725
0.2056589424484947
0.11329416047793438
-0.013887466618754549
-0.1400607294481903
-0.20728563316321674
-0.12085225832080576
0.006200588702610171
0.13283357115950425
0.20804626836412948
0.12845767462332697
0.0016312184071827773
-0.12530382241551882
-0.2078440052126425
-0.13588703922024034
-0.009424360352687483
0.11769161814064791
0.20670522016482695
0.14293138380847867
0.017001562293840977
-0.11021384910217466
-0.20477004455322717
-0.14943434067899858
-0.024219592398071005
0.10304670270401833
0.2022455720859768
0.1553133404673835
0.030987110223561057
-0.09630395946830773
-0.19934820655977495
-0.1605591615923119
-0.03726948568354996
0.09003330551763983
0.19626007068858692
0.16521987208968097
0.043082850022581096
-0.08422537123209235
-0.19310855174315283
-0.16937934374764796
-0.04848252633527804
0.0788281080254798
0.18996451657081714
0.17313804684177517
0.053550669489689284
-0.07376093793505858
-0.18685028165904483
-0.1765992236898407
-0.058385940652006654
0.06892599167812925
0.18375018048994562
0.17986014483539978
0.06309603922886634
-0.06421596570840629
-0.1806199340805448
-0.183006662796487
-0.06779264495429307
0.05951931870087321
0.17739365680967487
0.1861090337728817
0.0725877330314511
-0.05472399117428435
-0.17398885283691207
-0.18921725099907372
-0.07759001632262495
0.049720943082014205
0.17031056627101654
0.19235459026305252
0.08290021736761499
-0.04440877714003527
-0.1662563453246247
-0.19550877204840408
-0.08860393930179926
0.03870055863919154
0.16172401198165193
0.19862145340989862
0.09476125395796371
-0.03253347137504807
-0.15662416179597477
-0.20157911204183038
-0.10139310481145308
0.025880863924517522
0.15089820437502427
0.20421169041257686
0.10846658734997858
-0.018764385117284677
-0.1445398326491065
-0.206307864114881
-0.11588398820295488
0.011261779370893746
0.13761329265608585
0.20765328299305236
0.12348277929356717
-0.003505013713087965
-0.1302584070958162
-0.20808663460810725
-0.13105285509634357
-0.004334520522053603
0.12267459140608919
0.20755176902901323
0.13837097534275308
0.012071957920767706
-0.11508567166536726
-0.20611768866326557
-0.14524263658758482
-0.019539008842659356
0.10769808753989618
0.20395411366821034
0.15153566613094194
0.026608985594544568
-0.10066797984243721
-0.20127754367659895
-0.15719385322600435
-0.033210211384169366
0.09408593568427197
0.1982963252661608
0.16223004702540728
0.03932664833929739
-0.08797851097920892
-0.19517488049105036
-0.16670710017246085
-0.04498938544773297
0.08231990609179206
0.19202061258190428
0.17071653327484765
0.05026433646097822
-0.07704674527627595
-0.18888648418061782
-0.17436104994274365
-0.0552403760487231
0.07207139042817164
0.18578052132227726
0.1777426091434548
0.06001998886885514
-0.06729198523444564
-0.1826762385703963
-0.18095505111903817
-0.06471272515651538
0.06259927803462598
0.17952122781123675
0.18407930988330876
0.06943074955225795
-0.05788116483397546
-0.17624337928219025
-0.187179244642077
-0.0742853455247441
0.053026199230864504
0.17275542564128382
0.190296474997245
0.07938310013505963
-0.0479273656427051
-0.16895916473255457
-0.19344312225922547
-0.0848204775024488
0.04248734969612804
0.16475115728692258
0.19659222070363494
0.09067562411674919
-0.03662630364446
-0.16003193768226295
-0.1996671892553515
-0.09699677006573958
0.03029245627837511
0.15472043900403304
0.20253449943697796
0.10378788003840182
-0.023474562580439576
-0.14877366411665366
-0.20500702534979096
-0.11099452921712495
0.01621313277974608
0.14220803899201928
0.20686690201172842
0.11849585754744235
-0.00860546247314406
-0.13511429347150486
-0.20791134360010988
-0.1261100047527281
0.0007994578548101983
0.127655755219789
0.20801053263925912
0.13361776540435744
0.007025511452799976
-0.12004491604087925
-0.20715151677084326
-0.14080116683288213
-0.014686973606547304
0.11250416663883883
0.20544286399361264
0.14748428329673308
0.022028666196905994
-0.1052254957526082
-0.20307717989307372
-0.15356076209679254
-0.028942051952485184
0.09834319408781926
0.20027364225717031
0.15899984565307357
0.03537515657617828
-0.0919249013379373
-0.1972282589347705
-0.16383409157053141
-0.04132947032736292
0.08597749867750545
0.19408626414178135
0.1681385421822296
0.04684953671506113
-0.0804605566894631
-0.19093546540829848
-0.17201027187771814
-0.0520104296209528
0.07530097270330331
0.1878121056675933
0.17555280784777477
0.05690662820233228
-0.07040524319508296
-0.1847111848567812
-0.17886596566103308
-0.061643668051672415
0.06566832856771355
0.1815964250307726
0.18203960257113141
0.06633243032609012
-0.06097955898154497
-0.1784080232500968
-0.1851492518382519
-0.07108515948895072
0.05622667439174328
0.17506817477413994
0.18825177046888644
0.07601200429349547
-0.05129927992979985
-0.17148532784939863
-0.19137954282503628
-0.0812167902003099
0.04609300302445414
0.16755869427736592
0.1945323829296569
0.08679075333224674
-0.04051553320213887
-0.16318492796185147
-0.19766734981542733
-0.09280319765596103
0.03449538118513949
0.15826899103018593
0.20068868381919241
0.09928877740460487
-0.027993330248807985
-0.15274052642949182
-0.2034431642894037
-0.1062327438402093
0.021014924886426187
0.1465747474927931
0.20572927700396015
0.11355812383493422
-0.013620183793192603
-0.13981268287715598
-0.20732816532489678
-0.12112150937511101
0.0059252368879778305
0.13257139662899675
0.20805575063595624
0.12872455165433527
0.001908385055454792
-0.12503487631411694
-0.2078191898110891
-0.13614365926914723
-0.009696789395037902
0.11742387099191387
0.20664931176873685
0.14317113774653212
0.017263470954205246
-0.10995440298193515
-0.204689564267867
-0.1496529946176447
-0.024466802034061347
0.10280071299379329
0.2021483271158393
0.1555093792998763
0.03121743950016738
-0.09607421278468435
-0.19924140506158022
-0.16073342987958963
-0.037482697790272676
0.0898203659358023
0.19614920185597332
0.16537484940915487
0.043280307114684655
-0.08402803815763611
-0.19299705441618184
-0.1695183957805137
-0.048666743008460134
0.07864394403645533
0.18985394594921867
0.17326483939397466
0.053724903273950214
-0.07358672346517106
-0.18674067035240316
-0.17671733522188451
-0.058553879298369735
0.0687580584187961
0.18364040312050206
0.17997282996516598
0.06326158590361099
-0.06405041937446666
-0.18050799636111392
-0.18311669444560444
-0.06795977161196436
0.059352188125103636
0.17727690130680906
0.18621855570039458
0.07276036010977724
-0.054551348787019505
-0.17386411153642395
-0.18932758615672585
-0.07777187321823424
0.04953904258737164
0.17017431115251147
0.1924659696721172
0.08309463811986328
-0.044214251427287965
-0.16610490284959306
-0.19561998210876444
-0.08881355383942707
0.03849071126264661
0.1615539144820578
0.19872946277750447
0.09498755670944592
-0.0323066688507887
-0.1564326921105858
-0.20167884363302635
-0.10163593367215087
0.02563698331054634
0.15068412102484394
0.2042962239369387
0.10872363465217162
-0.018505194867700983
-0.14430412318545482
-0.2063693816036379
-0.11615056849890026
0.010991067293558726
0.13735963855509353
0.20768482713413766
0.12375211983782058
-0.0032282908723489656
-0.1299930009553937
-0.20808418854699795
-0.13131704847524578
-0.004610775025094549
0.12240517330638429
0.20751565559093818
0.13862241756797586
0.012341342100060826
-0.11482006893517027
-0.20605245279418333
-0.1454754485277773
-0.019796219130509357
0.10744282052624748
0.20386696246087835
0.15174655410687857
0.02685051271787975
-0.10042740087900598
-0.20117625834353522
-0.15738218381457703
-0.03343457002556259
0.09386202618589108
0.198187603109929
0.16239731809934171
0.03953420142928836
-0.08777116649396942
-0.19506350812253342
-0.16685617567295044
-0.04518194354688243
0.08212744130436864
0.19190934464150194
0.17085093822968841
0.05044471248024035
-0.07686640733926936
-0.18877630667578704
-0.17448445472025134
-0.05541200598175433
0.07189977343212506
0.18567102907665725
0.17785850163576952
0.06018665483015756
-0.06712532234723051
-0.18256597820659848
-0.1810665357000824
-0.06487836835404652
0.0624336340083403
0.17940795650550148
0.18418896025925877
0.06959933776165025
-0.05771257001021565
-0.1761242474885763
-0.18728894648112174
-0.07446075136660392
0.052850770841670544
0.17262712235103467
0.1904072095924965
0.07956894422797532
-0.047741461686415645
-0.16881808205160137
-0.193554665091501
-0.08501989195412037
0.04228779623536154
0.16459364402184218
0.1967027703656832
0.09089090167573642
-0.03641072230447588
-0.15985471314426947
-0.19977301933617087
-0.09722889433074876
0.03005968432121993
0.15452120701957084
0.20262984191335262
0.10403599630329244
-0.023225095335620866
-0.14855187397233252
-0.20508449915761767
-0.11125551422442942
0.015949439857203457
0.14196558159958889
0.20691875433627116
0.11876423960517125
-0.008331984336064233
-0.13485577817426947
-0.20793140794677428
-0.12637847978814032
0.0005221451945997269
0.12738805282408716
0.2079961978236268
0.1338783563481722
0.007300082012546449
-0.11977597097150955
-0.2071046614717228
-0.14104672321553385
-0.014952674999249155
0.11224149257559146
0.20536917850125397
0.14770976055505408
0.022280758225607017
-0.10497492776151796
-0.20298429945923724
-0.15376381376054646
-0.029177721422265504
0.09810825903951627
0.20016912124432057
0.1591806534401194
0.035593591527641785
-0.09170681192277048
-0.19711818687352536
-0.16399471283482667
-0.041531584061959434
0.08577554395856378
0.19397471370637764
0.1682821401994234
0.04703753419944112
-0.08027262867324975
-0.1908245408297058
-0.17214046969568425
-0.05218737662691346
0.07512405263995765
0.18770226997482842
0.17567324194198392
0.05707610633879448
-0.07023577339665504
-0.18460163632208665
-0.17898001006790934
-0.061809531846923296
0.06550246623273188
0.18148541299297571
0.18215019446001088
0.0664986436331884
-0.06081334345490198
-0.17829307776267045
-0.18525874738893033
-0.07125567181137775
0.056056151572158194
0.1749462709793478
0.18836177174099886
0.07619062215138513
-0.05112062981116032
-0.1713530307263959
-0.19149065345748956
-0.08140699759054518
0.045902714713992404
0.1674123456040194
0.19464387790975468
0.0869954387244338
-0.04031066497325156
-0.1630209477520041
-0.19777679665058384
-0.09302426019044792
0.03427392335461214
0.1580843590808048
0.20079164424243165
0.0995266254480675
-0.02775464485086966
-0.15253346003220844
-0.20353322764415643
-0.10648577653426097
0.020760164998840397
0.1463454729313131
0.20579874974907203
0.11382239042867749
-0.013352521129745179
-0.1395640305173329
-0.20736959946019456
-0.12139081276172865
0.005649709453158389
0.13230884938013115
0.20806401523531182
0.12899119726531674
0.002185494428348672
-0.12476583775149241
-0.20779319650276698
-0.1363997843548735
-0.00996893774545024
0.11715630520238501
0.2065924100123758
0.14341020221266237
0.017524920189303655
-0.10969535804071459
-0.2046083572227725
-0.14987085958371524
-0.024713440248247537
0.10255526384142338
0.20205062946614244
0.15570462245431968
0.03144715726198133
-0.09584506235649068
-0.19913437814758345
-0.16090696690806194
-0.037695321808652135
0.08960800712459947
0.19603826414020586
0.16552920334193727
0.04347724797038727
-0.08383121780755318
-0.19288557341236856
-0.16965695168770628
-0.04885054804999667
0.07846019000062829
0.18974341647341597
0.17339126551849668
0.05389884994189974
-0.07341279536364635
-0.18663107820034705
-0.17683520193407723
-0.05872166610897238
0.06859027671653208
0.18353058780684417
0.18008537730543478
0.06342712067049974
-0.06388488482965823
-0.18039593708638074
-0.18322667573545182
-0.06812702649939807
0.05918492908759908
0.17715992017233217
0.18632808935123016
0.07293325143380722
-0.054378441510978565
-0.17373902506797917
-0.1894379616790072
-0.07795412039894681
0.04935675033153106
0.17003758193688184
0.1925773734409744
0.08328955628418513
-0.04401922519716309
-0.16595285761745748
-0.1957311424161095
-0.08902374084612831
0.038280284953898694
0.16138310158287217
0.19883727828716097
0.09521445761426917
-0.03207925467589187
-0.15624043336349466
-0.2017781651193754
-0.10187931813175646
0.025392519580707984
0.15046924149670898
0.20438007818585674
0.10898111259287015
-0.018245521308657378
-0.14406770056729823
-0.20642994699104233
-0.11641737198608383
0.010720040488294155
0.13710545083327214
0.2077152155812752
0.12402141597075013
-0.0029514714027896877
-0.12972731609013627
-0.20808051997616533
-0.13158091441609168
-0.0048868921118348785
0.12213576070880244
0.2074784140451831
0.13887328798013493
0.012610377390472521
-0.11455473138963784
-0.2059863102262377
-0.14570752548115062
-0.020052923190923777
0.10718801248638435
0.20377918161524808
0.151956641134917
0.027091446660147553
-0.10018739074910894
-0.201074605879835
-0.15756973431782442
-0.033658318753251454
0.09363871474277988
0.19807871795323323
0.16256389158611545
0.039741186584128396
-0.0875643842691183
-0.19495210391669981
-0.1670046705288215
-0.045374018536568306
0.08193545689775686
0.19179810772008188
0.1709848921917344
0.05062471812857103
-0.07668643848649628
-0.1886661673623134
-0.17460753633983925
-0.0555833946309133
0.07172839717463128
0.18556153974675565
0.17797418815465477
0.06035321696657231
-0.06695876309308146
-0.18245565369128855
-0.18117791513718903
-0.06504404818910561
0.06226795321759265
0.17929452978198257
0.1842985849145434
0.06976810185619471
-0.05754379896440677
-0.17600485029514923
-0.1873986742085776
-0.07463646645345674
0.05267503233607278
0.1724984300712572
0.19051798473025602
0.07975521828547116
-0.04755512584868543
-0.16867648019154685
-0.1936662139675589
-0.08521983414633556
0.04208771103776106
0.1644354862993782
0.19681322887039027
0.09110676711435803
-0.03619454474784656
-0.15967674202400217
-0.1998785886758425
-0.09746161067392596
0.029826302945930847
0.1543211745993017
0.20272468553532788
0.10428463475332468
-0.02297507116582896
-0.1483293052955288
-0.20516119656001824
-0.11151686698945606
0.015685314646917164
0.14172246255395277
0.2069695725465987
0.11903275743124764
-0.008058262612664846
-0.13459681063684764
-0.2079502756278849
-0.12664681173892686
0.0002448168426099906
0.1271201692631691
0.20798065542572475
0.1341385285478101
0.007574437768847808
-0.11950712632161795
-0.20705674333642116
-0.14129164085874946
-0.015217965896748425
0.111979159454236
0.2052946795697139
0.14793446913507866
0.02253230575893886
-0.10472486634826503
-0.20289088451546394
-0.15396606297175353
-0.029412784416431692
0.09787391138916202
0.20006431142679149
0.15936070408574604
0.03581142519477633
-0.09148931459462394
-0.19700800536823337
-0.16415467423143565
-0.041733155106163766
0.08557412752493798
0.19386316027968356
0.16842520176118897
0.04722508499378847
-0.08008514523072158
-0.190713655333355
-0.17227026138660373
-0.05236399643717733
0.07494745879799715
0.18759246448882116
0.17579339485242323
0.05724538999768518
-0.07006649768860541
-0.18449207070604895