0.41414141414141437
0.41414141414141437
0.34873797732264755
0.47564526055032397
0.34865211973680094
0.4149580882483552
0.4132502514643806
0.3487024602020843
0.47552795668269765
0.34847493064496327
0.41540381460045694
0.41260862029876977
0.3485564500524001
0.4753406927805972
0.34826798120201674
0.4153176624000307
0.41244936079989425
0.348350283037722
0.4751545006983615
0.3481054378043561
0.41473107897547784
0.41283007629552915
0.3481591027993759
0.4750343569508376
0.34804844608537666
0.4138562212564716
0.4136125853800784
0.34805526817812776
0.47501914398935785
0.34812024895914545
0.4130103779483872
0.4145126075042735
0.34807798090106207
0.4751136129223441
0.34829422092018336
0.41250084572073303
0.41520349276206225
0.34821703582933305
0.47528763308970867
0.34850420425494033
0.41251260199736556
0.41543522097346675
0.348419305477984
0.4754818206530316
0.34867269876950924
0.4130415023765789
0.41512384662467394
0.3486114518386122
0.4756240706609663
0.3487406775653584
0.41389575829575825
0.4143815502176082
0.34872631140087085
0.47565772968304765
0.3486860357102606
0.41476485348572467
0.41347748412423624
0.34872404477324837
0.47556892482572705
0.3485283396904558
0.4153330281621868
0.41274035880933263
0.348604219951115
0.47539387238949804
0.34832219287802463
0.4153947825306685
0.4124378585864136
0.34840743543933944
0.47520029404513126
0.34814070735101177
0.41492819886350296
0.4126795305438465
0.34820443527510236
0.475057311979858
0.3480511836982118
0.414102001583985
0.4133776497931114
0.3480714863367676
0.4750120181359527
0.34808897873331845
0.4132155866613034
0.4142786428834589
0.34805914362522017
0.4750786182529567
0.34824081271500207
0.4125909310137289
0.41505532689677316
0.3481707518694558
0.4752361052134588
0.3484488615293042
0.4124548767606823
0.4154264189019984
0.3483629133540791
0.47543186344545874
0.34863549150200546
0.4128568515533479
0.4152576902190916
0.34856506585515695
0.4755948154557721
0.3487343180156017
0.4136512008223955
0.4146097004343627
0.34870599402817515
0.47566108956072606
0.34871233690855674
0.4145493267206116
0.41371708319047173
0.3487369362626499
0.4756035052239742
0.34857815460890235
0.4152247430466566
0.41290428419797187
0.3486462753858027
0.4754457184833987
0.34837820867862646
0.41543278845576614
0.4124666493265534
0.3484641036976688
0.4752498597935079
0.3481827759523104
0.4150986874262663
0.41256278667365986
0.34825495713109944
0.47508748242486165
0.3480633664769722
0.41434331677097774
0.41315773788113214
0.3480966604796939
0.4750131399165875
0.34806617619413094
0.41344018087647644
0.4140354664063331
0.34804949715057343
0.4750503437035106
0.348191562819806
0.4127171979827553
0.41487712762052303
0.34813041771947684
0.4751874436225785
0.34839190744499077
0.41243698984706145
0.4153776525935361
0.3483072403170555
0.475379510948307
0.34859177194915614
0.41270126043614525
0.4153560432873245
0.34851414461822305
0.47555838997261146
0.34871902890566486
0.41341433069062855
0.4148197274205399
0.3486775514934116
0.4756552351449288
0.34873034975851575
0.414317300073479
0.4139625946891835
0.3487408405800041
0.4756306506852098
0.34862309993841734
0.41508184678689675
0.41309599532235325
0.3486815460692816
0.47549477721098254
0.34843453868597174
0.41543065777442173
0.41253496341944806
0.3485187490473547
0.47530193915016244
0.348230457504024
0.41523798266350437
0.412482980222158
0.34830923766333555
0.47512416509460975
0.3480846097907798
0.4145736830805874
0.4129587682366196
0.3481300860178614
0.4750224841068843
0.34805247590542354
0.41367811567767
0.4137896135617971
0.34804935413864857
0.4750294452061504
0.3481478680570541
0.4128762547660803
0.41467366437595715
0.3480971762511559
0.47514287531367705
0.34833489485644603
0.4124594186358854
0.4152902311342185
0.3482537725892378
0.4753262212218399
0.34854265847899446
0.4125789052084304
0.41541628517302115
0.3484599943414605
0.4755158925815324
0.3486951650675285
0.4131915275245339
0.4150059892157368
0.348641710331405
0.47564034936221
0.3487396045098895
0.41407501711658445
0.41420740377552756
0.3487356885721758
0.4756495279418389
0.3486620308980545
0.4149081594284896
0.41331033955980045
0.3487091518979888
0.47553963945412847
0.3484897033276728
0.41538843773740064
0.4126409716092538
0.34856991117978525
0.4753551734112489
0.3482824307542449
0.41534235938524144
0.4124422537470784
0.348365751576689
0.47516648820286667
0.34811427592540406
0.41478691775991994
0.41278609388440846
0.34817081573592107
0.4750398399214272
0.34804824367916687
0.4139229871930645
0.41354769717223805
0.34805875403648245
0.47501640052558713
0.34811097168435085
0.41306382586721657
0.4144503884667306
0.3480719881796416
0.4751034956844997
0.3482793999705264
0.4125215599920596
0.4151664939000411
0.34820395806807203
0.47527344028973595
0.348489430768152
0.41249306666498986
0.41543681676182476
0.3484040155732668
0.47546858222137245
0.3486633019395793
0.41298878796027755
0.4151634910634842
0.3485993817605354
0.4756168952692802
0.3487398460320051
0.41382900296248076
0.4144449157445975
0.3487216346682648
0.47565955171742913
0.34869395803131553
0.4147083343092708
0.4135415502479192
0.34872841914201497
0.4755789882458479
0.34854226947513556
0.4153072455747969
0.4127818326498576
0.3486162461300778
0.4754081356247357
0.34833727846685036
0.4154090258190866
0.41244170100220484
0.34842292757171733
0.47521342301797065
0.348151498706073
0.41497730465330057
0.4126443577583062
0.3482176907277602
0.475064812666704
0.3480535674105617
0.41416820719175224
0.41331622749119185
0.3480774575856619
0.47501150483841525
0.3480819220450871
0.41327486614171804
0.41421328910503163
0.34805559913806516
0.47507024998315306
0.34822697516562107
0.412621745633051
0.41500974984881056
0.3481591668102414
0.4752225623465651
0.3484335003007295
0.4124460443201138
0.4154170999671936
0.3483476709868384
0.47541783181723246
0.3486242269429505
0.4128115635938149
0.41528801811746835
0.34855164238268205
0.475585596446351
0.3487310408396152
0.4135858858107441
0.4146687365712946
0.34869905160040116
0.47566040929520387
0.3487180682027825
0.4144877352381419
0.41378340191885093
0.3487388913358769
0.4756116461984633
0.348590883979066
0.41518924149398573
0.412953767509049
0.3486565584972018
0.47545936798336474
0.34839352708371785
0.41543619590649816
0.4124813387737429
0.34847919643204606
0.47526380006958663
0.34819521419031274
0.41513974583924557
0.4125373683850958
0.3482693789071876
0.47509682717373597
0.34806825806825537
0.4144071825715612
0.4131014346955355
0.3481049513153156
0.4750148683215341
0.34806153795426964
0.41350369652264185
0.4139687336762296
0.3480485120790974
0.4750439196773693
0.3481791003683219
0.4127572853849272
0.4148241918327626
0.3481206514917965
0.4751748954165432
0.34837637500665575
0.4124390964633971
0.4153576698848355
0.3482924503909525
0.47536508055335697
0.3485789257715952
0.41266461494564155
0.41537624575242404
0.3484997111933039
0.4755474070167529
0.3487133802644062
0.4133522154543057
0.41487284739039165
0.3486685213258633
0.4756520738585322
0.3487337418722033
0.4142522929602891
0.41402937923612804
0.3487403353356821
0.4756366203513921
0.34863430420300323
0.4150375744751442
0.41315215866769955
0.34868982768661194
0.47550742418021497
0.3484496858005344
0.4154231359501941
0.4125601067291904
0.3485330366402571
0.47531633065995993
0.3482441958019932
0.4152698955431087
0.4124679988893595
0.3483244191528414
0.4751351335724988
0.3480918603121631
0.41463349427448054
0.4129090991863895
0.34814046222782224
0.47502641531553036
0.3480503825291611
0.41374415790577657
0.4137232963661209
0.34805096660510715
0.4750251129229679
0.3481371351192917
0.4129245376658461
0.41461478753303777
0.3480895090454693
0.47513163292489397
0.3483196185860782
0.41247240732011836
0.415260119734394
0.34823983347221943
0.4753117874338262
0.34852856314408176
0.41255188511602814
0.41542582508840353
0.34844492301699154
0.475503473363459
0.3486872795881609
0.4131342843499625
0.4150517676048028
0.3486308221949508
0.47563480564178817
0.34874056662317665
0.41400834470625447
0.41427285484229676
0.34873274296631446
0.4756531417295604
0.34867142523265926
0.414856301546506
0.41337167246304735
0.34871522823068285
0.47555091537257577
0.34850428417817686
0.4153701846850961
0.4126758951308965
0.34858301594323476
0.47536963418518485
0.34829709232611294
0.4153642733267068
0.4124381115737523
0.3483812688632588
0.4751788161568661
0.34812367170990266
0.41484107031065265
0.4127443947891111
0.34818298225158206
0.4750458848954543
0.34804874663671503
0.41398977882218413
0.413483579947172
0.3480629266616161
0.4750142582760214
0.34810227362113555
0.41311900587353667
0.4143871491936303
0.3480666448786254
0.4750938311355462
0.34826480554019024
0.41254508199868956
0.4151270590921823
0.3481912509309072
0.4752593881364463
0.34847445767501006
0.41247639602802333
0.41543544219472295
0.34838869857059773
0.4754550900598803
0.34865337283483233
0.41293795664420485
0.41520070187787184
0.3485869123723212
0.47560914080791306
0.34873834694039235
0.41376246143683487
0.4145072707978095
0.34871632858307566
0.47566069704031566
0.3487013035412821
0.41465028192615005
0.4136064017189048
0.34873214449545037
0.475588557843107
0.34855590759633975
0.4152787462028879
0.41282559981536066
0.3486278277564487
0.4754222713960981
0.3483524673271359
0.4154203542573063
0.41244850953450846
0.3484383526207133
0.47522680618864244
0.348162769165863
0.41502434799146776
0.4126117493568003
0.34823130140070235
0.47507283296438346
0.3480566425036413
0.41423395189866247
0.4132560359839509
0.34808407770115707
0.4750116008740779
0.34807550502261064
0.41333545857660176
0.41414738501744053
0.34805274123163504
0.47506239200971906
0.34821347340421194
0.4126551694586628
0.4149620462740409
0.3481480448520113
0.4752092566219767
0.34841805075461785
0.4124401694333261
0.41540485017192463
0.3483325114561652
0.4754036527184883
0.3486125028131397
0.41276851006024795
0.41531566705034123
0.3485379095284542
0.4755758688565768
0.3487271102013655
0.4135212680105803
0.41472631802306825
0.34869152275328946
0.4756590503365749
0.3487231769807847
0.41442504825526627
0.4138500251345502
0.34874018021394904
0.47561921999316653
0.34860323001256494
0.4151512555344764
0.4130052033740637
0.34866632177545004
0.4754727832383409
0.3484088387503965
0.4154366343567766
0.41249891608752576
0.34849410978839923
0.47527789947759924
0.3482080409804421
0.4151784210955167
0.4125147265117919
0.3482840480220347
0.4751066362568739
0.34807380739484384
0.41447011372981357
0.41304678891742413
0.3481138339475899
0.47501720048431983
0.3480575809474298
0.41356807055736033
0.41390193583314844
0.3480482313055153
0.47503805077253325
0.3481670740902347
0.41279971324674025
0.41476949612327113
0.34811142935717443
0.4751626723747382
0.34836086967176644
0.4124441742303393
0.4153348738920267
0.3482778524997208
0.47535061038776916
0.3485657059458406
0.4126304948760938
0.4153935959233198
0.3484850668649078
0.47553600016253883
0.34870710877506994
0.41329126183530346
0.4149241081985738
0.34865896215758474
0.475648253108748
0.3487364810402034
0.41418665806041866
0.4140959791396066
0.34873916330813365
0.47564196602206105
0.34864504362098486
0.4149911171541494
0.4132098809371061
0.3486975285930529
0.4755197343455005
0.3484647176790615
0.4154126701129048
0.41258798221312065
0.3485470391643827
0.4753307794329031
0.3482582229120774
0.4152991684230014
0.4124559314032969
0.34833973409248614
0.47514649887209726
0.3480997166842947
0.4146919227074488
0.41286146938351626
0.34815135580171136
0.4750309310536708
0.34804899184409205
0.4138105809010724
0.4136574013681597
0.3480532807307084
0.4750213673448653
0.3481269265334923
0.4129748291716418
0.4145545649493839
0.3480824527958718
0.4751207935895205
0.34830448565184047
0.4124883011167639
0.41522738762723316
0.3482261919851064
0.47529741982962936
0.34851419145207885
0.412527613454984
0.4154324157579893
0.3484297456106985
0.47549072586049845
0.3486788180118948
0.4130786355804905
0.415095332938921
0.34861947574067786
0.475628642075239
0.3487408613572228
0.41394152947735063
0.4143376372587209
0.34872914640016817
0.47565609359419764
0.3486802851176164
0.41480261726390466
0.41343412832620086
0.3487206784581117
0.4755617596740266
0.348518645421411
0.4153490912248524
0.4127133217469727
0.34859573923571824
0.47538404600219386
0.3483119366928381
0.4153833609379094
0.41243694251112634
0.3483968033007704
0.47519146212217755
0.3481336051770335
0.41489342957736275
0.4127050617204698
0.34819557678714796
0.47505248166960523
0.34804995316450615
0.41405646356852455
0.41342036107214813
0.3480677777386757
0.47501272079637424
0.348094172945023
0.4131758083940045
0.41432301497172475
0.34806196292797187
0.47508463613815405
0.34825046796145964
0.41257136513744475
0.41508526616721164
0.3481789404908636
0.47524550354361894
0.34845931459118396
0.41246262302169917
0.41543110017127477
0.3483733842178618
0.4754413726706854
0.34864292979071343
0.41288910923405575
0.4152354056919055
0.3485740671174664
0.47560082483213223
0.34873618247376104
0.4136962660388409
0.4145684915651153
0.3487104033056777
0.47566116300503536
0.3487080583780836
0.4145908114607361
0.41367190961460476
0.34873521453203565
0.47559761223243613
0.3485692282803762
0.4152475861097002
0.41287157359605037
0.34863894305379484
0.47543625050493943
0.3483677296101923
0.4154287453742561
0.41245827075760605
0.34845367962710017
0.47524041855307175
0.3481744952270699
0.4150692359767276
0.41258176997475254
0.34824523881408614
0.47508135912306354
0.3480604017417333
0.41429910532277137
0.4131971948341078
0.34809133302762735
0.4750123060839122
0.34806974087842657
0.41339724360477614
0.4140810613299312
0.34805057668657013
0.47505505778415846
0.3482003356965427
0.4126911362352701
0.4149123103847243
0.3481374092252052
0.47519621284227753
0.3484025439398103
0.41243726367963784
0.4153896937985451
0.34831746458778845
0.47538935537366284
0.34860034119307953
0.4127277762407393
0.41534058264094526
0.34852389326055794
0.47556565439502285
0.34872253278587406
0.4134574758744235
0.4147823306145678
0.3486834216832894
0.4756570158246547
0.34872765343909284
0.41436139025551466
0.4139168203539204
0.3487408010991903
0.4756262094435717
0.3486151695063148
0.41511086008804315
0.4130584897789589
0.3486755472229013
0.4754859358515139
0.34842411397199624
0.4154341027489494
0.4125193465381978
0.3485088143112607
0.475292130949896
0.34822123004246
0.41521463686791943
0.4124949059119666
0.3482989340115418
0.47511689252875733
0.3480800021061899
0.41453198558199555
0.4129939090548979
0.3481232898014847
0.4750201325323372
0.3480543130185413
0.41363317510466785
0.41383520547297786
0.348048656148368
0.47503274688389174
0.3481555092538985
0.4128443974067943
0.41471314862674125
0.34810277096250414
0.47515079669632154
0.3483454230487445
0.41245221306602964
0.41530930963709906
0.34826347577832983
0.4753361295040747
0.3485521378391174
0.4125989677483899
0.4154080598023119
0.34847023955072126
0.47552419442072813
0.3487002255537034
0.4132315909195952
0.4149734083822418
0.3486488919170102
0.47564378168685373
0.34873856174044054
0.41412052583001285
0.41416226198083117
0.34873732718336314
0.4756466754551074
0.3486552980594464
0.4149425666591356
0.4132690475301052
0.3487046349026507
0.47553168106233745
0.3484796054839816
0.415399280676248
0.4126185347418712
0.3485607294370172
0.475345256959939
0.34827251056074293
0.4153257435288365
0.41244680167631276
0.34835515100899017
0.4751582406754071
0.34810816192463445
0.4147488527762063
0.41281597334976833
0.34816274385100976
0.4750360237645695
0.3480483061250782
0.41387725276019316
0.41359205944321015
0.34805629224228884
0.4750182147190076
0.3481172637286979
0.4130270294568974
0.41449311583024406
0.3480760228956193
0.4751103765241512
0.3482895272792371
0.4125070685379896
0.4151920994061485
0.3482128757811823
0.4752831464827679
0.3484995714782366
0.41250613821157556
0.41543604440381593
0.3484144913508219
0.4754776774530544
0.3486697957234851
0.4130246916607006
0.41513659916629736
0.3486076922500846
0.47562187273122364
0.348740487618981
0.4138747042904251
0.4144016222980041
0.3487249059447564
0.47565837673061995
0.3486885939168773
0.414747212911603
0.4134975830445382
0.3487254930320277
0.47557214842234286
0.34853275976537734
0.41532519875267315
0.41275317736651423
0.34860805680295304
0.4753983796506559
0.3483269343829284
0.4153995844918784
0.4124387489100285
0.3484123233752596
0.4752044029212882
0.34814405531962694
0.4149438920861755
0.41266817268140144
0.3482085729022413
0.4750596190666393
0.348051859969668
0.41412290909699645
0.41335816613229914
0.3480732974730461
0.4750117906356703
0.3480866865357055
0.41323412062011466
0.4142581129007732
0.34805795290064656
0.4750759266473644
0.3482364171011182
0.41260035732901246
0.4150411976189848
0.3481670521256208
0.4752318129075365
0.3484440316025977
0.4124517748475054
0.4154237994267561
0.3483581023581558
0.47542745884411997
0.3486319921976015
0.4128423425724648
0.41526753411921336
0.348560870177573
0.4755919661017205
0.3487333560391541
0.41363054839377544
0.41462845652737873
0.34870387011756465
0.4756609485344395
0.3487142097547874
0.4145300408977374
0.41373794369197014
0.3487376241698713
0.4756061310958608
0.34858220639773596
0.4152138266389121
0.41291966288353094
0.34864957123182655
0.4754500438783894
0.34838303543153104
0.4154341824734137
0.412470965406011
0.3484688779577843
0.4752542344925196
0.3481866525569446
0.41511187998387256
0.41255447902680176
0.34825947385452893
0.47509037645375063
0.3480648364616392
0.4143635382913404
0.4131398209139589
0.3480992085246017
0.4750136192998389
0.34806464140010646
0.41346009849124915
0.41401444961826417
0.3480491108248366
0.4750482598045914
0.34818758958406776
0.41272957465401877
0.41486064043218973
0.34812728225861217
0.47518345514727234
0.3483870111468277
0.41243733276666156
0.4153716608437283
0.34830256009721233
0.4753749690458139
0.34858776510555617
0.41268944280463343
0.4153627159289549
0.3485096201358112
0.4755549757549784
0.34871731649134563
0.41339463619395844
0.4148366633308875
0.34867476363285244
0.47565431045666107
0.34873148891724587
0.4142968876876445
0.4139836547503256
0.3487407534160706
0.475632598658693
0.3486266800440412
0.41506813487793304
0.4131135210086642
0.3486842179294869
0.4754987978065316
0.3484393232077556
0.41542860586944785
0.4125425897477658
0.34852328109045805
0.4753064669611108
0.34823475447677144
0.41524832168827575
0.41247794585211034
0.3483140060408152
0.47512757795739213
0.34808682854116046
0.41459267560269686
0.41294290009486223
0.3481332990643188
0.4750236595889766
0.34805174051228976
0.4136988808443295
0.41376867508172877
0.3480497864133612
0.4750280169234914
0.3481444301641845
0.4128912492112435
0.41465526077909975
0.3480946948628308
0.47513928980404957
0.34833006673738437
0.4124631970306293
0.4152810275904158
0.3482493490383519
0.47532166676464843
0.3485382476158406
0.4125700959356624
0.4154196090901305
0.34845525758980034
0.47551201553945877
0.34869274289490304
0.4131733212173829
0.415020650411568
0.34863832948312556
0.47563866986280745
0.3487399796413736
0.4140540277355436
0.4142280959870018
0.3487348308503557
0.47565073784187156
0.3486650482953768
0.41489201901728334
0.4133295409487444
0.34871113388853636
0.4755432383276633
0.3484943207326382
0.4153829938194623
0.4126517038762556
0.3485740810103269
0.47535973446365754
0.34828703007078976
0.41534956840002507
0.41244062780675
0.3483706383235722
0.4751703378533077
0.34811717789394137
0.41480417187915447
0.4127727013559762
0.34817460244231246
0.47504168490100296
0.34804832612731995
0.41394404110519223