0.45517241379310347
0.45517241379310347
0.4330538039402165
0.4844585903180052
0.4273762589475779
0.5030494908705674
0.42786184906205
0.5068712919601752
0.42752583304412833
0.49611537602420985
0.42853099792608373
0.47117745413604323
0.4413290826587352
0.4425902511988151
0.4694931359035251
0.4288153920976582
0.4950728299355579
0.42748289858698896
0.5066597406486193
0.42788582022114974
0.5036488175061158
0.4273477053139178
0.48587446065467316
0.4323572257977703
0.4568294473355823
0.45354030063813844
0.4338085357718575
0.48300414821141413
0.42742198506732715
0.502403502473669
0.42783301375177757
0.5070378425346009
0.4275704039875634
0.49711106803797556
0.42828405272709474
0.4728456070119988
0.4401253930018377
0.44390697882177094
0.4677962736284419
0.42913976929157643
0.49398364237874004
0.42744276185129254
0.5064030110410254
0.4279045175890753
0.50420160261368
0.427334212641188
0.48725005762001194
0.4317172943578798
0.4585066664240804
0.45193774491902156
0.4346226468583759
0.48151304761985725
0.42748708067055896
0.5017107495978756
0.42779980726427674
0.5071595450805451
0.4276155491075526
0.49805978147828933
0.4280720252507122
0.47449418965245255
0.4389806915453576
0.4452769379530604
0.46609070468167735
0.42950665019291057
0.4928481346384611
0.4274066912684401
0.5061009089918137
0.42791762116557297
0.50470798625155
0.4273337656202349
0.48858389654611406
0.431132252823623
0.4601993073926232
0.45036921772484734
0.4354970539511322
0.479987405692044
0.4275738173429795
0.5009711441660716
0.4277627998555681
0.507236519360293
0.42766029628117014
0.49896146037948197
0.42789239980160854
0.4761200100085722
0.43789607933154334
0.4466974010368405
0.46438047717709874
0.42991852171778466
0.4916667579029668
0.42737606937168415
0.5057532317464084
0.4279249062384981
0.5051681287863486
0.42734445486289196
0.48987470982759884
0.43060012982844764
0.4619026422449444
0.4488389618041435
0.43643234157690547
0.47842953611485517
0.4276845309426352
0.5001846110434144
0.42772263426798285
0.5072688450606002
0.42770375536909294
0.4998160993388633
0.42774268652031044
0.4777200825786999
0.4368722559186571
0.4481652538018152
0.46266983864787253
0.4303778118188484
0.49044011474182797
0.4273523976020412
0.5053597754662913
0.4279262476771416
0.505582209033918
0.42736448468618066
0.4911214406458298
0.43011877685841254
0.46361203439239335
0.447350938488499
0.43742874191408426
0.4768419448714121
0.42782161220793746
0.4993510892552717
0.42768002309397185
0.5072565566191666
0.4277451115438622
0.5006237281118544
0.42762043013414
0.479291621343273
0.4359095301039607
0.44967701497209667
0.4609632171778669
0.4308868594576263
0.4891689799823155
0.42733729846860485
0.5049203422024608
0.42792162242352294
0.5059504202294688
0.42739217829238746
0.4923232305057614
0.4296859058399748
0.46532298324535193
0.4459087853923198
0.4384861173051958
0.4752273303816699
0.42798749823079146
0.4984705373376269
0.42763574890580613
0.5071996408749151
0.4277836209786733
0.5013843998438365
0.4275232180724237
0.4808320341833135
0.4350078337794881
0.4512288640083459
0.45926519309657077
0.43144788040355403
0.48785431950776775
0.427332514731526
0.5044347460538516
0.4279111099584482
0.5062729643895554
0.4274259799641937
0.4934794019775653
0.4292991247976496
0.4670311573337571
0.44451578448183077
0.43960394521099083
0.4735885877230827
0.42818466436275654
0.49754294319218867
0.42759066732047113
0.5070980379743247
0.4278186093917357
0.5020981836885786
0.42744868872671093
0.4823389207785251
0.4341667383345064
0.4528166786118385
0.4575804596097647
0.43206293026787235
0.4864973050939143
0.4273399055349735
0.5039028179985506
0.4278948907039353
0.5065500456567168
0.4274644542147173
0.4945894385367746
0.42895596988356416
0.46873241717611785
0.44317483897907983
0.44078130598550064
0.47192881531155995
0.4284156158553234
0.49656833798220057
0.4275457126974501
0.5069516453643801
0.4278494734913645
0.5027651618384545
0.4273945404226259
0.483810074946238
0.43338547353541024
0.4544360830190184
0.4559137719000757
0.43273386674070885
0.4850993235735068
0.42736143972459933
0.5033244087810094
0.4278732424982451
0.506781863004409
0.4275062821141718
0.49565296321368174
0.42865393277581654
0.4704228297714709
0.44188845736345644
0.4420168742225956
0.47025132180322016
0.42868287838096153
0.49554681308459614
0.42750190577153707
0.5067603241667272
0.4278756849002383
0.5033854301077839
0.4273585413403901
0.4852434908399004
0.43266294936465155
0.4560825065222174
0.4542698861348459
0.433462313147658
0.48366197951569945
0.427399186904392
0.5026993894624558
0.42784653548477614
0.5069686024520843
0.4275502552471563
0.49666971718556296
0.4283904831907393
0.47209867645593595
0.44065874319778864
0.44330891442935155
0.46855963109771853
0.4289889865068663
0.49447853904257244
0.42746036227786116
0.5065239069556029
0.42789679576597844
0.5039591005076107
0.4273385402129546
0.48663737092032056
0.43199778155773333
0.4577512495888088
0.4526534918861748
0.43424962508161263
0.482187092023818
0.4274553070444636
0.5020276498178972
0.4278152259997404
0.5071104288948218
0.4275952679528965
0.49763953887615847
0.428163086860557
0.47375645538360184
0.4394873901599801
0.44465528150321226
0.4668574838779315
0.42933646917386814
0.4933637857413778
0.42742230155205185
0.5062422060240819
0.4279124450749221
0.504486304003262
0.4273324772371424
0.48799013272805064
0.43138832133833027
0.45943755313588114
0.4510691429391626
0.43509686110047746
0.4806766876989584
0.42753203955641195
0.5013090955187376
0.4277798502837991
0.5072074778525147
0.4276403086769348
0.4985623438798406
0.4279692197069242
0.4753928795797756
0.43837568206723204
0.4460534262171517
0.4651488346270188
0.4297278312859927
0.49220294337581433
0.427389054150369
0.5059150215241072
0.42792236469662714
0.5049671919282703
0.4273383943600837
0.48930041155884
0.43083268915995127
0.4611366656504663
0.4495211917681319
0.4360047575979671
0.4791329927210445
0.4276316926545549
0.5005436456777645
0.4277410189997636
0.5072598477895148
0.4276844514006125
0.49943810617087936
0.42780637911526054
0.4770048716621291
0.4373244976708527
0.4475004059480606
0.46343784316224507
0.4301655307082194
0.49099654388577524
0.42736206767774937
0.5055421492049849
0.4279263843558397
0.5054019351922618
0.42735444402582407
0.4905670571251909
0.43032881137395784
0.46284390328141456
0.448013731972555
0.4369737072987761
0.47755842697032114
0.427756633531316
0.49973123256522733
0.42769941352957264
0.5072675939401514
0.42772684816494655
0.5002668414118597
0.42767209325817723
0.4785895568576396
0.4363343197108234
0.44899290132872277
0.46172885937656205
0.43065195037312803
0.48974528224839253
0.4273429101909722
0.5051233876531029
0.4279244349731258
0.5057907211712297
0.4273788955914928
0.4917891237569676
0.42987445800961677
0.46455469959529005
0.44655055108764596
0.43800374064526915
0.47595560214134547
0.4279092794750223
0.4988718050029069
0.42765578481262423
0.5072307246051373
0.4277667236145454
0.5010485934295281
0.4275639293908693
0.4801442564736823
0.4354052474586892
0.45052724016053847
0.46002639940780377
0.43118936582305545
0.4884500364281964
0.42733327074433947
0.5046585448654219
0.42791655005543144
0.5061337487124253
0.42741013888900253
0.4929658550745921
0.4294672795419652
0.4662646437709385
0.44513509414089364
0.43909450964095487
0.47432732426607743
0.4280920896549028
0.4979653362080318
0.4276109551023499
0.5071492005794395
0.42780337222544534
0.5017834248095269
0.42747950196059314
0.4816664840362464
0.4345370120204518
0.4520994303416253
0.4583351113865793
0.43177990926850063
0.48711188423136476
0.4273349568826624
0.5041474437528843
0.42790286501914965
0.5064312218733067
0.4274466847307714
0.4940966648959974
0.4291048407202931
0.46796950785782226
0.44377043681144496
0.4402452742800582
0.47267659954887686
0.4283075569793355
0.4970118359752851
0.42756582254710396
0.5070229378185521
0.4278361584726492
0.5024714119987275
0.4274164812074227
0.48315394560759395
0.4337289940741579
0.4537052032718636
0.4566597296634508
0.432425531918367
0.48573211518819637
0.4273498891733175
0.5035899259717417
0.4278836145019589
0.5066833428842179
0.42748716246119733
0.495181116241892
0.42878465012118494
0.46966526479282966
0.4424592664396287
0.44145489218860007
0.47100664145312127
0.4285581992315518
0.4960113663930308
0.42752136806026103
0.5068518128559354
0.42786451972069955
0.5031126444529472
0.42737260265469856
0.4846045444291941
0.4329802442931598
0.45534006798110016
0.4550050180326509
0.43312796669408066
0.48431223616101277
0.4273800931905222
0.5029858535415691
0.4278591279066663
0.5068903045735584
0.4275303149084392
0.4962188998549356
0.42850418484258496
0.47134809905100045
0.4412038693505031
0.4427218122752185
0.46932087678778917
0.42884654857971793
0.494964060015198
0.42747866362430637
0.5066356700743395
0.4278879711914743
0.5037072265381979
0.427345677505604
0.4860163884304724
0.43228950713427355
0.45699937429066295
0.45337570456197995
0.4338886933048523
0.482853970611055
0.4274276896623978
0.5023351081397879
0.42782982364996597
0.5070522823498533
0.42757499130329113
0.49720981302627487
0.4282609104451245
0.47301441141264494
0.44000612359013813
0.4440440730131144
0.46762294895831213
0.42917513851709
0.493870139560035
0.427438881026837
0.5063743298505524
0.4279061120878012
0.5042552804235242
0.4273336035501145
0.4873877979262418
0.4316552486618536
0.4586783813047492
0.45177641245877925
0.4347089070551364
0.48135925295415055
0.42749488367359506
0.5016375886661606
0.4277962028381641
0.5071694259286781
0.4276201389174477
0.4981537391094367
0.4280522967285521
0.474660818890689
0.4388674967247322
0.4454193056590795
0.46591671712710386
0.42954648730094463
0.4927299385598487
0.42740330003118854
0.5060675968047217