0.26
0.26000000000000006
0.021738669249212
-0.21226246356159897
-0.3131983178407114
-0.07465160321245753
0.14238730619293197
0.3557670860575457
0.13989581891382308
-0.07632189385534699
-0.3148462334302673
-0.21117890612747653
0.022541311435051753
0.26079039237997026
0.25979864593149316
0.02158161724493235
-0.21232912669047455
-0.3135858047408707
-0.07503024296327271
0.14167631834549
0.3558844220699026
0.14073829072859081
-0.07565790815885295
-0.3142055246986685
-0.21192325922990907
0.021881944635917583
0.2600940707667654
0.260717155896779
0.022484675406702154
-0.21120004226248648
-0.3149953999021682
-0.07646766813505798
0.1396225813909055
0.355796131323746
0.14271610303457516
-0.074394952973134
-0.3129499191562016
-0.21254380010048207
0.021489413574783678
0.2597373598889282
0.2603429880964156
0.022075951561657925
-0.2118426605049466
-0.31372407919238665
-0.07518759054049853
0.14162243966743518
0.35575716902999627
0.14062178488787888
-0.0758586174949116
-0.31438601573863506
-0.2114073123865225
0.022398410136289987
0.26066056135426946
0.2596566498560934
0.02142651629233
-0.21257052291819573
-0.313106171365015
-0.07454769210219103
0.14242980598152277
0.3558470609179186
0.1399602657259505
-0.07620101287670106
-0.314738267746084
-0.2115002044566509
0.022218863778662445
0.2604363238039854
0.2604649870095019
0.022246586598455215
-0.2114669244056141
-0.3147745659529951
-0.07623823087147094
0.1399089958821347
0.3558427285523284
0.14247771030193276
-0.07451840562055051
-0.31307685745215785
-0.2125804405216859
0.021422220702388056
0.25965377522839694
0.2606400664522639
0.02237709237877994
-0.21143774077848876
-0.3143345716878021
-0.07580661135560687
0.14070094731572616
0.3557568618736038
0.14154141591689168
-0.07524299676590332
-0.31377859620564164
-0.21180340137402848
0.022106252429134693
0.26037332869019164
0.25972155319579565
0.021475036644362372
-0.21255800486394663
-0.3129455836670414
-0.0743900808274312
0.14271822063086373
0.35579980346324647
0.13962537901856228
-0.0764622105653871
-0.31499053987497194
-0.21121475474497314
0.022469894407222885
0.2607009180595244
0.260124696001189
0.021912508811804232
-0.2118836115436287
-0.3142601931705454
-0.075713458470298
0.14065699786668934
0.3558823239899218
0.14175640970241804
-0.07497778458978638
-0.31353383871852375
-0.21235935207806805
0.021560468714413278
0.2597783961200714
0.2607868265498185
0.022536345310149697
-0.2111898799882103
-0.3148158201942257
-0.07629146713692703
0.13994545342471104
0.35576554901893764
0.1423331174525008
-0.07469072000106128
-0.31323654648195676
-0.21222834681247982
0.021767106179644807
0.26002931512082833
0.25997134988748644
0.021710960840361976
-0.21229543456394417
-0.31316238441760536
-0.07461479816242722
0.14243788680021385
0.35576878497224335
0.1398499288785742
-0.07634969396626468
-0.3148740737253086
-0.21116999747668322
0.02254462634204052
0.2607922776056646
0.2598201655366721
0.021603967618360143
-0.2122975394723674
-0.31363892931200554
-0.0750839014997561
0.14159470039660382
0.35588619823062356
0.14082091205173133
-0.07560165619353454
-0.3141501341906692
-0.2119627622150361
0.02185168534117443
0.2600638356341448
0.26073190711783406
0.02249794909340591
-0.21118737180596306
-0.31499718872724936
-0.07647001099703712
0.13962442918770143
0.35579261918295724
0.1427092708595861
-0.07440298518772481
-0.31295737520721123
-0.21252756089380168
0.021505305414503934
0.2597546565597082
0.2603122615132938
0.022045345656430293
-0.21188204886678563
-0.3136702561287313
-0.07513286429935029
0.14170217706232544
0.3557575454394315
0.1405442210971485
-0.07590936483996158
-0.3144362435863406
-0.2113782709797344
0.022418492169612336
0.2606797529626007
0.259661240713062
0.0214325012175742
-0.21255849845076225
-0.3131381356399153
-0.07457967755380746
0.14237803728086793
0.35585131547366233
0.14001521624450364
-0.07616145392207974
-0.31469964030229663
-0.21153462729510758
0.02219042786471831
0.2604070159173779
0.2604929182545044
0.02227351209329101
-0.21143488896390486
-0.3148084261224041
-0.07627299607341786
0.13986156029963637
0.35583834395883596
0.14252160104664552
-0.07449191017994383
-0.313050286051035
-0.2125882189599877
0.021419630174793147
0.2596526283085681
0.2606183263355561
0.022354599338337555
-0.21146946881308865
-0.3142820593231724
-0.07575349615691407
0.14078148044120317
0.3557566181734796
0.14145934266802537
-0.07529892038131189
-0.3138336473004242
-0.2117643869137858
0.022136158573073134
0.2604031933970854
0.2597072849861606
0.02146221903763937
-0.2125701305489608
-0.31294438635073113
-0.07438838778186316
0.14271560972650427
0.3558036248317483
0.1396328212685694
-0.07645365009155392
-0.31498261848100295
-0.21123146776564178
0.0224536485134387
0.26068324054347297
0.26015561974484547
0.021943286366617826
-0.21184393868019388
-0.3143139745937387
-0.07576813956317391
0.140577279655974
0.3558799185993673
0.1418347281777619
-0.0749266872213093
-0.31348319087478216
-0.21238812434296922
0.02154058609058443
0.2597594772044293
0.260781592008465
0.022529743994239543
-0.2112028837442208
-0.31478292721220724
-0.07625850718950605
0.13999868014168135
0.35576416620959095
0.14227549230972303
-0.07473202472921961
-0.31327694911849246
-0.21219319071066522
0.021796182324322927
0.26005920335396737
0.25994345482870773
0.021684068236991816
-0.2123271565857747
-0.31312886108933813
-0.07458042223976011
0.14248469747914028
0.3557706526114863
0.139807925425129
-0.07637478127640887
-0.31489925489296056
-0.21116318362554473
0.022546278565190925
0.26079247499263036
0.2598428903225781
0.021627452455284107
-0.21226468554324046
-0.3136930496950626
-0.07513859613469351
0.14151180627575713
0.3558876400372376
0.140904611570329
-0.07554487223973069
-0.314094188855669
-0.21200200165292032
0.02182182135294622
0.260034080830827
0.26074512952003753
0.02250967782403679
-0.21117677833408258
-0.3149959059899576
-0.07646923698278191
0.13963090888172194
0.3557892758805977
0.14269775323103906
-0.07441414818876049
-0.3129679240746762
-0.2125093384949497
0.021522662699704015
0.2597733897258563
0.2602812405366549
0.02201452586091776
-0.21192145003062374
-0.3136172857078292
-0.07507897949284023
0.1417803937966356
0.35575799773381633
0.14046847988653752
-0.07595870693081336
-0.31448511049539063
-0.2113507001378705
0.02243728150718885
0.26069758687170375
0.2596675311644407
0.021440154645380877
-0.21254440581717918
-0.3131726497686591
-0.07461426142800534
0.14232256567895873
0.3558554664421433
0.14007368229609504
-0.07611967313498899
-0.314658799700705
-0.21157008752828674
0.022161365295397056
0.26037715261640126
0.26052003256308287
0.022299558543337428
-0.21140419600807941
-0.31483974710588475
-0.07630520433149962
0.1398181004841365
0.3558339322881142
0.14256134188726646
-0.07446828899803287
-0.31302654057652046
-0.21259383249636343
0.02141875521625977
0.25965321531594243
0.26059540265260345
0.02233099481503495
-0.21150240556623567
-0.3142286293527059
-0.07569942456720022
0.1408631528551626
0.35575643305278615
0.14137645873957558
-0.07535519806227867
-0.31388907183882986
-0.2117257312754805
0.022165582009217144
0.26043249425954085
0.2596945986352606
0.021450999974677448
-0.21258013929147473
-0.31294633456997056
-0.07438988250083586
0.14270827174613537
0.35580758274861324
0.13964489291122106
-0.07644200817981842
-0.31497165506611113
-0.21125013338748158
0.02243598482636261
0.2606641749136668
0.26018674929231983
0.021974184974633965
-0.2118043605000352
-0.3143667066284068
-0.07582178645533663
0.14049937748921806
0.35587722253670845
0.14191103237753985
-0.07487710798655761
-0.31343401724148523
-0.2124153562719068
0.02152202994697444
0.2597419466139007
0.2607747052317089
0.02252152798794113
-0.21121787652136165
-0.3147476543510016
-0.07622311423661557
0.14005533717615706
0.3557629293542225
0.14221461175871755
-0.07477538767127564
-0.31331939865736547
-0.21215710441154603
0.02182580669469769
0.26008957130314003
0.25991640267126787
0.02165807636067313
-0.2123575299476674
-0.31309785592027195
-0.07454858594966851
0.14252758702738125
0.3557726948589426
0.13976993996590673
-0.07639707710777738
-0.3149216980827295
-0.211158488280825
0.022546261281416485
0.2607909820364199
0.25986675232846634
0.021652001236509982
-0.21223066359650133
-0.31374800053352014
-0.0751941600683027
0.14142788977326853
0.35588873735131943
0.14098913566523413
-0.07548772758416036
-0.3140378576248177
-0.21204085970448056
0.021792441777703897
0.2600048949797392
0.26075678571933125
0.022519828800189212
-0.2111682902275751
-0.3149915607315972
-0.0764653534918108
0.13964199277131978
0.35578610833191876
0.1426815942662235
-0.0744284026050567
-0.31298152803906815
-0.21248919058366994
0.0215414310881005
0.25979350110884686
0.2602500182025452
0.021983584528804445
-0.21196074689347372
-0.3135653250296274
-0.07502609600045468
0.14185685872499598
0.3557585332815033
0.14039478066977348
-0.07600650092594116
-0.31453247522147404
-0.21132467949880646
0.02245472475393817
0.2607140124486834
0.2596754995353162
0.02144945076551877
-0.21252828992610986
-0.3132096052890099
-0.07465133510623828
0.14226356431186726
0.35585948809218404
0.14013548774847023
-0.0760757965260695
-0.31461586890117216
-0.21160647657856768
0.022131764407838372
0.260346824833109
0.26054624757043693
0.022324647033409556
-0.21137493910951427
-0.3148684357537977
-0.07633475953708302
0.13977874537798418
0.35582951803264595
0.14259680989735152
-0.07444761609411873
-0.3130056953644553
-0.21259726210622681
0.02141960101426832
0.2596555371229907
0.2605713605113935
0.022306345851503234
-0.21153645671705812
-0.31417443496903036
-0.07564455184794197
0.14094573020092727
0.35575630262496294
0.14129300433612885
-0.0754116661548524
-0.3139447088053925
-0.2116875470382943
0.022194436678997898
0.26046114548516863
0.2596835322601346
0.02144141336294103
-0.2125880001214434
-0.31295142537305465
-0.0743945632145028
0.14269622353445893
0.355811662666342
0.13966156424963172
-0.07642731594646929
-0.31495767848268313
-0.21127069733592202
0.02241695501346147
0.2606437772318908
0.26021799109036353
0.022005111751268236
-0.2117649968463012
-0.31441823008478087
-0.07587423723115766
0.1404235272426695
0.3558742543061171
0.14198508657247905
-0.07482919980743116
-0.31338646975879914
-0.2124409649805381
0.02150485719315981
0.25972585794464775
0.26076618719721567
0.022511722174279603
-0.211234812056967
-0.3147101078052086
-0.07618539499904636
0.14011525357510704
0.35576182972020776
0.1421506653746945
-0.07482067366511816
-0.3133637626178115
-0.21212019943067129
0.021855886964021742
0.2601203244225755
0.25989027872345016
0.02163306743771609
-0.2123864589104684
-0.31306946970986105
-0.07451939245447836
0.14256641547246351
0.3557749164729529
0.13973609270732382
-0.07641651061473312
-0.3149413320949678
-0.2111559291179908
0.02254457238536481
0.26078780102607824
0.2598916804114755
0.021677540480718765
-0.21219557564369418
-0.3138036143347233
-0.07525042424911521
0.14134320729574998
0.3558894824307614
0.14107422808719927
-0.07543039465801876
-0.31398131067843993
-0.212079219854589
0.02176363417191718
0.259976364872082
0.2607668432116597
0.022528374116007083
-0.21116192927023858
-0.3149841712850715
-0.07645837738723713
0.139657639189422
0.3557831215570616
0.14266085279879082
-0.07444569918404154
-0.3129981396114018
-0.21246718105078893
0.02156155155496442
0.25981492783912663
0.26021868871327464
0.02195261494939793
-0.21199982200874715
-0.31351452916953504
-0.07497437169061194
0.14193134448485664
0.3557591600754483
0.14032333779195846
-0.07605260794839061
-0.31457820035173506
-0.21130028458065514
0.022470772194986888
0.2607289829289601
0.2596851192380795
0.021460358929940915
-0.21251020169622728
-0.3132488862133439
-0.07469078232810206
0.14220121730916055
0.3558633549834346
0.1402004460775009
-0.07602995655789019
-0.31457097732611283
-0.21164368307714526
0.022101715124065335
0.2603161248400123
0.260571483819081
0.02234870173467507
-0.21134720719260738
-0.3148944072316718
-0.0763615739541943
0.13974361092531684
0.35582512481154166
0.14262789603339254
-0.07442995597998958
-0.31298781536320436
-0.21259849560199112
0.021422167355977434
0.25965958918519594
0.2605462683620939
0.022280722609976794
-0.21157152473755395
-0.31411963151551786
-0.07558903551318277
0.1410289756932255
0.35575622404914836
0.14120922048694917
-0.07546816106386789
-0.3140003971871591
-0.2116499449412073
0.022222638658117327
0.2604890636555326
0.2596741186189337
0.021433487706014526
-0.21259368905260914
-0.3129596454765275
-0.07440241770050887
0.14267949735825738
0.3558158482396663
0.13968279114034446
-0.07640961410384048
-0.3149407270453859
-0.21129309914262906
0.022396615168919692
0.26062210790185003
0.260249251015354
0.02203597352868139
-0.21172596717952735
-0.31446838940079685
-0.07592533352669265
0.14034995856021965
0.35587103409506615
0.14205666146867782
-0.07478311090399281
-0.31334069578005896
-0.21246487216175836
0.021489120901992315
0.25971126080027485
0.260756063300756
0.02250035572449216
-0.2112536388745674
-0.31467039974853733
-0.07614546234191971
0.1401782498822024
0.35576085828768295
0.14208385062660353
-0.07486774260546103
-0.31340990361634513
-0.2120825892432981
0.02188632980864902
0.2601513673657123
0.2598651654210746
0.02160912067477319
-0.2124138520502385
-0.3130437955575084
-0.0744929371321999
0.14260105468306644
0.35577732093427605
0.13970649215980746
-0.0764330190852884
-0.3149580936807216
-0.21115551764484594
0.022541214555662076
0.2607829390989373
0.25991760041545475
0.02170399392473954
-0.21215952675549898
-0.3138597219496226
-0.07530721785394509
0.14125801711830202
0.35588987000602207
0.14115963068113282
-0.07537304656225319
-0.3139247189745488
-0.2121169672174708
0.02173548432127273
0.25994857525182435
0.2607752744130952
0.022535290784933465
-0.21115771065828362
-0.31497376513047637
-0.07644833485576363
0.13967779276357617
0.3557803187331297
0.14263560204175332
-0.07446597904167268
-0.31301770177997607
-0.21244337975160688
0.021582960612978652
0.25983760268515227
0.2601873471482886
0.02192171106256735
-0.21203855793145374
-0.313465050734438
-0.07492396196777032
0.14200362813550094
0.3557598866090858
0.14025435998328795
-0.0760968934350324
-0.3146221526482772
-0.21127758660415866
0.02248537789733049
0.2607424555093792
0.25969635890884574
0.021472843801840835
-0.21249019784272447
-0.3132903694774115
-0.07473247964064422
0.14213571909914283
0.35586704221080917
0.14026836099518994
-0.07598229169693199
-0.3145242604250412
-0.21168159326226837
0.022071308636276293
0.2602851459250697
0.26059566504106146
0.022371650171929436
-0.21132108421406082
-0.31491758530367236
-0.07638556851668607
0.13971279968843098
0.35582077516978106
0.14265450555718187
-0.07441536338993554
-0.3129729558642926
-0.21259752773281818
0.021426448566916445
0.2596653614903955
0.2605201978708542
0.022254198241227985
-0.21160750908870032
-0.31406437615091043
-0.07553303498733571
0.14111265063594136
0.355756195570339
0.14112534849753572
-0.07552451962989773
-0.31405597634264326
-0.21161303362965161
0.022250106350047538
0.2605161679190131
0.2596663850370221
0.02142724603922319
-0.21259718913923484
-0.31297097129693924
-0.07441342331519737
0.14265814083627076
0.3558201214193031
0.1397085150749149
-0.0763889528647198
-0.3149208484462293
-0.21131727232128014
0.02237502565044097
0.26059923149066266
0.2602804346625271
0.022066677141668573
-0.21168739020169
-0.3145170331187426
-0.0759749210147933
0.14027889414309805
0.3558675835755451
0.14212553497710692
-0.07473898429961706
-0.31329683757685545
-0.21248700433183904
0.021474870138028457
0.2596982006337176
0.26074436327027994
0.022487462001883507
-0.21127430046088397
-0.31462864798245693
-0.0761034349187572
0.1402441387023035
0.3557600059165533
0.14201437218911123
-0.07491644993695681
-0.31345767985143336
-0.21204438888734423
0.021917041245228724
0.260182604329381
0.2598411420053303
0.021586311945556602
-0.2124396226192188
-0.31302091844872015
-0.07446930715687503
0.14263138894913338
0.3557799103045137
0.13968123467440643
-0.0764465482236025
-0.3149719278235782
-0.21115725907958321
0.022536195310717905
0.2607764082847248
0.2599444353440927
0.02173128270739591
-0.2121226247984864
-0.31391615304905807
-0.07536436876468058
0.14117257864278468
0.35588989733200016
0.14124508411176806
-0.07531585659440734
-0.31386825377823035
-0.2121539888313665
0.021708076029413326
0.25992160861097446
0.2607820566800328
0.022540560746901472
-0.2111556430362088
-0.3149603787185105
-0.07643526123441588
0.1397023847236467
0.3557777012675794
0.1426059291933196
-0.07448917395217036
-0.3130401482964208
-0.21241786223220144
0.021605590554354376
0.25986145430466184
0.260156089161027
0.02189096716033459
-0.2120768375769572
-0.3134170394071685
-0.07487501930797599
0.14207349181140208
0.3557607217409713
0.14018804980642413
-0.07613922748869986
-0.31466420339472545
-0.21125665231496465
0.022498499810024913
0.26075439143942947
0.25970918255108133
0.02148686551219217
-0.2124683406535493
-0.31333392540523586
-0.07477629686369705
0.1420672736888115
0.355870525645765
0.14033902710223664
-0.07593294595233135
-0.3144758592252372
-0.21172009137868786
0.022040637093486304
0.26025398206922146
0.2606187184237223
0.022393423474110052
-0.21129664886612276
-0.314937902580661
-0.07640667308967608
0.13968640051877737
0.35581649039435304
0.1426765583952561
-0.07440388305302215
-0.31296116227516907
-0.21259436025709205
0.021432433471321927
0.25967283852947887
0.26049322378329626
0.022226848743969185
-0.21164430642461815
-0.31400882751090226
-0.07547671125972596
0.14119651494086052
0.3557562165440564
0.1410416294119962
-0.07558057949610944
-0.3141112863609139
-0.21157691941605583
0.022276760665117412
0.2605423801684114
0.2596603533594797
0.02142270589180223
-0.21259849050010213
-0.3129853690315567
-0.0744275470740915
0.14263221679696103
0.3558244625696171
0.13973866332270446
-0.07636539180524124
-0.31489809962894977
-0.21134314457472647
0.022352250893129033
0.2605752165272908
0.2603114476458891
0.0220971297227594
-0.21164938347114812
-0.31456401435912695
-0.07602284988835331
0.1402105490478393
0.3558639256910623
0.14219149297835962
-0.07469695732857162
-0.31325503184665643
-0.2125072930734903
0.021462149787805168
0.2596867185909605
0.2607311210784494
0.02247307846437982
-0.21129673544395788
-0.3145849755839922
-0.07605943681439595
0.14031272526643143
0.3557592635084734
0.14194244125790662
-0.0749666471441911
-0.31350694558485037
-0.2120057145722358
0.021947926961568165
0.2602139393911901
0.2598182842140909
0.02156471349114339
-0.21246368888994224
-0.3130009148663693
-0.0744485811045304
0.1426573155253589
0.35578268509757205
0.13966040401031635
-0.07645705241070488
-0.31498278800059976
-0.21116115224576143
0.022529527052220555
0.26076822553708956
0.2599721055396239
0.02175932555808846
-0.2120849801663501
-0.3139727365973254
-0.07542170404271664
0.14108715166141558
0.3558895642150497
0.14133032859168973
-0.07525899777610312
-0.31381208619104634
-0.21219017394361248
0.021681490915127277
0.2598955449944687
0.26078717231105414
0.022544170857547396
-0.2111557285571256
-0.3149440572641693
-0.07641920080651585
0.13973133325349013
0.3557752688912389
0.14257193498998288
-0.07451520667455974
-0.3130654039980346
-0.212390709430719
0.02162936971347601
0.25988640751644243
0.2601250106630441
0.0218604775763466
-0.21211454459200063
-0.31337064148065197
-0.07482769278412046
0.14214072338837425
0.35576167454940194
0.1401246030981786
-0.07617948523293855
-0.3147042287455908
-0.21123754380548004
0.022510099863433747
0.2607647561111486
0.2597235496847157
0.021502379822008505
-0.2124446977575538
-0.31337941818640214
-0.07482209756747521
0.1419960939240907
0.35587378217152843
0.14041223056072194
-0.07588206840454831
-0.3144259198716056
-0.21175906007535175
0.022009793291813434
0.2602227276288578
0.2606405748569221
0.022413956606076313
-0.21127397430620726
-0.3149553007308901
-0.07642482669316009
0.13966448828516878
0.35581229034949535
0.14269398943199774
-0.07439554951013064
-0.31295246993655834
-0.21258900198578923
0.021440105375716
0.25968199929006835
0.26046542377630205
0.02219875281335973
-0.21168181080636406
-0.31395314536498287
-0.0754202265341685
0.1412803276497926
0.3557562874453783
0.14095830348400512
-0.07563617946653445
-0.31416616841233
-0.21154170605310696
0.022302525186121525