-0.5151515151515151
-0.5151515151515151
-0.5272544264816095
-0.4937296519004203
-0.5223903933151464
-0.47661771624574273
-0.5045047588519004
-0.4731130510704719
-0.48331132531108556
-0.4864527358463639
-0.4725012653816584
-0.5080028966756508
-0.47869195334029735
-0.5242796804611322
-0.4972871679620136
-0.5263965920369662
-0.5181504716815339
-0.511884522306043
-0.5276202854112225
-0.49030395567035306
-0.5201394313322746
-0.47492130753467143
-0.5009016403990545
-0.4742155918323839
-0.4804709416337346
-0.4898278765589771
-0.4723798759365162
-0.5113437408003296
-0.48111110737423235
-0.52577557907041
-0.5009213590494037
-0.5250522590789356
-0.5208171010051262
-0.5084190362274417
-0.5274998550458496
-0.48705978745796963
-0.5175609428700496
-0.47363323658768447
-0.4972516722358939
-0.47579715387383065
-0.47799213394129575
-0.49336573519206983
-0.4727384329586158
-0.5144799333183676
-0.48383972944401976
-0.5268488575904455
-0.5045710691635192
-0.5232397205986298
-0.5230952991998797
-0.5048267508523091
-0.5269077599664161
-0.4840423990641465
-0.5146917489070636
-0.4727813000297126
-0.4936189263246796
-0.47783272730508936
-0.47592590648044386
-0.49699471912614235
-0.4735587229973134
-0.5173681203263576
-0.4868395551074418
-0.5274734041116367
-0.50816958354213
-0.5209906994719598
-0.5249397428716477
-0.5011784037028596
-0.5258652442688506
-0.48129340842196355
-0.511571630669813
-0.47238958216815335
-0.4900723264970608
-0.4802840460980368
-0.4743114232507761
-0.5006456368252664
-0.4748169796423974
-0.5199683007155425
-0.4900692003073559
-0.5276275902499801
-0.5116463423583449
-0.518349678513571
-0.5263177743321106
-0.49754105013715133
-0.5243981573394971
-0.4788512888447839
-0.508243689052951
-0.47247675576879716
-0.4866833895599506
-0.4831008723389408
-0.4731746428938933
-0.504254024086206
-0.47648562607222844
-0.5222434546686626
-0.4934836918889648
-0.5272962513389675
-0.5149296189532973
-0.5153720821718674
-0.5272101613036946
-0.49397626678800827
-0.5225355403721199
-0.47675167795933965
-0.5047549714416133
-0.4730538939213046
-0.48352327140916046
-0.48622324083278745
-0.4725282070421221
-0.5077613235215587
-0.47853432651046945
-0.5241592549824841
-0.49703366792283327
-0.5264729958309654
-0.5179496161635393
-0.5121217186536837
-0.5276105693437851
-0.4905396115715971
-0.520308939310847
-0.47502765812758785
-0.501157409515443
-0.4741221375050889
-0.48065963122889455
-0.4895842324488513
-0.47237254903734577
-0.5111148361043504
-0.48093033961965503
-0.5256838202964574
-0.5006643935850829
-0.5251624516743226
-0.5206415750027032
-0.5086678615574399
-0.5275239681294736
-0.487281144036039
-0.517752324955384
-0.47370991090625425
-0.49750870855061174
-0.47567065453332896
-0.47815358812105396
-0.4931129941875904
-0.47269785412053633
-0.5142668885272937
-0.48363840378958045
-0.5267877317954516
-0.5043151356449214
-0.5233819757248214
-0.5229487250752405
-0.5050821565511392
-0.526964430512363
-0.4842463987678588
-0.5149023208557202
-0.4728264477773713
-0.49387254285278587
-0.4776753839384295
-0.47605690110724613
-0.49673787259996854
-0.4734863792469482
-0.5171738706782201
-0.4866204620155838
-0.5274446218497623
-0.507919528560882
-0.5211623526670619
-0.5248249119325243
-0.5014355051074784
-0.5259528062023581
-0.4814772299136811
-0.5117984900340188
-0.47240166244015575
-0.4903175571446784
-0.48009896416233416
-0.4744096252508475
-0.5003894201912551
-0.47471468462839456
-0.5197955598293319
-0.4898353618820038
-0.5276324877133214
-0.511407203711201
-0.5185472155457368
-0.5262365469093283
-0.4977952941310948
-0.5245146750071352
-0.47901232110938585
-0.5084836834446598
-0.472454675999199
-0.4869151775677297
-0.4828919349330124
-0.4732386674083653
-0.5040027863977868
-0.4763554184575458
-0.522094735918587
-0.4932384048675105
-0.527335636228541
-0.5147064172161606
-0.5155912965048233
-0.5271634557284488
-0.4942235183029607
-0.5226788844122537
-0.47688750013720294
-0.505004642747842
-0.4729971731297754
-0.48373668802665737
-0.48599492883340983
-0.4725575827058564
-0.5075189869210474
-0.47837842020798427
-0.5240368915723441
-0.49678057018486826
-0.5265469818397988
-0.5177471332753877
-0.5123579065537127
-0.5275984384139094
-0.4907761515034333
-0.5204768123481925
-0.4751360211799379
-0.5014129229282472
-0.47403106644764964
-0.4808500951070626
-0.48934141927123825
-0.4723676065728906
-0.5108849323572977
-0.4807511179382562
-0.5255899777098078
-0.5004075296061247
-0.5252703121124714
-0.5204641394679806
-0.5089160344478818
-0.527545737000571
-0.48750360972300955
-0.5179422533008657
-0.4737887367531821
-0.49776580481568816
-0.47554641937449327
-0.4783170738242742
-0.4928607281054067
-0.4726595709378306
-0.5140526290524294
-0.4834384359071556
-0.5267243910996798
-0.5040589743583227
-0.5235220513493591
-0.5228000120865359
-0.5053372620055816
-0.5270188609274415
-0.4844517145967401
-0.5151116348066714
-0.47287386851472046
-0.4941265601101093
-0.47752011927006593
-0.47619012617938183
-0.49648115615694977
-0.47341621435819836
-0.5169782073523912
-0.4864025231273508
-0.5274135149399893
-0.5076688963129727
-0.521332043125156
-0.5247077754760486
-0.5016926406853227
-0.5260382552562859
-0.4816625589307144
-0.5120243033090609
-0.47241611127512273
-0.4905635433750759
-0.4799157151270198
-0.47451019099171965
-0.500133012044518
-0.4746144326059939
-0.5196212211082986
-0.4896024566874142
-0.5276349818694633
-0.5111671313126364
-0.5187430618706012
-0.5261529142819241
-0.4980498794744432
-0.5246292229120616
-0.47917503815743545
-0.5087228627614554
-0.4724350236242307
-0.48714807537762433
-0.4826845353625685
-0.47330512232812855
-0.5037510651869819
-0.476227104363791
-0.5219442486096871
-0.49299380881714416
-0.5273725817750489
-0.5144819337032103
-0.5158091347751543
-0.5271143099583847
-0.4944713880598658
-0.5228204140661772
-0.4770251716465567
-0.5052537538072932
-0.47294289008281504
-0.48395155239593807
-0.4857678240657265
-0.47258939407615463
-0.5072759043281214
-0.47822424622457976
-0.5239126009573041
-0.4965278947622859
-0.5266185465050662
-0.5175430445298063
-0.5125930612166749
-0.5275838892110956
-0.49101355884805986
-0.5206430382058777
-0.47524638638818106
-0.5016681595426512
-0.4739423845099052
-0.48104231326072344
-0.4890994621116148
-0.47236505345175084
-0.5106540454326924
-0.4805734550416316
-0.5254940611447382
-0.5001507892651759
-0.5253758321824814
-0.5202848126670678
-0.509163529794887
-0.5275651554619369
-0.4877271693116539
-0.5181307146967589
-0.47386970484309127
-0.49802293790337737
-0.4754244589815539
-0.4784825747401876
-0.49260896179644575
-0.4726235906952044
-0.5138371694942295
-0.48323983952796684
-0.5266588441257273
-0.5038026092634554
-0.5236599345629503
-0.5226491744085071
-0.5055920428710341
-0.5270710430243013
-0.4846583325151786
-0.5153196764816251
-0.4729235544276304
-0.4943809535013085
-0.47736694842804667
-0.4763255697941174
-0.4962245934143987
-0.473348237259581
-0.5167811438491671
-0.4861857533023116
-0.5273800902154486
-0.5074177117923925
-0.5214997536563574
-0.5245883430514493
-0.5019497877207096
-0.5261215818933267
-0.481849382483972
-0.5122490550049263
-0.47243292301363127
-0.49081026005844003
-0.4797343180472437
-0.4746131132995873
-0.4998764340818633
-0.474516233622386
-0.5194452970539395
-0.4893705009118319
-0.5276350769980789
-0.5109261501528602
-0.5189371967926791
-0.5260668812863573
-0.4983047855453392
-0.5247417905620225
-0.47933942794909956
-0.5089612100319573
-0.47241779595424127
-0.4873820584166366
-0.482478695720159
-0.4733740050612862
-0.5034988800021842
-0.4761006946955728
-0.521792004346465
-0.4927499215874821
-0.5274070888722593
-0.5142561922966307
-0.5160255737479049
-0.5270627244796426
-0.4947198575349551
-0.5229601180228316
-0.4771646812970567
-0.5055022857999852
-0.4728910458733385
-0.4841678415932928
-0.4855419506445562
-0.472623642599295
-0.5070320933221669
-0.47807181629075635
-0.5237863939218249
-0.4962756615182378
-0.5266876865828215
-0.5173373716317119
-0.5128271579174276
-0.5275669185531532
-0.49125181687573466
-0.5208076047104921
-0.4753587433868136
-0.5019230984160954
-0.4738560972131262
-0.4812362654555419
-0.48885838603025134
-0.4723648943838937
-0.5104221913037649
-0.48039736357280494
-0.5253960805060416
-0.49989419456955786
-0.525479004008322
-0.5201036131250012
-0.5094103224807168
-0.5275822174857066
-0.4879518075048652
-0.5183176960051735
-0.4739528058068835
-0.4982800848159101
-0.4753047836059505
-0.47865007427089495
-0.492357720162886
-0.4725899205356437
-0.5136205245356071
-0.4830426283080966
-0.5265910995977181
-0.5035460642134302
-0.5237956127786335
-0.5224962265257826
-0.5058464747177542
-0.5271209687324998
-0.48486623841025694
-0.5155264316813785
-0.4729754975782727
-0.49463569850725675
-0.4772158862363651
-0.4764632197228131
-0.49596820810345843
-0.47328245678390246
-0.516582693742641
-0.4859701673156458
-0.5273443546586503
-0.5071659999525375
-0.5216654673496776
-0.5244666245417056
-0.502206923362572
-0.5262027766547712
-0.4820376875139857
-0.5124727297237558
-0.47245209181920733
-0.49105768206756695
-0.4795547917290557
-0.4747183846675185
-0.49961970814843604
-0.4744200976579869
-0.5192678002347669
-0.4891395106405791
-0.5276327775855123
-0.5106842852585535
-0.5191295998327257
-0.5259784530833488
-0.49855999156949404
-0.524852367524534
-0.47950547838120355
-0.5091987084003268
-0.4724029900634796
-0.48761710203628883
-0.48227443791720354
-0.47344531270778917
-0.5032462505409957
-0.4759762003006927
-0.5216380147930195
-0.49250676089906287
-0.5274391586782986
-0.5140292169921274
-0.51624059033272
-0.527008700064522
-0.4949689080644185
-0.5230979850283856
-0.4773060178410975
-0.5057502200471243
-0.47284164130445655
-0.4843855325441571
-0.4853173325774748
-0.4726603294614813
-0.5067875716100868
-0.47792114207721437
-0.5236582813075739
-0.49602389016636983
-0.5267543991399503
-0.5171301364730879
-0.5130601719996236
-0.527547523489398
-0.4914909087426806
-0.5209704997519431
-0.47547308174962105
-0.5021777187577766
-0.4737722097527143
-0.4814319312353545
-0.4886182160576691
-0.4723671338774924
-0.5101893860452276
-0.4802228561077304
-0.5252960457668697
-0.49963776738025145
-0.5255798200473067
-0.5199205596209568
-0.5096563873785258
-0.5275969172164655
-0.48817750891453193
-0.5185031841588768
-0.4740380301945842
-0.4985372226879323
-0.47518740316625846
-0.4788195555353035
-0.49210702815359314
-0.47255856745726077
-0.5134027089429427
-0.4828468158295938
-0.526521166338269
-0.5032893629515728
-0.5239290737332031
-0.5223411832302256
-0.5061005330345016
-0.527168630101252
-0.48507541809076804
-0.5157318862845631
-0.4730296899085089
-0.49489077068899623
-0.4770669472124345
-0.47660306341249503
-0.4957120240660138
-0.47321888166577614
-0.5163828706812069
-0.4857557798590069
-0.5273063153975535
-0.506913785700734
-0.5218291675772314
-0.5243426301631453
-0.5024640246271719
-0.5262818301631448
-0.4822274608902637
-0.5126953121591623
-0.4724736116817942
-0.49130578428363403
-0.4793771547243338
-0.47482599725473745
-0.49936285623586046
-0.47432603462471357
-0.5190887432866732
-0.4889095018574562
-0.5276280883206561
-0.510441561687022
-0.5193202507328029
-0.5258876351596209
-0.4988154766204309
-0.5249609434276673
-0.47967317728709824
-0.5094353411249462
-0.4723906027939641
-0.4878531815185004
-0.48207178367859765
-0.47351904205664497
-0.5029931966505949
-0.4758536319695946
-0.5214822916735412
-0.4922643443445295
-0.527468792612225
-0.5138010318933643
-0.5164541615898202
-0.5269522377751379
-0.49521852084347373
-0.5232340038867086
-0.4774491699736836
-0.5059975380104451
-0.4727946768921727
-0.4846046020286499
-0.48509399375869333
-0.4726994555844651
-0.5065423570275948
-0.47777223519441303
-0.5235282740131844
-0.49577260027045567
-0.5268186815521987
-0.5169213611272301
-0.5132920788823875
-0.52752570130498
-0.4917308174902848
-0.5211317112841144
-0.4755893909908706
-0.5024319999303001
-0.47369072699912546
-0.4816292899277057
-0.4883789771875986
-0.4723717762342299
-0.509955645833884
-0.48004994515451793
-0.5251939669673054
-0.49938152940931063
-0.5256782730907178
-0.519735671183706
-0.5099016993591322
-0.5276092489761828
-0.488404258060808
-0.5186871661618099
-0.47412536847707204
-0.49879432878978675
-0.4750723272466988
-0.47899100137314377
-0.49185691075792753
-0.47252953830906946
-0.5131837375664111
-0.4826524156001044
-0.5264490532657932
-0.5030325291068594
-0.5240603054896263
-0.5221840596174251
-0.5063541932345542
-0.5272140193033247
-0.4852858572873486
-0.5159360262478634
-0.4730861232434757
-0.49514614569332055
-0.4769201455637205
-0.4767450879884252
-0.49545606525006086
-0.47315752053869625
-0.5161816883875936
-0.48554260554127426
-0.5272659797017458
-0.5066610938931777
-0.5219908379977662
-0.5242163704644769
-0.5027210684007268
-0.5263587331240943
-0.48241868941099686
-0.512916787094507
-0.47249747642207607
-0.49155454160115564
-0.4792014253267567
-0.47493594288588936
-0.49910590048134473
-0.47423405436429594
-0.5189081389138811
-0.4886804904463476
-0.5276210140912132
-0.5101980045211357
-0.5195091294611607
-0.5257944333298905
-0.49907121961972317
-0.5250675079613295
-0.47984251243548676
-0.5096710915764266
-0.472380630759389
-0.48809027208072436
-0.4818707545374927
-0.4735951895831861
-0.5027397383287625
-0.47573300043495415
-0.5213248467728873
-0.4920226893907936
-0.5274959923500443
-0.5135716612066984
-0.5166662647350109
-0.526893338966843
-0.4954686769245841
-0.5233681634589872
-0.4775941263320627
-0.5062442212903467
-0.4727501528690771
-0.48482502668674776
-0.4848719579638104
-0.4727410216219186
-0.5062964675412498
-0.4776251071933152
-0.5233963829943297
-0.49552181124625766
-0.5268805315014966
-0.5167110678446927
-0.5135228540649659
-0.5275014495254285
-0.4919715260419831
-0.5212912273236723
-0.47570766056500546
-0.5026859214481075
-0.4736116535000141
-0.4818283206477314
-0.48814069437279844
-0.47237882554517246
-0.5097209869514155
-0.4798786431549481
-0.5250898542133847
-0.4991255022198456
-0.525774356262336
-0.5195489670875129
-0.5101462332952765
-0.5276192072676424
-0.48863203937016336
-0.5188696290878394
-0.4742148110481434
-0.4990513805289768
-0.4749595650975027
-0.4791643943483962
-0.49160739300168416
-0.47250283978757435
-0.5129636253416726
-0.4824594410543887
-0.5263747693918133
-0.5027755861914583
-0.5241892964379189
-0.5220248710840325
-0.5066074306587408
-0.5272571286377179
-0.4854975416509616
-0.5161388376044185
-0.47314478929455533
-0.49540179925609074
-0.47677549518559204
-0.47688928025553246
-0.49520035570681636
-0.4730983819323626
-0.515979160659981
-0.48533065888975163
-0.5272233549789788
-0.50640794933021
-0.5221504625600373
-0.5240878563259954
-0.5029780314419682
-0.5264334763283531
-0.4826113598025117
-0.5131371394017389
-0.47252367969570047
-0.4918039289337076
-0.47902762156789785
-0.47504821305145917
-0.49884886316591687
-0.4741441666474442
-0.518725999888962
-0.4884524921930491
-0.5276115599789214
-0.5099536388636673
-0.5196962162165594
-0.5256988537379464
-0.4993271993371655
-0.5251720508774999
-0.48001347153025553
-0.509905943235451
-0.47237307034947007
-0.4883283488811583
-0.4816713718310187
-0.47367375144666085
-0.5024858957249411
-0.4756143163717898
-0.5211656919375424
-0.49178181338166316
-0.5275207598209929
-0.5133411292368506
-0.5168768771440825
-0.5268320052915277
-0.4957193572150265
-0.5235004526630163
-0.477740875494695
-0.5064902516228605
-0.47270806918799946
-0.4850467830221606
-0.48465124884600436
-0.47278502795558197
-0.5060499212514964
-0.4774797695665535
-0.5232626192641248
-0.495271542363224
-0.5269399469724374
-0.5164992790483358
-0.5137524731315796
-0.5274747659204018
-0.49221301720107025
-0.5214490359490326
-0.4758278798674227
-0.5029394629773324
-0.4735349934822542
-0.48202900230239926
-0.4879033925196947
-0.4723882856861738
-0.5094854257866341
-0.4797089624848774
-0.524983717676803
-0.4988697072259558
-0.5258680630175782
-0.5193604668485292
-0.5103899640667128
-0.5276267867790919
-0.48886083717307455
-0.5190505600800219
-0.4743063482256162
-0.49930835545171004
-0.47484912563431425
-0.47933971675282616
-0.4913584999419907
-0.4724784784323623
-0.5127423872913429
-0.48226790555420984
-0.5262983238192266
-0.5025185575976788
-0.5243160352972327
-0.5218636333256794
-0.5068602205807524
-0.5272979505346835
-0.48571045675153257
-0.5163403064640542
-0.47320567966139493
-0.49565770720615676
-0.47663300965817973
-0.4770356266998381
-0.4949449195868267
-0.47304147426889903
-0.5157753013732311
-0.4851199543509286
-0.5271784487722649
-0.5061543767519728
-0.5223080255066365
-0.5239570989591739
-0.5032348903848185
-0.5265060506549634
-0.4828054587179791
-0.5133563540404622
-0.4725522149961236
-0.4920539212186983
-0.4788557612122422
-0.4751627989063492
-0.49859176671291233
-0.4740563811712467
-0.5185423390540117
-0.48822552278660597
-0.5275997312562299
-0.5097084898320279
-0.5198814914333983
-0.5256009028584236
-0.4995833943914915
-0.5252745619921024
-0.4801860422092814
-0.5101398796912489
-0.47236791773371123
-0.4885673870244455
-0.48147365669449305
-0.47375472348784037
-0.5022316891400634
-0.47549759039660483
-0.5210048390753114
-0.49154173353826386
-0.5275430972032821
-0.5131094603798566
-0.5170859763593958
-0.5267682387007075
-0.49597054247738737
-0.5236308604745417
-0.4778894059819345
-0.5067356108806729
-0.47266842552475513
-0.4852698474099644
-0.48443188992778563
-0.4728314746913991
-0.5058027363920343
-0.4773362337468667
-0.523126993892163
-0.4950218127433987
-0.5269969262505358
-0.5162860173268335
-0.5139809117589292
-0.527445648507751
-0.49245527365097685
-0.5216051253017894
-0.4759500382357821
-0.503192604337576
-0.47346075085347955
-0.48223131359790883
-0.48766709648084344
-0.47240016031481463
-0.5092489788347009
-0.47954091545388966
-0.5248755675912041
-0.49861416568875505
-0.5259593871428305
-0.5191701902174779
-0.5106328665680161
-0.5276319823879991
-0.48909063570528666
-0.5192299463516281
-0.4743999702548741
-0.4995652312476362
-0.47474101743763736
-0.47951695061181965
-0.49111025665979463
-0.4724564606224222
-0.5125200385241215
-0.4820778223883364
-0.5262197257383611
-0.5022614665926152
-0.5244405111171393
-0.5217003623304814
-0.5071125382133872
-0.5273364775568777
-0.48592458808003164
-0.5165404190125528
-0.47326878583775805
-0.4959138454718041
-0.47649270224436796
-0.4771841134935054
-0.4946897811341011
-0.4729868058611687
-0.5155701244770136
-0.4849105062905489
-0.5271312687544938
-0.5059004008314668
-0.5224635113773224
-0.5238241099038358
-0.5034916217426293
-0.5265764470724831
-0.48300097273871234
-0.5135744160566182
-0.4725830756602233
-0.49230449342332944
-0.4786858617542093
-0.4752796912718114
-0.4983346336854105
-0.4739707075584521
-0.5183571693202664
-0.48799959782083424
-0.5275855333809687
-0.5094625825523489
-0.5200649357853422
-0.5255005874966442
-0.49983978325100686
-0.5253750311845531
-0.48036021204518353
-0.5103728846393153
-0.4723651688667704
-0.4888073615672467
-0.48127763005776425
-0.47383810122749037
-0.5019771390276262
-0.4753828330677411
-0.5208423001565883
-0.49130246696301416
-0.5275630069198154
-0.5128766791191623
-0.5172935400927494
-0.5267020414476589
-0.496222213326712
-0.5237593759249575
-0.47803970625532
-0.5069802810681794
-0.47263122128384977
-0.48549419609972333
-0.48421390459964303
-0.472880361657049
-0.5055549313341938
-0.47719451111060796
-0.5229895180051284
-0.49477264136618654
-0.5270514679169302
-0.5160713054314109
-0.5142081457179941
-0.5274140955568788
-0.4926982779501082
-0.5217594835827
-0.4760741249495082
-0.5034453254974127
-0.47338892920629433
-0.48243523304152974
-0.4874318310533873
-0.47241445286558736
-0.509011662702558
-0.47937451430812394
-0.5247654142539286
-0.49835889872029315
-0.5260483227528513
-0.518978157178204
-0.5108749157104033
-0.5276347891645827
-0.48932141910301913
-0.5194077751828825
-0.474495667309048
-0.4998219857478061
-0.47463524875456603
-0.47969607768664
-0.4908626882582131
-0.47243679257320803
-0.5122965942383425
-0.48188920477491354
-0.5261389844255804
-0.502004336318571
-0.5245627132774952
-0.5215350743791212
-0.5073643587105683
-0.5273727024047702
-0.48613992104407433
-0.5167391615102058
-0.47333409921177566
-0.49617019008166174
-0.47635458588789836
-0.4773347264946732
-0.49443496468456105
-0.4729343849091003
-0.5153636439990581
-0.4847023289960213