0.06283185307179587
0.06283185307179587
0.032225643301263984
-0.012527304853540401
-0.05196776488608657
-0.06715523469063497
-0.049019605369308994
-0.008248112145000902
0.03600870092757928
0.06430182252061435
0.06107770629937661
0.028317809794505253
-0.016760385466886525
-0.05469563958626983
-0.0668427105891063
-0.04586692156220619
-0.003938716968661701
0.03965030739096175
0.06547818063408953
0.059050376988350126
0.02430178794434191
-0.020931323632799474
-0.05718808440954809
-0.06621977360813153
-0.04252591678997386
0.0003850561588099946
0.04313376515178802
0.06635322819678503
0.05676222927487742
0.020194034612797056
-0.025023943468785843
-0.05943075783416069
-0.06529060233249047
-0.039013083701208026
0.004707424947512563
0.04644244338987731
0.06692114956624735
0.05422679586689684
0.016010854077900566
-0.029021912802220953
-0.061410320333502334
-0.06406135727049105
-0.035345072560579185
0.009012602934106967
0.04955989067759606
0.06717812910777053
0.05145857563716885
0.011768395082767502
-0.03290874932420557
-0.0631146370312671
-0.06254005819323309
-0.03153858277345478
0.013284753426667309
0.05246997070002325
0.06712242949429172
0.0484728365944295
0.007482664317193279
-0.036667846104089075
-0.06453297739550717
-0.06073643031513489
-0.02761027812857831
0.0175079476451947
0.055157019369472794
0.06675442786030958
0.045285430221225054
0.003169553393826366
-0.040282518438854616
-0.06565620415302978
-0.05866172658642541
-0.023576725412698188
0.02166613078050407
0.05760602054783378
0.06607660792691562
0.04191262198210598
-0.0011551239770929353
-0.043736073474131165
-0.0664769433778344
-0.05632853401956391
-0.019454355351857418
0.025743099462339825
0.05980279637025565
0.06509350850971721
0.03837094156850737
-0.005475588198542762
-0.047011903406981026
-0.06698972799867067
-0.05375057207057291
-0.015259444242437789
0.02972249381225263
0.061734206932982774
0.06381163107950133
0.034677055250299724
-0.00977604716415311
-0.05009360233652707
-0.06719110782297831
-0.05094249070306601
-0.011008114123003017
0.03358780687807257
0.06338835296895565
0.06223931106897889
0.030847661613165628
-0.014040650670458094
-0.052965105944919925
-0.06707972056947573
-0.04791967497739169
-0.0067163488843593605
0.03732241381671101
0.06475477420761835
0.06038655924240333
0.0268994110092202
-0.018253449700143337
-0.05561085216276888
-0.06665632025649956
-0.04469806195127221
-0.002400023311850505
0.0409096227091303
0.06582463552526005
0.05826488055612606
0.02284884824117942
-0.02239836426479422
-0.058015959819843324
-0.06592376146521377
-0.04129397447614194
0.0019250582931160248
0.04433274834003123
0.06659089285158948
0.055887078489014835
0.01871237732242214
-0.02645916324734155
-0.06016642105363256
-0.06488694030007253
-0.037723975237269974
0.006243117538774844
0.04757520962930777
0.06704843118798273
0.05326705282728044
0.014506246579800978
-0.03041945935646434
-0.062049302025771226
-0.06355269509911267
-0.03400474320436456
0.010538355220983057
0.05062065063466566
0.0671941680448354
0.05041959841704914
0.010246551865638422
-0.034262721916822315
-0.06365294538574728
-0.06192967190971971
-0.03015297359170433
0.014794906324760805
0.05345308413521691
0.06702711709024055
0.04736021155526411
0.005949255200839117
-0.037972309780015416
-0.06496716704511013
-0.060028161284224155
-0.026185301501162064
0.018996800567437834
0.05605705575296272
0.06654840872547099
0.04410490959850197
0.0016302157768475767
-0.0415315261476131
-0.06598343930773849
-0.05785991396282278
-0.02211824863895861
0.02312793213450238
0.05841782539786425
0.06576126651262196
0.04067006815342196
-0.0026947700912215433
-0.044923696531607965
-0.06669505235080066
-0.05543794346229589
-0.017968191839377007
0.0271720419951701
0.06052156158825998
0.0646709406850604
0.03707227898050211
-0.007009923726075756
-0.04813227041235261
-0.0670972465401879
-0.05277632350341702
-0.013751351568409377
0.031112715844769934
0.06235554298734778
0.06328460216742042
0.033328230578158605
-0.01129943738978182
-0.05114094636216133
-0.06718730911507827
-0.04988998766412716
-0.009483798090901996
0.03493340032328962
0.06390836041837046
0.061611202429496206
0.02945461237075364
-0.015547429995901009
-0.053933819467090194
-0.06696463034785519
-0.04679453774935122
-0.005181472549197402
0.038617439711451054
0.0651701117999052
0.05966130594912489
0.02546804252439252
-0.019737909028505522
-0.05649554880276633
-0.06643071627242306
-0.04350606624633186
-0.0008602198165533551
0.04214813480088993
0.06613258200093093
0.05744690297300674
0.021385018655864937
-0.023854742278671306
-0.058811541532792284
-0.06558915731557333
-0.04004099700826331
0.003464170334563463
0.045508825053454
0.06678939965649142
0.05498121061634066
0.017221890061926058
-0.0278816427298915
-0.0608681489613165
-0.06444555446680726
-0.03641594708366751
0.007775917451298513
0.048682994478648906
0.067136163574043
0.05227847016784912
0.012994849550228178
-0.03180216957253877
-0.06265286867537603
-0.0630074067779516
-0.03264761146292164
0.012059203848489297
0.0516544008415903
0.06717053250904208
0.04935374784985701
0.008719942474265552
-0.035599747920636304
-0.06415454587101488
-0.06128396581130864
-0.028752671494533158
0.01629813115200602
0.05440722685213581
0.06689227374330489
0.04622274533744858
0.004413090147974863
-0.03925770934701485
-0.06536356619483868
-0.05928606401498297
-0.024747726850115503
0.020476683708314944
0.05692625088643853
0.06630326794491465
0.042901625191611614
9.01244407473939e-05
-0.04275935483625049
-0.0662720320701969
-0.057025924817816154
-0.020649250181771037
0.024578702427387238
0.059197033590624074
0.06540747005552189
0.03940685512830995
-0.0042331699567099285
-0.04608804115674346
-0.06687391461250924
-0.054516962490411686
-0.016473562995959555
0.028587872332549294
0.061206115479253226
0.06421082824056219
0.03575507382930831
-0.008541009330602076
-0.049227290945765556
-0.06716517392802329
-0.051773579558395746
-0.01223683073559366
0.03248772672870381
0.0629412194639261
0.06272116504779301
0.031962979874581396
-0.012817564661508817
-0.052160925959357715
-0.06714384183467623
-0.0488109688697234
-0.007955074593138468
0.036261670484542305
0.0643914512462571
0.06094802667230647
0.028047244382660076
-0.017046919118732164
-0.05487322195147363
-0.0668100627784084
-0.04564492642676687
-0.0036441971596085296
0.03989302445768217
0.06554748980987335
0.05890250749273071
0.024024447097348196
-0.02121303307369555
-0.0573490825256626
-0.06616609081654748
-0.04229167992152252
0.0006799813502783372
0.04336509256238122
0.06640175996602886
0.05659705775664114
0.019911034946546655
-0.025299720153197855
-0.059574228088971275
-0.06521624282602732
-0.03876773667564114
0.00500167985332256
0.04666125236405861
0.06694857913877064
0.05404528245084818
0.015723301496900217
-0.029290637546110353
-0.06153539480363395
-0.06396681036631799
-0.035089753482424615
0.00930510989796969
0.04976506935495121
0.06718427136588773
0.051261739048770724
0.011477385208416332
-0.03316929340457954
-0.06322053727721694
-0.062425934685089404
-0.03127442974332069
0.0135744297737301
0.05266043419763851
0.06710724283013775
0.048261741079108474
0.007189283933828158
-0.036919073756143526
-0.06461902777524786
-0.06060345102860777
-0.02733842432369913
0.017793703075413385
0.05533172121024098
0.06671801504556599
0.04506117342753781
0.002874882698500371
-0.04052329086659842
-0.0657218441073375
-0.05851070958994396
-0.02329829573014651
0.021946865432174167
0.057763965225625984
0.06601921396940355
0.04167632409121415
-0.0014500085572264829
-0.04396525445080991
-0.06652173814311209
-0.05616038104084578
-0.01917046452056282
0.026017702873129538
0.059943052733554936
0.06501551560877655
0.038123735868639874
-0.0057696108739354116
-0.047228366494924956
-0.06701337724317827
-0.05356625465613323
-0.014971196273009683
0.02998984498107804
0.06185592198670861
0.06371355093959567
0.03442008027660889
-0.010068129597948297
-0.05029623970041069
-0.06719345178083465
-0.05074303661600883
-0.010716602931741648
0.03384677560339909
0.06349076562283229
0.06212177495595757
0.030582054903871246
-0.014329709004887399
-0.053152838666834096
-0.06706074335996672
-0.04770615526387034
-0.006422659898746262
0.037571863455721055
0.06483722844711692
0.060250306259794925
0.026626304469391827
-0.018538392051649456
-0.055782641892445896
-0.06661615021615598
-0.04447157902731459
-0.002105235839211822
0.04114841446703246
0.06588659245614685
0.058110744674358616
0.02256936505544569
-0.022678088931343945
-0.058170821511265125
-0.06586266847526573
-0.04105565150218497
0.0022198681732984657
0.044559747158095395
0.06663194107817487
0.05571597487764656
0.018427630315732295
-0.02673255785131675
-0.06030343645463759
-0.06480533024858036
-0.03747494696462325
0.0065368738138549265
0.0477892916920439
0.06706829503219097
0.05307996402231346
0.014217337889138912
-0.030685401121782037
-0.06216763350667351
-0.0634511017614365
-0.03374614840093298
0.010829978778628083
0.050820712459194055
0.06719271319824083
0.050217560808402395
0.009954573753650851
-0.03452007925057593
-0.06375184962436323
-0.06180874665086326
-0.029885949086528536
0.015083312044270457
0.05363805313851896
0.06700435340985016
0.047144302611549685
0.005655291813840918
-0.0382199452971444
-0.06504600803755188
-0.0598886610731332
-0.025910977829555856
0.019280894924350173
0.05622590211614747
0.06650449002759873
0.04387623616597888
0.0013353456247634024
-0.04176830124109
-0.06604170015497174
-0.05770268823735741
-0.021837747221503508
0.023406611558780356
0.058569574963636545
0.06569648737565169
0.040429756081412305
-0.0029894711757181697
-0.04514847754875603
-0.0667323452865991
-0.05526392039418399
-0.01768262358707034
0.027444192202255906
0.06065530944334919
0.06458573042738305
0.036821464243233806
-0.007303379406202702
-0.0483439364482101
-0.06711332072002812
-0.05258649618880092
-0.0134618167709036
0.03137721233335567
0.062470467302572566
0.06317951630764487
0.03306805198758223
-0.01159056768488468
-0.051338398621680784
-0.0671820557769787
-0.049685400713970575
-0.009191387413480197
0.03518911020469871
0.06400373605343153
0.06148691205050616
0.029186205908877785
-0.015835148445809723
-0.05411599207885228
-0.06693808507998283
-0.046576274683219246
-0.00488726893623178
0.03886322500307305
0.06524532313650722
0.0595185854675557
0.025192537267641618
-0.020021120415254307
-0.05666142088893082
-0.06638305826910912
-0.043275238011462866
-0.0005653010750159282
0.042382857279186906
0.06618713445431397
0.05728661685746836