1.3389830508474576
1.3389830508474576
1.2310461511452009
1.2852791915698996
1.3857334503455858
1.2586111292616415
1.258333508017452
1.3854971897474564
1.285639578699444
1.2307938553893467
1.3382614772769459
1.3397185796294862
1.2313234132379833
1.2849704728016478
1.385971482279643
1.2588906745201218
1.2581332428030854
1.385327421214261
1.285952998852237
1.2306338524175289
1.3377498220956292
1.3402692239378096
1.2315490791009958
1.2847955253869634
1.3861494500376974
1.25909651308438
1.258064791335214
1.3852733981181315
1.2861321380296955
1.2306068559787555
1.3375871671103476
1.340487168894341
1.2316597801593265
1.2847992269952835
1.3862225986409118
1.2591733448418632
1.2581467990067092
1.3853523738886193
1.286127113173477
1.2307187957919952
1.3378179675267932
1.3403139250859433
1.2316246083130715
1.2849797006049575
1.386171815722896
1.2591006201103714
1.2583570427600732
1.3855423682467833
1.2859402578501198
1.2309407615220394
1.3383799942117993
1.339795206974364
1.2314542143634244
1.2852896882424958
1.3860079908768217
1.2588977164917923
1.2586383283258695
1.3857885943891675
1.2856245056340971
1.2312152076538772
1.3391204618156445
1.3390701719073739
1.2311969636082476
1.2856476228633311
1.3857720361899157
1.2586191173563301
1.2589141365420815
1.3860215774584592
1.2852668024158416
1.2314687830891138
1.3398375989133746
1.3383354955747186
1.2309237986585728
1.285957318261172
1.38552741698083
1.2583402588342254
1.2591098229810214
1.3861789139048803
1.2849631165104294
1.2316314151885985
1.3403369827305895
1.3377913824658059
1.230707563505761
1.2861333456494963
1.38534332435297
1.2581370114741868
1.259172871890287
1.3862215386655574
1.2847932774024322
1.2316568556723917
1.3404847579158252
1.3375856953899148
1.2306042364097558
1.286125727568014
1.3852728483763093
1.2580646582010075
1.2590864930682346
1.3861405962697317
1.284801796604538
1.2315372117687342
1.3402420193166558
1.3377738344667882
1.230640560180701
1.2859357015439812
1.3853354313014241
1.2581427957867881
1.2588737898536455
1.3859570588648484
1.2849874057184756
1.2313059423017152
1.3396738638040833
1.3383044436906537
1.2308082404394771
1.285616231798869
1.3855113562842278
1.2583501494059346
1.2585919330728628
1.3857171238864467
1.285302359022668
1.2310279553393704
1.3389328699951348
1.3390332931192939
1.2310644586055026
1.2852562540701058
1.3857497831938128
1.2586303338345468
1.2583172092742172
1.385483316624446
1.2856627181786235
1.2307798798420961
1.338219440690022
1.3397624761051623
1.2313406559550009
1.2849541328024725
1.3859856392984393
1.2589072325553627
1.2581242736746845
1.3853199240496668
1.2859697009524518
1.2306277332046092
1.3377273555042448
1.3402949553545955
1.2315604366712833
1.2847900446977654
1.3861578407435058
1.2591059618031932
1.2580655908899763
1.3852745382905942
1.2861377318167286
1.2306100896624912
1.337590381440318
1.3404878481096008
1.2316620577151176
1.2848059584325306
1.3862231112781016
1.2591731556720855
1.2581571546102328
1.3853619163210606
1.2861200747841086
1.2307305148877674
1.337846019977463
1.340289337375059
1.2316172020615943
1.2849968579996334
1.3861642171342987
1.2590908407390886
1.2583741413917076
1.385557568351231
1.285922626928226
1.2309579575470009
1.3384252835343673
1.3397519004603968
1.2314392613196103
1.2853127871433019
1.3859940835024802
1.258880960965135
1.2586575148623909
1.38580509241869
1.285601203607562
1.231233360286816
1.3391706479376178
1.3390198388998589
1.231178650121156
1.2856705274297495
1.3857554381473272
1.2585999050784025
1.2589302015221586
1.386034827744476
1.2852441564960404
1.2314829493367505
1.3398790256469615
1.3382918413450187
1.2309070886005204
1.2859737869671297
1.385512733683863
1.258323809863197
1.2591184384837433
1.3861855044014388
1.2849471248341242
1.2316376139222147
1.340358483214297
1.3377662966557733
1.2306968307127328
1.2861387641209734
1.3853347792785442
1.2581278037806851
1.2591717373867983
1.3862199329980902
1.284788116665557
1.2316532877434752
1.3404806181711877
1.3375859679086544
1.2306022341218223
1.2861185082146047
1.385272889291532
1.258065191625306
1.2590759136142688
1.3861312892086632
1.2848088515085454
1.231524849506754
1.3402133736819724
1.3377993637106287
1.230647849270393
1.2859178305158574
1.3853439435706731
1.2581529211233526
1.2588565987143445
1.3859423851897374
1.285004912018067
1.231288264820802
1.339628381955757
1.3383482881897502
1.2308230184249895
1.285592706147443
1.3855257984955038
1.2583671133898506
1.2585727683506642
1.3857008230883732
1.2853257286939357
1.2310098931094102
1.3388828108727402
1.3390835364472602
1.2310828556073872
1.2852335739224705
1.3857661032291537
1.2586495237063677
1.2583012728130307
1.3854697543599965
1.285685621782918
1.2307663298343945
1.338178384550129
1.3398055009142282
1.2313576490362586
1.2849384045211507
1.3859995141250219
1.25892344420271
1.2581158992012544
1.3853129499179113
1.2859857870957228
1.2306222090886758
1.337706461743357
1.340319183125395
1.231571270289679
1.2847853604689967
1.3861657591102903
1.2591148280462205
1.2580670559266582
1.385276267886117
1.2861425021792148
1.2306139336246087
1.3375953346621727
1.3404867945964387
1.2316636856716303
1.2848134638228277
1.3862230755041516
1.2591723045909764
1.2581680658295498
1.3853719394310735
1.2861122395699935
1.230742707552118
1.3378755061764045
1.340263248524985
1.2316092059441859
1.2850145689058283
1.3861561260041406
1.259080496422347
1.2583915340991803
1.385572997876361
1.2859044473539707
1.2309753667707912
1.338471308851657
1.3397077311420946
1.2314239425591085
1.2853360719917382
1.3859798712941698
1.2588638899702715
1.2586766538798848
1.3858215101051965
1.2855777448173733
1.2312513995908732
1.3392206697350766
1.338969523553081
1.231160289191478
1.2856931916701766
1.3857388207139505
1.2585807146268297
1.2589458922754362
1.3860477267024547
1.2852217769926217
1.2314966954129163
1.3399194377443637
1.338249084209613
1.2308906506528439
1.2859896434667228
1.3854983371703145
1.2583077156902251
1.2591264564509457
1.3861915805224854
1.2849317440044823
1.2316431965047736
1.340378401303134
1.3377427401411488
1.2306866095284625
1.2861433615066153
1.3853267495580748
1.2581191869931867
1.2591699426796745
1.386217783853955
1.28478375090883
1.2316490806787679
1.3404747546855584
1.3375879842068754
1.2306008516073947
1.2861104887758283
1.3852735203108602
1.2580663909453378
1.2590647872499883
1.3861215391084087
1.2848166823519553
1.231512007769647
1.3401833209387235
1.3378263790974316
1.2306557117899812
1.28589940796616
1.3853529466692687
1.2581636066211659
1.2588391216386163
1.3859274777156514
1.2850229714503394
1.2312704026984023
1.3395821883586916
1.338392957974691
1.2308381722640485
1.285569030594991
1.3855404983724007
1.258384379530803
1.2585536581464143
1.3856845672714235
1.2853492725470674
1.2309919861578753
1.338832933663478
1.3391337204892173
1.2311013198743497
1.2852111781584659
1.3857823913411058
1.2586686758174372
1.258285717833795
1.3854565200797342
1.2857082613135369
1.230753220856476
1.338138358294874
1.3398476028107746
1.2313743713525838
1.2849233060047018
1.3860130913159132
1.2589392901304541
1.2581081294669358
1.3853065082819118
1.2860012373005398
1.2306172859360096
1.337687165975775
1.340341878590909
1.2315815664276846
1.2847814777188922
1.3861731963604085
1.2591231013283368
1.258069184706887
1.3852785851153535
1.2861464434083936
1.2306183833630095
1.3376020209738695
1.340484009423579
1.2316646621846332
1.2848217344034558
1.3862224908225977
1.259170792587835
1.258179519536965
1.3853824303626465
1.286103617603332
1.2307553599981564
1.337906390740965
1.3402356892645404
1.2316006302011735
1.2850328128841828
1.3861475507806067
1.259069599390577
1.258409199897037
1.3855886371461268
1.2858857416205858
1.2309929689328638
1.3385180145715927
1.3396627518689241
1.231408277099353
1.285359515397401
1.3859653706508275
1.2588465239061268
1.2586957223594089
1.3858378274549072
1.2855541574311105
1.2312693037325169
1.339270466894342
1.3389192866237556
1.2311419028185502
1.2857155881580367
1.3857222044409725
1.2585615691178649
1.258961190104954
1.3860602597842764
1.2851996900631064
1.2315100041151983
1.3399587870324148
1.3382072757556993
1.23087450376193
1.2860048679796998
1.3854842459101655
1.2582919957283725
1.2591338674257853
1.3861971361685714
1.2849169917419248
1.2316481556956889
1.340396713650247
1.3377207411150764
1.2306769114900669
1.2861471317461926
1.3853192453967889
1.2581111714646254
1.259167489894573
1.3862150940140574
1.284780185362127
1.2316442395963465
1.3404671745059944
1.3375917417366077
1.2306000906815782
1.28610167907041
1.3852747401050804
1.2580682546985058
1.2590531271570011
1.3861113567000871
1.284825280488379
1.2314987026134043
1.3401518966688066
1.3378548481108938
1.2306641391747697
1.2858804567731243
1.3853624286509845
1.2581748394139114
1.2588213795164886
1.3859123532152016
1.2850415630705685
1.2312523780363946
1.339535338170379
1.338438399252343
1.2308536843779025
1.2855452341327276
1.3855554376613404
1.2584019270268016
1.2585346254520349
1.3856683757813464
1.2853729622771255
1.2309742559416388
1.3387832983490602
1.3391837849984587
1.2311198289946552
1.2851890934101258
1.3857986285316706
1.258687767161912
1.2582705630761706
1.385443630565525
1.2857306088639042
1.2307405678374044
1.3380994101192545
1.3398887316794628
1.2313908020910644
1.2849088545294536
1.3860263557931536
1.2589547514544692
1.2581009738284408
1.3853006079409549
1.2860160323798593
1.230612968929628
1.3376694914470955
1.3403630149052492
1.2315913122363606
1.284778400548818
1.3861801442222068
1.2591307718692153
1.258071974694432
1.3852814874078623
1.2861495508432776
1.2306234337145583
1.3376104324949663
1.3404794956934662
1.2316649862355373
1.2848307605494884
1.3862213573166486
1.259168621430222
1.258191501947843
1.3853933756420413
1.2860942199248107
1.230768457904986
1.3379386365883679
1.3402066920915572
1.2315914857884454
1.285051568865149
1.38613850049125
1.2590581625360493
1.2584271174701824
1.3856044662555742
1.2858665328259242
1.2310107434962447
1.3385653442695828
1.339617016506303
1.2313922843478193
1.285383089736398
1.3859505983950742
1.258828883538296
1.2587146973773191
1.3858540246792532
1.2855304697162317
1.2312870509885518
1.3393199794013342
1.3388691887892585
1.2311235129753175
1.2857376897374393
1.3857056099502807
1.2585424916207302
1.258976076795001
1.3860724129389184
1.2851779214848795
1.2315228587559879
1.3399970266513104
1.3381664664078756
1.230858666496722
1.286019441473923
1.3854704780011045
1.2582766689368323
1.2591406626723145
1.3862021658321622
1.284902885041335
1.2316524850335606
1.340413398819774
1.3377003258874152
1.2306677475465164
1.2861500698102393
1.3853122762978374
1.258103766821847
1.2591643819322276
1.3862118668205827
1.2847774243549859
1.2316387704199032
1.3404578866933008
1.3375972358650652
1.2305999524791755
1.2860920899169288
1.385276546573021
1.2580707806242288
1.2590409471563775
1.386100753184069
1.284834636378695
1.2314849506736563
1.3401191380919768
1.3378847364862612
1.2306731221974934
1.2858610004638849
1.3853723769955821
1.258186605975827
1.2588033935668086
1.3858970287573789
1.2850606652608736
1.2312342131054024
1.3394878873663507
1.3384845573017476
1.2308695367091353
1.2855213458554382
1.385570597888954
1.258419734737683
1.2585156931717467
1.3856522679668286
1.2853967693452866
1.2309567236457053
1.338733964635754
1.339233669897507
1.2311383604500954
1.2851673458791595
1.385814795935845
1.258706774815887
1.258255826796867
1.3854311022311203
1.285752636856859
1.2307283851312345
1.3380615869174093
1.3399288385934323
1.2314069207835308
1.2848950665845493
1.386039292856545
1.2589698097601993
1.2580944409040153
1.3852952570153199
1.2860301539670378
1.2306092625670775
1.3376534594586524
1.3403825670650056
1.2316004955634907
1.284776132141079
1.3861865949365226
1.2591378306039924
1.2580754225580129
1.385284971414047
1.2861518208757983
1.2306290788602139
1.3376205592749713
1.3404732585399968
1.231664657632001
1.284840531783724
1.3862196756520628
1.2591657936621194
1.2582039986370093
1.385404761197903
1.2860840585272078
1.2307819864302292
1.3379722049790777
1.3401762912378963
1.231581784361724
1.2850708151703076
1.386128984738523
1.2590461993986393
1.2584452652002343
1.3856204651004085
1.285846844641668
1.2310286696696486
1.3386132407586702
1.3395705798710116
1.2313759840756269
1.28540676718234
1.385935571755741
1.2588109899743576
1.2587335561334185
1.385870082219996
1.2855067100060609
1.231304619774002
1.339369147616356
1.338819290571357
1.2311051415817182
1.2857594695573127
1.3856890579060113
1.2585235051290058
1.258990534632201
1.386084172624449
1.2851564966275326
1.231535243185771
1.340034111108812
1.338126705366579
1.2308431570303766
1.2860333456917483
1.3854570511410866
1.2582617537977192
1.2591468341849155
1.3862066645984548
1.2848894401551465
1.23165617884583
1.3404284373088429
1.337681518854784
1.2306591280493249
1.286152171708455
1.3853058510488103
1.2580969819543495
1.2591606224653527
1.3862081061726084
1.2847754713112547
1.2316326798713673
1.3404469023118586
1.337604459880353
1.230600437452111
1.2860817331198686
1.385278936847038
1.2580739656666708
1.2590282616932036
1.386089740221663
1.284844739598596
1.2314707691430438
1.3400850840247247
1.3379160082506767
1.230682650974567
1.2858410631825121
1.3853827786290032
1.2581988921378027
1.258785185311912
1.3858815216920755
1.2850802557527408
1.2312159303146548
1.339439892673563
1.3385313765412372
1.2308857107408218
1.2854973949236908
1.3855859603869891
1.2584377812110088
1.2584968840938906
1.3856362631563512
1.2854206650138709
1.2309394101576512
1.3386849918806842
1.3392833153516017
1.2311568916451394
1.2851459613068648
1.3858308748416235
1.258725675965387
1.2582415267475693
1.385418951098064
1.2857743180815546
1.2307166865040744
1.3380249342261359
1.3399678758705327
1.2314227073345834
1.2848819578564838
1.3860518881953934
1.258984447123996
1.2580885385633067
1.3852904629318676
1.286043584540586
1.230606170658854
1.3376390893428192
1.340400511936208
1.2316091049697235
1.2847746747576079
1.3861925412629095
1.2591442691930905
1.2580795241750415
1.3852890330083745
1.2861532509544344
1.2306353123305849
1.3376323893040583
1.3404653051241275
1.2316636770073872
1.2848510367873742
1.3862174470797128
1.2591623126012566
1.2582169945559478
1.3854165723823393
1.28607314633777
1.2307959302231126
1.3380070555622594
1.340144522632352
1.2315715382599124
1.2850905295343704
1.386119013694609
1.2590337241508303
1.2584636211922462
1.3856366134066658
1.2858267012820068
1.231046726430141
1.3386616461606828
1.3395234976652108
1.2313593963908058
1.2854305197377127
1.3859203083495186
1.2587928646387205
1.2587522759788041
1.3858859807735657
1.285482906666025
1.2313219886699578
1.3394179123479975
1.338769652260317
1.2310868104784938
1.2857809011052774
1.38567256898579
1.2585046325321676
1.2590045464258308
1.3860955258190588
1.2851354404259434
1.2315471418156614
1.3400699963322813
1.3380880405484876
1.2308279931226664
1.2860465631754159
1.3854439826015488
1.2582472682935824
1.2591523746968774
1.3862106281456616
1.2848766725772514
1.2316592322573263
1.3404418115672985
1.3376643424730386
1.2306510627437788
1.2861534344966548
1.385299977709495
1.2580908250039655
1.2591562159347318
1.3862038165215054
1.2847743287445472
1.2316259754624348
1.3404342344174218
1.3376134049994985
1.2306015453673107
1.2860706214542867
1.3852819072996827
1.258077805978381
1.2590150858204052
1.3860783299264745
1.2848555788470368
1.2314561757478226
1.3400497748372946
1.3379486257655602
1.2306927149730558
1.2858206696572805
1.3853936199441765
1.2582116831042347
1.258766776551869
1.3858658496340688
1.2851003116504829
1.231197552181787
1.3393914115026706
1.3385788005966455
1.230902187516514
1.2854734105261993
1.385601506317118
1.2584560447083533
1.2584782208628946
1.3856203806347058
1.2854446203818788
1.230922336042746
1.3386364390185739
1.3393326618416834
1.2311753999363872
1.2851249649448808
1.385846846709462
1.2587444479341545
1.2582276801534913
1.3854071927718792
1.2857956257299858
1.2307054851219825
1.337989496170119
1.3400057971279047
1.2314381420491325
1.2848695432145822
1.3860641278997916
1.2589986461338212
1.258083273918067
1.3852862324105661
1.286056307447763
1.2306036963273435
1.3376263984404695
1.3404168282793696
1.231617129743741
1.2847740297394386
1.3861979764856596
1.2591500800312727
1.258084274636247
1.38529366729383
1.2861538395864107
1.2306421270118781
1.3376459085260333
1.3404556446274827
1.2316620458191316
1.2848622634114697
1.3862146734378604
1.2591581823356526
1.258230474050779
1.3854287939929284
1.2860614971994269
1.2308102734381452
1.3380431464233162
1.340111423861457
1.2315607604875467
1.2851106891278887
1.3861085980955297
1.259020751581958
1.2584821633017993
1.385652890760455
1.2858061274718144
1.2310648925463814
1.338710501978406
1.339475826409056
1.2313425417112611
1.2854543192657175
1.3859048261617082
1.2587745292469814
1.2587708344434765
1.3859017013146722
1.2854590880600871
1.2313391364514457
1.3394662149263232
1.3387203338392526
1.2310685414013758
1.2858019582413547
1.385656163851638
1.258485896587217
1.2590180955274632
1.3861064600312287
1.2851147773539688
1.2315585396392401
1.340104639718779
1.3380505185286538
1.230813192102997
1.2860590772914848
1.3854312892012315
1.2582332298855625
1.2591572776881277
1.3862140527447897
1.2848645970276693
1.2316616411976957
1.3404535060152005
1.3376488172321255
1.2306435607606607
1.286153856282235
1.3852946636008765
1.2580853033554698
1.259151167544424
1.3861990028660718
1.28477399825454
1.2316186654849322
1.340419898042702
1.337624060378968
1.2306032753050975
1.2860587686490066
1.3852854535515793
1.2580822969249081
1.2590014351817516
1.3860665348553438
1.2848671419557047
1.2314411887236494
1.340013252408621
1.3379825497712345
1.2307033030184753
1.2857998451671029
1.3854048868224804
1.2582249634707243
1.258748189338266
1.385850030446407
1.2851208094557398
1.231179101302577
1.339342501879094
1.338626772370716
1.2309189476611195
1.2854494218423298
1.3856172166956757
1.2584745032320122
1.258459725951386
1.3856046396191737
1.2854686064210616
1.230905521519767
1.3385883644889398
1.3393816502368825
1.2311938626623253
1.2851043815267922
1.385862693191234
1.2587630682112418
1.2582143036926134
1.3853958424186124
1.2858165334330895
1.2306947935397359
1.3379553154090247
1.3400425573348074
1.2314532056593979
1.2848578366975003
1.386075998471438
1.2590123899092645
1.258078653313779
1.3852825714520576
1.2860683069269072
1.2306018420063487
1.3376154020808237
1.3404314967724136
1.2316245599163695
1.284774197507059
1.3862028944195677
1.259155256255851
1.258089668251271
1.3852988686076864
1.286153586338352
1.2306495151523191
1.3376611008537664
1.3404442882437293
1.2316597663459399
1.2848741986890737
1.3862113571540535
1.2591534077192927
1.258244420881063
1.385441410295666
1.2860491258507838
1.2308249997494403
1.3380804341336048