0.020202020202020204
0.020202020202020204
0.0040837684065054315
-0.015269553030050006
-0.022478684005257626
-0.011721563792686645
0.008341674946065422
0.021790410720548985
0.017832589618019812
-0.0003297748718231498
-0.01823097857841724
-0.02160651072831229
-0.007724879090191273
0.012281056879141059
0.02253428128497263
0.014776003875183198
-0.004730757673402702
-0.02048952689234919
-0.019897190844991378
-0.0034333286952354207
0.015750095232113282
0.022403740775098577
0.011152121955280946
-0.008951408774059512
-0.021955578772415482
-0.01741896173533824
0.000989046156185558
0.01861377971172071
0.02140404250215629
0.0071015458161858
-0.01283012107373081
-0.022570482923856765
-0.014269875217714164
0.00537374898886174
0.020759456603313065
0.019575308095675724
0.0027799886388226343
-0.016217213601115006
-0.022309518553469715
-0.010573219319929826
0.00955356137441782
0.02210186772737877
0.01699045659386628
-0.0016474822706049538
-0.01898065722933913
-0.021183186109637403
-0.0064722047237055595
0.013368284464486686
0.022587256559006327
0.013751604676721155
-0.006012197855657795
-0.02101157026446994
-0.019236655896106795
-0.0021243005114444935
0.016670502223249055
0.02219610148874659
0.009985351233599157
-0.01014761937761332
-0.022229147149546394
-0.01654744824974906
0.002304527128197429
0.019331288807182833
0.020944137773071702
0.0058373899825035006
-0.013895083783580817
-0.022584587193418278
-0.013221639635123619
0.006645563204571185
0.021245644313683296
0.018881532548912783
0.0014668183454243054
-0.017109566542484068
-0.02206359081947465
-0.009389020018142822
0.010733075664568156
0.022337303475784876
0.016090322777994343
-0.0029596256818572725
-0.01966536592392405
-0.020687109646257976
-0.005197639912994269
0.014410064820444749
0.02256247721380862
0.012680436831239249
-0.0072733078130379925
-0.021461470948090453
-0.018510250398164143
-0.0008080975147879803
0.01753402374604741
0.02191210475540491
0.008784734550590829
-0.01130942978666398
-0.022426240148774274
-0.015619477891651131
0.00361222434048767
0.01998259418846743
0.020412329574909557
0.004553496567256281
-0.014912782832359247
-0.02252094638777686
-0.012128461947452289
0.007894898724274657
0.021658858359264996
0.018123135498863133
0.00014869431910297104
-0.01794350314338731
-0.021741778339162583
-0.008173009843059405
0.01187618838530664
0.022495877730589538
0.01513532255465593
-0.004261771385536054
-0.020282693655849622
-0.02012004084146493
-0.0039055053105130494
0.015402802952014811
0.02246003184032275
0.01156618919648084
-0.00850980766682273
-0.021837630951906255
-0.01772052727585495
0.000510834432477146
0.01833764653790312
0.021552763288971277
0.007554366622508281
-0.01243286561076987
-0.0225461539964552
-0.014638276589021693
0.004907717387903509
0.020565399130798724
0.01981050189498174
0.0032542144031056305
-0.01587970059151378
-0.022379788009791214
-0.010994100905686234
0.009117511474446002
0.02199762954542933
0.017302778172929155
-0.0011699318370562914
-0.018716108590720367
-0.021345227822912132
-0.0069293309105323084
0.012978983540012484
0.022577024008383417
0.014128770277017432
-0.005549515625284128
-0.02083046045818865
-0.019483986066838373
-0.002600174582945307
0.016343061842245977
0.022280286583384958
0.010412687099832708
-0.009717492506272001
-0.022138711557864604
-0.01687025329287599
0.0018280413138187408
0.019078557175760947
0.021119356465238395
0.006298433603338231
-0.01351407259311597
-0.02258846016846293
-0.01360724395895353
0.006186622499975335
0.021077642799636274
0.0191407812729887
0.0019439386484141966
-0.016792483870038465
-0.02216161641244723
-0.009822445082664371
0.010309239067041457
0.02226075117152164
0.016423330029252083
-0.0024846070199231116
-0.019424673725351064
-0.020875349835320824
-0.0056622100520301154
0.014037671947953018
0.022580452251630537
0.013074147627157105
-0.006818497957174853
-0.021306726895504387
-0.018781189703531303
-0.0012860610416702938
0.01722757530494052
0.022023883407779374
0.009223879017630427
-0.010892245827291763
-0.022363639479917152
-0.01596239769058929
0.003139074266559915
0.01975415356559636
0.020613424419832018
0.005021199643287838
-0.01454932995265939
-0.0225530074178213
-0.012529940516685208
0.00744460590376525
0.021517509311598175
0.018405527500359904
0.0006270974322881394
-0.017647956624986392
-0.021867210415320172
-0.008617499508044413
0.011466014243269991
0.022447284615521368
0.01548785711776595
-0.003790889935258071
-0.020066706240751877
-0.020333812328820984
-0.004375945380499784
0.015048604535441528
0.02250615020346032
0.011975090693288304
-0.008064414627557777
-0.021709802669869434
-0.018014124423673554
3.239569883504295e-05
0.018053260533242365
0.02169173707256837
0.008003823176932523
-0.01203005297632694
-0.022511611857927702
-0.015000120295234584
0.004439502894515656
0.0203620558258107
0.02003676103635757
0.003726993465377703
-0.015535063611215292
-0.022439922492321154
-0.011410074639096162
0.008677397216944873
0.021883435862472492
0.01760732350811588
-0.0006918614753972825
-0.018443132327427728
-0.021497619646188442
-0.007383372246782026
0.012583878311514472
0.02255656372211244
0.014499609956771424
-0.005084364416824571
-0.020639941226542124
-0.019722533106456646
-0.0030748928800623902
0.016008285484534177
0.02235438346584495
0.010835376836462548
-0.00928303198087562
-0.02203825424855463
-0.017185480709317642
0.0013507430415207432
0.018817230261374017
0.021285030851286923
0.006756674119369413
-0.013127014575058762
-0.022582100026504588
-0.013986759186388802
0.0057249285961353084
0.020900116466214324
0.01939140590501194
0.002420194969703627
-0.016467859248227693
-0.022249609533074734
-0.010251489350365963
0.009880802869041536
0.02217411983320071
0.01674896454160323
-0.0020084839775829436
-0.019175225897573173
-0.021054159652901163
-0.006124260955812737
0.013658994550352629
0.022588197940656585
0.013462011015019402
-0.006360652765799082
-0.021142350958257485
-0.019043671298493138
-0.0017634530254779165
0.016913385177142252
0.02212569424042865
0.0096589114097219
-0.010470199892126277
-0.02229091142800069
-0.01629815570760867
0.0026645287161480326
0.019516804450053143
0.020805211050279555
0.005486669256957193
-0.014179359892065152
-0.022574852012360806
-0.01292581801354214
0.006990997916999779
0.021366429764133783
0.018679635340164483
0.0011052218679922059
-0.017344475116340526
-0.021982748161589932
-0.00905814898792495
0.01105071954193748
0.022388524792753144
0.0158334467205424
-0.0033183229580839926
-0.019841665116808526
-0.02053840584457652
-0.0048444394441737385
0.014687661537930375
0.022542074174129803
0.012378641882691369
-0.007615429117669012
-0.02157215383571074
-0.01829961794460058
-0.000446057431005651
0.017760752863089497
0.02182089876785938
0.00844971438289957
-0.011621865211203303
-0.022466872757874373
-0.01535524151980255
0.003969314088950859
0.02014952140101297
0.02025398039062219
0.004198115440621267
-0.015183460117737316
-0.022489893729016844
-0.011820953040348487
0.008233415931849088
0.021759340241457974
0.01790395255127067
-0.00021348365460851018
-0.01816185454194162
-0.021640290279365124
-0.007834125796900739
0.012183147612777752
0.022525885327131734
0.01486395508063364
-0.004616951595734841
-0.020440101420238728
-0.019952186333453137
-0.0035482442529975317
0.015666326359005143
0.02241835731582393
0.01125323020668147
-0.0088444328394429
-0.021927822375823483
-0.017492985777967894
0.0008728444767461714
0.018547428972188192
0.021441083497585264
0.007211906916268109
-0.012734085197962838
-0.02256550976038526
-0.014360013018486805
0.0052606874839879175
0.02071314820291391
0.019633290330321216
0.002895375553777023
-0.016135841488791863
-0.022327528853804755
-0.010675959987555037
0.009447959656260031
0.022077450151178575
0.017067077064849768
-0.0015314682578924377
-0.018917138026946712
-0.0212234556196848
-0.0065835864913035835
0.01327420457361219
0.022585710636075465
0.013843851188712827
-0.0058999766954213086
-0.0209684199712592
-0.01929757375891942
-0.0022400612639163417
0.01659159763105079
0.022217489467039997
0.010089636456599613
-0.010043481954235446
-0.022208090171769234
-0.01662659830985077
0.0021887987709712023
0.019270656983130338
0.020987600035220245
0.005949697916404961
-0.013803040917648708
-0.022586469893262746
-0.01331591528218487
0.006534277525982072
0.021205690409960627
0.018945332412574553
0.0015828551359827123
-0.017033198198915293
-0.022088337388720257
-0.009494760736280222
0.010630491481667951
0.02231962588915031
0.016171933496207033
-0.0028442807553195892
-0.019607674861532576
-0.020733726105801806
-0.0053107788105578885
0.01432013839258251
0.022567786853084318
0.012776660417417299
-0.0071630520444196984
-0.02142474891985496
-0.018576876183177073
-0.0009243123376525726
0.017460258281260348
0.021940187845635704
0.008891840578278902
-0.01120848658328227
-0.022411957738632436
-0.01570347831282463
0.003497360332870701
0.019927894756255296
0.02046205892835012
0.004667370598258225
-0.01482505055657983
-0.02252967821956064
-0.012226550729707486
0.007785766511328328
0.021625400855926825
0.01819252873261727
0.00026498903550740277
-0.01787240502286513
-0.021773172923229858
-0.008281389943453777
0.011776972619890181
0.02248500325632345
0.015221639768191325
-0.004147485424630889
-0.020231034152704996
-0.02017283908261081
-0.004020018090906911
0.015317340771596324
0.02247217805975022
0.0116660589577923
-0.008401891798623301
-0.021807467748950947
-0.01779262715350526
0.0003945580209530203
0.01826927799747173
0.0215874414116327
0.007663928581608774
-0.012335462387384708
-0.02253869717640393
-0.01472683579851684
0.004794106167517874
0.02051682523338514
0.01986632236362766
0.0033692690686966016
-0.015796582608046346
-0.022395337763313802
-0.011095666028473382
0.009010903809381752
0.02197078751014063
0.017377521619946816
-0.0010537719151658825
-0.018650529573015835
-0.021383158633137254
-0.007039981611266186
0.012883476534761582
0.02257299150832903
0.014219494870748348
-0.005436675331622228
-0.02078501517071494
-0.019542779499890993
-0.0027156738629794328
0.016262360245449612
0.022299225981615548
0.010515860639619408
-0.009612283897951778
-0.022115214618207247
-0.016947575029138098
0.0017120959793271821
0.019015825268287195
0.0211605062516385
0.006410079099601786
-0.013420543980827484
-0.02258785559372039
-0.013700055581087708
0.0060746487379322485
0.021035366406124918
0.01920249585791033
0.0020597849390935515
-0.01671426886845861
-0.02218392854655624
-0.009927138841929957
0.010205519290192101
0.022240620288277564
0.016503162634540665
-0.002368974210264347
-0.01936484410026085
-0.020919682064598228
-0.005774755642668801
0.013946202329210006
0.022583276142764237
0.013168966249598638
-0.006707485676543664
-0.021267656914684983
-0.018845771133964552
-0.0014021564796005623
0.01715191505763755
0.022049548369389837
0.00933000361978686
-0.010790103503683111
-0.02234689262215956
-0.016044671671370143
0.0030238516854591765
0.019697278921333654
0.020660899778139195
0.005134549946002334
-0.014459998281250244
-0.022559257250003177
-0.01262668451145692
0.007334649325359441
0.02148168045455017
0.018472919033797545
0.0007433439678731293
-0.017574917174334997
-0.02189620531983824
-0.0087249644714951
0.011365536767702482
0.022433936739500657
0.015572500975121764
-0.003676174979304503
-0.020012836745690255
-0.020384388765911136
-0.004490004405668383
0.01496148804631545
0.022515820389469997
0.012073676905362379
-0.007955607169257419
-0.021677246800534435
-0.01808426694103573
-8.390377195779952e-05
0.017982905738968102
0.021724036085879226
0.008112536989167874
-0.011931326442732227
-0.02250167488943553
-0.01508706059383073
0.0043253925796740145
0.020311239064025828
0.02009039381240452
0.0038416646897918086
-0.015450237749035634
-0.02245300438917902
-0.01151041845959303
0.008569831419674849
0.02185418196114746
0.017680155575100366
-0.0005756072713665843
-0.01837552380200505
-0.021533194014635895
-0.007493242438478787
0.012486987439217783
0.02255004654237798
0.014588771394741617
-0.0049709553048718266
-0.020592222145852428
-0.01977917484141843
-0.0031900793205768933
0.015925823832926237
0.022370865385057594
0.010937392276145945
-0.009176799434534146
-0.022012328378472275
-0.017260938639386908
0.0012346322724251305
0.018752427306916782
0.021323848934847893
0.006867607338466248
-0.013032042635263653
-0.022579008461668527
-0.014078064666029663
0.005612316721016225
0.020855537328624146
0.019451006630407948
0.002535799256807053
-0.016387833459825543
-0.022269476754460976
-0.010355089113365922
0.009775994138400287
0.02215154511029683
0.016826982460474944
-0.0018926147044722383
-0.01911328544435175
-0.021096186961454825
-0.006236163041536324
0.013566023292915922
0.022588534754854252
0.013555381714185947
-0.006248933559897101
-0.021100951292933424
-0.01910617851145866
-0.001879377476786237
0.01683586490454667
0.02214892902948091
0.009764006967423654
-0.010366904442733547
-0.022271707993958632
-0.01637866561911776
0.0025489988195986045
0.019457780996773234
0.020850410282866744
0.005599445313782848
-0.014088469472634403
-0.022578616904438534
-0.013021173457649495
0.0068802661373216015
0.021328246323041457
0.018744994059651295
0.001221368561680862
-0.017269527944100995
-0.022009329790319915
-0.009164650652974015
0.010949025666055726
0.02237270979140837
0.015916378573749442
-0.003203230064809569
-0.019785610672788185
-0.020586736931537043
-0.004957993915708114
0.014598930445524277
0.022549263778002013
0.01247590001722759
-0.0075057787719448755
-0.021537220552033547
-0.01836777076958325
-0.00056232827919004
0.017688444240831123
0.02185080353905906
0.008557531383273595
-0.011521859953822865
-0.022454460315047886
-0.015440523277221377
0.0038547554983591314
0.02009648543039274
0.020305400538490455
0.004312352183402323
-0.015096965102855516
-0.022500501617665827
-0.011920030303815238
0.008124940204558156
0.02172768819091661
0.017974839720824747
-9.718683252859725e-05
-0.018092247718761872
-0.021673491554213536
-0.007943166350010111
0.012084916697756133
0.022516886533959835
0.01495151278746256
-0.00450302420641862
-0.020390130788363905
-0.02000665007249005
-0.003663066610206326
0.015582142362362002
0.022432374008927173
0.011354041603881426
-0.00873722401777604
-0.021899479741006155
-0.017566545233083174
0.0007566198807628516
0.01848058493245173
0.02147755172651443
0.0073220783030519074
-0.012637712954341683
-0.0225599326601941
-0.014449770872726534
0.005147487720141064
0.020666287125021478
0.019690749564553293
0.0030106864288656394
-0.016054041570773333
-0.022344941828967377
-0.010778419163155634
0.00934210905603818
0.022052442188987678
0.017143244511843257
-0.0014154140340698028
-0.018853115427609327
-0.02126315837641401
-0.006694795130292723
0.013179773862175321
0.022583560214842847
0.013935731612062961
-0.005787600433171064
-0.0209247099636033
-0.019357977818553668
-0.002355763194155088
0.01651225290200032
0.022238283174595523
0.010193655768906136
-0.00993907984580833
-0.022186439184079212
-0.01670530728524556
0.002073012938115234
0.0192095120927265
0.021030502053856318
0.006061849437731474
-0.013710633057789159
-0.022587748073697275
-0.013409838991615837
0.006422820019636946
0.021165170243507676
0.019008628108656837
0.001698850365936741
-0.01695637775036096
-0.02211249327005513
-0.009600251331162933
0.010527627015822097
0.022301351196767103
0.01625311543295038
-0.0027288611316174764
-0.019549461500961443
-0.02077978932090107
-0.005423778129895624
0.014229833089552653
0.022572492492340272
0.0128725464973213
-0.007052607852629102
-0.021387454576671065
-0.018643007864356027
-0.0010405028925980254
0.01738602911819916
0.021967684354978582
0.008998712463200094
-0.0111072477171951
-0.02239707565863234
-0.015787062607714994
0.003382404462488456
0.01987266424150231
0.020511242517824362
0.004781121990683354
-0.01473692582920881
-0.022537807110596747
-0.012324316704537167
0.007676429423162372
0.021591365488382756
0.018261438343879048
0.00038127679480062446
-0.017800831997225944
-0.02180398555284056
-0.008389552061551954
0.011677446043173731
0.02247352708284169
0.015307553850394362
-0.004033090504252509
-0.020178835239635325
-0.02022509951336047
-0.004134425264674245
0.015231472880561047
0.02248372293632679
0.011765620865104577
-0.008293754759578565
-0.021776721641856723
-0.0178642542967419
0.0002782712505375595
0.01820042374288301
0.021621542720311592
0.007773288885800625
-0.012237733448267006
-0.022530637164931484
-0.014815005199049857
0.004680368972817496
0.020467704064744033
0.019921613439772747
0.003484235238927151
-0.01571304598479345
-0.022410288308611775
-0.011196938492298008
0.008904058847330684
0.02194335804592107
0.0174518036162204
-0.0009375843261163821
-0.01858445444100713
-0.021420518277970105
-0.007150447138335476
0.012787629166464445
0.022568354863569354
0.01430984329282302
-0.005323692143657717
-0.020739015225472987
-0.019601052413477732
-0.0028311018252654835
0.016181227421870337
0.022317568840454185
0.010618756944088398
-0.009506822049052666
-0.022091126245222054
-0.017024446982511095
0.0015961056900718647
0.018952587266056482
0.021201091022883957
0.006521556044250233
-0.013326660628202088
-0.022586646461042276
-0.013792504971202595
0.00596251526945445
0.02099252845129545
0.01926369924195515
0.002175577143026356
-0.016635610407420898
-0.022205647341166014
-0.010031571005097604
0.01010153052478695
0.022219894492376643
0.01658255749733481
-0.002253279191834618
-0.019304498830142184
-0.02096345592361225
-0.005887149431508282
0.01385436387570042
0.022585495603277106
0.013263436869279603
-0.006596296998218579
-0.021228018959745076
-0.018909851117703505
-0.0015182151022290757
0.017075799484491172
0.02207462371869389
0.009435882467589309
-0.010687676652214305
-0.02232954790156272
-0.01612652031072857
0.0029085496881196514
0.019639879522100997
0.020707823898228624
0.005247765311473427
-0.014370283976264725
-0.022564903319272515
-0.012723095009549561
0.0072244997919076615
0.021445277708591545
0.018539819300004957
0.0008595709871046207
-0.017501410909508457
-0.021924614862182275
-0.0088321997117964
0.011264759446687667
0.022419988583076936
0.015656732240746464
-0.0035613634591360466
-0.01995843383583442
-0.02043442157600049
-0.004603945459877912
0.014873975433085964
0.022524888019875206
0.01217194439079003
-0.00784659034551096
-0.021644111632259804
-0.018153928785275848
-0.00020020103991770857
0.017912073031776225
0.021755754505139856
0.00822103728585291
-0.01183228498083992
-0.022491135758449517
-0.015173601386777104
0.004211168625094708
0.02025988068713988
0.020143491043395682
0.0039562349982656154
-0.015365002593057554
-0.022465485475907702
-0.011610458574498297
0.008462040006565818
0.02182434386183022
0.017752517966775308
-0.00045933795500274766
-0.018307426665797072
-0.0215681930696282
-0.007602915485555639
0.01238976680349688
0.022542925855760412
0.01467754673714962
-0.00485741556308846
-0.020543953718263355
-0.019835289575114903
-0.0033051819759247238
0.01584294005107721
0.022386748775716437
0.01103911926933788
-0.009070325195030862
-0.02198581392798591
-0.01733593828444456
0.0011184890871136187
0.018687125455695088
0.021362097491942598
0.006978359934146222
-0.01293672635758518
-0.022575312584856122
-0.014168997771681988
0.005499557324395662
0.020810401589403078
0.019510089350875094
0.0026513369523043576
-0.016307373050264452
-0.022288748262272545
-0.010458415914005604
0.009670927823412436
0.02212837794631348
0.016904553865643063
-0.0017766957354773232
-0.01905083623099276
-0.02113765103030945
-0.006347901162269701
0.01347269339669208
0.02258826699223515
0.013648394059788536
-0.006137050052251954
-0.021058988256415875
-0.019168177158687478
-0.0019952525798824575
0.016757897877501895
0.022171571450026163
0.009868845258889774
-0.010263335717010597
-0.022251908784409337
-0.016458741157534477
0.002433401984647105
0.01939823935298496
0.020895053055165657
0.005712074188232696
-0.013997206399885382
-0.022581777495425608
-0.013116184854732637
0.006769353400108457
0.021289493233984824
0.018809854085389228
0.0013374831874411741
-0.017194122253662566
-0.022035322921772127
-0.009270910946850085
0.010847043034115489
0.022356296210288493
0.0159988885518605
-0.003088053040708919
-0.019729029050942485
-0.02063451882263009
-0.0050714180986479625
0.014509812984374967
0.022555849896749525
0.01257282868457581
-0.007395930950380616
-0.021501711843538128
-0.018435435195197608
-0.0006785843636832253
0.01761566571786812
0.021880124205849512
0.008665123093411069
-0.011421550685950304
-0.022441447021643215
-0.015525396002819592
0.003740095647565691
0.020042913747367826
0.02035627923181093
0.0044264756295300245
-0.015010070315545576
-0.022510507376426247
-0.012018792940337447
0.008016250633657178
0.0216954554452247
0.018045249197061346
1.9112541120573645e-05
-0.018022160005085414
-0.021706113634053725
-0.008051997866627749
0.011986366756114546
0.022507285155554408
0.01503867463875054
-0.004388978503540402
-0.02033961637153309
-0.020060580566630428
-0.0037777927478720545
0.015497545513861843
0.022445790465040645
0.011454553461843209
-0.008629785148322865
-0.02187055165329357
-0.01763963810158213
0.0006403754198545941
0.018413249416353583
0.02151344618069323
0.007432057066832932
-0.01254100691925541
-0.022553751778316165
-0.01453914636828557
0.00503415267836742
0.02061887466052373
0.01974768422287221
0.003125918233713783
-0.0159718160581065
-0.02236175699546044
-0.010880594121698896
0.00923601238051208
0.022026844534253527
0.01721895686828001
-0.001299322646800747