0.86
0.8600000000000001
1.0439464869582988
1.1794380698774398
1.0600053274604302
0.8728596181111794
0.8485276891705871
1.0278243592967606
1.176971137915825
1.0759041493191581
0.886830996403726
0.8387013901870896
1.0116900461381988
1.1721387423281762
1.0914996779888813
0.9016409207976299
0.8307581014512302
0.9955578668332672
1.165113726171032
1.1066034538966567
0.9170414851765885
0.8249164005749258
0.9794243445812894
1.1561052410900385
1.1209843278961438
0.9328245010446607
0.8213690118551636
0.9632929445225609
1.145341783941519
1.1343779401459522
0.9488262283416399
0.8202542059600608
0.9471965156514148
1.1330720581136873
1.1465068330292076
0.9649288832664462
0.8216197442473048
0.9312108282164914
1.1195656560878844
1.1571031922837016
0.9810613604444338
0.825407430357768
0.915458395153754
1.1050998153285259
1.165920558358962
0.9971945887629273
0.8314717328625166
0.9001075413082438
1.08993628526836
1.1727322541442402
1.0133269345506908
0.8396163327216007
0.8853708165384093
1.0743021406485749
1.177331648967766
1.0294611599755044
0.8496207738110848
0.8714995478459715
1.058381320629973
1.179551384825387
1.0455799241663268
0.8612460041103854
0.8587682929234158
1.042312438004266
1.1792992705804721
1.0616277267513659
0.8742311311431591
0.8474515679825102
1.0261874656966972
1.17658621604165
1.0775030742452123
0.8882997854068114
0.8378058453402907
1.01005319552047
1.1715226317519734
1.0930580457443617
0.9031803452673408
0.8300661224963781
0.9939211248993555
1.164286462417583
1.1080996806931531
0.91862847411268
0.8244490331460878
0.9777873244933407
1.1550892071851095
1.1223928485481984
0.9344403863204549
0.8211433995997195
0.9616573280963454
1.144161209826395
1.1356707936578336
0.9504569397214179
0.8202798327418599
0.9455679027079144
1.1317534380976273
1.1476560864078345
0.9665650920466529
0.821895486292737
0.929599517684821
1.1181371217399734
1.158082814134076
0.982698359681444
0.8259219368998463
0.9138794010369522
1.1035890257643275
1.1667067300162877
0.9988312976941681
0.8322067961353012
0.8985804493166778
1.0883680854438362
1.1733029619149422
1.0149638601870912
0.8405504348648493
0.8839195246894526
1.0726972193795867
1.1776675994445693
1.0310978351938085
0.8507305625766689
0.8701512134118294
1.0567558294920338
1.1796391632097432
1.0472126708614262
0.8625060218626978
0.8575511641727698
1.0406778510824255
1.179135050524031
1.0632483903165157
0.8756137940546619
0.8463926670805924
1.0245505076156454
1.1761770407361187
1.0790987395033604
0.8897769075480421
0.8369299345245121
1.0084163812701505
1.170884131141043
1.0946111660225406
0.9047255766061287
0.8293960143146953
0.9922843567356765
1.163438997737252
1.1095882311901748
0.9202191697159054
0.8240055080851887
0.9761503158711546
1.1540553393643445
1.1237909279672786
0.9360583390495377
0.8209430079594218
0.9600220910098183
1.1429653838924763
1.1369503293703018
0.9520885537752096
0.8203310743666963
0.9439404956025651
1.1304223716536215
1.1487892759594054
0.9682015232334958
0.8221961178981179
0.9279907241340226
1.1166990117269533
1.1590438620838572
0.9843353329645994
0.8264597294649991
0.9123047045570061
1.1020713420728128
1.167472013899192
1.0004680011269655
0.832963068574386
0.897059891658958
1.086795291695575
1.1738506641377122
1.0166008202201855
0.8415034567409159
0.8824774023774696
1.071089551871596
1.177978847697472
1.03273434816597
0.8518567936012313
0.8688149077652902
1.0551289723020811
1.1797013643957819
1.048844643261383
0.8637797679215542
0.856348892805833
1.0390427950188705
1.1789454844260052
1.0648671850386378
0.8770073144247289
0.845351240863764
1.022913509556177
1.1757437765576815
1.0806909644008327
0.8912620899299315
0.836073892394334
1.0067796002271336
1.1702234523466366
1.0961588116976106
0.9062763811835743
0.8287479927352882
0.9906475571802553
1.1625715644198515
1.1110688372781852
0.9218133844937904
0.8235859993722376
0.9745133378986024
1.1530038886732579
1.1251782749036094
0.9376782191130274
0.8207679270401513
0.9583872951019148
1.1417545818170929
1.1382162594842522
0.9537209795304998
0.820407907004899
0.9423144054485684
1.1290791511043232
1.1499061361453802
0.9698381337469708
0.8225215097786037
0.9263846070669877
1.1152516109068316
1.1599860935627966
0.9859722738133344
0.8270206125980819
0.9107345121714218
1.1005470170772036
1.168216184560084
1.00210470676748
0.8337403255311446
0.8955461193878123
1.085218112500286
1.174375163461379
1.0182378093165445
0.8424751566043234
0.881044733515423
1.0694792996857565
1.1782652606394182
1.034370657725329
0.8529992024504497
0.8674909234770366
1.0535008623183697
1.1797379594895085
1.0504757525514201
0.8650669551850975
0.8551617555334992
1.0374073337349865
1.1787306578468233
1.0664839728928919
0.878411400590102
0.8443275413662124
1.021276492257107
1.1752865947620172
1.0822795634822338
0.8927550629656578
0.8352379519454337
1.0051428477703817
1.1695408100610558
1.0977007510772512
0.9078325299125374
0.8281222708587989
0.9890107224139029
1.1616843964071912
1.1125412274524247
0.9234109357138379
0.8231906744903001
0.9728764134448563
1.1519351084892326
1.1265545972249178
0.9392998912898314
0.8206182362388377
0.9567530070924616
1.1405290816657325
1.139468297885214
0.9553541310521749
0.8205102950310867
0.9406897483643724
1.1277240692746304
1.1510064040027856
0.9714748849415
0.822871523895498
0.924781330790423
1.113795201855667
1.1609092679040418
0.9876091783575772
0.8276043865272238
0.9091690350492099
1.0990162994320618
1.168939018451292
1.0037414222392964
0.8345383405199466
0.89403938765608
1.0836367516139374
1.1748762670789032
1.0198748193957126
0.8434652907590396
0.8796218041476449
1.0678666195712645
1.1785267141895848
1.0360067182032655
0.8541575221098919
0.8661795524628491
1.0518716077840071
1.1797489314528198
1.0521059048752308
0.8663672949816623
0.8539900266297193
1.0357715263063798
1.1784906668675195
1.0680986109695607
0.8798257619364365
0.8433218183362766
1.0196394728802485
1.1748056728359584
1.0838643465357671
0.8942555605721896
0.8344223445246819
1.0035061180952312
1.1688364215635065
1.099236747960136
0.9093937983004926
0.8275190587856567
0.9873738502345549
1.1607777293147905
1.1140051270148597
0.9250116454099258
0.8228196939564997
0.971239569243955
1.1508492545957143
1.1279196022079876
0.9409232252797732
0.8204940039418062
0.9551192986344876
1.1392891637891667
1.1407061603288953
0.9569879274288609
0.8206381911656602
0.9390666454541283
1.1263574192172388
1.1520898191220441
0.9731117424772284
0.8232460139087519
0.9231810644024603
1.1123300646129315
1.161813146267535
0.9892460450916115
0.8282108475431155
0.9076084890506977
1.0974794335152753
1.1696402940587558
1.0053781547949434
0.8353568853052142
0.8925399555847606
1.0820514080589494
1.1753537871415143
1.0215118393992504
0.8444736134721202
0.8782089021790334
1.066251663449387
1.1787630937005686
1.0376424793215182
0.8553314829922071
0.8648810857257315
1.0502413119126548
1.1797342751717335
1.0537350013334619
0.8676804972847462
0.8528339778637178
1.0341354270338314
1.17822561773506
1.0697109514956213
0.8812501091871645
0.8423343193213696
1.0180024652093873
1.1743011940396992
1.085445118599834
0.8957633203476834
0.8336272998179634
1.0018694044950427
1.1681105064972077
1.1007665617052023
0.9109599664910625
0.8269385633142118
0.9857369403255571
1.159851800471829
1.1154602582912048
0.9266153403896445
0.8224732108510997
0.9696028360613911
1.1497465852461148
1.129272996829145
0.9425480957270159
0.8203952872610167
0.953486246355337
1.1380351106982198
1.1419295646064713
0.9586222927504802
0.8207915366610804
0.937445222785922
1.1249794939303952
1.1531561236083225
0.9747486761780101
0.8236448256399969
0.9215839817822952
1.1108564764389293
1.1626974915735504
0.9908828746194175
0.8288397883529904
0.9060530947009822
1.095936659334353
1.1703197920666086
1.007014911028878
0.8361957299606192
0.8910480861152215
1.0804622761144898
1.175807541191277
1.023148855070445
0.8454998768851266
0.8768063170960988
1.0646345783952242
1.1789742943639372
1.039277886097704
0.856520812964757
0.8635958131112844
1.0486100728787995
1.1796939974768956
1.0553629379886877
0.8690062709447417
0.8516938784541499
1.03249908552676
1.1779356264785592
1.0713208418546583
0.8826841546878883
0.8413652897561588
1.0163654798610025
1.173773346961059
1.0870216799708454
0.8972780837329142
0.8328530458135491
1.0002326996462203
1.1673632866779744
1.1022899473136354
0.9125308192969062
0.8263809876101114
0.9840999945170503
1.1589068489766285
1.1169063408620874
0.928221852243025
0.822151370349003
0.967966248847604
1.148627361215087
1.1306144880512285
0.9441743822428824
0.8203221318110308
0.9518539318874605
1.13676720691671
1.1431382306885252
0.9602571560760118
0.8209702615309249
0.9358256113688357
1.1235905860702893
1.154205062028279
0.9763856598759963
0.8240677975416644
0.9199902615817221
1.1093747115856276
1.1635620684492423
0.9925196693922023
0.8294909984072082
0.9045030771559218
1.094388212446366
1.1709772955530857
1.0086516965928272
0.8370546429020426
0.8895640458455256
1.0788695453089518
1.176237352608763
1.024785848745181
0.8465438309262014
0.875414339681858
1.0630155066175937
1.1791602215900516
1.0409128787636233
0.8577252373985398
0.8623240230783218
1.0469779838137097
1.1796281171161875
1.0569896058758017
0.8703443239355455
0.8505699950445094
1.030862546799637
1.177620818500374
1.0729281246047344
0.8841276126842237
0.8404149730510427
1.0147285245061843
1.173222325085389
1.0885938262132595
0.8987995961567263
0.8320998087390139
0.9985959958955504
1.1665949859341407
1.1038066555245518
0.9141061462252384
0.8258465308485475
0.9824630170394857
1.157943115764779
1.118343091807428
0.9298310173531525
0.8218543092579575
0.9663298468780996
1.1474918458349386
1.1319437831048484
0.9458019694273491
0.8202745715290503
0.9502224418895495
1.1354857388131978
1.1443318808470866
0.961892451390804
0.8211742848192645
0.9342079471295204
1.1221909876602791
1.1552363813445403
0.9780226712431676
0.8245147611678764
0.9184000872179544
1.1078850410817547
1.1644066431911704
0.9941564334392008
0.8301642641968524
0.90295866615924
1.0928343238904197
1.1716125902179602
1.0102885159147392
0.837933390896419
0.8880881048507133
1.077273400413426
1.1766430510722954
1.026422799154738
0.847605223225858
0.8740332617264557
1.061394585437219
1.1793207913582682
1.0425473926961077
0.8589444792391845
0.8610660024864003
1.0453451328079204
1.1795366646796972
1.0586148910169428
0.871694363614202
0.8494625916987327
1.029225851381533
1.1772813281461572
1.074532637494083
0.8855801995913293
0.8394836106778949
1.013091604103012
1.1726483263843286
1.0901613481729846
0.9003276071657857
0.831367812970013
0.9969592855487464
1.165805829977229
1.1053164329251883
0.9156857414972579
0.8253353878314946
0.9808260147684104
1.1569608436869236
1.119770225962751
0.9314426769089195
0.8215821555679126
0.9646936738801799
1.1463403050152523
1.133260589761581
0.9474307468882492
0.8202526285399967
0.9485918680589489
1.1341909944125728
1.1455102397553176
0.9635281175526618
0.8214035149075238
0.9325923708891124
1.1207809897993173
1.1562498308402664
0.97965969160999
0.8249855416428475
0.9168136468672566
1.1063877325330165
1.165230983746446
0.9957931720925953
0.830859369521096
0.9014200959896458
1.0912752201317004
1.1722254646411414
1.011925371922219
0.8388317390486618
0.8866205364874211
1.0756740214354261
1.1770244730248811
1.0280596812408567
0.8486837990392108
0.8726633757357828
1.0597719472638647
1.1794559305338692
1.0441813583597963
0.8601782591002607
0.8598220364018989
1.0437116029213303
1.1794196824778878
1.0602386744398802
0.8730560969913991
0.8483719299157275
1.0275890354390347
1.1769172982581744
1.0761342134744944
0.8870416342533577
0.8385714422500512
1.0114547211387133
1.1720515529263569
1.0917240319952888
0.9018618705390101
0.8306572809095562
0.9953225611591652
1.1649960463024618
1.1068190220762344
0.9172694040627012
0.8248477485823903
0.9791889974597198
1.1559602775931772
1.121187456185996
0.9330566769200482
0.8213350280158818
0.963057778146297
1.1451730072440252
1.134564616596891
0.9490606092572604
0.820256313068077
0.9469623071362386
1.1328832631887287
1.146673034564806
0.9651640982261083
0.8216578498555781
0.9309790283411035
1.1193608823718093
1.157245162036467
0.9812967057716216
0.8254799581227128
0.9152311334586096
1.1048830499379205
1.1660348597150796
0.9974298917076024
0.8315760957235336
0.8998876053967397
1.0897111230158925
1.1728157105717694
1.013562265771526
0.8397494507691968
0.8851616171832408
1.07407158361204
1.1773814621448164
1.0296964659835421
0.8497793011773533
0.8713049746402677
1.0581477195729678
1.1795655771484068
1.0458147012612915
0.8614262953789604
0.8585924079239439
1.0420774722017982
1.1792772243742717
1.0618608321989145
0.8744292310106324
0.847298268661218
1.025952130912597
1.1765288797162452
1.0777326807124887
0.8885116381913347
0.8376787055935007
1.009817875880811
1.1714322105117165
1.0932816591484407
0.90340214438728
0.8299684328367475
0.9936858158156133
1.1641658641178485
1.1083141616527739
0.9188569376107047
0.8243837979210842
0.9775519779746307
1.1549416644211494
1.1225944936331744
0.9346728682343464
0.8211130356706202
0.9614222126341854
1.143990223568946
1.1358555732406583
0.9506914562016847
0.8202856233957843
0.9453338609029424
1.1315628358398206
1.1478199949607222
0.9668003418043079
0.8219371777735325
0.9293680700306861
1.117930953761074
1.1582221286048517
0.9829337017821285
0.8259978242468582
0.9136527446665524
1.1033712535195206
1.1668180423758834
0.9990665993787491
0.8323142218970598
0.8983614375246041
1.088142249732759
1.173383123246719
1.0151991965831102
0.840686287724769
0.8837116262114981
1.0724662574018655
1.1777138698157554
1.0313331202419365
0.8508914699503887
0.8699583515061146
1.056522024882462
1.1796496806404964
1.0474473419140446
0.8626883043938792
0.8573773980312209
1.0404428137130857
1.1791093555744019
1.0634812353974339
0.8758134728338078
0.8462418644149896
1.0243151656662188
1.1761162309706985
1.0793278625985658
0.8899899358382153
0.8368056368062471
1.0081810666363398
1.170790508333877
1.0948340064543918
0.9049481912392454
0.8293014867243108
0.9920490434281195
1.1633155143002174
1.1098015866011772
0.9204481505781569
0.8239437150221949
0.9759149724936349
1.153905253284501
1.12399104804111
0.9362911065570824
0.8209162775412889
0.9597870350539598
1.1427922275576696
1.1371331706133372
0.9523231924310751
0.8203405458707875
0.943706636173306
1.130230004047774
1.1489508531954205
0.9684368013182632
0.8222413772203756
0.9277596513359495
1.116491490568436
1.1591804862791288
0.9845706707373121
0.8265389485751428
0.9120786829022054
1.101852599573115
1.16758030473801
1.000703302653421
0.8330735250573326
0.8968418398220758
1.0865688127876008
1.1739275017369664
1.0168361611846384
0.8416420097753893
0.8822708454523809
1.070858208475229
1.1780215555919133
1.0329696066084735
0.852020043124413
0.868623799251307
1.0548949807305952
1.1797082020544782
1.0490791958132024
0.8639640005443148
0.8561772854504931
1.0388076955729664
1.1789161523734206
1.065099750211231
0.8772085301309509
0.8452029712314512
1.0226781636503515
1.1756795175717047
1.0809195777548666
0.8914762547600024
0.8359524703029747
1.0065442900182837
1.170126658669349
1.0963808461277054
0.9064997781140902
0.8286566580246483
0.9904122390106666
1.162445229376308
1.111281028311951
0.9220428561565279
0.823527672960378
0.9742780007188878
1.1528512955591
1.1253768280152288
0.9379112524721124
0.8207448422141175
0.9581523079425985
1.141579295236337
1.138397121145851
0.953955727697648
0.8204210549606421
0.9420807447812106
1.1288850602239848
1.1500653441013229
0.9700734343328948
0.8225703176254291
0.9261539324512593
1.1150427773399374
1.1601199927677086
0.986207606546701
0.8271031350075757
0.9105091553014666
1.100327340329836
1.1683214216199354
1.002340009243682
0.8338537802851637
0.89532906393887
1.0849910199793917
1.1744486493199247
1.0184731538623506
0.8426163749003018
0.8808395591415823
1.0692475977023883
1.1783043876540162
1.0346058832763996
0.8531647558944756
0.8673016103686982
1.0532666996556468
1.1797411141948262
1.0507101734195534
0.8652530964901741
0.8549923465473273
1.03717218100227
1.178697701864878
1.0667162379118071
0.8786141113717051
0.8441818408111404
1.021041145077779
1.1752189116993028
1.0825076400418012
0.8929703258620733
0.8351194388421982
1.0049075412182649
1.1694408765972564
1.0979219458240124
0.9080566765823007
0.8280341594245222
0.9887753989598039
1.1615552435267609
1.112752214808455
0.923640872298146
0.8231358382461972
0.9726410860644531
1.151780044963888
1.1267515413203508
0.9395331714643584
0.8205988075208009
0.956518098726209
1.1403517050058443
1.1396471389816338
0.9555889767895616
0.8205271133547136
0.940456303563148
1.127528297243205
1.1511632050843132
0.9717102028298681
0.8229238597284013
0.9245510783728826
1.1135850963023717
1.1610404076708734
0.9878445056954892
0.8276901831834432
0.9089443737091811
1.0987957238357162
1.1690411697574015
1.003976726737499
0.8346547608386508
0.8938233656068083
1.0834090743842877
1.174946373875423
1.0201101661216243
0.8436091391160327
0.8794180536078054
1.0676345811394956
1.1785622432516103
1.0362419039206943
0.8543253408753311
0.8659920766584325
1.0516372891784551
1.1797484017346298
1.0523401801516972
0.8665553033513642
0.8538228552392375
1.0355363283854984
1.178454101613874
1.0683305548889697
0.8800299261163496
0.8431787225806474
1.0194041266121485
1.1747345916982725
1.084091858564286
0.8944718835800735
0.8343067735332966
1.003270814284526
1.1687333797496535
1.0994570686991525
0.9096186628155258
0.827434200568905
0.9871385213281654
1.1606457926106097
1.1142148709510757
0.9252420217227044
0.8227683703565831
0.9710042558340037
1.1506917576337465
1.1281148951722433
0.9411567339430329
0.8204782402421058
0.9548844797706748
1.13910973753573
1.140882940159345
0.9572228595160595
0.8206586721122143
0.9388334343382863
1.1261600081678238
1.1522441760990954
0.9733470730769859
0.8233018560336738
0.922951258886888
1.1121187271102877
1.161941492405462
0.989481366997134
0.8282998888570939
0.9073845546580979
1.0972579938457658
1.169739327941516
1.005613462310422
0.8354762382361403
0.8923250045055858
1.0818231743433204
1.1754204883026957
1.0217471864575312
0.8446200563895386
0.8780066170006553
1.0660193100122677
1.1787950091273987
1.0378776175923257
0.8555015281115177
0.8646954889718306
1.0500068517886902
1.1797300612769952
1.0539691163855447
0.8678703309252936
0.8526690829310714
1.0339001913435302
1.1781854592979641
1.0699425526722113
0.8814556853041651
0.8421938637781727
1.0177671215686481
1.1742267416218382
1.0856720376784739
0.8959806660550438
0.8335147038209492
1.0016341024041147
1.1680043880931412
1.1009859734802143
0.9111855176268022
0.8268569877548974
0.9855016060918159
1.159717114207629
1.1156687186563279
0.9268461319247677
0.8224254212640106
0.96936754138555
1.1495866921817235
1.129466596527738
0.9427818152650216
0.8203831958498048
0.9532515284212437
1.1378536756357758
1.1421042427751291