0.48310344827586205
0.48310344827586205
0.47467103331977595
0.49553697565331695
0.472526085072347
0.5082798747925414
0.47627134057789433
0.5187468355800166
0.4844738284820903
0.5255789680307041
0.4959076214003967
0.5274675832644059
0.5089215116116419
0.5231028038821384
0.5203972803466342
0.512915750745812
0.5267948755850017
0.49998211766679196
0.5267864570708335
0.48780972163337966
0.521363408725464
0.4784548713045269
0.511926148382776
0.4731439198741095
0.4997054436206495
0.47328279711652715
0.48679239903860655
0.47982976286706747
0.476716989174828
0.49138766193073274
0.47250817016028807
0.5043938541318592
0.4745329220655843
0.5157651278689872
0.4814659486993661
0.5238759798815974
0.49200579561750074
0.5274967896677596
0.5047783472081769
0.5251971538764193
0.5171596846245026
0.5166310440983324
0.5254570147692574
0.5041476006669667
0.5274476172546068
0.49143582798954294
0.5235788050508485
0.48104246022314634
0.515285344301552
0.4743119637877843
0.5037899100109776
0.47256033936269604
0.49077015917136124
0.4770809028677122
0.4793787226268798
0.487377690421151
0.4731312555352809
0.5003297928062844
0.47328627974344334
0.5124527503262014
0.47882059527637066
0.5217245482872294
0.48833962195676434
0.5269225670900224
0.500607483506016
0.5266357225014595
0.5134978035373198
0.5199401893591783
0.5234596916336052
0.5083023751734133
0.5275124149627448
0.4953056938846437
0.5253523872487306
0.4839978016011709
0.5183192016614232
0.47597925256781237
0.5077071839379833
0.47248377883352566
0.49490647963865875
0.4749384127291495
0.48257960907180597
0.48363678582186576
0.4744187116400307
0.49616787551982877
0.4725820827726394
0.5088470733517307
0.476573564430618
0.5191661491092339
0.48495733872180685
0.5257942610157611
0.49651352051989095
0.5274080479577055
0.5095372704408125
0.522731918058954
0.5208421875457454
0.5123273342311818
0.5269388142838004
0.49935886411393565
0.5266378920257777
0.48728645312617
0.5209931328764017
0.4780983490108614
0.5113929853113316
0.4730141043424406
0.49907914144907817
0.4734495684967028
0.48621369809933657
0.4802928204096816
0.47636717885868723
0.4920083224363033
0.47247064619217705
0.5049937046715955
0.47476508284625346
0.5162373682411265
0.48189769866435594
0.5241629428819438
0.49258116289778703
0.5275321894070192
0.5054084943502831
0.5249222789152673
0.5176786193561216
0.516093114921639
0.525701778787901
0.5035166435061756
0.5273848356738347
0.4908714434076607
0.5232715695832917
0.48062735127344436
0.5147981376212005
0.47410237915169745
0.5031821187501926
0.47262726815230877
0.4901562551133181
0.47745870470639085
0.47894002881992853
0.4879691184767513
0.4729949093150842
0.5009518730905866
0.4734410052822693
0.5129726508888147
0.4791953907842298
0.5220764201196741
0.4888760115409497
0.5270460435644116
0.5012346403495219
0.5264613278962992
0.5140730396270555
0.5194712513053966
0.5238023753486875
0.5076802995235612
0.5275426621000887
0.4947079794723887
0.5251146886774237
0.4835293773932851
0.5178833649572018
0.4756974531545749
0.5071291880162482
0.4724553253139365
0.4942767808326714
0.475220757991507
0.4820656807468303
0.48417920021900124
0.4741815215037014
0.49679879513767294
0.4726516063495647
0.5094085999558098
0.4768857744976646
0.5195770237002352
0.4854482113679128
0.5259980939954022
0.49712313979958433
0.5273336995761113
0.5101492083489336
0.5223472586073439
0.5212745895944992
0.5117330082930648
0.527067580170759
0.49873803339068895
0.5264770506541918
0.4867699544964114
0.5206138496251689
0.4777511611770775
0.5108534060809247
0.4728970113958931
0.49845121292878947
0.473631589349823
0.48564203952579865
0.48076755112712244
0.47603166857366613
0.4926317050428621
0.4724476439083671
0.5055892250072442
0.4750082773108272
0.5167019467712882
0.4823375928690976
0.5244395397454711
0.493161738669087
0.5275536576358616
0.5060376442680822
0.524632490903631
0.5181874406197169
0.515546322669055
0.5259313810239522
0.5028858550529032
0.5273086124218076
0.49031281789968784
0.522954421540962
0.480220740985108
0.5143036297535041
0.47390434136969084
0.5025707368521793
0.4727090609175934
0.48954639521856164
0.4778501610990674
0.47851399487013774
0.4885662286356444
0.47287370991784416
0.5015713793019587
0.4736079178739799
0.5134857140898516
0.4795791301542164
0.5224188900645615
0.48941874289206605
0.5271567086443044
0.5018632562225842
0.5262716797158324
0.5146410084153856
0.5189908175252369
0.5241306677173735
0.5070557173671213
0.5275584525376175
0.49411470997820056
0.5248660398940367
0.4830686739368725
0.517439442443146
0.47542609818466075
0.506546082218707
0.47244088075343427
0.4936482814129098
0.4755179588857465
0.4815620658577202
0.4847302620740962
0.473959519008209
0.4974293600402787
0.4727344865591325
0.5099642821052239
0.47720782428061126
0.5199793395594967
0.4859463234173552
0.5261902928234478
0.49773621762494785
0.527244439000475
0.5107568779368413
0.5219490681938898
0.5216941811678174
0.5111332275153146
0.5271812285758474
0.49811992530337745
0.5263041113802992
0.486260359755177
0.5202256854831474
0.4774134433717099
0.5103075608212287
0.47279281835605386
0.4978219953481078
0.4738288639565223
0.4850778723265151
0.4812535966677195
0.4757106362612848
0.4932573801668592
0.4724390313274533
0.5061801880605917
0.4752623391727271
0.5171587458513222
0.48278551452749413
0.5247056131015223
0.4937473236150497
0.5275610408889362
0.5066653905549433
0.5243279093192775
0.5186857512241
0.5149911002849643
0.5261457740890317
0.5022556048331783
0.5272191183293945
0.489760120541868
0.5226275058649043
0.4798227498806667
0.5138019448843348
0.47371802544741537
0.5019560310916888
0.47280581131785937
0.48894102860494737
0.4782550203880275
0.4781009178518039
0.4891685665524529
0.47276759539820895
0.5021880169873205
0.4737868393921365
0.5139918077774762
0.47997168798591217
0.522751821112494
0.48996766313402984
0.5272543856706283
0.5024929885538166
0.5260667816000748
0.5152012627546563
0.5184992531741557
0.5244444001809888
0.506429054991421
0.5275599221867592
0.49352610781921613
0.5246066058495994
0.4826158084661224
0.5169875508010265
0.4751653465330826
0.5059580700792061
0.4724405956627294
0.49302139188438954
0.4758298866329419
0.4810691559855201
0.4852895351605833
0.47375274294192327
0.4980592057152257
0.4728305511409834
0.5105139540410594
0.4775395703860773
0.5203729753677346
0.48645154939524576
0.5263706817134572
0.4983524820173329
0.5271401782208098
0.511359828592174
0.5215376073739252
0.522100673585272
0.5105284457558975
0.527279827880385
0.49750482896921633
0.5261192519315392
0.48575779930499374
0.5198287647939929
0.4770853340724075
0.5097556052649063
0.47270170108127996
0.49719183652445575
0.4740413806138822
0.484521641517498
0.4817505852868569
0.4754042410926109
0.4938849249850831
0.4724446687969511
0.506766375997186
0.47552710485712846
0.5176076485263211
0.48324134697466975
0.5249610025945834
0.494337709894117
0.5275541917925727
0.5072913187453078
0.5240086722778599
0.5191731654379774
0.5144278870079515
0.5263449276787714
0.5016262522799156
0.5271165269325658
0.4892135138829303
0.5222909644141255
0.4794335001415074
0.5132932098848515
0.4735436078691036
0.5013382786903904
0.4729176015255035
0.4883406071499781
0.4786730132234024
0.47770107791745375
0.4897756791013302
0.4726764911208288
0.5028015023424834
0.4739775926052032
0.5144908031890092
0.48037294093549204
0.5230750732934405
0.490522613567916
0.5273388997277483
0.5031234843233456
0.5258466534514361
0.51575336003165
0.5179969363649606
0.524743422951016
0.5058007315947811
0.527547214253274
0.4929423863287585
0.5243365487060992
0.4821708977498795
0.5165278067680953
0.474915360008274
0.5053653638347919
0.47245461409428496
0.4923965305282372
0.476156393754574
0.4805873307775144
0.4858565774989361
0.47356121524802003
0.49868797786808133
0.47293962543399104
0.5110574563166466
0.4778808724728506
0.5207578080184773
0.48696376092612614
0.5265390835705462
0.49897165047765535
0.5270208410888957
0.5119576074065162
0.5211131541791258
0.5224937953468434
0.5099191151683928
0.5273634587896366
0.4968930229074464
0.5259226489510381
0.48526240037763374
0.519423209961415
0.4767669747623725
0.5091977011862402
0.47262383339853853
0.49656109462968756
0.47426911108947106
0.48397378703791183
0.48225813273083107
0.4751126234883893
0.49451392407786177
0.47246440974432286
0.5073475799003062
0.4758024136476231
0.5180485381219287
0.48370497331005546
0.5252055449947468
0.49493268078865804
0.5275329698013099
0.5079150068945129
0.5236749366375706
0.5196493099266761
0.5138571272871844
0.5265288280821846
0.5009981464969098
0.5270010138708054
0.4886731543763394
0.5219449360319623
0.47905311585951954
0.5127775547434428
0.4733812662488306
0.5007177674540556
0.4730445014799198
0.4877455845539131
0.4791038530140375
0.4773147377995883
0.4903871153364514
0.47260031049673096
0.5034115621001242
0.4741800015467735
0.5149825745153591
0.4807827674770232
0.5233885035934952
0.4910834292356827
0.5274100782268653
0.5037543802644672
0.5256113319566876
0.5162968632523127
0.5174842572593213
0.525027604950512
0.505171158671464
0.5275204784918109
0.4923637500940814
0.5240560277057662
0.48173405845768913
0.5160603275010617
0.4746763032258824
0.5047681847660577
0.4724830728990057
0.49177412279366095
0.4764973140052057
0.48011695703328255
0.48643094244145224
0.47338494154047855
0.49931533263084527
0.4730615329633706
0.5115946353620178
0.4782315931720484
0.521133712376741
0.487482826299306
0.5266953203573086
0.4995934298693658
0.526886364056624
0.512549760131402
0.5206760036283165
0.522873292592868
0.5093056852601721
0.5274322135881571
0.49628477517151676
0.5257144776442512
0.48477428746694645
0.5190091416981444