0.3310344827586207
0.3310344827586207
0.261550867104066
0.30527637651918127
0.3529115431153647
0.27333501081850264
0.28534310635293514
0.3594329074487148
0.28996909651372504
0.26962420921289104
0.34847517451168464
0.3114805322701822
0.2601548312240195
0.32411689450078
0.3376975766206285
0.26378265655189503
0.29954663397827885
0.3562629541081025
0.2773132972420849
0.28096608869691364
0.35825354181895475
0.2949097140253122
0.2662847534109937
0.34307104181929104
0.3181033256641713
0.25971758347492735
0.3172505478937303
0.34379924699693454
0.26668023928811235
0.29426755945228505
0.35846680952917764
0.2815052726752688
0.2767999565911874
0.3559032089686806
0.30024230899960536
0.26346126529279557
0.33688341960226204
0.32499111852894724
0.26027970813840023
0.3106741192622526
0.3490901478288786
0.2700736622439095
0.28937074808896934
0.3594978737682833
0.2859108158763649
0.2728512732211368
0.3524107309754152
0.3060318494443503
0.2613258705572428
0.33017069383040665
0.33189423564193926
0.26178918197160994
0.3045285344579461
0.35339507638094286
0.2738229247410454
0.2847793106024947
0.3593492284085111
0.2905724179284691
0.2691805927200258
0.34784476604850045
0.31229371462728905
0.2600452723094153
0.32324357854110924
0.33850274535833014
0.2641146026293579
0.2988581646518475
0.35660445055447987
0.27782995362449253
0.2804301897015531
0.35802167843675464
0.29555809792598675
0.2658974103810915
0.342330309533556
0.3189604371789496
0.25973355671215526
0.31640250060581554
0.3445144933828988
0.2670835461611627
0.2936314749251683
0.3586614555843418
0.28204778731054303
0.2762899909684731
0.35552529741972144
0.30094529633788764
0.2631507902324156
0.336060857328466
0.3258656716432208
0.2604197178167473
0.30987466750688814
0.3496893992052582
0.270528704661603
0.2887772236207119
0.35954412275594805
0.28648255415053364
0.2723718806641949
0.35189281985314536
0.3067949244337158
0.2611145025062349
0.3293035183887641
0.3327493030103645
0.26204049248975836
0.30378833118772947
0.35386116490338493
0.2743148590226413
0.2842193202966656
0.3592468428585894
0.29118086468829696
0.26874307008064485
0.34719922603078734
0.31311344918012973
0.25995119467559524
0.32237173075321923
0.339298359622589
0.26445674318499657
0.2981767830867975
0.35692762558236524
0.27834988078269235
0.27989754159356456
0.3577712500989328
0.29621286813047515
0.2655185400115104
0.34157750167970746
0.3198214600820979
0.25976547910083536
0.3155595546615497
0.34521636890964197
0.26749436062041443
0.29300129987345863
0.35883745815592033
0.28259368922150163
0.27578347407107634
0.35512931200145276
0.30165568990193026
0.26285159226465155
0.3352304882944525
0.32673995781369414
0.2605746537929755
0.30908234397620216
0.3502726582611908
0.2709890997016793
0.28818837780984835
0.35957165124011664
0.2870584423042437
0.2718970142175343
0.3513580040401044
0.3075655509827292
0.2609170590115525
0.3284336033273824
0.3335990381162203
0.2623044651928115
0.30305575469082086
0.35430965642591983
0.2748106708294069
0.2836630342947222
0.35912575881891057
0.2917945920185115
0.2683119085731408
0.34653887525148913
0.31393949325621673
0.259872739050579
0.321501890754372
0.34008387115668504
0.26480872032675007
0.2975023614489233
0.35723241530600597
0.2788730479483693
0.27936812245373127
0.35750229287885116
0.29687417820041706
0.2651484794845801
0.34081308977779956
0.3206859468011213
0.25981330253392576
0.31472205490541016
0.345904480798368
0.2679123780817553
0.29237687335817253
0.3589947990412824
0.28314304531781975
0.2752804939640323
0.3547153561802079
0.302373569513709
0.2625640301696879
0.33439292484623445
0.3276133660086734
0.26074428923001686
0.3082972910829038
0.35083967067379884
0.27145462124108954
0.2876040694806533
0.35958045737656386
0.287638607157607
0.27142686691359175
0.3508064925768279
0.30834365614350384
0.26073382050063554
0.3275615902118149
0.33444279951036104
0.2625807575745252
0.3023307740277349
0.35474041185098903
0.2753102308167312
0.283110359220639
0.3589859863794495
0.29241375751014387
0.2678873852497129
0.3458640521305265
0.314771578443977
0.25981002312749707
0.32063457629803394
0.340858750489439
0.265170179886326
0.2968347634048095
0.3575187639515137
0.2793994382935825
0.2788419230888657
0.357214848869738
0.29754217708840647
0.26478757263312885
0.34003756530669693
0.3215534251105795
0.2598769550155219
0.31389032012701135
0.3465784551708663
0.26833730309318593
0.29175803489645563
0.3591334631880126
0.283695932138768
0.27478115296184
0.35428354498127435
0.3030989995793244
0.2622884589086313
0.3335487913168993
0.3284852724342066
0.26092837791868184
0.30751962711227865
0.3513901978363969
0.27192505408609663
0.287024161961243
0.35957054058217114
0.2882231807953513
0.2709616433704498
0.35023850958576247
0.30912914387416246
0.2605650503674247
0.32668811264477926
0.3352799534890199
0.26286901987140215
0.30161334045159405
0.3551533047413131
0.2758134234448185
0.28256121007429646
0.3588275380143133
0.2930385205486332
0.26746978674359456
0.34517511315273025
0.3156094104245866
0.25976314118696175
0.3197702821207328
0.34162248754332053
0.26554077255386804
0.29617384549417863
0.35778662313046855
0.2799290485946455
0.2783189475186715
0.35690896687796736
0.298217007869473
0.2644361690841626
0.33925143950708453
0.3224233988804148
0.25995634086728386
0.31306464310442234
0.34723793662635627
0.2687688495842103
0.2911446251917622
0.3592534382731928
0.2842524351990424
0.2742855674308292
0.353834005577977
0.3038320278221809
0.26202522786417287
0.33269872193466876
0.3293550429436521
0.26112665541784524
0.3067494467191536
0.3519240165306182
0.2724001942959978
0.28644852346745986
0.35954190151383925
0.2888123001674792
0.27050155943858106
0.3496542945963285
0.3099218944718211
0.2604109937022485
0.32581379372834557
0.33610987637447676
0.2631688968472782
0.3009033886053718
0.35554822077444725
0.2763201472399761
0.28201551086898957
0.3586504289504582
0.2936690416655211
0.2670594090557269
0.34447243330561483
0.3164526688637547
0.25973216381275005
0.31890947900403543
0.3423745920201879
0.2659201548687408
0.2955194584560141
0.358035951125993
0.28046188881418405
0.27779921338936947
0.3565847031382482
0.29889880641177763
0.2640946232598755
0.3384552429835866
0.32329534902611345
0.26005134101816374
0.3122452907169248
0.3478825878029306
0.2692067410773033
0.2905364867780984
0.3593547143379434
0.2848126483521566
0.27379386752507656
0.35336687783503945
0.3045726840896592
0.2617746790559091
0.33184335853273955
0.3302220355812012
0.2613388403324515
0.30598682150112133
0.35244091860027266
0.2728798495372827
0.2858770275046655
0.35949454209226456
0.2894061067049258
0.27004684188003775
0.3490541028743371
0.3107217640782354
0.26027187616025477
0.32493924366507937
0.3369319565926182
0.26348002954962424
0.3002008377939509
0.3559250571502391
0.27683031498695637
0.2814731952871637
0.35845467759185035
0.29430548180179433
0.26665655730307125
0.3437564065019854
0.317301007371568
0.25971713768994514
0.3180526130387434
0.3431145935861094
0.26630799006697575
0.2948714484937502
0.3582667122006359
0.2809979816095285
0.27728275230500116
0.3562421220405185
0.2995877000013922
0.2637632932345665
0.3376495250832292
0.32416873467430957
0.26016181338773536
0.3114325041167507
0.34851208893962093
0.2696507108796654
0.2899334645870751
0.35943728347637804
0.28537667318082527
0.2733061968678835
0.3528823148046272
0.30532097924375984
0.26153714535771033
0.3309833480933862
0.3310856032211231
0.261564635721177
0.3052318006537792
0.3529407106178834
0.27336383946185866
0.28530955329584184
0.35942846557085917
0.290004745939225
0.2695977280821013
0.3484382057630619
0.3115285842520249
0.26014790297072776
0.32406505752875103
0.33774559652313324
0.26380205701112236
0.2995055933157236
0.3562837219558455
0.27734385384276783
0.2809342073412134
0.35824030599821044
0.29494800147807565
0.266261545407688
0.34302744596464474
0.3181540535468104
0.259718085476662
0.3172001050708612
0.34384204188369455
0.26670394879236575
0.2942296584643375
0.3584788759357894
0.2815373617802129
0.27676961006859646
0.3558812968572904
0.30028380594015036
0.2634425394505787
0.33683485303054994
0.3250429945547584
0.260287593374682
0.31062649895134864
0.34912613745252224
0.2701005022731687
0.28933540644838307
0.35950113957782925
0.2859446184225839
0.27282271219241894
0.3523804831761828
0.30607690414429595
0.26131294874514754
0.3301193401649006
0.33194509626060115
0.2618037306216417
0.3044844117143387
0.3534232135342173
0.2738519960999259
0.2847459862432481
0.35934367665084666
0.2906083671128903
0.26915446580504315
0.3478068910427139
0.31234216160055495
0.2600392580860148
0.32319181323058216
0.3385502141040453
0.2641346178716918
0.2988175478381968
0.35662413349459565
0.27786070536416513
0.28039850202656497
0.35800734041676735
0.29559675986876266
0.2658746957075217
0.34228598454927134
0.31901140912324466
0.25973500574347747
0.3163523503093391
0.34455650640086366
0.2671077096821282
0.2935939289821131
0.35867241661055405
0.28208007566744636
0.2762598468303222
0.35550231046126585
0.3009872301349738
0.2631327233031084
0.3360118108090379
0.32591754862057865
0.260428494462309
0.3098274656357788
0.34972444753097504
0.27055586871599724
0.2887421635388268
0.35954627812041207
0.28651659943356983
0.27234358295786765
0.3518615636857708
0.3068404287262325
0.2611023986002981
0.32925198419772417
0.3327998653175358
0.26205580167526077
0.30374466139992506
0.3538882622998122
0.2743441642538368
0.28418621842947506
0.3592401816441038
0.29121712276429174
0.2687173129606295
0.3471604633136401
0.31316227746354475
0.25994610346470204
0.32232006970113014
0.33934524417830436
0.2644773518983248
0.2981365828011788
0.3569462195855937
0.27838082544223824
0.279866045953629
0.357755811863831
0.29625191377928056
0.2654963384705162
0.34153247497888467