0.9387755102040816
0.9387755102040816
0.9865559892487559
1.0441234352127824
1.0684097530114636
1.0384029553490317
0.9796973501059804
0.9358423410130884
0.9423935795761035
0.9935460718096636
1.0493833594116624
1.0676161866013987
1.0322887040097273
0.9730388774805665
0.9336372274777983
0.9466454183878423
1.0005989414570258
1.054118076532793
1.0660415582758052
1.02584866819694
0.9666492873035772
0.932193689851195
0.951473655055927
1.0076459928768826
1.0582662971114887
1.063710296539286
1.019151398825067
0.9605970683529913
0.9315341980267381
0.9568163310906964
1.0146186155208248
1.0617715877942941
1.0606576646356054
1.0122656237720289
0.9549500562242801
0.931669160781293
0.9626083547567929
1.0214481410350373
1.0645840485184923
1.0569282919916816
1.0052600568848067
0.9497747471318039
0.9325964405750948
0.9687826806277617
1.0280658390632504
1.066662045933282
1.0525744897508076
0.9982033430399017
0.9451353167176261
0.9343014540713274
0.9752711885841907
1.0344030118087402
1.0679738438786794
1.0476545198505935
0.9911640840365378
0.9410923422339166
0.9367578458082193
0.98200527657544
1.0403912447589139
1.0684989604472404
1.0422309678030772
0.9842108972726499
0.9377012702428903
0.9399286521995229
0.9889162101305138
1.0459628733852502
1.0682290966857055
1.036369331664006
0.977412463361791
0.9350107198706548
0.943767818740707
0.9959352861062637
1.0510517176757002
1.0671685247510023
1.0301368928403332
0.9708375173312933
0.933060755020194
0.9482219040506865
1.002993870225416
1.0555941146260406
1.0653338872387088
1.0236018876162836
0.9645547317713595
0.9318812883383342
0.953231802927003
1.0100233624148884
1.059530243500854
1.0627534327452794
1.0168329592591647
0.9586324336247317
0.9314907867542536
0.9587343435916045
1.0169551369530072
1.0628056936694847
1.0594657811442332
1.0098988442621704
0.9531380952907504
0.9318954281125995
0.964663654203244
1.0237205010997343
1.0653731770471389
1.0555183625839069
1.0028682341106139
0.9481375508594195
0.9330888114737295
0.9709522411634817
1.0302507183815734
1.067194245510025
1.0509656987582678
0.995809753588156
0.9436939124456987
0.9350522572041172
0.9775317676766704
1.0364771494227039
1.0682408475304628
1.0458676919258856
0.988792002863767
0.9398661989224635
0.9377556594465591
0.9843335581471548
1.0423315693750703
1.0684965556712955
1.0402880606750151
0.9818836172793718
0.9367077353818529
0.941158787360759
0.9912888778978803
1.0477467204594821
1.067957321619258
1.034293019579247
0.9751533011547354
0.9342644290538367
0.945212885005211
0.998329047602682
1.0526571457171667
1.0666316663718587
1.0279502520886477
0.9686697884966369
0.9325730670886228
0.9498623999364827
1.0053854506545983
1.0570003235171022
1.0645402818223881
1.021328181115598
0.9625016764722903
0.9316598042304708
0.9550466780800824
1.0123894849685873
1.0607180831543725
1.0617150932863044
1.0144955066768464
0.9567170720471613
0.9315390064769353
0.9607014921454707
1.0192725045012487
1.0637582350312085
1.0581978961283203
1.0075209584777662
0.9513829944380077
0.9322125870802795
0.966760314389831
1.0259657943571956
1.0660763021542934
1.0540387219558864
1.0004732035930308
0.9465644907826775
0.9336699165683628
0.9731552924252145
1.0324006276470479
1.06763720226115
1.0492941048771764
0.9934208519436234
0.9423234513384072
0.9358883180351211
0.979817930401439
1.0385084594429008
1.0684167109911902
1.0440254065921737
0.9864325093136885
0.9387171514656817
0.9388340863098416
0.9866795108575827
1.0442213177530106
1.0684025430888784
1.0382973263741
0.9795768332755798
0.935796595085877
0.9424639089231283
0.9936713115816741
1.0494724473346184
1.067594922979094
1.0321766770642307
0.9729225477938434
0.9336047801480412
0.9467265288678199
1.0007246774764282
1.0541972450257968
1.066006574209378
1.025731460473478
0.9665383672015553
0.9321750415344261
0.9515644788652626
1.0077710036790881
1.0583344940730763
1.0636621290794732
1.0190302333815688
0.9604927730708899
0.9315296418021287
0.9569157326562268
1.0147416789959907
1.0618278624128843
1.0605970313443884
1.0121417245960234
0.954853583988245
0.9316787688772679
0.9627151542825115
1.0215680337915232
1.0646275820811224
1.0568560623259944
1.0051346468994615
0.9496872643285064
0.9326200609647889
0.9688956723862417
1.0281813370869697
1.0666921822624653
1.052491654160264
0.9980776440109542
0.9450579376790162
0.934338717604457
0.9753891538808119
1.0345128933835077
1.067990116386869
1.0475621594985676
0.991039317463647
0.9410261039813935
0.936808182989765
0.9821269919414107
1.0404942967148865
1.0685011128302353
1.0421302272848396
0.9840882854627239
0.9376471033750858
0.9399913175839706
0.9890404516831435
1.0460579017061766
1.0682170948079324
1.036261396313307
0.9772932299076965
0.9349694176186057
0.9438419201527918
0.9960608311499486
1.0511375632343363
1.0671425582562453
1.0300229713565883
0.9707228861406878
0.9330329431669969
0.9483064335763984
1.0031194971169857
1.05566967430068
1.0652943606842626
1.0234831999626373
0.9644459236582588
0.9318673990422351
0.9533256668319761
1.0101478495869542
1.059594496192654
1.0627009473618299
1.0167107291923607
0.9585306593902453
0.9314910391989681
0.9588363889131607
1.0170772618858477
1.0628577298896114
1.0594011094127047
1.0097742955164013
0.9530445442890941
0.9319098182940154
0.9647726905696273
1.023839040024888
1.065412229919291
1.0554424184993654
1.0027425891598647
0.9480533743496847
0.9331171123889025
0.9710670572499641
1.030364447593344
1.0672197204057279
1.0508795068328747
0.995684233982941
0.943620201587571
0.9350940294188516
0.9776511424641868
1.036584849205939
1.0682523472830905
1.0457723576964089
0.9886678302705787
0.939803958035755
0.9378102707329187
0.9844562676982644
1.0424320316247064
1.0684938985145411
1.0401847448423307
0.9817620144413014
0.9366578519468857
0.9412254390653468
0.9914136986601454
1.047838760962008
1.0679405496914238
1.034182917080031
0.9750354919804667
0.9342276427321331
0.9452906422116785
0.9984547573120331
1.052739621716248
1.066601043727828
1.0278345765507115
0.968556996379441
0.9325499406216752
0.9499502223881984
1.0055108278214782
1.057072156588008
1.0644962822025859
1.021208154421372
0.9623951198115355
0.9316506992719334
0.9551434491850676
1.0125133077979434
1.0607782866249622
1.0616583791501484
1.0143723528519573
0.9566179558999858
0.9315440671284565
0.9608060440678924
1.019393550021977
1.0638059443279049
1.0581292914265188
1.0073959008692017
0.95129249737187
0.9322317331271704
0.9668714480746905
1.0260828385663423
1.0661108056750335
1.0539591816299074
1.0003474642716954
0.946483746391175
0.9337028472593644
0.9732717922400311
1.0325124475900829
1.0676579698534812
1.049204684088782
0.9932956523709635
0.9422535245184518
0.9359345259328179
0.979938573773796
1.0386138382742256
1.0684234169929714
1.0439272322638418
0.9863090714402133
0.938659010362848
0.9388928795139526
0.9868030737523443
1.0443190538404103
1.0683950812597887
1.0381915728997044
0.9794563802983998
0.9357510804716721
0.9425344390704435
0.9937965708722504
1.0495613682887555
1.0675734115003093
1.0320645471967227
0.9728063037527858
0.9335725747383455
0.946807821883302
1.0008504112639829
1.0542762271005504
1.0659713501259174
1.0256141715747271
0.9664275544693324
0.9321566422232614
0.951655465505337
1.007895990496911
1.0584024867107897
1.0636137328800512
1.0189090085588903
0.9603886066794749
0.9315253378260996
0.9570152763691944
1.0148646967144321
1.061883916881675
1.0605361835572238
1.0120177878283179
0.9547572617423338
0.931688628470001
0.9628220746668108
1.0216878589968885
1.064670882301502
1.0567836348348865
1.0050092210859178
0.949599951880578
0.9326439281402095
0.9690087633854567
1.0282967457722794
1.0667220752109141
1.052408639289062
0.9979519509031054
0.9449807482189613
0.9343762194720041
0.9755071966565676
1.0346226639186178
1.0680061390622426
1.0474696397669179
0.9909145785667448
0.940960072899077
0.9368587466893521
0.9822487629891936
1.0405972161639363
1.0685030128094133
1.042029348196645
0.9839657231053593
0.9375931590954578
0.9400541947921
0.9891647271339864
1.0461527765205858
1.0682048419575108
1.0361533437541621
0.9771740677025336
0.9349283506470867
0.9439162163615797
0.9961863883318965
1.051223235083722
1.067116346154514
1.0299089543173405
0.9706083479789227
0.9330053760516804
0.9483911390890629
1.0032451143980354
1.0557450412832807
1.0652545975751113
1.0233644385269032
0.9643372302481438
0.931853760294072
0.9534196866395271
1.0102723053907605
1.0596585389304385
1.0626482377648585
1.0165884471406268
0.9584290212656859
0.9314915440871232
0.958938569211543
1.0171993336696417
1.0629095411617162
1.059336228596891
1.0096497165651714
0.9529511502876404
0.931924458810325
0.9648818404861488
1.0239575040036517
1.0654510456659525
1.0553662826980357
1.002616935760446
0.9479693748681611
0.9331456576258597
0.9711819652034268
1.0304780800887203
1.067244949311701
1.0507931422507315
0.9955587276779355
0.9435466864855581
0.9351360363136961
0.9777705873361926
1.036692430630344
1.0682635958857272
1.0456768710653876
0.9885436927386287
0.9397419298216141
0.9378651038479402
0.9845790255380173
1.0425323541760523
1.0684909889903897
1.040081297640137
0.9816404684493232
0.9366081957386166
0.9412922970504293
0.9915385459358182
1.0479306409952402
1.0679235281792256
1.0340727046961584
0.9749177614493899
0.9341910952852902
0.9453685880064312
0.9985804717806995
1.052821917405393
1.0665701781519565
1.0277188128370098
0.968444304662698
0.9325270612893618
0.9500382141322574
1.0056361879980895
1.0571437908907526
1.0644520498698544
1.0210880613405189
0.9622886851569493
0.9316418459515532
0.9552403691684326
1.0126370918723426
1.0608382747724256
1.0616014456478835
1.0142491544340422
0.9565189830233343
0.9315493799557676
0.9609107237396999
1.0195145349991206
1.0638534242029916
1.0580604833096792
1.007270820438636
0.9512021642175605
0.9322511278961402
0.966982687972478
1.0261998004365027
1.0661450686693164
1.0538794558901632
1.0002217238802622
0.9464031855517182
0.9337360193893186
0.9733883765372482
1.0326241634527826
1.0676784892747366
1.0491150974044254
0.9931704734790909
0.9421837994240156
0.9359809644860546
0.9800592798349014
1.0387190914616475
1.0684298709829865
1.0438289126006444
0.9861856760161644
0.9386010871629791
0.938951889546611
0.9869266775452322
1.0444166431027493
1.0683873675618123
1.0380856953075497
0.9793359915625965
0.9357057973876821
0.9426051697083951
0.9939218492940023
1.049650121917125
1.0675516522723203
1.0319523147934078
0.9726901457451032
0.9335406114068449
0.9468892970945354
1.0009761424324468
1.0543550224232003
1.0659358861974162
1.0254968018886068
0.9663168494924016
0.9321384920097657
0.951746614615176
1.0080209529428863
1.0584702747230013
1.0635651081702373
1.0187877247451491
0.9602845695589125
0.9315212861203728
0.957114961854865
1.014987668288243
1.0619397509411053
1.0604751215513755
1.0118938138566398
0.9546610898566643
0.9316987395098401
0.9629291155269633
1.0218076162629774
1.0647139489718602
1.0567110098337897
1.0048837798315142
0.949512810141639
0.932668041982674
0.9691219532387539
1.0284120647316883
1.0667517246312774
1.052325445481148
0.9978262641036115
0.9449037486665186
0.934413959491681
0.9756253165234264
1.0347323230292198
1.0680219118244523
1.047376961019435
0.9907898677333633
0.9408942492821598
0.9369095366689337
0.982370589330715
1.0407000027272229
1.0685046603751822
1.0419283309149427
0.9838432105885331
0.9375394376554466
0.9401172835394709
0.9892890360953945
1.046247497460658
1.0681923381960592
1.0360451743702057
0.977054977134433
0.9348875191541812
0.9439907070461405
0.9963119572648097
1.0513087328737962
1.0670898885757398
1.029794842109619
0.970493903233214
0.9329780538106233
0.9484760202407921
1.003370721681285
1.0558202152498497
1.0652145981036083
1.0232456036971862
0.9642286519251262
0.9318403721623676
0.9535138619832567
1.010396729438701
1.0597223714257356
1.0625953042009695
1.01646611349198
0.9583275196284261
0.9314923014161693
0.9590408841087432
1.0173213519163464
1.0629611272427544
1.0592711389881209
1.009525107796056
0.9528579136517189
0.931939349588028
0.9649911035683736
1.0240758926479467
1.065489624098968
1.0552899555060722
1.0024912742996286
0.9478855527611124
0.933174447043591
0.9712969646365284
1.030591615480821
1.0672699321027164
1.0507066053634266
0.9954332350604578
0.943473367458317
0.9351782776864672
0.9778901019045384
1.0367998933126474
1.0682745932817692
1.045581232401635
0.988419590655605
0.9396801145615052
0.9379201585367356
0.9847018312784579
1.042632536653353
1.06848782711353
1.039977719447855
0.9815189796915382
0.9365587669914205
0.9413593610180724
0.991663419337388
1.0480223601965397
1.0679062571679465
1.0339623828127666
0.9748001099494993
0.9341547868913016
0.9454467220583613
0.9987061906214254
1.0529040324423817
1.066539069796148
1.027602961335138
0.968331713732888
0.9325044292055951
0.9501263748136094
1.0057615307970673
1.0572152261122931
1.0644075850359613
1.0209679022612037
0.9621823728908497
0.9316332443139362
0.9553374376591437
1.0127608368040166
1.0608980473225933
1.0615442930423993
1.0141259118109855
0.9564201537911807
0.9315549449320616
0.9610155307802031
1.0196354590445367
1.063900674431034
1.057991472082053
1.0071457175735192
0.9511119953348152
0.9322707712902379
0.9670940336974463
1.0263166795798064
1.0661790909695341
1.0537995450724478
1.000095982805983
0.9463228086022308
0.933769432795623
0.9735050449290698
1.0327357748491457
1.067698760422472
1.0490253451823899
0.9930453156554275
0.9421142763622474
0.9360276334737341
0.9801800481965977
1.0388242186239223
1.0684360729286881
1.0437304479756544
0.9860623234293903
0.9385433821326619
0.9390111161372067
0.9870503218484367
1.0445140851680061
1.0683794020338404
1.0379796939794643
0.9792156674563339
0.935660746050134
0.9426761005266983
0.9940471464595363
1.0497387078631162
1.0675296454036154
1.0318399802405542
0.9725740741584934
0.933508890310546
0.946970954161301
1.0011018705945631
1.0544336306603814
1.065900182596968
1.0253793518030654
0.9662062526562044
0.9321205909847768
0.9518379258334848
1.0081458906295269
1.0585378578087394
1.0635162551801984
1.0186663823284763
0.9601806620892476
0.9315174867053939
0.9572147887382997
1.0151105933294937
1.0619953643324505
1.060413845604886
1.0117698030687245
0.9545650687011324
0.9317091019458685
0.9630362764801261
1.0219273052016222
1.0647567818854282
1.0566381876387374
1.0047583235236008
0.949425839464957
0.9326924023723058
0.9692352415594219
1.0285272935777183
1.0667811303773451
1.052242073080906
0.9977005839997475
0.9448269393502359
0.9344519374801258
0.9757435130933314
1.0348418703305216
1.0680374345943857
1.0472841236202075
0.990665185351061
0.9408286334251514
0.9369605526895437
0.9824924705778881
1.0408026560260375
1.0685060555192245
1.0418271758163697
0.9837207483002488
0.9374859393056324
0.9401805835408962
0.9894133781797073
1.046342064158812
1.0681795835864507
1.0359368885451772
0.9769359585915385
0.9348469233369475
0.944065391884972
0.9964375375613759
1.0513940562548738
1.0670631856510298
1.0296806351205032
0.9703795522907601
0.9329509765790448
0.9485610766832875
1.0034963185794357
1.055895195876932
1.0651743624631556
1.023126695861612
0.9641201890732475
0.9318272347143987
0.9536081924964906
1.0105211213431455
1.0597859933907874
1.0625421469176566
1.016343728634447
0.9582261548556895
0.9314933111822821
0.9591433332265851
1.0174433162378969
1.0630124878905722
1.05920584087844
1.0094004695966408
0.952764834746398
0.9319544905523793
0.9651004794317734
1.0241942055696858
1.0655279650312328
1.0552134372501707
1.0023656051646963
0.9478019083744001
0.9332034804999321
0.9714120551618859
1.0307050533827906
1.0672946686547224
1.0506198965229285
0.995307756517841
0.9434002448239364
0.9352207533339616
0.9780096857810628
1.0369072368696641
1.0682853394158676
1.045485442074211
0.9882955244092112
0.9396185125361457
0.9379754345435619
0.9848246845316313
1.0427325786810264
1.0684844128999227
1.0398740106450506
0.9813975485560599
0.9365095659387502
0.941426630669663
0.9917883184773437
1.0481139182035557
1.0678887367440995
1.0338519518150684
0.9746825378687877
0.9341187177270865
0.9455250440358538
0.9988319134469479
1.0529859664854249
1.0665077188134384
1.0274870224327204
0.9682192239764515
0.9324820444830949
0.9502147040768522
1.0058868558310332
1.057286461940184
1.0643628879136633
1.0208476775715973
0.9620761833954564
0.9316248944024319
0.9554346542859432
1.0128845422051813
1.06095760400207
1.0614869215974074
1.014002625370669
0.9563214685773097
0.9315607620292657
0.9611204648085837
1.019756321770074
1.0639476947875461
1.057922258048535
1.007020592661297
0.9510219910830586
0.9322906632113016
0.9672054848637909
1.0264334756083948
1.0662128724091748
1.0537194495130293
0.9999702414361117
0.9462426158801764
0.9338030873145691
0.9736217970276827
1.0328472813932206
1.0677187831954489
1.048935427781282
0.9929201792874036
0.9420449556396668
0.9360745326737999
0.9803008784707304
1.03892921937992
1.068442022798789
1.043631838762144
0.9859390140677506
0.9384858955376799
0.9390705590143446
0.9871740062741574
1.0446113796643686
1.0683711847160193
1.037873569297384
0.9790954083677798
0.9356159266742824
0.9427472312144599
0.9941724619814645
1.0498271257704508
1.0675073910038753
1.0317275439244749
0.9724580893806356
0.933477411605341
0.9470527927429402
1.0012275953630765
1.0545120514792161
1.0658642394987454
1.0252618217060558
0.966095764346116
0.9321029392379142
0.9519293987986768
1.008270803169346
1.0586052356676972
1.0634671741410282
1.0185449816969885
0.9600768846503878
0.9315139396003433
0.9573147566443854
1.015233471450255
1.0620507567978275
1.0603523559965509
1.0116457558522876
0.9544691986453945
0.9317197157259175
0.9631435571433695
1.022046925424665
1.0647993808364447
1.0565651685663389
1.00463285254951
0.9493390402034284
0.9327170091880496
0.9693486279607217
1.028642431922928
1.066810292304051
1.0521585224331294
0.9975749109787749
0.9447503205981325
0.9344901532529206
0.9758617859782335
1.0349513054378174
1.068052707294166
1.0471911279335893
0.990540531807386
0.9407632256218597
0.937011794511318
0.9826144063426508
1.0409051756818333
1.0685071982344934
1.0417258832777148
0.9835983366284997
0.9374326642957195
0.9402440945104678
0.9895377529992916
1.0464364762477323
1.0681665781928036
1.035828486662887
0.9768170124619737
0.9348065633914074
0.9441402705560263
0.9965631288343033
1.0514792048776684
1.0670362375126528
1.0295663337370913
0.9702652955387125
0.9329241444909998
0.9486463080678671
1.0036219047052006
1.0559699828416305
1.0651338908481875
1.0230077154082946
0.9640118420764507
0.9318143480161948
0.9537026778123101
1.0106454807164733
1.0598494045385698
1.062488766163283
1.0162212929560297
0.9581249273245207
0.9314945733803648
0.9592459161867557
1.01756522624624
1.063063622863922
1.059140334560583
1.0092758023544819
0.9526719139364576
0.9319698816273995
0.9652099676917631
1.0243124423808088
1.0655660682767056
1.0551367282575437
1.002239928742911
0.947718442053458
0.933232757851573
0.9715272363921053