0.5862068965517241
0.5862068965517241
0.6518492523915769
0.5248836622566742
0.6517870291012321
0.5867858625842077
0.5855757184962552
0.6518213370579824
0.5248063738012317
0.6516577928497589
0.5871022878812056
0.5851213974240441
0.6517145496097161
0.5246775783745866
0.651509969607507
0.5870412181974268
0.5850085636006641
0.6515689014334686
0.5245424263545595
0.6513976466813105
0.5866247431223891
0.585278202322407
0.6514370265855312
0.5244511996970987
0.6513604049416554
0.586004078714701
0.5858327830552432
0.6513654322374776
0.5244394967760784
0.6514105850104828
0.5854048165718725
0.5864710174786323
0.6513793576555338
0.5245119801525958
0.6515303125893732
0.5850445931460888
0.5869609253384853
0.6514746008779345
0.5246401219066158
0.6516775062179485
0.585053849794188
0.5871245597431028
0.6516179834969617
0.5247755464078111
0.651799393437536
0.585429069852206
0.5869025958492763
0.6517575184855476
0.5248700228338404
0.6518507837873818
0.5860343084527786
0.5863756834086514
0.6518411441748168
0.5248916885302903
0.6518116520421497
0.5866500070406789
0.585735250117939
0.6518375356643447
0.524833445276711
0.651696256284485
0.587052522570106
0.585213813762629
0.6517487731406097
0.5247145520211349
0.6515479353472935
0.5870956257438267
0.5850003875843164
0.651608501169019
0.5245760626625328
0.6514214037188049
0.5867635950501396
0.5851723435928667
0.6514678542827396
0.5244687091105584
0.6513617340778022
0.5861769343768699
0.5856675824992713
0.6513766769311604
0.5244339439586615
0.6513892015611251
0.5855488439106399
0.586306487114517
0.6513669871682328
0.5244855849960339
0.6514937290921367
0.58510753126082
0.5868568681896275
0.6514427475837995
0.5246031761620038
0.6516386309096479
0.585012952619114
0.5871187482043762
0.6515779044614571
0.524741726274641
0.6517723185825147
0.5852991750784055
0.5869971182650051
0.6517239327253521
0.5248510921740874
0.6518457122708256
0.5858624843863657
0.5865362029024238
0.6518266701292446
0.524893913392899
0.6518307105176179
0.5864986243098724
0.5859034511357081
0.6518475278963668
0.5248561011672146
0.6517323258732193
0.5869765803849298
0.5853286618890128
0.6517792537317574
0.5247500804936307
0.6515875003693516
0.5871227116979609
0.585020276199171
0.6516480834509543
0.5246119522386141
0.6514500339818727
0.5868838996477469
0.5850900315325313
0.651502284033775
0.5244915143003877
0.6513694005159487
0.5863467725639577
0.585512848701317
0.651393845953829
0.5244347049148053
0.651373421118107
0.5857064782437877
0.5861355084614542
0.6513608330044904
0.5244639972165157
0.6514600878155686
0.5851957228630864
0.5867317971393904
0.6514152265341595
0.5245677394715881
0.6515989496882391
0.5849997862313719
0.587085005294458
0.6515386292842725
0.5247057653373415
0.651740858942866
0.585189460950888
0.5870669293480311
0.6516871950394306
0.5248273212221268
0.651834195618665
0.5856959673393074
0.5866842070036202
0.6518062210858027
0.5248902848124543
0.6518436841807285
0.5863357207012916
0.5860758762414965
0.6518510205804735
0.5248737969776601
0.6517650131010728
0.5868764701433811
0.5854629129076913
0.6518051592732756
0.5247832562914628
0.651627613199006
0.5871217619293649
0.5850677018817187
0.6516866112865063
0.5246491120786879
0.6514828105873962
0.5869824757120434
0.5850334334457755
0.651539437374427
0.5245189561641856
0.6513832259955905
0.5865090956897031
0.585372673449898
0.6514164993812542
0.5244417571911593
0.6513636491380383
0.5858735502913499
0.5859626093938257
0.6513610352790946
0.5244478422516159
0.6514302462907704
0.5853068450186444
0.5865890198696655
0.6513927341857757
0.5245347864667378
0.651559499839141
0.5850147013058
0.5870242210585734
0.6515011990150941
0.5246685862701526
0.6517058707991913
0.5851028207690986
0.5871101824607264
0.6516483110169995
0.5247992830515356
0.651816568606463
0.5855391574803097
0.586815778855508
0.6517803565998823
0.5248808876835499
0.6518502246176752
0.5861656072371833
0.5862479660027672
0.6518478997011755
0.524886112224614
0.6517934188618459
0.5867548402463209
0.5856130246932258
0.6518257732066658
0.5248132472834878
0.6516671968661618
0.5870928030395666
0.5851414125126286
0.6517230653598236
0.5246865424669064
0.6515188904640876
0.5870567180883374
0.5850040369746474
0.6515783615322905
0.5245502507240218
0.6514028754535824
0.5866596060464494
0.5852507601692261
0.6514440605624094
0.5244548930617455
0.6513601422244225
0.5860456382737349
0.585792368379971
0.6513675749131127
0.524437592172488
0.6514049631790748
0.5854379669090682
0.5864323142975498
0.6513758316355659
0.5245052384481459
0.6515213038176701
0.5850573092734115
0.5869380003968985
0.6514665945466597
0.524631161191197
0.6516682952363305
0.5850415391951619
0.5871257331721872
0.6516083382414296
0.5247676633751108
0.6517933308171524
0.585396195871886
0.5869274368413553
0.6517497881437748
0.5248659426868106
0.6518501650287957
0.5859927848665698
0.5864151679211496
0.6518382359063075
0.5248927567646346
0.6518167610981668
0.5866149089579178
0.5857750343595706
0.6518405167049232
0.5248393139343397
0.6517051790837168
0.5870366016807522
0.5852394640584935
0.6517564708778311
0.5247232550371086
0.6515573339681824
0.5871046658712885
0.5850026122232469
0.651618051682204
0.5245845161240826
0.6514278627932821
0.586794320145223
0.5851503263043356
0.6514758290943958
0.5244737273590743
0.6513630016715726
0.5862181857562608
0.5856292921827536
0.6513802753714972
0.5244335482894984
0.6513848812148197
0.5855856261854714
0.5862658286815454
0.6513649333513929
0.5244799337752398
0.6514853443402248
0.5851264916905883
0.586828621247134
0.6514357117961924
0.5245944872966593
0.6516291317992666
0.5850072330141631
0.5871131691195174
0.6515683551018563
0.5247332481630825
0.6517651298387448
0.5852708555471876
0.5870162268011453
0.6517153572696952
0.524845803237966
0.6518435238183147
0.5858218246148856
0.5865730575839502
0.6518222840881295
0.5248935749029183
0.6518343989000043
0.5864603793313328
0.5859446622242049
0.651848967544316
0.5248608232945517
0.6517405233802046
0.5869546445843717
0.5853592709940019
0.6517859242780748
0.5247582985696163
0.651597128014133
0.5871250535646165
0.5850291925493877
0.6516574750484561
0.524620801711393
0.651457560241022
0.586909674286746
0.5850740191392367
0.651510996522616
0.5244977118076232
0.6513721700842352
0.5863866233250379
0.5854776955968445
0.6513988075348558
0.5244358298580065
0.6513705127977266
0.5857459198940929
0.5860939714670426
0.6513602995564792
0.5244595996097157
0.6514525411245706
0.5852204284794417
0.5866989750638012
0.6514093402283856
0.5245595598838925
0.651589411630509
0.5850008091385668
0.5870728207336688
0.651529429986097
0.5246969081155626
0.6517327406901682
0.5851664427652026
0.5870797999718638
0.651678009668924
0.5248209503459182
0.6518305021253803
0.5856572460508963
0.5867174564961296
0.6518004768515516
0.5248885475099878
0.6518458520257101
0.586295340967901
0.586117424642329
0.6518508747896208
0.524877259956338
0.6517722600521526
0.5868490997031356
0.5854976733810653
0.6518106190443332
0.5247907819223873
0.6516372123364673
0.5871173440272415
0.5850830743170733
0.6516955964529626
0.5246581178143312
0.6514912114057541
0.5870026185835173
0.5850238471211746
0.6515486646103691
0.5245261550032266
0.6513874311898825
0.5865464906230708
0.5853415866431584
0.6514226975964282
0.5244443695673022
0.6513622283720789
0.5859146076662989
0.5859212938254645
0.6513620321326219
0.5244448264213887
0.6514237296405101
0.5853366445432416
0.5865524909726572
0.6513881450073724
0.5245273434958416
0.6515501707984663
0.5850224407998554
0.587005752635315
0.6514925919187032
0.524659579850355
0.6516970423742254
0.5850857108831391
0.587116474692409
0.6516387662459433
0.524791985116406
0.651811475620573
0.5855033974774266
0.5868445432735501
0.6517734119872611
0.5248777922774847
0.6518508150387038
0.5861241612424425
0.5862887527386845
0.6518461685064977
0.5248882342614758
0.6517995157068044
0.5867227593233506
0.5856510190924051
0.6518298697939613
0.5248198937627978
0.6516765082823969
0.587081742452457
0.5851628355077126
0.6517314048200132
0.5246954649557466
0.6515279480870483
0.5870706970586045
0.5850011282629736
0.6515878659727152
0.524558246886437
0.6514084129796285
0.5866935552805266
0.5852245604291447
0.651451337884279
0.5244589160896054
0.6513602477028979
0.5860872244147496
0.5857523681405168
0.6513700738928597
0.5244360466277799
0.6513996421570045
0.5854720738098833
0.5863930454160545
0.651372652890783
0.5244987421807307
0.6515124244289172
0.5850715625033558
0.5869137359270047
0.6514588035224174
0.5246222438425747
0.651658992457475
0.5850307888789488
0.5871252804025848
0.6515986924338844
0.5247596185944823
0.6517869811358064
0.5853643411379843
0.5869509551078161
0.6517418343844611
0.5248615621295967
0.6518491655388436
0.5859513689985353
0.5864541137996514
0.6518349638759054
0.5248934880714811
0.651821540155409
0.5865789664819264
0.5858152592614186
0.6518431337457791
0.5248449190048817
0.6517139493152793
0.5870191910386133
0.5852663727160694
0.6517639400528346
0.5247318614398446
0.651566810759458
0.5871121118822501
0.5850064567030386
0.6516275868077582
0.5245930863699392
0.651434594326467
0.586823925421432
0.585129704545761
0.6514840005030739
0.5244790435323806
0.651364634149056
0.5862591994099636
0.5855916658798462
0.6513842110828993
0.524433518583405
0.6513808913069604
0.5856231392710401
0.5862248595436523
0.6513632418486354
0.524474570080571
0.6514771421550398
0.5851468839538898
0.5867992020196677
0.6514289369654965
0.5245858993793409
0.6516196005317763
0.5850031261484344
0.5871059829480081
0.651558866992573
0.5247246586468118
0.651757698875918
0.5852437464955009
0.5870338767574883
0.6517066131148628
0.5248402416899043
0.6518409662819757
0.5857815339819213
0.5866091319375274
0.6518175593126736
0.5248928983801127
0.6518377294990619
0.5864215265114433
0.5859860546310713
0.6518500286638387
0.5248652520477887
0.6517485122123372
0.5869313444266911
0.585390955691182
0.6517923195993083
0.5247663685050108
0.6516067724984188
0.5871257702467341
0.5850396880410492
0.6516667913860337
0.5246297107103124
0.6514653152227919
0.5869341526992328
0.5850595184405667
0.6515198536674183
0.5245041672191751
0.6513752920385599
0.5864259783618391
0.5854434383369098
0.6514040789890985
0.5244373168673684
0.6513679563379122
0.5857858470829259
0.5860523870200097
0.6513601343065109
0.5244555237092702
0.6514452253107276
0.5852464227724299
0.5866651790476729
0.651403753337574
0.524551537054412
0.6515799013364285
0.5850034548071208
0.5870590906634714
0.6515203514578091
0.524687993652
0.6517244310713164
0.5851447943113118
0.5870911147482417
0.6516687146669891
0.5248143416002222
0.6518264612935096
0.585619145412772
0.586749704623942
0.6517944284706295
0.524886478975149
0.6518476444197387
0.5862546060127727
0.586158890087924
0.6518503464147509
0.5248804070433586
0.6517792477924323
0.5868205264147333
0.5855332982071233
0.6518157639312901
0.524798112507117
0.6516467659133373
0.587111312808799
0.5850999436449446
0.6517044478766769
0.5246671252594856
0.6514997907401033
0.5870213231742811
0.5850158487205278
0.6515579805603361
0.5245335648628371
0.6513919672674707
0.5865831450225583
0.585311603625438
0.6514291705473048
0.5244473294594524
0.6513611721778249
0.585955892307443
0.5858801952839982
0.6513633938718774
0.5244421573303555
0.651417486209505
0.5853675554029112
0.5865152123550282
0.6513838856960498
0.5245201096001169
0.6515409282273344
0.5850317703509701
0.5869858411428744
0.651484161265306
0.5246505728968903
0.651688077975832
0.5850700938672658
0.5871211549396425
0.6516291734837578
0.5247844904135373
0.6518060663638702
0.585468493088106
0.5868721118165217
0.6517662063283898
0.5248743802540465
0.6518510229341439
0.5860826219851575
0.5863291943363416
0.6518440613846492
0.5248900254903455
0.6518053099338689
0.5866896689189134
0.5856896436548262
0.6518336200852765
0.5248263038603678
0.6516857124340674
0.5870691230455576
0.5851856337361281
0.6517395549985651
0.5247043323750284
0.6515371287322549
0.5870831337620107
0.5849998418362716
0.6515974004979651
0.5245664019235516
0.6514142512625131
0.5867265388680113
0.5851996430644203
0.6514588478526662
0.5244632619783142
0.6513607214222037
0.5861287734381397
0.5857128435693988
0.6513729253946822
0.5244348627792006
0.6513946297785449
0.5855070851482824
0.5863532709744641
0.6513698258605353
0.5244925021083126
0.6515036875817574
0.5850873311642161
0.5868881690211815
0.651451239377463
0.5246133837655693
0.6516496121023677
0.5850216152651874
0.5871232021052167
0.6515890610417021
0.5247514237510766
0.651780354543248
0.5853335542599312
0.5869731146624347
0.6517336698648468
0.5248568871815589
0.6518477871635028
0.5859101241919712
0.586492461427867
0.6518313331795736
0.5248938814627888
0.6518259816535841
0.5865422346327082
0.5858558633380547
0.6518453823655999
0.5248502526912681
0.6517225530805201
0.5870003172814635
0.5852944986911937
0.6517711688881603
0.5247403584857879
0.651576351175107
0.587117952418781
0.5850119151131877
0.6516370921171374
0.5246017597841219
0.6514415884567455
0.5868523655947891
0.5851105097279757
0.6514923564609392
0.5244846487215598
0.6513666293424278
0.586299912513322
0.5855547611494862
0.6513884782255572
0.5244338548911459
0.6513772377551169
0.5856613257834014
0.5861836424570954
0.6513619149138513
0.5244695028969921
0.6514691346316798
0.5851686769912714
0.5867686555056312
0.651422433022047
0.5245774260448229
0.6516100515351211
0.5850006383317552
0.5870972006506322
0.6515494547032432
0.5247159704350226
0.6517500374169772
0.5852178892736485
0.5870500411300981
0.6516977141209779
0.5248344152624782
0.6518380439891628
0.5857416740748496
0.5866443707411698
0.6518125032745694
0.524891884738445
0.6518406971229748
0.586382125324262
0.5860275650501665
0.6518507093100991
0.5248693813388545
0.6517562796579253
0.5869067155641392
0.5854236676315688
0.6517984294782567
0.5247742785698759
0.6516164188626548
0.5871248606701116
0.5850517466423265
0.6516760182276697
0.5246386653335513
0.6514732874142712
0.5869572974649194
0.5850465514862534
0.651528842345453
0.5245108698394932
0.6513787620236967
0.586464777401431
0.5854101292793956
0.6514096525539683
0.5244391634052461
0.6513657556029644
0.5858261986909681
0.5860108188177222
0.6513603372956646
0.5244517764048782
0.6514381511298598
0.5852736660951624
0.5866304608120921
0.6513984739347234
0.5245436839364
0.6515704330761221
0.5850077192670486
0.5870438360493894
0.6515114074816326
0.5246790353905606
0.6517159430374415
0.5851245486061292
0.5871008563628327
0.6516593246762706
0.5248075043050187
0.6518220797713412
0.5855817236276655
0.5867809020272189
0.6517880855669118
0.5248840820117633
0.6518490586858484
0.5862135781804076
0.5862002091317963
0.6518494360757099
0.5248832339515184
0.6517859651880503
0.5867907940071462
0.5855697329930963
0.6518205855916881
0.5248052375745409
0.6516562589735997
0.587103677511718
0.5851182841306081
0.6517131518870128
0.5246761206206334
0.6515085356914505
0.5870385609076132
0.5850094503704482
0.6515673713318885
0.5245411736319453
0.6513968277586956
0.5866190027714183
0.5852827701722453
0.6514359087232178
0.5244506318376041
0.6513604822707731
0.5859973409885793
0.5858393767060684
0.6513651183432331
0.524439839519191
0.6514115251725019
0.5853995303946463
0.5864772410939723
0.6513799623041318
0.5245130966373832
0.6515317858891447
0.585042675802551
0.5869645170056139
0.6514759196986879
0.5246415792554425
0.651678991418529
0.5850559935491786
0.5871242160294426
0.6516195477216579
0.5247768096848919
0.6518003495794634
0.5854344975985099
0.5868984422947565
0.6517587511040664
0.5248706562687121
0.6518508482035402
0.5860410530197107
0.5863692288972838
0.6518415815264559
0.5248914834855503
0.6518107923307357
0.5866556196835074
0.5857288393696932
0.6518370178832222
0.5248324685637423
0.6516947948013262
0.5870549641280799
0.5852097724276225
0.6517475031626813
0.524713131403297
0.6515464184294217
0.5870940092109904
0.5850001795945687
0.6516069507774962
0.5245747027115018
0.6514203818406273
0.5867585063364278
0.5851760460693747
0.6514665794216336
0.5244679233936308
0.6513615628959228
0.5861702216993249
0.5856738551622739
0.6513761251320124
0.5244340426480576
0.6513899334320848
0.5855429474033003
0.5863130518912358
0.6513673544641136
0.5244865285953195
0.6514951062061815
0.5851045912688717
0.5868613387683215
0.6514439133120322
0.5246045948369326
0.6516401684755913
0.5850140323740805
0.5871195014349363
0.6515794589739811
0.5247430908000329
0.6517734615971761
0.5853038822120177
0.5869938815993024
0.6517253075681624
0.5248519242831875
0.651846032355657
0.585869113520559
0.5865301521041596
0.6518273495002554
0.5248939364072363
0.6518300785836647
0.5865047696391172
0.5858967845154135
0.651847258725843
0.5248553075968128
0.6517309767283676
0.5869800092858786
0.5853237990795852
0.651778145950606
0.5247487336500527
0.6515859405330389
0.5871221785766909
0.5850189790870541
0.651646553194342
0.5246105226448085
0.6514488349043253
0.5868795971694043
0.5850927710775821
0.6515008846356383
0.5244905335570037
0.6513689845542483
0.5863402627036555
0.5855186344356063
0.6513930704838652
0.5244345566380488
0.6513739259944946
0.5857001272974823
0.5861422405589216
0.6513609542700461
0.5244647407331846
0.6514613335674132
0.5851918375980223
0.5867370284340194
0.651416209467638
0.5245690808020762
0.6516004992321417
0.5849997734098265
0.5870868356278585
0.6515401326485826
0.5247071964415425
0.651742157512375
0.5851933233199879
0.5870646951878599
0.6516886743753358
0.5248283320825499
0.6518347618421403
0.5857023058135848
0.5866787200527164
0.6518071239858622
0.52489053534799
0.6518432971739211
0.5863422360816859
0.586069129987169
0.6518510081493842
0.5248732055052
0.6517638133501904
0.5868807956836487
0.5854573568922826
0.6518042441208842
0.5247820173160692
0.651626052109244
0.5871223262455965
0.5850653499424552
0.651685141439007
0.5246476516702991
0.6514814649434051
0.5869790732072827
0.5850351379836408
0.6515379492201367
0.5245178085975506
0.6513825751679263
0.5865029610266739
0.5853778193204903
0.6514155200294851
0.524441366322817
0.6513639139480697
0.5858669129410369
0.5859693305300966
0.6513609080344074
0.5244483640421086
0.6514313289786584
0.5853021168829886
0.5865948734959073
0.6513935096203184
0.5245360132574234
0.6515610210290734
0.5850135960825352
0.587027080188901
0.6515026115966817
0.5246700469036152
0.6517072897809002
0.5851057365282593
0.587109009906454
0.6516498544629111
0.524800448138603
0.6518173647333301
0.5855450378523752
0.5868110009562008
0.6517814582398186
0.5248813598730304
0.6518500927636899
0.5861723202594624
0.5862413185459893
0.6518481450126428
0.524885736836413
0.6517924015375451
0.5867599479853244
0.5856069221010962
0.6518250761756885
0.5248121469874241
0.6516656766262725
0.5870944498254032
0.5851380677985037
0.6517216950048826
0.5246850901858355
0.6515174330729027
0.5870543054518101
0.5850046617583805
0.6515768228961754
0.5245489689186251
0.651402005702238
0.5866540089784084
0.5852551302914809
0.6514429022238295
0.5244542710977143
0.6513601598406221
0.5860388902276392