0.08
0.08000000000000006
-0.03501021787895503
-0.10159971990196781
-0.018464035098406037
0.09001706689398177
0.06763534360410337
-0.05074888637650596
-0.09817558234330567
-0.0015139309202619605
0.09721973972744487
0.053429428722852015
-0.06522924078252425
-0.09151578124319444
0.015468581717875157
0.10123810541431945
0.037880163447458357
-0.07795861850610963
-0.08196705485378493
0.0321148668997699
0.10185257368387994
0.02144680378961175
-0.08842911472577475
-0.06998325477494627
0.048028671070696125
0.09902870416164741
0.004540775853494425
-0.09616282127917038
-0.056067601051815984
0.06276781863448647
0.09292287410995409
-0.01246257203316195
-0.10076837907249737
-0.04072228388695443
0.07584574023846624
0.08385699103354154
-0.02919647956777932
-0.10199621150065938
-0.024414724832610674
0.08675440586414906
0.07227009053808722
-0.04527143451160792
-0.09977762197168263
-0.007564566953681295
0.0950066253720129
0.058660664197754835
-0.06025393110581773
-0.09423606996932533
0.009448104637521965
0.10019137980920372
0.04353410814760202
-0.07366422305193379
-0.08566706452629141
0.02625737564281215
0.1020303741617621
0.027365596423775757
-0.08499550810800537
-0.07449296325250399
0.04247978049819408
0.10042102196097522
0.010583258010006258
-0.09375309482212035
-0.06120584081350991
0.05769040744428168
0.09545321190720465
-0.006427253560918458
-0.09950813213134695
-0.04631311387506657
0.0714169433534664
0.0873945898033938
-0.02329982762781213
-0.10195499996041639
-0.030297174208573363
0.08315506511848575
0.07664898951530068
-0.0396562630604015
-0.10095776658083307
-0.013594787496876384
0.09240430738855507
0.06370031997128406
-0.05508004652423386
-0.09657227179627703
0.003402073871735689
0.09871984066584763
0.04905672813793939
-0.0691067871288142
-0.08903695048300332
0.020326063469032957
0.10177022501100415
0.033207168183996605
-0.08123578567311096
-0.07873529882130882
0.03680338529519904
0.10138690056257003
0.016597072780545882
-0.09096246582875876
-0.06614126242883617
0.0524256118295368
0.09759136008376777
-0.0003746075695863771
-0.09782788381603752
-0.05176232885466388
0.06673664148044785
0.09059161011053171
-0.01733826988710367
-0.10147638250512556
-0.03609324024352953
0.07924043306897627
0.08074904271670129
-0.03392359890274653
-0.10170765602157901
-0.019588004648599652
0.0894298876002615
0.06852580654909816
-0.049729827105562716
-0.09850873510056132
-0.0026531103196673483
0.09683380659464409
0.05442724691689395
-0.06430938671733587
-0.09205612297177689
0.014338596301416012
0.1010740008946665
0.03895300238949046
-0.07717181475420445
-0.08268740439567501
0.03101930442253277
0.10191945659470011
0.022565442241314557
-0.08780899430075494
-0.07085107485777735
0.04699537268887591
0.09932281180364144
0.005679045540443212
-0.09573931270634449
-0.0570487690047372
0.06182788903006304
0.09342814485010498
-0.011329159300239769
-0.10056380102207947
-0.041784015629634776
0.07503277226126998
0.08454760868179584
-0.02809285216565474
-0.10202192056597609
-0.025527208455044206
0.08610230093869997
0.07311418121900881
-0.044224882521617895
-0.10003216986724972
-0.008701158391967168
0.09454625595875149
0.0596241410882629
-0.059294993778245306
-0.09470544363687373
0.00831204759872875
0.09994669222953495
0.044583789568244804
-0.0728261715094157
-0.08632693232847212
0.025146543834457857
0.10201486294641622
0.02847108587797119
-0.08431240512569181
-0.0753122386035967
0.041420941856487745
0.10063556104262569
0.011717397597542811
-0.0932566310854297
-0.06215057260854309
0.056713519411463284
0.09588590970305183
-0.005289327417038414
-0.09922376748932238
-0.04734978269662342
0.07055489353637628
0.08802271456645044
-0.022182634814426727
-0.10189829648466683
-0.03139481330835463
0.08244197627982448
0.07744236741804014
-0.03858608565714254
-0.10113191571178089
-0.014725694353209196
0.0918725640682294
0.06462524133009172
-0.05408625204016004
-0.09696756593982642
0.002263048201604695
0.09839629760773803
0.050079403383969656
-0.06822182571220849
-0.08963236782044258
0.019203337115555524
0.10167243159730276
0.03429608289526985
-0.08049374492630466
-0.07950170435552492
0.03572279769751176
0.10152034856748711
0.017723956646073
-0.09039630204887261
-0.0670452988545007
0.05141594066918635
0.0979485773767593
0.0007647513952250135
-0.09746572456349871
-0.05277001156681473
0.06582985348049294
0.09115338851209255
-0.016210822931607083
-0.10133767521951793
-0.03717253793223314
0.07847049217752544
0.0814874117226371
-0.03283351036154426
-0.10180016335949328
-0.020710063926185213
0.08883020292137857
0.06940787678214481
-0.048705293103895736
-0.09882726028783963
-0.0037920373681578773
0.09643365404944727
0.05541892113331648
-0.06338185266480505
-0.09258336786259068
0.013207228775987068
0.10089462858904462
0.04002177132542671
-0.0763750394697974
-0.08339668718803576
0.02992060514197918
0.10197085665596345
0.023681862207800705
-0.087176724697583
-0.07171009350496667
0.04595697253670887
0.09960209069857276
0.00681677413958702
-0.09530184729287489
-0.05802340299745084
0.06088068237139501
0.09392000260538008
-0.01019466014277863
-0.10034408398789385
-0.04284132475074175
0.07421023862803545
0.08522677389194006
-0.026986413832609357
-0.10203212057908632
-0.026637159666547797
0.085438414737686
0.07394906160842005
-0.04317359482072497
-0.10027171221104353
-0.009836918364712358
0.09407221223523193
0.06058068885706886
-0.058329178512774964
-0.09516110551755236
0.007175196631299355
0.09968702047769215
0.045628688507704136
-0.07197896232304257
-0.0869749708483425
0.024033220403034017
0.10198384448463843
0.0295737227890341
-0.08361789893641844
-0.07612189585482511
0.04035772643586909
0.10083494306879696
0.0128504128573948
-0.09274679415633755
-0.06308797562862786
0.05573014797151429
0.09630461567771664
-0.004150897462826916
-0.09892459867482621
-0.04838130207357325
0.06968409497885009
0.0886386435655752
-0.021063263538060734
-0.10182611556680687
-0.03248927312116909
0.08171787095307627
0.07822572171374981
-0.03751188315196294
-0.10129078238938317
-0.01585518072999538
0.09132776583149274
0.06554243054975681
-0.05308636341916505
-0.09734860835829699
0.0011238073094199663
0.09805815462106177
0.051096555357400826
-0.06732852418008242
-0.09021523480536778
0.01807873981579268
0.10155921838149969
0.035381484651493114
-0.07974108157026326
-0.08025768439783755
0.03463852939155469
0.10163841549955976
0.01884911983529859
-0.08981741731216532
-0.06794119693847808
0.05040055880183614
0.09829130446138733
0.001904037652518717
-0.09708919281372366
-0.05377179065144372
0.0649151326217996
0.09170227539603373
-0.01508180748924294
-0.10118363329348103
-0.038247981856528473
0.07769032826178211
0.08221495835501101
-0.031740078293058596
-0.10187721831642668
-0.021830097591538825
0.08821814542220667
0.0702814005946143
-0.0476754255014912
-0.09913107940943487
-0.004930603556688326
0.09601937846679928
0.056404305275696856
-0.062446790637032984
-0.0930973950118843
0.01207459082640755
0.10070003386463339
0.041086338426888115
-0.0755684450447458
-0.08409475716047385
0.02881889247138572
0.10200676072711172
0.024795946262983648
-0.08653244306184335
-0.07256015682465616
0.0449136091803263
0.09986647140520227
0.007953852625352156
-0.09485052908047546
-0.058991354910175146
0.05992634933051664
0.09439833282850413
-0.009059184953488439
-0.10010928321222737
-0.04389407668588435
0.07337829268478391
0.08589434374469089
-0.025877285468647135
-0.10202680892994608
-0.027744458758894808
0.0847628884109984
0.0747745780660797
-0.042117707314380706
-0.10049618897965878
-0.010971737008706253
0.09358460540163387
0.06153015760851129
-0.05735663434116473
-0.09560294796205486
0.006037661135884401
0.0994124293769992
0.0466686677067469
-0.071122749316332
-0.08761104088680577
0.02291752388150782
0.10193732671117964
0.030673385003537862
-0.08291213412177016
-0.07692178208094934
0.03929026742148216
0.10101911775177498
0.013982192780539124
-0.0922237018617853
-0.06401789848512489
0.05474044025083845
0.09670922960034592
-0.0030120724221820022
-0.09861069975092895
-0.04940753213027725
0.06880470153266777
0.08924224189695347
-0.019941830144437525
-0.10173847564299143
-0.0335804289197061
0.08098289658715661
0.07899890068177093
-0.03643378598739369
-0.10143432633061951
-0.01698313418174792
0.0907700365818056
0.06645173506634641
-0.05208052565291538
-0.09771530673395071
-1.554043187704246e-05
0.09770549462367786
0.05210804168172158
-0.06642703599281347
-0.09078542140580083
0.01695238593953917
0.10143061420057789
0.0364632460584603
-0.0789779453693256
-0.08100308894521015
0.03355070809225029
0.10174107129773834
0.01997244819734109
-0.0892259410347544
-0.06882880329318698
0.0493796088911707
0.09861945739718692
0.003043142849054478
-0.09669837991465055
-0.05476752138355521
0.0639926315850021
0.0922381461754947
-0.013951336194141947
-0.10101429580818774
-0.039319441898844135
0.0769000928659617
0.08293153486177322
-0.03064342773670045
-0.1019388012164856
-0.02294798954488282
0.0875938494589496
0.07114622415980296
-0.04664036447731458
-0.09942011733130496
-0.006068700220155043
0.0955910791644818
0.057383252459488686
-0.061504352179307144
-0.09359808584306835
0.01094079361724297
0.10049026583582092
0.04214657083352212
-0.07475218428751733
-0.08478146936209224
0.027714288863364855
0.10202715962470069
0.0259075761432985
-0.08587628811340649
-0.07340111096705647
0.043865420194052776
0.10011588798579338
0.009090171694066257
-0.09438546486548102
-0.05995247592393481
0.058965039995604054
0.09486302350527263
-0.007922843715651037
-0.09985945757967123
-0.044942135849807656
0.07253708801171929
0.0865501766534061
-0.02476558706409153
-0.10200598697777062
-0.028848985121087495
0.0840758644666624
0.07559057716494375
-0.04105735488942233
-0.10070554377832538
-0.012105504064900977
0.09308354921517378
0.062472396850054956
-0.056377509607418386
-0.09603086605271766
0.004899550220817325
0.09912298727002124
0.04770358891041792
-0.07025768637460633
-0.08823500479333522
0.02179957195698473
0.10187532152047733
0.03176994941274312
-0.08219525640790788
-0.07771174475120791
0.03821869696708427
0.10118803853959817
0.015112625850452838
-0.09168747438061613
-0.06494018930801601
0.05374454259755988
0.09709965416114721
-0.0018729608483133847
-0.09828214816001091
-0.050428332034505446
0.06791686694992971
0.08983337642236897
-0.01881845020936139
-0.10163539907788109
-0.03466815498210225
0.08023720156620552
0.07976175318637978
-0.03535192357585536
-0.10156251107619074
-0.018109441651526823
0.09019950236369415
0.0673530019629362
-0.05106888287782144
-0.09806757184859399
-0.0011548866957540038
0.09733840375738916
0.053113719076863755
-0.06551751436121471
-0.09134279957172431
0.015824389173835482
0.1012866517675867
0.03754123870184414
-0.07820448681941787
-0.08173776877803732
0.03245946049967771
0.10182828979255702
0.02109382687507498
-0.08862200455913224
-0.069707964318955
0.04835323268233782
0.09893295550906353
0.004181958552996301
-0.09629338026891543
-0.05575705820141884
0.06306250266345578
0.09276087845945108
-0.012819521094962427
-0.10082970564775594
-0.04038678690981563
0.07609993806932805
0.0836369944795529
-0.029543682746156708
-0.10198489632236975
-0.024063622895824532
0.08695745109748146
0.07200219359185066
-0.04560024924233416
-0.09969430233631235
-0.0072062184910803295
0.09514885833350512
0.05835561504389597
-0.0605546883245375
-0.09408532418493504
0.009805947833670253
0.10026537732693806
0.043202334655529
-0.07392641035343163
-0.08545668004125934
0.026606915827511887
0.10203204812951568
0.027016632721672706
-0.0852084000649007
-0.07423280218758928
0.04281254214867998
0.1003502780552328
0.010225621719048242
-0.09390676412550585
-0.06090661655749849
0.05799690383032921
0.0953139652302296
-0.006785746046546304
-0.09959466957288123
-0.0459853656442059
0.0716867783571399
0.08719413244509765
-0.02365143772212855
-0.10196966004998145
-0.02995061721805603
0.08337748669008653
0.07639690575824007
-0.03999267140761699
-0.10089972388339767
-0.013238108835594578
0.09256915991370446
0.06340725553422363
-0.05539195193214022
-0.09644475767597135
0.0037609727474432197
0.09881876596781773
0.04873331288113468
-0.06938392738290637
-0.08884672654761024
0.020679481497899194
0.10179784475744744
0.032863291936257005
-0.08146741258621265
-0.07849163179997375
0.037143146193873794
0.10134166265146793
0.016241600003018775
-0.09113823416481112
-0.06585469579272907
0.052742600550954546
0.09747579503993252
-0.0007336711702905507
-0.09793902466703136
-0.05144356001577455
0.06702074482525992
0.09041191585079869
-0.01769323857024771
-0.1015169121473805
-0.03575232458070868
0.07948093513221068
0.08051412875060836
-0.03426642430375887
-0.1016753040184624
-0.01923398943412985
0.08961629128231582
0.06824607802118865
-0.05005157834960669
-0.09840531764755278
-0.0022941231550353824
0.09695697132579793
0.05411344338273786
-0.06460011219325781
-0.09188724331595105
0.01469486255844861
0.10112736764651425
0.03861533314116665
-0.0774208570731939
-0.08246157553665742
0.031364912308413026
0.10190004872630405
0.02221314027210171
-0.08800574107276209
-0.07057852626018499
0.04732157098170851
0.09923172144607625
0.005320376207092178
-0.09587429126691055
-0.05674025473526286
0.062124897714660766
0.09327035213217325
-0.011686473693847954
-0.10062990946653584
-0.04144988470752246
0.07529001641433586
0.08433119151235352
-0.028440966403884063
-0.1020154918475488
-0.025176879934533755
0.08630908803165631
0.07284915500628716
-0.044555218024510276
-0.09995356617722956
-0.008343049253752344
0.0946928209670178
0.05932124466566891
-0.05959794954952762
-0.09455899634901065
0.00867016372337058
0.10002542483231634
0.044253494978186016
-0.0730912766762345
-0.08612024672592228
0.025496893949912267
0.10202142499061893
0.0281229959832527
-0.08452892054039784
-0.0750550769115502
0.04175511060171455
0.10056958282771027
0.011360092706412958
-0.09341453894486523
-0.06185362670620881
0.05702208963508054
0.09575105128121239
-0.005648001241668588
-0.09931498522582921
-0.04702362846752715
0.07082751757281877
0.08782607244175214
-0.02253495568313159
-0.10191783743807661
-0.031049232571199945
0.08266790006376581
0.07719341104792823
-0.038923789701196934
-0.10107868028222328
-0.014369440142559309
0.09204155613834275
0.06433458210237691
-0.05440010817879749
-0.09684452359339295
0.0026220373760001414
0.09849984069687882
0.04975769941374697
-0.06850162616549531
-0.08944607184120514
0.01955736858288981
0.10170491620522576
0.03395328750758558
-0.08072875043461407
-0.07926129169863876
0.03606374519131346
0.1014799511103825
0.017369002587591262
-0.09057610586001633
-0.06676126524875492
0.05173475881281739
0.09783756097301241
0.00040568826012250814
-0.0975814133006923
-0.05245307338563673
0.06611648853969168
0.09097773081980844
-0.016566309359199755
-0.10138304501838956
-0.03683280997279682
0.07871424730852439
0.08125587763112677
-0.03317741553759568
-0.10177267642651096
-0.020356663140643244
0.08902053342258476
0.0691308097746734
-0.04902875441983329
-0.09872846130176446
-0.00343314143484455
0.0965612897302859
0.05510706958471305
-0.06367498204254922
-0.09241862879454507
0.013563918522724192
0.1009528022242735
0.03968539890574818
-0.07662720786625393
-0.08317436179875393
0.03026718821882289
0.10195632977020512
0.023330272021258133
-0.08737728552648544
-0.07144033526319649
0.04628476363859843
0.09951568123811196
0.00645828708212863
-0.09544121321820268
-0.057716963837891454
0.06117996811349503
0.09376644943197147
-0.010552304986559582
-0.10041495765363141
-0.042508602078713154
0.07447048083601579
0.08501398141092698
-0.027335400837504256
-0.10203057996538985
-0.026287642104597123
0.08564889950167776
0.07368695458216126
-0.04350540805575637
-0.10019784412742318
-0.009479083098910046
0.09422307478781976
0.060279992274800805
-0.05863428573309352
-0.09501899120592877
0.007533551139371028
0.09977046847372963
0.04529991586835872
-0.07224693690106182
-0.08677202830437103
0.02438434291448635
0.1019952929263191
0.02922654500291645
-0.08383799249440643
-0.07586778180024416
0.04069326008961277
0.10077374716089343
0.012493474251677947
-0.09290890393886615
-0.06279335568268922
0.056040745510070794
0.09617417769266631
-0.00450971831964421
-0.0990204740746185
-0.04805678572676496
0.06995945955089482
0.0884458595418742
-0.021416258350725637
-0.10185053239043437
-0.03214470774080491
0.08194725068752384
0.07797994065450484
-0.03785084157037656
-0.1012423677103412
-0.015499386286218775
0.09150085885522226
0.06525422453033286
-0.05340212442188888
-0.09723006751127605
0.0014828526119312208
0.09816629004382034
0.0507766073525813
-0.06761093642697306
-0.09003290815925565
0.01843334853128689
0.10159655956988248
0.03503981006162757
-0.07997941863967004
-0.08002057352869138
0.03498062301992784
0.10160286877295535
0.018494720329327488
-0.09000121622545279
-0.06765974465006451
0.05072116122075215
0.09818486381835789
0.001545009121475191
-0.09720940129257306
-0.05345672855993625
0.06520425120624579
0.09153069397666583
-0.015437776037545814
-0.10123383172559534
-0.03790948239324127
0.07793728882432624
0.08198685089413897
-0.0320850236319799
-0.10185460346823745
-0.021477347664441204
0.0884123607679339
0.07000704356391993
-0.048000552514363
-0.09903692326789952
-0.004571833065663972
0.09615145440419508
0.05609445184104023
-0.06274227605857054
-0.09293683438669251
0.01243166892372885
0.10076299967983143
0.04075130449263883
-0.0758236914444965
-0.08387598115755925
0.02916641195028742
0.10199711853859025
0.024445104954720756
-0.08673677455283332
-0.07229323743571144
0.04524294952895519
0.09978476435037081
0.007595582230767853
-0.0949942492814033
-0.05868703761722415
0.06022786470727077
0.09424905502913222
-0.009417125503694376
-0.10018490429470796
-0.043562804782020556
0.07364148459266104
0.08568522085273769
-0.026227107238086952
-0.10203015681522026
-0.027395789977587903
0.0849770262126293
0.0745154386257102
-0.0424509555608842
-0.10042707502914545
-0.010614210279071376
0.09373973017458237
0.06123170817211744
-0.05766384611605074
-0.09546520026073131
0.0063962195837462404
0.09950057195528472
0.04634146038300133
-0.07139354481884291
-0.0874118851063686
0.02326938152614122
0.10195365862206131
0.03032715792460261
-0.0831357601312626
-0.07667076381853781
0.03962712412200381
0.10096271959752331
0.013625655497259997
-0.0923899761770593
-0.06372565225940553
0.05505301882034319
0.09658324332762029
-0.003371006067764859
-0.09871120910593009
-0.04908469785122025
0.06908275816232717
0.0890533583021425
-0.020295462319564958
-0.10176776210205321
-0.03323691831033948
0.0812156856993827
0.07875634268807548
-0.03677395778286924
-0.10139074468593794
-0.01662783500593283
0.09094719127647227
0.0661660303757973
-0.05239814591704184
-0.09760129614861027
0.0003435268525526919
0.09781819589792028
0.05178989461043338
-0.06671201169505789
-0.09060710486198438
0.0173075359351908
0.10147280246212972
0.03612273252408897
-0.07921956671949282
-0.0807693270558948
0.03389390771609731
0.10171038435636505
0.019618639292821954
-0.08941369405332394
-0.06854998068727375
0.049701950723419944
0.09851761861893459
0.002684183075550295
-0.0968230790143372
-0.05445438108299757
0.06428418561726332
0.09207068005906041
-0.014307751431815313
-0.10106931014535608
-0.038982212049150054
0.07715021104013942
0.08270690049219787
-0.03098937393967839
-0.10192106422951942
-0.02259592714865878
0.08779190711884861
0.07087462559314764
-0.04696711311380747
-0.09933062734642947
-0.005710089436577817
0.09572756374532276
0.05707544351219125
-0.06180214593873545
-0.09344174077392156
0.011298225085635175
0.10055800795054974
0.04181291736652285
-0.07501046049269261
-0.08456628830078484
0.028062706256364103
0.10202240460002937
0.025557521075734266
-0.08608434638435684
-0.07313707890793483
0.04419626654103735
0.10003890373558216
0.008732152441847052
-0.09453350539259531
-0.059650327470730055
0.05926873777264868
0.09471805610293996
-0.00828104535292748
-0.09993980713115101
-0.044612357553156116
0.07280318119787993
0.08634476782243686
-0.02511620588029867
-0.10201422250532367
-0.02850120322939316
0.08429361025326249
0.07533445363552752
-0.041391995748541174
-0.10064120133936556
-0.011748320664594053
0.09324290008687877
0.062176242048748054
-0.05668677926308746
-0.09589751772700414
0.00525827825209213
0.09921580251583517
0.04737799057963635
-0.07053125430220011
-0.08803967898455681
0.022152127735702853
0.10189653272525023
0.03142471194248754
-0.0824223688250141
-0.07746387030378728
0.038556835177907325
0.10113645240437792
0.014756525090952446
-0.09185787510555907
-0.0646503647130785
0.054059056162686095
0.09697814994824805
-0.0022319730880258487
-0.09838726670318756
-0.05010722430824467
0.0681975671969485
0.0896484350191078
-0.01917268340476519
-0.10166954770126002