0.06896551724137931
0.06896551724137931
0.015503576390394527
-0.04894365099064349
-0.07712858963920391
-0.04422381217762157
0.02115791521448851
0.07148125685934692
0.06603315042591545
0.00977037103762566
-0.05339379363029797
-0.07664021877764274
-0.03926433414509512
0.02670382426687285
0.07355911964600514
0.06270803293644812
0.003987718114415825
-0.057544518911833216
-0.07566800485904598
-0.03409538538327319
0.03211156380738376
0.07518099120451883
0.059016151620401365
-0.0018150601410871561
-0.061366739134726574
-0.07422086799250725
-0.0287470911952109
0.03735120954937746
0.07633236201628751
0.05498510661841631
-0.007608682148796647
-0.06483236978213444
-0.07231185977735784
-0.023249440345812986
0.04239267936549658
0.07700272776701518
0.05064365687211461
-0.013363847740765988
-0.06791476336580579
-0.06995779633694635
-0.017632242373831937
0.04720580632381365
0.07718589258500616
0.04602132512385387
-0.0190511803433554
-0.07058919291433857
-0.06717881114032306
-0.0119251239406086
0.051760469296478484
0.07688015319075947
0.04114807273768953
-0.024641175524019523
-0.07283336425473155
-0.0639978575128153
-0.006157553130123332
0.0560267904365223
0.07608835020844472
0.03605404813993228
-0.03010416210443137
-0.0746279309138855
-0.060440191700011595
-0.00035888216789691646
0.05997540522777598
0.07481778275695361
0.030769406823017702
-0.03541028390465404
-0.07595698189844413
-0.056532865534796126
0.00544159900944078
0.06357780578717175
0.07307999277044067
0.02532419616022858
-0.040529512104088
-0.07680847145443792
-0.05230425368187645
0.011214604144572024
0.06680675202477192
0.07089043505991659
0.01974829508943228
-0.045431699556488014
-0.07717456161757397
-0.04778363478477074
0.01693079176859562
0.06963673865426552
0.06826805682332564
0.014071397195657614
-0.05008668860468339
-0.07705185306694487
-0.04300083934880199
0.022560710723078865
0.07204449950075446
0.06523481537227442
0.008323025757410799
-0.05446448261641547
-0.07644148719854346
-0.037985970554693
0.02807475572932202
0.07400952475952974
0.06181516492403899
0.0025325705602696064
-0.05853548847503726
-0.07534911172011384
-0.032769198027113346
0.03344314033273859
0.07551456255051897
0.05803554248587009
-0.003270661833796755
-0.06227083273338947
-0.07378471237200779
-0.027380619403355157
0.0386358965212267
0.07654607398594229
0.053923879555775225
-0.009057390770506726
-0.06564274840389094
-0.07176232336954758
-0.021850180763595198
0.04362291195454557
0.07709461156956986
0.04950916121852422
-0.014798302187415416
-0.06862502288096645
-0.06929963766788261
-0.016207644830720798
0.04837401643612462
0.07715509433751495
0.04482104795488181
-0.02046399189378017
-0.07119349084458766
-0.06641754426222674
-0.01048259532586393
0.052859128538470954
0.07672695960432205
0.039889568821550196
-0.026024916621022014
-0.07332654983416516
-0.0631396229455795
-0.004704466710588884
0.05704847092693215
0.07581417993024114
0.03474488824698491
-0.031451359475191516
-0.0750056712313616
-0.05949162717804819
0.0010974097374908953
0.06091285894807834
0.07442514402470202
0.029417143083347745
-0.03671341835678595
-0.07621587637102392
-0.05550098328233739
0.0068937506009468935
0.06442406171838898
0.07257241055428618
0.023936342210443613
-0.0417810277507936
-0.07694614702975189
-0.05119632964164913
0.012655261215733661
0.06755522868795186
0.07027235300979601
0.01833231820944277
-0.0466240254032181
-0.07718974200525493
-0.046607113647096146
0.01835257742570258
0.07028136799765941
0.06754472087832573
0.012634719507928487
-0.051212275251292995
-0.07694439692407798
-0.041763257550717615
0.02395621303954431
0.07257985652418872
0.06441214669434384
0.006873031778100433
-0.055515856234700754
-0.07621239239944125
-0.03669489780437696
0.02943651899385795
0.0744309560171722
0.06089962987350009
0.0010766188283980738
-0.059505323220724826
-0.07500048538647495
-0.03143219649816326
0.03476366204122675
0.07581830590948846
0.05703402673834488
-0.0047252248232406355
-0.06315204141005093
-0.07331970892423972
-0.02600521865040826
0.03990763272951393
0.07672936189646853
0.05284357231442882
-0.010503215692594617
-0.06642858962013728
-0.07118505517509376
-0.020443865712780167
0.04483829389414743
0.07715575072017297
0.048357453980714026
-0.01622802222742415
-0.0693092212661063
-0.06861506464819635
-0.014777853919986456
0.04952548126070848
0.07709351593357752
0.04360545063198272
-0.021870209506309968
-0.07177036526920383
-0.06563134990821265
-0.009036725969840002
0.053939166633051226
0.07654323651975684
0.038617644355055616
-0.027400193207762782
-0.07379114319740614
-0.062258084523120004
-0.003249885636470204
0.05804969135821253
0.07551000943329186
0.033424205362088025
-0.03278820994164253
-0.07535387441072561
-0.05852148752533564
0.0025533532415412535
0.061828073409787465
0.07400329738608417
0.028055245597804902
-0.03800431300308655
-0.07644453855288143
-0.054449330632893395
0.008343710023133416
0.06524638582277179
0.07203665329610578
0.022540732464467833
-0.043018404322933246
-0.07705316497333849
-0.05007049052108515
0.014091877947917837
0.06827819779861088
0.0696273415630098
0.016910451747949
-0.04780031422930009
-0.07717412188371045
-0.045414562272430445
0.01976846683592015
0.07089906313889996
0.06679588277884731
0.01119400811366586
-0.05231994010761559
-0.07680628417417171
-0.04051154348498049
0.025343952853990555
0.07308703440812625
0.06356555206293574
0.00542085223988157
-0.056547452886926294
-0.07595306732815774
-0.03539159204373613
0.03078864176414501
0.07482317608573404
0.059961861800335754
-0.0003796747036515641
-0.0604535764910395
-0.07462232486777937
-0.030084854828249866
0.03607265397254568
0.07609204667278703
0.05601205742732458
-0.0061782865527124226
-0.06400994020953707
-0.07282611706438878
-0.024621360109079816
0.041165941581540695
0.07688211890671343
0.05174465059162344
-0.011945693250619886
-0.06718949777077643
-0.07058036802851558
-0.01903096340396508
0.04603834888242493
0.07718610932885062
0.04718900821802334
-0.017652542247864014
-0.06996700025942604
-0.06790443568837144
-0.013343335246259108
0.050659727756552655
0.0770011935205605
0.04237500946271226
-0.0232693649601481
-0.07231950353139024
-0.06482062385758545
-0.007587979531431026
0.055000117918155046
0.0763290910278501
0.037332775927905015
-0.028766534100780422
-0.07422688513384099
-0.061353667291490374
-0.001794272462146057
0.059029998737031866
0.0751760135609398
0.03209247443736299
-0.03411423946261005
-0.07567234166980226
-0.05753021946474404
0.0040084859656428495
0.06272061467824223
0.07355248038800277
0.02668418665223494
-0.03928249168864859
-0.07664283574102776
-0.053378369227265424
0.009791014131436376
0.06604437053789457
0.07147301470555462
0.021137836221599496
-0.044241165120880735
-0.07712946257700684
-0.048927207167184475
0.015523989547323813
0.06897528612188833
0.06895574301192352
0.015483162221610787
-0.04896009135302803
-0.07712771042979245
-0.044206456159216305
0.021177992816204964
0.0714894933909704
0.06602192527192835
0.009749727309411281
-0.05340921419055685
-0.07663759560089614
-0.039246173913680335
0.026723460108729516
0.07356575304888913
0.06269544648664302
0.003966950004986376
-0.057558814142500234
-0.07566366194967247
-0.03407652900274009
0.032130651020609184
0.07518596280636214
0.059002300150411816
-0.0018358477025550018
-0.06137980640069571
-0.07421484492042994
-0.02872764637330342
0.03736964062796571
0.07633562682787104
0.05497009133477587
-0.007629384272773182
-0.06484411078695737
-0.0723042103088482
-0.02322951419765655
0.042410346338158045
0.07700425575691193
0.05062758238295718
-0.013384359364981176
-0.06792508580566742
-0.0699485869588774
-0.017611941346118917
0.04722260111275815
0.07718566956269214
0.046004298145294706
-0.019071396033897625
-0.07059801227595652
-0.06716811934937336
-0.011904553855002359
0.05177628430080845
0.07687818123287901
0.04113020106090465
-0.02466098930939327
-0.07284060567209047
-0.06398576998023003
-0.006136819308527233
0.056041519368023415
0.07608464759607098
0.03603543986146045
-0.030123467367922638
-0.07463353098237521
-0.06042680242075603
-0.00033808960891863055
0.05998894421126692
0.07481238342860373
0.03075016982166101
-0.035428973367497396
-0.07596089033617415
-0.05651827405899042
0.005462345426487637
0.06359005471741344
0.0730729453319549
0.02530443778965885
-0.04054747793816048
-0.07681065250132216
-0.052288563508541296
0.011235199446516457
0.06681761614887681
0.07088180142378271
0.019728122047145615
-0.04544883366834684
-0.0771749950743254
-0.04776695197572742
0.0169511306824133
0.06964613032459387
0.06825791057319791
0.014050915526399206
-0.050102883130908694
-0.07705053489812261
-0.04298327139665878
0.022580687494998072
0.07205234002075446
0.0652232399612833
0.008302340951763292
-0.05447963066248895
-0.07643842965442975
-0.03796762551556914
0.02809426399193108
0.07401574622646057
0.061802251817560355
0.002511787715071316
-0.05854948511637309
-0.07534434296817567
-0.03275018390814869
0.033462073049895104
0.07551910958709263
0.058021389351686645
-0.003291437819386324
-0.062283576278507446
-0.07377827566578998
-0.027361043778810566
0.03865414604741336
0.0765489052499477
0.0539085885889988
-0.009078054983341646
-0.06565414189752908
-0.07175427581660625
-0.02183015058265078
0.043640370249826366
0.07709570093801982
0.04949283766776946
-0.014818749489753147
-0.06863497580105338
-0.06929004868496495
-0.01618726637537133
0.04839057547802043
0.07715443168007591
0.04480379889262592
-0.020484116730629248
-0.07120192092364604
-0.06640649382275404
-0.010461974278138483
0.052874680966588525
0.0767245510884991
0.03987150217783767
-0.026044612866173343
-0.07333338491538346
-0.06312719973055206
-0.004683708293259654
0.05706291094471215
0.07581004783522689
0.0347261121038145
-0.03147052034303387
-0.07501085105489295
-0.0594779267372439
0.0011182005755619104
0.06092608348913431
0.07441932607800064
0.029397765209031673
-0.036731936414140035
-0.07621935417952427
-0.055486106299765595
0.006914468976926581
0.06443597186385248
0.07256495884072972
0.023916469800354036
-0.041798795068644014
-0.07694789088562476
-0.05118038038002213
0.012675802099929544
0.06756573129775303
0.07026333253223481
0.018312057792617013
-0.046640933890209214
-0.07718973572632426
-0.04659019862323037
0.018372835440032598
0.07029037749484307
0.06753420786997757
0.012614176977871115
-0.05122821720758191
-0.07694264056881243
-0.04174548446980778
0.02397608228628443
0.07258729674959996
0.06440022679291667
0.0068523125097393126
-0.05553072515551262
-0.076208902265188
-0.03667637475830206
0.029455892939182327
0.07443676205474015
0.060886396266672575
0.001055827849632672
-0.059519014863977475
-0.07499529352083527
-0.031413031413330676
0.0347824334851534
0.07582242577248265
0.057019578380276346
-0.004745982629864878
-0.06316445512273583
-0.07331286218638315
-0.025985518955705347
0.03992569390033811
0.07673175796465145
0.05282801229582322
-0.010523835376976848
-0.06643962989534369
-0.07117661391609334
-0.02042373818899427
0.04485553670903395
0.07715640082797047
0.04834088811316957
-0.016248398564121927
-0.06931879947860595
-0.06860510110380177
-0.014757404688823444
0.04954179779294435
0.07709241403017292
0.043587986283526885
-0.021890236809427845
-0.07177840151468058
-0.06561994641165902
-0.009016060582693539
0.053954449819471895
0.07654039285172756
0.03859938955028945
-0.02741976519065739
-0.07379756814124921
-0.06224533164894687
-0.0032291092287562786
0.05806383596739797
0.07550545023594389
0.03340526813932831
-0.03280721965035154
-0.07535863103945348
-0.058507482268576855
0.002574135757536483
0.06184097727354796
0.07399706410683708
0.028035733598756732
-0.03802265285935963
-0.07644758371708066
-0.054434174713272984
0.008364393747578996
0.0652579513115974
0.07202880140768268
0.022520752720533006
-0.04303596631766169
-0.07705447061714542
-0.050054288881488954
0.014112357781822737
0.06828833349797875
0.06961793905183977
0.016890110621833557
-0.04781699030793177
-0.0771736758727864
-0.04539742181756085
0.01978863728524515
0.07090768565978464
0.06678500841223062
0.011173411355151576
-0.05233562278439343
-0.07680409066078314
-0.04049357208222759
0.025363707869572177
0.07309407024421372
0.06355329354592391
0.005400105119159539
-0.05656203611404854
-0.07594914662577493
-0.035372897786129606
0.030807874643662345
0.0748285634143187
0.05994831393023369
-0.0004004672148343741
-0.06046695679255853
-0.07461671284470409
-0.030065545540757008
0.036091257357913284
0.07609573698866073
0.055997320341766355
-0.006199019574944349
-0.06402201806918512
-0.07281886410187846
-0.02460154306594496
0.04118380759106757
0.07688407838050573
0.05172882818761054
-0.011966261783681681
-0.06720017923961749
-0.07057153761945151
-0.01901074521708937
0.04605536941962095
0.07718631979419911
0.047172206796771636
-0.017672840966853835
-0.0699761987253186
-0.0678941027744525
-0.01332282188281668
0.050675795034898094
0.0769996530177313
0.0423573366311953
-0.02328928803929277
-0.07232714157008935
-0.06480887301449846
-0.007567276422027543
0.055015125232645755
0.07632581386294608
0.03731433976493706
-0.028785975088634244
-0.07423289634373921
-0.061340590872252215
-0.0017734846670805562
0.05904384149900119
0.07517102987620485
0.032073382911929196
-0.03413309123936541
-0.07567667238143225
-0.05751591580255336
0.004029253557318209
0.06273319171078645
0.07354583527563793
0.02666454726618909
-0.03930064654295173
-0.07664544649074007
-0.05336294098281616
0.009811656589491874
0.06605558560671262
0.07146476693050488
0.021117755838902297
-0.0442585149876059
-0.07713032924309673
-0.048910759884029265
0.015544401691041737
0.06898504965240677
0.06894596343456524
0.015462747042329708
-0.04897652825295962
-0.07712682494887776
-0.04418909706705274
0.021198069025384188
0.07149772429951404
0.06601069507708605
0.009729082948144327
-0.05342463090668527
-0.07663496621109978
-0.03922801099579254
0.02674309417643196
0.07357238059589946
0.06268285533006418
0.003946181638701272
-0.05757310515542582
-0.07565931294219039
-0.034057670322393284
0.032149736075658804
0.07519092836589039
0.05898844432836347
-0.0018566351452035182
-0.06139286908813408
-0.07420881591830022
-0.028708199636432348
0.03738806916228376
0.07633888546221371
0.05495507206857696
-0.007650085902012674
-0.06485584687086728
-0.07229655512671569
-0.023209586517044578
0.04242801037930895
0.07700577749006782
0.05061150429045075
-0.013404870117551704
-0.06793540300686934
-0.06993937212621523
-0.017591639166082744
0.04723939258347492
0.07718544026193482
0.04598726794813136
-0.01909161047423169
-0.07060682611240618
-0.06715742239904088
-0.011883982995152587
0.051792095603247726
0.07687620303330683
0.041112326552573616
-0.02468080146383267
-0.0728478413156496
-0.06397367761298894
-0.006116085089271403
0.056056244220493
0.07608093883610169
0.036016829138514665
-0.030142770617346583
-0.07463912507260101
-0.060413408654551685
-0.0003172970280626089
0.06000247874952151
0.07480697810130864
0.030730930761452613
-0.0354476604308815
-0.07596479264088668
-0.05650367846083815
0.005483091489674963
0.06360229885244181
0.07306589209346406
0.025284677743649828
-0.04056544098581018
-0.07681282731456357
-0.05227286958897122
0.011255794018149093
0.0668284751500347
0.07087316223144319
0.01970794771041985
-0.045465964606622
-0.07717542225391179
-0.04775026580354899
0.016971468488045996
0.06965551657298281
0.06824775904929949
0.014030432941494954
-0.050119074098388734
-0.07704921046702855
-0.042965700467889716
0.022600662778861115
0.07206017485523222
0.0652116595909733
0.008281655607538636
-0.054494774769766254
-0.07643536592090197
-0.037949277887100626
0.02811377038425906
0.0740219617861641
0.06178933409160593
0.0024910047072916677
-0.05856347744803656
-0.0753395681554668
-0.0327311675861282
0.03348100351217672
0.07552365054248085
0.05800723195697431
-0.003312213591893591
-0.06229631515722812
-0.07377183307948662
-0.027341466335500865
0.038672392932228995
0.07655173031143661
0.05389329373407324
-0.00909871860699614
-0.06566553038796336
-0.07174622261127188
-0.021810118964839913
0.043657825516438285
0.07709678403879636
0.049476510609818725
-0.014839195825645246
-0.0686449234073989
-0.06928045431838091
-0.01616688686273124
0.048407131105022774
0.07715376274793435
0.04478654670876471
-0.020504240221966008
-0.07121034541134047
-0.06639543830285814
-0.010441352550767447
0.05289022959742255
0.07672213634928514
0.0398534327997628
-0.026064307384492176
-0.07334021416711889
-0.06311477176619525
-0.00466294957259869
0.0570773467903605
0.07580590962492972
0.034707333613097816
-0.03148967910031143
-0.0750160248564665
-0.05946422189960429
0.0011389913412660213
0.06093930349539616
0.07441350217773628
0.02937838537228389
-0.03675045197505414
-0.07622282582453019
-0.05547122528832271
0.006935186904693011
0.06444787712953684
0.07255750138435395
0.023896595810640915
-0.04181655950288204
-0.07694962849148776
-0.05116442746777796
0.012696342159165631
0.067576228706629
0.07025430656595445
0.01829179617658202
-0.0466578391066876
-0.07718972316846276
-0.046573280333001635
0.01839309225107609
0.07029938150036813
0.06752368966400678
0.012593633626911342
-0.05124415550914927
-0.0769408779641641
-0.041727708509449686
0.023995949949299024
0.0725947312296858
0.06438830201530389
0.00683159279720881
-0.05554559004343554
-0.07620540596867603
-0.03665784921994458
0.029475264917946983
0.07444256213673765
0.060873158128866595
0.0010350368025390383
-0.0595327021065138
-0.07499009563504502
-0.03139386422207139
0.03480120257738283
0.07582653951874052
0.05700512585405069
-0.004766740129116057
-0.06317686408240772
-0.07330600962137176
-0.025965817538282816
0.039943752332636355
0.07673414780858624
0.05281244848401287
-0.010544454377661425
-0.06645066508670752
-0.07116816706851543
-0.020403609323783344
0.044872776398156546
0.07715704466083034
0.04832431883486951
-0.016268773839459336
-0.06932837230435543
-0.06859513224884171
-0.014736954495280133
0.04955811081385804
0.0770913058594889
0.04357051891056477
-0.021910262671586127
-0.07178643210508753
-0.06560853791539491
-0.008995394610415722
0.053969729113686984
0.07653754298219298
0.03858113210831474
-0.027439335350667775
-0.07380398720280512
-0.06223257411211658
-0.0032083326119999797
0.058077976312115344
0.07550088495900861
0.03338632866583974
-0.03282622715186155
-0.07536338160574357
-0.05849347270606726
0.0025949181069112107
0.06185387651406744
0.07399082492250203
0.028016219733549445
-0.03804099012212781
-0.07645062269078122
-0.054419014858901174
0.008385076929401034
0.065269511837578
0.07202094383635953
0.02250077149263765
-0.043053525331602165
-0.07705576999821057
-0.0500380836872671
0.014132836696020334
0.06829846392035857
0.06960853112176814
0.016869768391604686
-0.047833663019287403
-0.07717322358485611
-0.045380278193263804
0.019808806436047988
0.07091630262162694
0.0667741289260493
0.011152813870378551
-0.05235130171084961
-0.07680189091453433
-0.04047559789721609
0.02538346120560609
0.07310110027790939
0.06354103023735451
0.005379357648620041
-0.05657661521483526
-0.0759452197917577
-0.03535420113321725
0.03082710546019348
0.07483394474208467
0.059934761618755925
-0.0004212597001011856
-0.06048033260329119
-0.07461109484530773
-0.03004623424332834
0.03610985829465194
0.07609942115563136
0.055982579181181095
-0.006219752195473993
-0.0640340910905535
-0.07281160536801677
-0.024581724395981025
0.04120167076488432
0.07688603161190291
0.05171300208580333
-0.011986829538444932
-0.06721085554573406
-0.070562701688109
-0.01899052578408563
0.04607238673406016
0.07718652398102645
0.047155402061438076
-0.01769313852944611
-0.06998539173362968
-0.06788376462513512
-0.013302307651788782
0.050691858705782404
0.07699810625871123
0.04233966087233117
-0.023309209581883192
-0.07233477389260193
-0.0647971172540594
-0.00754657282193201
0.05503012856054644
0.07632253052196258
0.03729590106185727
-0.028805414157399796
-0.07423890162151203
-0.06132750987827415
-0.0017526967572338154
0.059057679905010575
0.07516604015089319
0.032054289232459794
-0.03415194071215886
-0.0756809969934285
-0.057501607926578324
0.0040500208880979716
0.06274576403284524
0.07353918430966543
0.026644906110104755
-0.03931879870661882
-0.07664805102646914
-0.05334750889830439
0.009832298410444612
0.06606679563121934
0.07145651353510811
0.02109767406775815
-0.04427586177641187
-0.07713118963736967
-0.0488943091425537
0.015564812820194701
0.06899480783189296
0.0689361785103472
0.01544233085390441
-0.04899296168906293
-0.07712593319656563
-0.04417173490251569
0.021218143840665407
0.07150594958406889
0.06599945984253987
0.009708437955172275
-0.053440043777329305
-0.07663233060856584
-0.03920984539281723
0.02676272646861058
0.07357900228628259
0.06267025946794821
0.00392541301690532
-0.057587391949292493
-0.07565495783710903
-0.03403880934361385
0.03216881897115419
0.07519588788252572
0.05897458415555601
-0.0018774224676880724
-0.06140592719577932
-0.07420278098680974