0.563728813559322
0.563728813559322
0.7808667449611304
0.3193537129114969
0.7969409714974304
0.6614302960749303
0.27422874184677265
-0.06288570313597625
-0.5447195208461275
-0.004270501672172022
0.5396045141435162
0.0421341760795661
-0.3724242418154229
-0.3513872582510735
0.08356587039561542
0.6343740160194371
0.20637416122198088
0.43373676240922304
0.4314563248803151
0.20097528954429564
0.6143520096266947
0.057382039474931035
-0.46694470526492293
0.007329400823756105
0.4676506715078427
-0.04651579560489105
-0.6006260554784424
-0.11989484413975943
0.038255181032146285
0.3190094821176933
0.6376471733440365
0.7786435288443103
0.2736835497376632
0.5811336098364568
0.08610131351419209
-0.46977719756258424
0.06931568313578956
0.49890715270893576
0.06689088748806093
-0.18404608187375177
-0.7403090499022698
-0.7358601660342399
-0.1814272479613207
0.09906291852649157
0.607537408807326
0.0685076017188635
-0.3627204067510738
-0.35002081736862717
0.09300994429566428
0.6488079879042647
0.28881988825129873
0.7882686406987328
0.6676311966053494
0.25471249506598986
-0.10678981685771538
-0.6534265518801111
-0.2536819903711278
-0.6507691196654691
-0.10176297445169558
0.2825338045898727
0.5993794731260137
0.6101706680825931
0.24639783116761838
-0.18358623740757724
-0.6815967109230239
-0.700951516167574
-0.1646028545330781
0.23885348978716514
0.6502272821297933
0.7130768690257524
0.15996921435685052
-0.19228681356286925
-0.7207023584305258
-0.7972762270099081
-0.2920988217523294
-0.6507259481308805
-0.0952791366019553
0.3398300207272825
0.40094922144394696
0.028522269038155912
-0.26410074571268277
-0.7103413155381273
-0.9234100823114902
-0.8740496960836872
-0.44468110108437
-0.9692531074365452
-1.5200460847488686
-0.9840686530506138
-0.43561068103360145
-0.978138023987839
-1.4982560201554829
-0.980354539000235
-0.49164849443382025
-0.9656606828221486
-1.3660418648809214
-1.3881299639215194
-1.011469986386191
-0.6653384475131823
-0.4647568464062391
-0.5463022118604131
-0.31012343860853936
0.0716869426928845
0.5919960812141956
0.04752356767164223
-0.4382398931963674
-0.09175453100127468
0.43648528318930085
-0.1189450309592302
-0.4975642516758466
-0.11273648831975613
-0.08249971779589739
-0.33181876629126195
-0.6429657354652745
-0.8105709993045013
-0.37960954624071225
-0.935278402571827
-1.430168475474271
-1.0907804190869106
-0.5666122736817273
-1.122160074208395
-1.4936237334229596
-1.1058321951520547
-1.0474093831237405
-1.1541475585633576
-1.6651446232774094
-1.2144438697403948
-1.433815413639354
-1.4399827716022833
-1.2291443134892275
-1.712774440229988
-1.3318085222558087
-1.8730053514273728
-2.1564221340489063
-2.712646742233403
-2.553953223846452
-2.5260511416610325
-2.6442387185539102
-2.142826880593982
-1.6404392707256512
-1.7737723098749847
-2.3284414542344214
-2.1112509128370545
-1.6149288661804846
-2.1545359533780704
-2.345001621153494
-1.8049950499189575
-1.4934629510360267
-1.785770582739873
-1.388656124544917
-1.944022954307091
-2.480265230830634
-1.9667908993471603
-1.509190466316619
-1.9843604817472502
-2.428717678681436
-2.1736610924108084
-1.6166233518161137
-2.032192247519109
-2.364768996772506
-1.8095669904914102
-1.564478411891593
-1.9868861375131943
-2.377973342610103
-2.371514305449572
-1.9735875834585297
-1.5167341529350367
-1.9376151133081982
-2.4659738686657278
-1.912208004352547
-1.4089609061617652
-1.7028130624364441
-1.1643781398804298
-1.01108902863821
-0.8954548034784539
-0.47113740258175174
-0.9535877742057064
-1.4957256376856884
-0.9503461858404135
-0.39648924802088037
-0.8012611581423011
-0.5663725548496178
-0.5765415527247519
-0.8251704500915736
-0.49437872865451804
-0.8407906450163434
-1.3950119371461067
-0.9913790992253496
-0.6091225081071379
-1.1615455065277396
-1.513819398678402
-1.200293359332571
-1.5421165512228636
-1.0971544954963286
-0.540454688727279
-1.0841781465279763
-1.4925098608013294
-1.0668053107179012
-0.824468166562808
-0.26751422585079065
-0.33854198389053725
-0.7702141174769024
-1.1741300715348448
-1.7003004952011342
-1.7126744628506767
-1.168139299889825
-0.7980558122668566
-0.29050214177734435
-0.19613543271354011
-0.6826526339154622
-0.2355095033277525
-0.5256824462692479
-0.1628823348209587
0.38687394795032304
0.028832669536094424
-0.400234856185347
0.1556417801272219
0.49610544738780726
0.14495621397295622
0.27126694862290984
0.7921352844229801
1.1190116665471894
1.6653978397436668
1.2949683727653236
1.7977749861833376
1.7174181620776185
1.1940483856962432
0.8347517998327783
0.28560071578420054
0.3163136861356739
0.8124937181027707
1.2362696792971972
1.6329774770970311
1.6568896419655013
1.1797090678525224
0.7159295585431432
0.5129450894796352
0.7574046072782926
0.26878009838909084
0.5919173231329553
0.07346654740839376
-0.4814599444194999
0.06406802970679626
0.5218471173969879
0.11180504703111643
0.04246255534053216
0.12129313553967798
0.559055448225601
0.026179903296746798
-0.5260788557341695
0.006899623191577442
0.546396248105331
-0.01020352549347936
-0.5670820779578567
-0.06446656426465958
0.3028403327401985
0.5790367949967021
0.5666805295453529
0.35141002009990063
0.06652765600003585
0.0004897696744979863
-0.06384570133506154
-0.3391326637579064
-0.6031824012311673
-0.6888827160356585
-0.14645211548620263
0.2829386276424792
0.5419843893451648
0.4204855781298422
0.7875752305720121
1.2807931957578376
1.440034795542247
1.0955679623285302
1.0587101795430494
1.2247485855925775
1.776024460896587
1.944643571099415
1.9222087004684332
1.6410556941065915
1.4462761803634219
1.457226547016309
1.5945520850357162
1.7829388257195262
1.3086166701479691
1.7518861987495788
1.4198083197304938
1.9265471358214712
2.4832811422958416
1.931559080140492
1.4620881564368462
1.847556224561374
1.7403909554259878
1.2012164227931668
0.9050961549818216
0.39511704673641557
0.9355269550378942
1.3789528516399276
1.290119976794946
0.7797429687785586
0.46561883261283876
0.6738371798672117
0.11933049397554574
-0.32265960044606806
-0.43212087023967893
-0.10651834809058558
-0.1315689054741324
-0.5579272873137789
-0.0318820842122739
0.5201031306717105
-0.01805027694662964
-0.5690236421546542
-0.03459898042105247
0.4533590943777226
0.06382212664508458
-0.4502446999021886
0.10489115951539651
0.5719646064538585
0.28445373820695347
0.8121826688812548
0.8482806165091259
0.41596883206854157
0.9663862387478375
1.5225295332791298
0.9674858705207304
0.4144199306280084
0.8554091694998449
0.8582130875738527
0.42681358442424944
0.9698011301090207
1.5264950747171881
0.9807612014095944
0.4255434813319863
0.941418563275327
1.3471187513847367
1.4274566169544147
1.1126830563965078
1.172437704551925
1.689772074551386
1.3067073568398406
1.819346657443524
1.8381362158533747
1.3744979359779264
1.920321175958109
2.345768575816072
2.401349150800076
2.03413367251078
1.7644775962574097
1.2545737278624398
1.0450540946226876
0.9880397461878729
0.8895844470960761
0.4633036159179603
0.9602510657544239
1.5039842956909548
0.9634512045223335
0.40646686636448726
0.874458909194535
0.9898925148581368
1.0705083852854678
1.3796138303987946
1.4728452620504324
1.2877205439890331
1.8418804736770191
2.0968992877971178
2.589328453568682
2.0338452602792785
1.499665072477208
2.0341764653712424
2.5229937824016786
2.0777271011456238
1.8415581835172243
1.2897698193451652
1.5001767838006297
1.2891970429753292
0.8406480369543103
0.3206025004595958
0.3635069279005211
0.7554664382485871
1.1645007091540753
1.6986919474641113
1.679223954313185
1.185041543603256
0.7529517423346207
0.3934388413666477
0.41126012707695214
0.6907321172731562
1.037883718874758
1.4779661783159865
1.0892219001027796
0.5478524731188187
1.1037935598894801
1.5243964759389668
1.1644908328813808
1.345555715007332
1.677924200233071
1.9344578052678896
1.9716273584610595
1.909648899575479
1.5597368331258148
1.726401391847918
2.227472786314438
2.539084444131362
2.3490747548201876
2.8852749512554685
3.3877249716702376
3.161131496851364
2.6094967217622913
3.084814393379435
3.3466557297305117
2.7934838539453573
2.5811010864767963
3.017703901273876
3.4900102360571092
3.037159274037453
2.5215458236763677
3.060892701853216
3.613244036619037
3.242021254921735
3.6382160295473294
3.08337405791362
2.627679888646303
2.714112985750071
3.2311538743643045
3.4980637275830686
3.2252254378316767
3.662703311999939
3.1403507465946663
2.957647591570334
2.642988704035808
2.4793596422544444
2.572753799831286
2.246567007957364
1.7880857104835006
1.3720590535701238
1.3940202027417659
1.7206014875740199
2.1042080736741093
2.654450177085294
2.2719976126035166
2.725829314303183
2.3378827537478606
2.881711899916869
3.200516986547477
3.732939530539852
3.838811513473385
3.430942702009869
3.9605171721709533
4.516299730962755
3.967257187958439
3.410576799377682
3.870979454916992
3.9609495597515525
3.914692288683922
3.5914207976317174
3.61632728943162
3.9692612655537594
4.232913617855276
4.749036144357518
4.9554625091882585
5.010958388578726
5.104456170256311
5.513616210183367
5.073652964654036
4.527440046865081
5.08430696328128
5.57191805216464
5.250846284281551
5.707749297542495
5.280390942957374
5.7123033455749335
5.268999872115695
5.656705142292688
5.109028444392967
4.749270342847456
4.325635731198166
4.197845818554517
4.670050040309918
4.183702077030852
4.235282647580703
4.792324929832712
4.938861036244825
4.873308006080604
4.432162758030792
4.974462476687259
5.530135814025613
4.99174005868782
4.446655179013288
4.999168603164247
5.551304186748658
5.004236578745989
4.460155966020192
5.016872503704472
5.572479108971344
5.091075665234912
4.838133753265017
4.2829824403340675
4.442086214464394
4.4833959450945295
4.38446171904885
4.82236238546963
5.323989312455682
5.315604550777923
4.808637443762457
4.410716802783069
4.540260627432267
4.279247780364806
3.843124411110556
3.3133593813276923
3.3600182181677867
3.7579322862103517
4.167093197990681
4.698585625196234
4.688002478241291
4.176804164341211
3.751599721255397
3.387486752735001
3.3905288618863465
3.7418171075662277
4.1555033114706985
4.696143072675321
4.643238293908326
4.241753420416416
3.835335622243
3.3002273705646994
3.319180548544246
3.8161479703559325
4.247013277765828
4.608096095942395
4.593587197902476
4.296761796227148
3.9315522816785635
3.4242306205570454
3.980566893601056
4.5293462745783595
3.97234363373306
3.422580238844642
3.866611844882267
3.9135782181541523
3.6669843662501185
3.3567883648108876
3.1872708152526257
3.6121118777265995
3.055069889301211
2.5312427855775965
3.0080527504001333
3.469686435136544
2.9573807890821633
2.405461284778253
2.9050250705602396
3.1797616797849124
3.7352608654671826
3.7251467922292645
3.176546153661829
2.84574496594295
2.28902946681773
2.40568079289557
2.613153231470641
2.7932958873945397
2.3339732227435097
2.837523201228568
2.8976193806668515
2.6135293302623634
2.5148195088368928
2.6640754171385637
2.127010047069593
1.6462226867880154
1.7143708679387817
2.2383044450169427
2.4654424117888754
2.1340638344502434
2.2475792412519544
2.7945961136285478
3.0469799026710565
3.432912542757748
3.2451120763908103
2.715162338878704
2.662726208432201
3.1633194516506014
3.631667145987252
3.5366428573416995
3.5039030336423442
3.5502686486221875
3.333767460915365
2.9987450497212933
2.6602239512772923
2.4673637483446544
2.5497704950176745
2.3018745925884745
1.9086713722827273
1.3642531184406421
1.811180315196284
1.670553552589214
1.264643036267467
0.9220620351491544
0.41314067261120135
0.9656938096991147
1.490364452407828
0.977977223734874
0.50062986347969
0.9791097584207801
1.4161434275820042
1.2120615600275702
0.6602179172250489
0.8911104123528166
1.3904391888025975
0.8479591203968857
0.6380667251055536
1.1673611668963093
1.5807413873873433
1.4008247358554713
1.8545848748096647
2.3875814827289865
2.087191369308993
1.586430881100375
2.1412355991228265
2.452874439415846
2.020074310214038
1.6348272751935229
1.5883952856525136
1.9205467370834857
1.998077218768034
2.068937972436754
2.3651636172053463
2.522580497170893
2.442301594913806
2.712850185362547
3.123994668136032
3.68062391186636
3.465041158382456
3.7873603547840404
4.304189027645386
4.3274785079467115
3.8246838975444177
3.383450198312362
3.4842398316134413
3.4381054824511788
3.2703090888683684
3.8185130954040756
3.957464289418641
3.9490237122247343
3.765650486203096
3.2241939525627377
3.0076533477403626
2.816033504507189
2.2601221212426204
2.33085964625424
2.779190514114601
3.1860122252188154
3.69537690381689
3.7363065337810375
3.1793077207614777
2.9336741969966433
2.506689837950128
2.918264266575585
3.461158307391058
2.904208120555842
2.450864183461246
2.7844214260248097
2.4202601123938607
2.9421302688702564
3.499161346543724
2.9421566349704453
2.423836338498357
2.7899624318713303
2.474276543291349
2.859704089541675
3.415186654574505
2.957890875075373
2.599687548024901
3.1399633402319145
3.588936422160671
3.383068442353008
3.882813474614488
4.418352364495579
4.026980954581321
3.574342903894555
4.124695813810595
4.575340401942991
4.323528979679556
4.880557370791916
5.2852617938480035
5.569739438411989
5.515344787952982
5.516119498590739
5.571670541693189
5.280411765779815
4.869539579312718
4.314208955444458
4.492089523735913
4.340654913764801
3.970895804688537
3.5315393003504205
3.8948809646276015
4.440848334960029
3.892018031504753
3.524543687924139
3.951960959972529
4.253860682733199
4.71453783985958
4.9181630192686185
4.840444599186626
4.3337190588783585
4.788223411140804
4.583517635976378
4.501127360561126
4.5874179001939295
4.226521514314073
3.753760887784181
3.448065284560593
3.5883571708704896
3.1849917934819625
2.6722040127104907
2.7208874162538583
3.257684985518272
3.380411965753074
2.9198053739722756
2.3651901408999065
2.7713824341540283
2.4480377390770944
2.8997766495914665
3.4568127554005414
2.920863316166242
2.5222385870670156
2.971169313431786
3.3533407158972706
3.4450618344955157
3.172836124868482
3.475945291661151
3.246659099984982
2.734293027426375
2.567260077609108
2.937550202428181
3.120565681178012
3.615046373455155
3.0745530697005465
2.653129972985311
2.595222850554452
2.9551202201259748
3.182492772892715
3.7395312549829116
3.7008591611482013
3.1831910069085074
2.7843648059104953
2.319059898434857
2.2368204482278613
2.7790681938553714
2.752147758572045
2.1954437232004547
1.9900474116936864
1.7526940913469877
1.2448047176502979
0.9995613283407987
0.7529403263147766
0.24899566353990343
0.008468449671068412
-0.2049968885692585
-0.7586413155495326
-0.8500288110623289
-0.45926632271870466
-0.9377991146579614
-1.4888706612777718
-0.933462584595533
-0.40857799621862567
-0.7478729494730924
-0.3015917644614728
-0.7597367917719604
-0.47148209439619493
-0.8400750276197636
-1.3902556004130533
-1.0212236400535288
-0.5999894134310788
-1.1550177049738508
-1.5060839271681357
-1.1718027467298342
-1.4069715150247142
-1.4894839333420367
-1.3707778417788092
-1.8473732466500201
-2.357163173318982
-2.214784370597591
-1.6581274477547823
-1.944548061768151
-2.3768720362397855
-1.822150137692337
-1.6248627616501985
-2.1325255139165353
-2.64374466192942
-2.5009844849293854
-2.6404113343463633
-2.968248558215535
-3.2003324301473257
-3.753522636307986
-3.831146227495894
-3.3875797231123013
-3.943726971187032
-4.454542095546853
-4.027021500518231
-3.5453094811253028
-4.0861970573343385
-4.618331799714459
-4.338111246091986
-4.894958052504188
-5.343910914802625
-5.368103528188198
-4.9415600521684935
-4.414833688287426
-4.960360993622156
-5.461281924203765
-5.033805672036885
-4.5406430986255115
-5.083239239250501
-5.616256002019273
-5.327203759877692
-5.883227439809237
-6.273638427028653
-6.608826624691884
-6.630052833676171
-6.209629711523773
-5.750388740137068
-5.434000063481683
-5.538851892008244
-5.304880228262569
-4.908204124558937
-4.362434980787982
-4.801528671511815
-4.616257369999654
-4.403750490382102
-4.285808191439684
-4.8428127219850134
-5.154949740510941
-5.711990418787593
-5.578911945773712
-5.438625093724911
-5.365835463902496
-5.826596067472071
-6.317367429777807
-6.356038322462834
-5.895281298126989
-5.339281388845374
-5.6062366944074
-5.093930499184025
-4.546565978793467
-5.040850107406128
-5.453734413236842
-4.950997897911917
-4.399201145897749
-4.889117544534618
-5.094756216873875
-5.5553447830296525
-5.01556134546917
-4.464924952131776
-4.983829283471043
-5.479511114538124
-5.020559722898207
-4.524764819646984
-5.05392343489751
-5.610842103415926
-5.19114141160889
-5.380941311580549
-5.5980570566833
-5.717300001894285
-5.160287099074869
-4.8675110058292805
-4.319967220670587
-4.645688500597938
-4.088911374033274
-3.60767006520795
-3.8072839937506395
-4.364314273095059
-4.000502735630544
-3.6353605589761613
-4.192394574634782
-4.392478505654871
-3.911245493921765
-3.3544512070341286
-3.681027331076766
-3.134335667988194
-2.850973112194464
-2.2967566187952597
-2.5108792937456235
-2.2621320223538777
-1.784104060755146
-1.4030124516379374
-1.482963407391356
-1.4623681438950413
-1.3519919421551405
-1.8556520036257727
-2.3533989854059025
-2.251438360464319
-1.7047507745180481
-1.755479698155957
-2.3116247790682074
-2.1308897968581024
-1.6217974927791945
-2.14557787171762
-2.314863064848591
-1.7605352867422666
-1.6690627939780722
-2.193547614531372
-2.5516733959347984
-2.348363431151097
-2.8888488215100607
-3.38947243626055
-3.1611274114092556
-2.609231132493176
-3.0840396914792434
-3.347412444334343
-2.7943486330853973
-2.5783299845622105
-3.01133231854811
-3.4681684891309357
-3.0837643265724335
-2.548862755175201
-3.105742962744314
-3.5358812889196853
-3.1957503356930173
-3.497807858318436
-3.202225334638437
-2.6637858246227397
-2.8190841238291107
-3.3697431356147103
-2.9320491707030976
-2.676324739663787
-3.2333121475897713
-3.2838298744794647
-2.730910700519281
-2.7299059204597134
-3.282640032867683
-3.237773070153162
-2.680734808678832
-2.9136569891582855
-3.374379983557823
-2.8276166170172714
-2.665515570912709
-3.2071749777511105
-3.476497599254708
-3.1383625085468525
-3.2583234215835346
-3.795280860464253
-4.088270321521496
-4.586834822470582
-4.031723152008107
-3.496777213570009
-4.034758702431366
-4.5286594728863525
-4.088881351488722
-3.897079663612787
-3.4288921770698657
-3.981530480752123
-4.538546132678996
-3.9990940456023156
-3.4588601604051634
-4.015860956568291
-4.570774625149392
-4.090758333983549
-3.839274053552972
-3.284614209206156
-3.4545490509793777
-3.440941122005662
-3.25168837153734
-3.7775744463897247
-3.687297452074763
-3.214382701453123
-2.822410685853081
-2.294631488093309
-2.269491249206714
-2.8248692672735873
-3.114953034993384
-3.646986072814432
-3.194514182335796
-3.345308466639651
-3.7032395948583967
-4.008121560590393
-4.336386217319797
-4.552191960233217
-4.5132904911142235
-4.505707165808524
-4.533254565018719
-4.390901759329902
-4.160173303009497
-4.4651344191219975
-4.268764662290812
-3.7742002387904914
-3.4459220600335585
-3.6054442032212823
-3.1513785908601437
-2.6249930772519776
-2.868356681996796
-3.4018957090089517
-2.87399347000323
-2.6295995829678604
-3.1613810991826217
-3.583210302899152
-3.3993929464339288
-3.858392266276134
-4.392590916249765
-4.074141852458612
-3.5843328002726578
-4.141062945150919
-4.478617268694371
-4.0847502085123075
-3.9454019916759377