0.13131313131313133
0.13131313131313133
0.03778201004339703
-0.07344228523779829
-0.14544033202044465
-0.10625679927018608
-0.0004823242965625446
0.10550645117135128
0.1456270782751951
0.07432069832545297
-0.03683830872525916
-0.1307896368663755
-0.13182937147985627
-0.038724640186026824
0.07256158429994623
0.1452442227686505
0.10700267232878725
0.001446958771064183
-0.10475169524992586
-0.14580443019306516
-0.0751967826549661
0.03589356239894716
0.130258957651585
0.13233828827979194
0.03966617294286874
-0.07167863574478063
-0.14503878331696063
-0.1077440026558718
-0.002411550892992359
0.10399259823231559
0.1459723579118461
0.07607049663297588
-0.034947797202353276
-0.12972116358009375
-0.13283981307749468
-0.04060658204662629
0.07079347914119076
0.14482404789881298
0.10848072210456962
0.0033760724382748825
-0.10322922633655401
-0.14613083306653368
-0.07694179797108712
0.034001039256830304
0.12917632493684372
0.13333387771509944
0.04154584115838651
-0.06990615340581234
-0.14460005216224397
-0.10921276209091837
-0.0043404951992554175
0.10246164525564277
0.14627982880812698
0.0778106436770221
-0.033053314679461696
-0.12862451235481653
-0.13382041453877222
-0.04248392385252513
0.0690166968154128
0.1443668331475652
0.10994005361279201
0.005304790991161393
-0.10168992014137535
-0.14641931982161283
-0.07867699004656824
0.03210464959466637
0.1280657967896151
0.13429935642535618
0.04342080360115791
-0.06812514701988158
-0.14412442926443803
-0.11066252726924952
-0.006268931658473489
0.10091411558865357
0.14654928234309816
0.07954079265634326
-0.031155070145112596
-0.12750024949418517
-0.13477063680921064
-0.04435645375817311
0.06723154105579386
0.14387288026838313
0.11138011328029038
0.007232889081164179
-0.10013429562031151
-0.14666969417605402
-0.08040200635740026
0.03020460250191552
0.12692794199366744
0.13523418970924303
0.045290847542886176
-0.06633591536050808
-0.14361222723675654
-0.11209274150700677
-0.008196635180780482
0.09935052367245228
0.14678053470663324
0.08126058526969107
-0.029253272874095432
-0.1263489460603668
-0.13568994975612816
-0.04622395802335212
0.06543830578676373
0.14334251254422486
0.11280034147211308
0.009160141926334103
-0.09856286258031535
-0.14688178491802623
-0.08211648277739986
0.028301107517281404
0.1257633336888323
0.13613785221970914
0.047155758099375014
-0.06453874761774127
-0.1430637798377708
-0.11350284238084046
-0.010123381339971635
0.09777137456468317
0.14697342740381797
0.08296965152515996
-0.027348132741644243
-0.12517117707103648
-0.13657783303656934
-0.048086220485248576
0.06363727558255068
0.1427760740112625
0.11420017314217787
0.011086325502387834
-0.09697612121884576
-0.1470554463803149
-0.08382004341516146
0.02639437491904917
0.12457254857164875
0.13700982883776627
0.04901531769226754
-0.06273392387211113
-0.14247944117961542
-0.11489226239044384
-0.012048946557954007
0.09617716349613256
0.14712782769780336
0.0846676096051526
-0.025439860489420513
-0.12396752070339262
-0.13743377697670944
-0.049943022011040394
0.061828726155389604
0.1421739286525786
0.11557903850716694
0.013011216719519492
-0.09537456169803518
-0.1471905588507142
-0.08551230050733505
0.024484615966320608
0.1233561661024887
0.13784961555716724
0.050869305493637426
-0.06092171559596636
-0.14185958490817757
-0.11626042964325872
-0.013973108272856374
0.0945683754629342
0.14724362898666105
0.08635406578815116
-0.02352866794174091
-0.12273855750417596
-0.13825728346138433
-0.05179413993560862
0.060012924868891954
0.1415364595658428
0.11693636374145834
0.014934593580709823
-0.09375866375545105
-0.14728702891432752
-0.08719285436895743
0.022572043090113958
0.12211476771831423
0.13865672037828813
0.05271749685790124
-0.059102386177806956
-0.14120460335925566
-0.11760676855902961
-0.01589564508641897
0.09294548485644313
0.14732075111017864
0.08802861442757545
-0.021614768171553556
-0.12148486960506663
-0.13904786683176035
-0.05363934748870705
0.05819013127229246
0.14086406810894103
0.11827157169068842
0.016856235317070783
-0.09212889635366507
-0.14734478972397677
-0.08886129340070613
0.02065687003434198
0.1208489360506702
0.1394306642089493
0.05455966274526659
-0.05727619146542534
-0.14051490669463979
-0.11893070059174193
-0.0178163368861506
0.09130895513311808
0.1473591405830841
0.08969083798719457
-0.019698375616679212
-0.12020703994329947
-0.1398050547885974
-0.055478413215660966
0.056360597651507416
0.14015717302749048
0.11958408260142032
0.018775922495656003
-0.09048571737110794
-0.1473638011955401
-0.09051719415212992
0.018739311947715387
0.11955925414903186
0.1401709817693561
0.05639556914061798
-0.05544338032394053
-0.13979092202205107
-0.12023164496638257
-0.019734964937638627
0.0896592385270343
0.1473587707519013
0.09134030713176042
-0.017779706147890775
-0.11890565148792494
-0.14052838929805972
-0.05731110039535871
0.05452456959322241
0.13941620956819023
0.12087331486437702
0.020693437095140238
-0.08882957333693395
-0.14734405012583912
-0.0921601214392043
0.016819585428611256
0.11824630471022012
0.14087722249792847
0.05822497647151122
-0.05360419520503601
-0.139033092502882
-0.12150901942804351
-0.02165131194249241
0.08799677580780076
0.14731964187349517
0.09297658087093465
-0.015858977091289528
-0.11758128647268802
-0.14121742749667218
-0.059137166459119664
0.052682286558404456
0.13864162858192958
0.12213868576883974
0.022608562544950056
-0.08716089921270112
-0.1472855502315933
-0.09378962851401945
0.014897908525779463
0.11691066931512835
0.14154895145446317
0.060047639028773275
-0.051758872723886226
-0.13824187645164893
-0.12276224100107962
-0.023565162057632025
0.08632199608670572
0.14724178111431502
0.09459920675408956
-0.013936407208242657
-0.11623452563704534
-0.14187174259174706
-0.06095636241388318
0.050833982461784014
0.1378338956205421
0.12337961226607425
0.024521083723744258
-0.08548011822365695
-0.14718834210895151
-0.0954052572840178
0.01297450069847654
0.11555292767451673
0.14218575021686436
0.06186330439313621
-0.04990764424033793
-0.13741774643098553
-0.12399072675636578
-0.02547630087206587
0.08463531667378617
0.14712524247034084
0.09620772111328321
-0.012012216636742082
-0.11486594747727323
-0.14249092475344702
-0.0627684322731511
0.04897988625387667
0.13699349003096012
0.12459551174004518
0.026430786913676618
-0.0837876417421975
-0.1470524931141111
-0.09700653857799935
0.011049582740127212
0.1141736568860127
0.1427872177675626
0.06367171287136829
-0.048050736440897315
-0.1365611883458483
-0.12519389458515526
-0.027384515337917484
0.08293714298822773
0.14697010660874954
0.09780164935158789
-0.010086626798479964
-0.1134761275099648
-0.1430745819945746
-0.06457311249920333
0.04712022250204331
0.13612090405032118
0.12578580278417087
0.028337459707568124
-0.08208386922569325
-0.14687809716652023
-0.09859299245607453
0.009123376669950028
0.11277343070472878
0.1433529713656873
0.06547259694549394
-0.04618837191794967
-0.13567270054033506
-0.12637116397856088
-0.029289593653240062
0.08122786852402784
0.1467764806332581
0.09938050627399059
-0.008159860276172243
-0.11206563755040373
-0.14362234103414545
-0.06637013146027494
0.04525521196692278
0.13521664190525878
0.12694990598343237
0.030240890866980105
-0.08036918821031604
-0.14666527447706773
-0.10016412856086127
0.007196105597129271
0.1113528188300305
0.14388264740105725
0.0672656807389115
-0.044320769742422786
-0.13475279290014702
-0.1275219568122619
-0.03119132509508872
0.07950787487221964
0.14654449777595766
0.10094379645826385
-0.006232140665725847
-0.11063504500836197
-0.14413384814080893
-0.06815920890662718
0.043385072170311956
0.13428121891817296
0.1280872447017186
0.03214087013015644
-0.07864397436179496
-0.14641417120444392
-0.1017194465074408
0.00526799356211162
0.10991238621098426
0.1443759022260424
0.06905067950346042
-0.042448146025835354
-0.1338019859632359
-0.12864569813658983
-0.03308949980233242
0.07777753180019219
0.1462743170191576
0.10249101466345475
-0.004303692407780432
-0.10918491220379851
-0.14460876995216085
-0.06994005546968643
0.04151001795029438
0.13331516062274712
0.12919724587481454
0.03403718796983654
-0.07690859158322524
-0.14612495904349015
-0.10325843630986885
0.0033392653594840893
0.1084526923728864
0.14483241296133315
0.07082729913173709
-0.040570714467380975
-0.13282081004060733
-0.12974181697263729
-0.03498390850873448
0.07603719738779964
0.14596612265131603
0.10402164627394506
-0.002374740602985717
-0.10771579570476818
-0.14504679426596387
-0.0717123721886612
0.039630261999127184
0.13231900189037332
0.13027934080989104
0.03592963530199726
-0.0751633921791779
-0.14579783474982633
-0.10478057884234501
0.0014101463466877073
0.10697429076707032
0.14525187827159536
0.07259523569915409
-0.038688686881439255
-0.13180980434862022
-0.13080974711542143
-0.036874342227870005
0.07428721821906378
0.1456201237615124
0.10553516777732544
-0.00044551081515931124
-0.1062282456896129
-0.1454476307992085
-0.07347585006919818
0.03774601537917291
0.1312932860684957
0.13133296599266098
0.03781800314757776
-0.07340871707448023
-0.14543301960533744
-0.10628534633341638
-0.0005191377574026018
0.10547772814593227
0.14563401910688886
0.07435417504034647
-0.036802273700714164
-0.13076951615346394
-0.13184892794536557
-0.03876059189239929
0.07252792962741465
0.14523655367713054
0.10703104727457341
0.0014837711337558346
-0.10472280533524458
-0.14581101191082144
-0.07523016967868237
0.035857488012029606
0.13023856413123522
0.13235756390351977
0.03970208225014016
-0.0716448960852039
-0.14503075882924238
-0.1077722028917929
-0.002448361080206768
0.10396354396486616
0.14597857940558034
0.07610379236449173
-0.03491168445014718
-0.12970049992787233
-0.1328588052494229
-0.0406424479510423
0.0707596559916256
0.14481566934949797
0.10850874502118193
0.003412879373190056
-0.1032000102330968
-0.1461366932836764
-0.0769750007826746
0.03396488913603597
0.1291553938420681
0.13335258384395823
0.041581662653163515
-0.0698722482386654
-0.14459132093948066
-0.10924060506246969
-0.004377297805804106
0.10243226981257823
0.1462853267543247
0.07784375191392658
-0.0330171281868506
-0.12860331651958143
-0.13383883205305347
-0.04251969992726519
0.06898271107892506
0.1443577506921842
0.10996771399795285
0.005341588194277158
-0.10166038783413564
-0.14642445456139833
-0.07871000202671731
0.03206842772751052
0.12804433892782593
0.13431748277433436
0.04345653324124672
-0.06809108213863595
-0.14411499706906622
-0.11069000241185892
-0.0063057223843301785
0.10088442887111493
0.14655405300052632
0.07957370667008676
-0.0311188139015873
-0.12747853233059578
-0.1347884694639708
-0.04439213594416319
0.06719739843124341
0.14386309987653645
0.11140740051011866
0.007269672257412138
-0.1001044569242246
-0.14667409993530428
-0.08043482066728386
0.030168312881473355
0.12690596826292255
0.13525172616371622
0.04532648124986578
-0.06630169637152421
-0.14360210024191267
-0.11211983814053159
-0.008233409736774694
0.09932053540689294
0.1467845748125747
0.08129329811026137
-0.02921695087781298
-0.12632671850604943
-0.13570718752813388
-0.04625954222030246
0.06540401179020279
0.14333204058887838
0.11282724481331052
0.009196906793354873
-0.09853272713115617
-0.14688545867674657
-0.08214909235504425
0.028264754148175905
0.12574085506251442
0.13615478885200427
0.047191291748515954
-0.06450437994902772
-0.1430529646124699
-0.11352954972198923
-0.010160135451435862
0.09774109429408573
0.14697673418311272
0.08300215601797971
-0.02731174900496107
-0.12514845013133408
-0.13659446609790413
-0.04812170254137578
0.06360283555627629
0.14276491725363072
0.11422668176467679
0.011123067794050923
-0.09694569846477355
-0.14705838561013646
-0.08385244097287912
0.026357961822518705
0.12454957608327907
0.13702615592394496
0.0490507471020802
-0.06269941278264832
-0.14246794467335727
-0.1149185695656405
-0.01208567596809787
0.09614660057188808
0.14713039887066956
0.08469989834905275
-0.025403419043486697
-0.12394430543623655
-0.13744979571165694
-0.0499783977124626
0.061794145277518336
0.14216209422647286
0.11560514149719955
0.01304793218913003
-0.09534386089181769
-0.1471927615220744
-0.08554447853024036
0.02444814718433755
0.12333271083065486
0.13786532359400075
0.05090462641513442
-0.06088706618551207
-0.14184741443505744
-0.11628632570190715
-0.014009808745784794
0.0945375390374224
0.14724546277521805
0.08638613115443186
-0.023492172840140338
-0.12271486500506817
-0.1382726784834882
-0.05182940499549904
0.05997820816337357
0.1415239549615642
0.11696205011500682
0.01497127800382031
-0.09372769394740806
-0.1472884935023155
-0.08722480511457514
0.02253552268854185
0.12209084077170101
0.13867180010039162
0.052752704963665006
-0.05906760339709524
-0.14119176658165541
-0.11763224248713644
-0.015932312409716667
0.09291438387634854
0.14732184624359537
0.08806044856015852
-0.021578223492980192
-0.12146071099215586
-0.13906262900101732
-0.05367449753629132
0.05815528361927676
0.14085090115678706
0.11829683040726588
0.016892884493812585
-0.09209766638537227
-0.14734551521277053
-0.08889300889965876
0.02062030210514193
0.12082454855318632
0.1394451066060191
0.05459475361839075
-0.05724128012668747
-0.1405014116065728
-0.11895574132584308
-0.017852966872935916
0.09127759833353798
0.14735949630129414
0.08972243280383871
-0.019661785466683346
-0.12018242634256418
-0.13981917522872644
-0.05551344378512252
0.056325623798000574
0.14014335188095883
0.11960890257813298
0.01881253225249631
-0.09045423586991987
-0.14736378708138864
-0.09054866620987774
0.018702700610236364
0.11953441722504862
0.14018477810345722
0.05643053826359852
-0.055408345111674154
-0.13977677693223942
-0.12025624140772956
-0.019771553428005045
0.08962763442642534
0.14735838680783955
0.09137165432631769
-0.017743074659722663
-0.11888059401846851
-0.1405418594137902
-0.0573460069147322
0.05448947416395142
0.13940174268694622
0.12089768499022202
0.0207300032859859
-0.08879784871136884
-0.1473432964185459
-0.09219134163880341
0.016782934830005286
0.1182210294699321
0.1408903643207645
0.05825981921515572
-0.05356904068695224
-0.13901830601763737
-0.12153316045700202
-0.021687854804251602
0.08796493270381993
0.14731851853382738
0.09300767191659831
-0.01582230842590382
-0.11755579623217584
-0.1412302389909791
-0.05917194423923278
0.052647074066830515
0.13862652471462014
0.12216259491919423
0.022645081051510307
-0.08712893964875043
-0.14728405745448875
-0.09382058821985029
0.014861222840608895
0.11688496684007224
0.14156143062455967
0.06008235064119298
-0.05172360336197045
-0.1382264574576339
-0.12278591549169941
-0.023601655186279838
0.08628992205299793
0.14723991915865003
0.09463003290758937
-0.013899705553525973
-0.1162086136873122
-0.14188388748296352
-0.06099100663741501
0.0507986573211949
0.1378181637875228
0.1234030493173385
0.024557550455082996
-0.08544793168206453
-0.1471861112973497
-0.09543594764643198
0.012937784127584603
0.115526809003281
0.14219755891659205
0.06189787998888695
-0.04987226440195812
-0.13740170407792565
-0.12401392359108941
-0.025512740189904015
0.08460301955776826
0.14712264318893753
0.09623827341997121
-0.011975486206047353
-0.11483962483014708
-0.1425023953921791
-0.06280293798387165
0.048944452788494436
0.1369771395070083
0.12461846558440975
0.026467197804888945
-0.08375523595675867
-0.14704952581227232
-0.09703695053883096
0.011012839508856107
0.1141471330001851
0.14279834851992482
0.06370614742080577
-0.04801525040989463
-0.1365445320292636
-0.12521660266964063
-0.027420896792274135
0.08290463040991178
0.14696677179874587
0.09783191865136215
-0.010049871828549939
-0.1134494051133502
-0.14308537108034364
-0.06460747459146324
0.04708468495807969
0.13610394434740164
0.12580826234449155
0.028373810717536002
-0.0820512517026096
-0.14687439542315828
-0.09862311675496385
0.009086611025791655
0.1127465125151275
0.14336341705079808
0.06550688526441574
-0.04615278390563968
-0.13565543988435236
-0.12639337225660557
-0.029325913213753094
0.08119514787591303
0.14677241259346907
0.09941048320800631
-0.008123085024539123
-0.11203852627467346
-0.14363244163168326
-0.06640434466881903
0.045219574523507444
0.13519908275539683
0.12697186022820556
0.0302771779751798
-0.08033636622862848
-0.14666084083945433
-0.1001939557423415
0.007159321806895699
0.111325517163269
0.143892401272235
0.06729981747856159
-0.04428508389843194
-0.13473493774044626
-0.1275436542808291
-0.031227578750033763
0.07947495332026965
0.14653969930030175
0.10097347147638289
-0.00619534940767523
-0.1106075556331051
-0.1441432536959291
-0.06819326779680777
0.04334933895021806
0.13426307025648304
0.1281086826601561
0.03217708933250389
-0.07861095497490792
-0.14640900871117574
-0.10174896692873969
0.005231195908714431
0.10988471179641507
0.1443849579254406
0.06908465914097214
-0.04241236644869477
-0.13378354633017264
-0.12866687386093803
-0.03312568355398961
0.07774441628590474
0.14626879138878662
0.10252037803239147
-0.004266889432965951
-0.10915705540497261
-0.1446174743071318
-0.0699739544281587
0.04147419303037837
0.13329643257065876
0.12921815665203557
0.03407333527358404
-0.07687538162151547
-0.14611907121600148
-0.10328764014938988
0.003302458138403769
0.10842465582997068
0.1448407645350365
0.07086111596110246
-0.04053484521479038
-0.13280179614254617
-0.12976246010157755
-0.0350200183678219
0.07600389463134855
0.14595987362553048
0.10405068808607443
-0.0023379302117730733
-0.10768758204229563
-0.14505479167430813
-0.07174610541464813
0.039594349420394304
0.13229970473907596
0.13029971360224846
0.03596570671971129
-0.07512999825366361
-0.14579122558272853
-0.10480945610879402
0.0013733338622120006
0.10694590259321021
0.1452595201841008
0.0726288838228054
-0.038652731980110544
-0.13179022655549444
-0.130829846896719
-0.036910374207077976
0.07425373472348527
0.14561315556754703
0.10556387796012
-0.0004086973147779116
-0.10619968559545817
-0.1454549159398456
-0.07350941156641087
0.03771001915637576
0.1312734302626154
0.13135279010322579
0.03785399469024525
-0.07337514558151198
-0.14542569355567492
-0.1063138868755431
-0.0005559511960954167
0.10544899870480234
0.1456409462548921
0.07438764836143788
-0.03676623715570282
-0.1307493849805706
-0.13186847374131377
-0.03879654199908468
0.07249427168378947
0.14522887099890375
0.10705941560064289
0.0015205834331799006
-0.10469390910200653
-0.14581757990147667
-0.07526355324798313
0.03582141214271001
0.13021816025274652
0.13237682875774956
0.039737989919467254
-0.07161115321212339
-0.14502272080475664
-0.10780039640872202
-0.00248517116304825
0.1039344834752727
0.14598478713098503
0.07613708457996606
-0.03487557025357989
-0.1296798260198977
-0.1328777865526131
-0.040678312179151924
0.07072582968519697
0.14480727731541393
0.1085367611188916
0.0034496861626514136
-0.10317078800314246
-0.1461425396934698
-0.07700820001556907
0.033928737608915446
0.1291344525944299
0.13337127900557466
0.04161748243314517
-0.06983833997036375
-0.14458257628597299
-0.10926844111460009
-0.0044141002258523965
0.10240288833787387
0.14629081085638876
0.07787685650844954
-0.0329809403259594
-0.12858211063484293
-0.13385723850236259
-0.04255547424857156
0.0689487222960787
0.1443486548620765
0.10999536736259449
0.005378385169888783
-0.10163084958930137
-0.14642957542252552
-0.07874301029974842
0.03203220453014784
0.1280228711203238
0.13433559796142383
0.043492261089090475
-0.06805701426493525
-0.1441055515569442
-0.11071747043230017
-0.00634251284173129
0.10085473630919291
0.14655880974705543
0.07960661691091898
-0.031082556365970238
-0.12745680532547882
-0.13480629086077867
-0.044427816298900066
0.06716325286726929
0.14385330622783957
0.11143468051560804
0.0073064551243141596
-0.10007461247610967
-0.1466784917537203
-0.08046763113739731
0.030132022007110557
0.12688398479519417
0.13526925126506584
0.04536211308636273
-0.06626747449529773
-0.14359196005200714
-0.11214692744705512
-0.008270183942601844
0.09929054148078549
0.1467886009500739
0.08132600704313087
-0.029180627665849473
-0.1263044813196148
-0.1357244138527769
-0.046295124507294366
0.06536971495775167
0.14332155550211004
0.1128541407243824
0.009233671269464575
-0.09850258611203339
-0.14688911844176247
-0.08218169795597927
0.02822839960170942
0.1257183669092321
0.13617171394367006
0.047226823447951274
-0.06447000949497084
-0.14304213632120194
-0.11355624952945789
-0.010196889131330628
0.09771080854319454
0.14698002694580498
0.08303465646400002
-0.027275364129327212
-0.12512571377006998
-0.13661108752635567
-0.04815718260775344
0.06356839279442235
0.1427537474972633
0.11425318274954198
0.011159809613578708
-0.09691527031914518
-0.14706131080283802
-0.08388483441262254
0.026321547625548003
0.12452659427896522
0.13704247128604027
0.049086174481776976