1.2372881355932204
1.2372881355932204
1.1103700889913828
1.0062728670570351
0.9051453659806158
0.7780284041548602
0.7486126849831103
0.8727437815418616
0.9795823690605994
1.0766821806732767
1.200891739474633
1.265279131094515
1.149769349401138
1.0384522101197646
0.9451556207962731
0.8280740033135237
0.7287826264079359
0.8209763217174105
0.9399692253672711
1.0339134185640273
1.14390734351752
1.2623205100136263
1.2065088453965171
1.0812532102243297
0.9831379303063283
0.8769915892502254
0.7519065887605748
0.7741789751558111
0.9014665348777129
1.0033628547887328
1.1068494325255507
1.2340176222415262
1.2405020467566503
1.1139564284567722
1.009259833701794
0.9089536501610338
0.782162335689708
0.7453167957703285
0.8682242242102084
0.9758413863405794
1.071932184524517
1.1948567034978006
1.26780886892957
1.1559632632269718
1.0431290662451007
0.9502032125424211
0.8349973815867896
0.7296909573093355
0.8140780860057604
0.9348620151715243
1.0296404758939934
1.1385225298356727
1.2591640291726036
1.2115823883640982
1.0855330413552877
0.9864522405985696
0.8809315489284123
0.7551186548854387
0.7706206493814127
0.8979410150944147
1.000540453201686
1.1033953307940325
1.2306955714948762
1.2436592040084722
1.1176137714197005
1.0123247296356308
0.9128897712894235
0.7865955147185426
0.7420762636822121
0.8634311468773429
0.9719331531659489
1.0670641573251383
1.188487025976885
1.2697436796557977
1.1624184470144252
1.0479040807976958
0.9550386963899277
0.8415729693573435
0.7313659270716083
0.8075667213338217
0.929935631253921
1.0256478429573745
1.1335928531866672
1.2559437332387764
1.2161630244929755
1.089542346562595
0.9895665695038821
0.8846406657546502
0.758272630834185
0.7672588433361903
0.8944918254682992
0.9977376798981117
1.099914016905819
1.2272294648784554
1.2468393238661257
1.1214487590312665
1.0155506817334905
0.9170536162092798
0.7914617611592378
0.7388883830884209
0.8582364288027282
0.9677759891925283
1.0620265933734212
1.1817339113301841
1.2709671622492802
1.1692095071902475
1.0528657003645079
0.9597485417549138
0.8478653006522364
0.7336796859381913
0.8014019735349607
0.9251409807591732
1.021846571282972
1.1289754569566173
1.2526673600264615
1.220404269205941
1.0933941952702453
0.9925789762895619
0.888248558204107
0.7614600011945528
0.7639723124384029
0.8910015079377924
0.994863933889793
1.0962960207168326
1.2234966046769107
1.2501071386574074
1.1255771300416288
1.0190158941039713
0.9215206393882396
0.7968763917774409
0.7358273603399599
0.8525474689241126
0.963327648701116
1.0568459192768611
1.1746714958170206
1.2713297716074032
1.176280824201715
1.0580213570132322
0.9643557102967444
0.853875044923579
0.7364988792530369
0.7956044191448087
0.9204854492183574
1.0182109715399466
1.1246157844341391
1.2493611927557655
1.2243675349846617
1.0971285207957926
0.9955223697309561
0.8917979910389138
0.7647122586140098
0.7607329440203713
0.8874372813719994
0.9919032669571516
1.0925326772979087
1.219469209894008
1.253413419316531
1.1299978402824158
1.0226929887016758
0.9262160052547173
0.8027679086259498
0.7331060512296974
0.8464635741006107
0.95869028210621
1.0517233396493737
1.1676419545111254
1.2707602003735554
1.1832959049653122
1.0631827191463086
0.9687425761880867
0.8594541257402795
0.7396035718811731
0.7903147616242453
0.9160858245544644
1.0148014586712968
1.120558369226716
1.2461130600327164
1.2280333605641727
1.1007106717086999
0.9983753872644081
0.8952721562392663
0.7680093351669017
0.7575593589061586
0.8838144922497911
0.9888741826872867
1.0886530979357907
1.2151616599063013
1.2566764947432922
1.1346756397280395
1.0265309280379058
0.9310360076077998
0.8090066938280781
0.7309273975950695
0.840113908442781
0.9539597040590446
1.0468114167231581
1.1609321101736019
1.2693637278106804
1.1899590631150405
1.068177725041394
0.972835221917976
0.8645446296773448
0.7428045259584484
0.7855610554840058
0.9119841438108427
1.0116213438544424
1.1167761574199022
1.2429468013642109
1.2314547279115928
1.1041742773073457
1.0011734643155712
0.8987273072641601
0.7714033711869868
0.7544000674635073
0.8800653324104875
0.9857234114027318
1.0845920856166833
1.2104829745154237
1.2598856556878602
1.139696456674259
1.0305802416586936
0.9360015340252116
0.8156059852021017
0.7294127268948956
0.833461067269419
0.9490811916818483
1.0420640642182488
1.1545401258463717
1.2672844760471318
1.1962512094675946
1.073016672727112
0.9767009318635727
0.8692681305497473
0.7460580503158101
0.781203538656776
0.9080827610366293
1.0085787385181837
1.113140706664734
1.2397813699369973
1.2347608139043376
1.1076386597125087
1.0040127761047135
0.9022848936362029
0.7750231258474815
0.7511668884280807
0.8760576780754932
0.9823537811994905
1.0802419811237143
1.2052833018359503
1.2630150040704644
1.145195235029613
1.0349207082222815
0.9411431549349792
0.8225772816168153
0.728699804473883
0.8264710844251117
0.9439874851660499
1.0374088019063517
1.1484083361423076
1.2646393259208994
1.2022046860516264
1.0777365235253409
0.9804054481999335
0.8737305343507199
0.7493614740915288
0.7771315635744054
0.9043001886608801
1.0056067551690329
1.1095669087216953
1.2365521548832525
1.238021177121209
1.1111766003392873
1.0069428529612643
0.9059970406275695
0.7789396963376211
0.7478639601015589
0.8717433292843345
0.9787500164674376
1.0756189935366895
1.1995576882895695
1.2658965667622952
1.1511468990240215
1.0395021900124102
0.9463158537659029
0.8296668819977113
0.7289126255291899
0.8193866302076696
0.9388000190713773
1.0329203716069535
1.1426447910216322
1.2616164068160913
1.2077056175890022
1.0822488126739316
0.9839091984179993
0.8779091203911882
0.7526415475054342
0.7733502841434043
0.9006565742769361
1.0027178485334627
1.1060641313714885
1.23327231962524
1.241219369103389
1.114775232321951
1.0099444664665034
0.9098305181984513
0.7831357887085366
0.7445787466724059
0.8671670168879481
0.974973834410879
1.0708422971476768
1.19344586873593
1.2683025721534027
1.1573989288245463
1.0441983971434559
0.9513135790574889
0.8365147135487307
0.7300081924834767
0.8125711236021191
0.9337325241066879
1.0287155715822307
1.137372476535031
1.2584397738950996
1.212656099630309
1.0864597038450814
0.9871705575825711
0.8817856937837921
0.755833933846342
0.769848116306426
0.897158835568197
0.9999085671850105
1.1026150846750529
1.2299292129805726
1.244372834868331
1.11846040559817
1.0130363577215122
0.9138071361707216
0.7876521646989053
0.7413503382092196
0.8622969868668836
0.9710181784737997
1.0659415491961457
1.186994824315365
1.2700875368966138
1.16392255497168
1.049006669643688
0.9561116189168859
0.8430179586960321
0.7318371077231551
0.8061440591550463
0.9288416512117897
1.0247741867306657
1.132525540748771
1.255207950460211
1.217147550276114
1.0904239560538387
0.9902541033488975
0.8854621351063379
0.7589879539261903
0.7665117013982184
0.8937089279548224
0.9970959363603785
1.0991098256656882
1.2264114053364161
1.2475706765752363
1.1223547894798447
1.016312713631545
0.918037720534246
0.7926378023845284
0.7381789461292292
0.8569924195078574
0.9667937171060746
1.0608621757212808
1.1801546216741374
1.27112977291546
1.170792920669888
1.054019041060775
0.9608023218419419
0.8492534259481792
0.734279703142007
0.8000541070652102
0.9240724425686685
1.0210081516577707
1.1279657187713057
1.2519193928612462
1.2213255412120205
1.094250113902679
0.9932514518127518
0.8890571665419785
0.7621906777613778
0.7632345356378808
0.8902009741307918
0.9942008591203835
1.0954558756816648
1.2226103557850196
1.2508552021938266
1.1265536316141098
1.0198317889716748
0.9225676566400273
0.7981730648617353
0.7351733348169897
0.8511995331485875
0.9622899472944196
1.0556737188875895
1.1730641581824637
1.2712811459014832
1.1778870301281064
1.059196978978539
0.9653722456370455
0.8551800870459846
0.7371848777475416
0.7943590466117034
0.9194637590547274
1.0174179368332896
1.1236703109967239
1.248618547825041
1.2252228309654714
1.0979528565390677
0.9961758663075896
0.8925902172938324
0.765454112270205
0.760009652702126
0.8866234599014872
0.9912244497370482
1.0916657331930903
1.21852038845312
1.254156834142348
1.131032716072054
1.0235470748121223
0.9272966963083101
0.8041507661114823
0.7325606522758986
0.845049201972376
0.9576280730487181
1.0505928005544987
1.1660922822804654
1.2705108597793933
1.184838417122286
1.0643293466742052
0.9696933592782877
0.8606458921883815
0.7403229215953029
0.7891960417666654
0.9151340037123061
1.014064472333751
1.1196825948435654
1.2453915304582819
1.228824342378798
1.1015008058362885
0.9990099566469781
0.8960511576144211
0.7687643743799895
0.756847037365449
0.8829822104184847
0.9881758219072472
1.0877548266234163
1.2141416672280576
1.2574065239171741
1.1357756706390827
1.0274246402030216
0.9321437305634896
0.8104650123899995
0.7305226666097938
0.8386394122596823
0.952873243399367
1.0457272693536008
1.1594622305115536
1.2689490897418765
1.191411955512037
1.0692832160922787
0.9737257245940263
0.8656394716473176
0.7435353145382112
0.7845466560611721
0.9110886393807537
1.0109248394056067
1.1159458042938537
1.242234328668667
1.2322083096712222
1.1049535202475094
1.0018088352605734
0.8995192046721924
0.7721979444563107
0.7536772268770967
0.8791854559565562
0.9849829631262972
1.0836357075790526
1.2093561836595208
1.2606039337592032
1.1408956504852594
1.031535580358829
0.9371509946341257
0.8171543007643862
0.7291754455981877
0.8319060739180076
0.9479471868247499
1.04100297683706
1.1531293539799277
1.2667307338799425
1.1976292529386696
1.0740957794649144
0.9775528100835044
0.8702993804883015
0.7468022887774567
0.7802587197650402
0.9072173897591056
1.0079008228047708
1.1123276258308845
1.2390569887704004
1.2355021284824537
1.108432124404375
1.0046677218969344
0.9031116326433604
0.7758829646404171
0.750423177378731
0.8751075508523996
0.9815572220894432
1.0792162245093933
1.2040300555413053
1.2636971196724327
1.1465070072492987
1.0359407670833485
0.9423190379577858
0.8241849143199192
0.7286652154890513
0.8248626500843173
0.9428140396676112
1.0363736942205655
1.1470660591242239
1.263979928858074
1.2034944213155552
1.078780298757497
0.9812182692006306
0.8747027336858545
0.7501090547196987
0.7762497036048261
0.9034621922228896
1.004944982716048
1.108767513275483
1.2358137114090662
1.2387508349009337
1.1119860087630529
1.0076162909569206
0.9068546162982168
0.7798649813767192
0.7471164525820417
0.8707298913826115
0.9779092271743736
1.074548466258385
1.1982044420966929
1.2664891591903467
1.152539096422208
1.0405573536592014
0.9474661456606551
0.8312459745034554
0.7290882686686175
0.8178120617548124
0.9376378373276787
1.0319425956801727
1.1414083967230293
1.2609051108123013
1.2088732124421677
1.0832281916853876
0.9846674861339861
0.8788105425755894
0.7533714144807123
0.7725364333485797
0.899854647954595
1.0020773501390674
1.1052820865359412
1.232524311875324
1.2419339977870008
1.1155979368145532
1.0106333031716304
0.9107142117641837
0.7841250241491244
0.7438438638140537
0.8660953892248274
0.9740975595002588
1.069746552228869
1.192018288595625
1.268764415898103
1.1588478643659876
1.045272944154029
0.9524131614203303
0.838013560013166
0.730362654962565
0.8110848475231316
0.9326126211346973
1.027804466727406
1.1362445099842637
1.2577131800605734
1.2137061047301967
1.0873735055368208
0.9878796577075368
0.8826295307306902
0.7565470754209891
0.7690840188178538
0.8963791357750649
0.9992764890988924
1.1018318786298322
1.2291539092827015
1.2450889590742202
1.1193178686410885
1.013757590655821
0.914737799450596
0.7887331213761994
0.740626796753013
0.8611401928235668
0.9700890685124444
1.0648091801102328
1.1854817972119756
1.2703936733672427
1.1654453618577567
1.0501203412470173
0.9571796245625049
0.8444499450378414
0.7323398200042329
0.8047379711545851
0.92775335585637
1.0239090101608281
1.131472278297829
1.2544689671949574
1.218116664779704
1.091299022970007
0.990937657072658
0.8862799793931664
0.75970619275967
0.7657670545723531
0.8929225432474701
0.9964495358060073
1.0982974541045483
1.225578285506926
1.2483070616837588
1.1232770541035029
1.017087737813389
0.9190379313102002
0.7938429750608902
0.7374773578219759
0.8557224179575502
0.9657964199980268
1.0596913414561702
1.1785612344576262
1.2712462555340895
1.1723891299827875
1.0551817987201244
0.9618505602644936
0.8506264010393451
0.7349038832601643
0.798725955543679
0.923011647988752
1.0201783882993205
1.1269691493478622
1.251170523364889
1.222232703309188
1.095099975528907
0.9939203636321893
0.8898627615714477
0.7629246193755671
0.7624993559109943
0.8893967814752616
0.9935335779478269
1.0946087486924454
1.2217092779920664
1.2516041005013905
1.1275444344804217
1.0206576496023079
0.92362473026065
0.7994923324887426
0.7345397307966425
0.8498335166729217
0.9612444711006429
1.0545076254293893
1.1714637096930351
1.2711845357668614
1.1794851731423477
1.0603698090087887
0.9663755466333134
0.8564607677909689
0.7378824249694266
0.7931417490959697
0.9184569608046028
1.0166374832397715
1.1227411426455804
1.2478801605470762
1.2260624663315212
1.0987687700094348
0.9968243408675391
0.893378260426927
0.7661978754742695
0.7592899968066541
0.8858069079084339
0.9905423811246681
1.0907931782615268
1.2175574387846877
1.2548971709924264
1.1320803846382659
1.024408885533687
0.9283827246069954
0.8055499863929326
0.7320450146073284
0.8436224825815278
0.9565618833141875
1.049474213632966
1.1645614705957992
1.2702211450683554
1.186360271582143
1.0654659459557867
0.9706287322513373
0.8618127446968895
0.7410453623787676
0.7881042574883675
0.9141973173725386
1.0133388101411966
1.11882004607272
1.2446740098202906
1.2296039376963876
1.1022857456913118
0.9996425096958896
0.8968303111072115
0.7695254408768615
0.7561344134452482
0.8821421709887386
0.9874701924459816
1.0868459681165363
1.2131010064728827
1.2581340983066018
1.1368949292264998
1.0283303089865126
0.9332598232410089
0.8119427923325987
0.7301530085181844
0.8371480545059934
0.9517778438178763
1.0446501700378423
1.158007373996381
1.2685009944346441
1.1928468203315887
1.070381650894853
0.9746059661957442
0.8667176101353155
0.7442689235696045
0.7835503353724893
0.9102017332996309
1.010233962821485
1.1151211237096659
1.2415205671506993
1.23295772300049
1.1057344796411723
1.0024476300393186
0.9003179520951174
0.7730058259231337
0.7529495087442625
0.8782906260920369
0.9842300746745756
1.0826632055652774
1.2082008275904212
1.2613176443710301
1.1421209548362028
1.0325067436429438
0.9383096750185448
0.8187215713344256
0.7289811240937314
0.8303336754122805
0.946801528957866
1.0399459347003481
1.151731438008762
1.266149256056225
1.198990100193062
1.0751690316089872
0.9783969622960224
0.8713181376254366
0.7475489889739851
0.7793276334664943
0.9063574604600755
1.0072260260877457
1.111517096977385
1.238328858101747
1.2362414830249595
1.1092298114490187
1.0053275390412044
0.903946407817746
0.7767583716597211
0.7496764898960476
0.8741417354697161
0.9807490226733756
1.0781774308883083
1.2027507242367885
1.2643638841884317
1.14784070957433
1.0369718159199273
0.9434938493385597
0.8257941900835915
0.7286793196224104
0.8232537000253345
0.9416382330851525
1.0353487792275144
1.1457447931867837
1.2633039091656952
1.2047588746864781
1.0798117441127366
0.9820198373457522
0.875659548566471
0.750854159063597
0.7753832772154718
0.9026320115235061
1.0042879538978027
1.107972252001842
1.2350731961823043
1.2394768058608348
1.1127980226194254
1.008292901929217
0.9077177079549703
0.7808040109829211
0.7463710961350024
0.8697038951922063
0.9770605724836666
1.0734717384358825
1.1968335157676315
1.2670547957628502
1.15394455306812
1.0416167862127985
0.9486051387808665
0.8328085121872871
0.7293077045820261
0.8162555281287011
0.9364843672840232
1.0309805947363309
1.1401982747595794
1.2601885772290708
1.2100119198810904
1.0841913019772216
0.9854130920577573
0.8796965786584835
0.7540962539913876
0.7717364182160631
0.8990600002657196
1.001440654579031
1.1045022802429354
1.231772640818834
1.2426468729006572
1.1164257214084257
1.0113272946258731
0.9116059195446434
0.7851315832685922
0.7431119248427255
0.8650078054464332
0.9732115297846937
1.0686441536296103
1.1905731202216807
1.2691932840626658
1.160311245441121
1.0463539477978427
0.9535032091891132
0.8394949877524432
0.7307527828118695
0.8096184660521168
0.9315014964229673
1.0269058848041082
1.1351366311965774
1.2569842131641646
1.2147345420522861
1.0882760381727334
0.9885809145247242
0.8834648674928649
0.7572593662953351
0.7683266354406646
0.8956002617920347
0.9986429158939409
1.1010441083890787
1.2283679209252352
1.2458086930436572
1.1201878867564221
1.014489680227711
0.915683119993485
0.7898403061569055
0.7399060443480653
0.85995907388539
0.9691448496308466
1.0636667481717728
1.183947895770613
1.27066025592391
1.1669871545080546
1.0512458244505354
0.9582434740556385
0.845869514522043
0.7328728564681326
0.8033481903758297
0.9266704059389118
1.023051701291437
1.130432080137262
1.2537268132554211
1.21907136586524
1.0921682849164795
0.9916178087638703
0.8870949077799586
0.7604279197788155
0.7650244151376946
0.8921321061137634
0.9957981587944118
1.097476651918393
1.2247296006264259
1.2490480133322193
1.1242156939018986
1.0178755424987764
0.9200534984490284
0.7950766743945186
0.736786149935616
0.854427438816398
0.964785266041905
1.0585165458103418
1.176957844714293
1.271315200032751
1.173994138183797
1.056351757993531
0.9628917544889898
0.8519822252238278
0.73554965613156
0.7974195080483373
0.9219601814698544
1.0193581740509665
1.1259865192133192
1.2504219509008494
1.2231252614026245
1.0959431450233108
0.9945852665598429
0.890664890631714
0.7636613603897483
0.7617672524294395
0.888589390968161
0.9928625539547561
1.0937553117914598
1.220793895070482
1.252352583503258
1.1285487088163164
1.0214925205595038
0.9246901829847
0.800832122055405
0.7339292472120924
0.8484515519808168
0.9601928668825386
1.0533500887551872
1.1698744767802876
1.2710411496454965
1.1810708446727607
1.061537193578454
0.9673642567699018
0.8577158021752139
0.7385888399006548
0.7919534116107741
0.9174660169983043
1.015869979694546
1.1218283223790175
1.2471466577231818
1.226886780471513
1.0995763500760185
0.9974679869430708
0.8941625342085208
0.7669438836425697
0.7585735353732176
0.88498707577309
0.9898566133322938
1.0899144378857788
1.2165795526521515
1.2556342897120276
1.133141630996948
1.0252788732660507
0.9294742430781526
0.8069656036247831
0.7315604176923887
0.8421830746407274
0.9554911520481919
1.0483670782489516
1.1630495704297423
1.2698929604280649
1.1878611917675368
1.0665925968529772
0.9715495207777758
0.8629562081389857
0.741770307844723
0.7870376231933587
0.9132745347178614
1.0126232998592644
1.117969070773757
1.2439594772659064
1.2303738478290767
1.103067036287375
1.0002743146293829
0.897611243443887
0.7702942072360769
0.7554201865506136
0.8812925871814662
0.986755921508932
1.0859249082916171
1.2120375331616258
1.258859352249103
1.1380354478591734
1.029249257458069
0.9343851980380398
0.8134409765970769
0.7298198928311538
0.8356386056640022