-0.696969696969697
-0.696969696969697
-0.8172909381891591
-0.8286841868008689
-0.7224616776845283
-0.6715969494542753
-0.7984966218020326
-0.8266617662529203
-0.7296683950221635
-0.6602130939012358
-0.7875265551433734
-0.818857335143527
-0.71995532134469
-0.6597536009594814
-0.7867239728428783
-0.8065312868844751
-0.6954969610441006
-0.6740884548294084
-0.7954199309599749
-0.7925375733907482
-0.6690044819026302
-0.7022631161995456
-0.8098527539197232
-0.7860375871782214
-0.6588069030055177
-0.7236894932483687
-0.8210707378183939
-0.7891427048377003
-0.6618223568257691
-0.7296236243709613
-0.8278548028434307
-0.802507590277171
-0.67624976216006
-0.7179760934513763
-0.8275024609631585
-0.8213758577465274
-0.7041191440489096
-0.6898819496231663
-0.8127386437886538
-0.8290571410953268
-0.7258206884276923
-0.6677801461078312
-0.7949848904540913
-0.8251724644626315
-0.7287556116890016
-0.6591695552797168
-0.7864899214705061
-0.8163568448620229
-0.7152831055747711
-0.6615604748382607
-0.7879672462076839
-0.803013979743179
-0.6884514863747602
-0.6802029156175616
-0.7987384919793564
-0.7901524902511061
-0.6649964787243378
-0.7085709944745725
-0.8129610639462879
-0.785920866078798
-0.6586056180308748
-0.7265135660668223
-0.8230609953811384
-0.7914289115278574
-0.6641103903994511
-0.7285232444900063
-0.8286879649665246
-0.8070273761637059
-0.6819316728658398
-0.7122371877500766
-0.8253138820614977
-0.8247555240048535
-0.7109687588986764
-0.6831733400151158
-0.8079641632735932
-0.828801083341943
-0.7281782242054545
-0.6646480594750493
-0.7919597524278396
-0.8234309176240802
-0.726968183675711
-0.6586432696212815
-0.7859635646336078
-0.8135485894264164
-0.7097503891110688
-0.6643288613771808
-0.7897409890424792
-0.7994321833273962
-0.6815138305920104
-0.6870546928049851
-0.8023038789095585
-0.7882766553139591
-0.662028818827288
-0.7142524842338392
-0.8158251662433241
-0.7863458532330838
-0.6590236751468239
-0.728470131514322
-0.8248466384049147
-0.7943459368507326
-0.6671078558434999
-0.7263656433195238
-0.8290517968981881
-0.8118017782804383
-0.6885123795710593
-0.705513355717004
-0.8221093640887341
-0.8271543146520082
-0.716940099995918
-0.677288907148015
-0.8033640912262319
-0.8280509395535064
-0.7294919082580021
-0.6622178866581998
-0.7895401677102165
-0.8214802404015268
-0.7243184069107439
-0.6587117646717078
-0.7859694947405206
-0.8104842944585636
-0.7035508026480132
-0.6681275439359053
-0.792026055286347
-0.796045193701634
-0.6752201580218022
-0.6941179886742637
-0.8058497357554372
-0.7869263710245559
-0.6600390322826222
-0.7191057555280586
-0.8183876469976679
-0.7872790863688395
-0.6599652278704516
-0.7295604764355109
-0.8263895044397774
-0.7977650316312026
-0.6707835536338262
-0.7232087022183833
-0.828815419868351
-0.8164219880828728
-0.6955555548142064
-0.6983863734852785
-0.8181416685735066
-0.8285215183011673
-0.7216707797118962
-0.6724427423534681
-0.7992476523988761
-0.8269225071360102
-0.7297389788136567
-0.6604828169552919
-0.7877965547181268
-0.8193156402806956
-0.7207678666127628
-0.6595018060926241
-0.7865433717816435
-0.8072047707281425
-0.6968642277275452
-0.6729978774481963
-0.7948121803500664
-0.7930686496775273
-0.6699236367744729
-0.7009575910763771
-0.8092129952873965
-0.7861280940622082
-0.6589312228199311
-0.723025000790302
-0.8206527017037958
-0.7887719264373411
-0.6614536847118324
-0.7297137274228022
-0.8276447892441324
-0.8016720081434354
-0.6752520353964034
-0.7189616278606017
-0.827810630528324
-0.820615138524635
-0.7027143188211775
-0.691265564737411
-0.8136660893162103
-0.8290380600426127
-0.725237325989966
-0.6684784797870037
-0.7956422537524156
-0.8254883890899614
-0.7290071663220465
-0.6593351763767076
-0.7866535601305833
-0.8168761954125217
-0.7162796351200474
-0.6611298330740317
-0.7876785412464139
-0.8037210429066174
-0.6898518478625274
-0.6789217499635037
-0.7980547789287613
-0.7905838628571608
-0.6657048187028267
-0.7073673254855851
-0.8123641389186266
-0.785899408549256
-0.658592125311322
-0.7260251671545961
-0.8226832912459879
-0.790923135242754
-0.6636007862923904
-0.7288266142278708
-0.828556534908081
-0.8061011622693313
-0.6807263789893014
-0.7134658314614991
-0.8258314596584343
-0.8241579311754341
-0.7096651735471968
-0.6844481051240482
-0.8089080682383918
-0.8288949058198007
-0.7277922585069629
-0.665213328778857
-0.792514480125495
-0.8237928395900195
-0.72738926289606
-0.6587040337118342
-0.7860270481361147
-0.8141261805257635
-0.7109038337430253
-0.6637015872192984
-0.7893494245783853
-0.8001336811320686
-0.6828506469741293
-0.6856657623791788
-0.8015925961927827
-0.7886065585851751
-0.6625355019031017
-0.7131891232328755
-0.815281447032587
-0.7862213009139197
-0.6588978044484922
-0.7281510665864338
-0.8245113075726904
-0.7937260698292632
-0.6664614575842496
-0.7268721874501656
-0.8290231084913653
-0.8108581897941488
-0.687160266433563
-0.7068927559754709
-0.8228132178296088
-0.8267650160547468
-0.7158539049773925
-0.6783700637269716
-0.8042406315221545
-0.8282324626609413
-0.7293180579099686
-0.6626410112547446
-0.7899646369439768
-0.8218816093817239
-0.7249121334436401
-0.6586448947668366
-0.7859237749938472
-0.811107598341991
-0.7048196410116305
-0.6672925930487232
-0.7915341982634281
-0.7966870062738641
-0.676391816036413
-0.6927293749180108
-0.8051605479897
-0.7871503667223136
-0.6603589763060358
-0.7182192478753978
-0.8179061060785368
-0.7870532789371543
-0.6597384021404632
-0.7294160704255143
-0.8261060188505156
-0.7970522391883588
-0.6700006625297441
-0.7239135128381486
-0.8289168429387207
-0.8155361875985541
-0.6941457327708023
-0.6998037409948719
-0.8189727795598158
-0.8283256920464177
-0.7208342568404492
-0.6733229748659931
-0.8000188093942846
-0.8271714026478257
-0.7297713338056881
-0.660775341895455
-0.7880900171432288
-0.8197631149722409
-0.7215434923272813
-0.65928276426858
-0.7863847519745796
-0.8078699648531861
-0.6982181258389514
-0.6719491718038934
-0.794222670094068
-0.7936191245653624
-0.6708851675320531
-0.6996351889188821
-0.8085649742510065
-0.7862409809556098
-0.6590856111237817
-0.7223245389379691
-0.8202256356780528
-0.7884272578049912
-0.6611109646158111
-0.7297629189996224
-0.8274215381790256
-0.8008576957141865
-0.6742945278406329
-0.7198971932655688
-0.8280803070773461
-0.8198294452564171
-0.701302484187702
-0.6926602378806681
-0.8145818109858001
-0.8289933948759005
-0.7246151780479793
-0.669203380438612
-0.7963176698358125
-0.8257940432101313
-0.729224326704486
-0.6595205102308772
-0.7868370150410291
-0.817383086892608
-0.7172409608154713
-0.6607361908994391
-0.7874107630745113
-0.8044234800716273
-0.6912518205447861
-0.677673697774085
-0.7973830413051555
-0.7910350571690856
-0.6664542293851295
-0.7061409459148316
-0.8117582709678011
-0.7858996048833291
-0.6586038518448116
-0.7255026880398
-0.8222979142517786
-0.7904433807068809
-0.6631195244375374
-0.7290878138223291
-0.8284077684508394
-0.8051886525150549
-0.6795600824913762
-0.7146507387586134
-0.8263072740613387
-0.8235231171825812
-0.7083314883198278
-0.6857522365520399
-0.8098554852384071
-0.8289684489584239
-0.7273661398591303
-0.6658056377621487
-0.7930917988341435
-0.8241464562335605
-0.7277769686032053
-0.6587869245117862
-0.7861108645558113
-0.8146932633600901
-0.7120295916173296
-0.6631142374096787
-0.788977885748838
-0.8008407123572502
-0.6842091387413644
-0.6842892008616548
-0.8008822031329801
-0.7889567695648977
-0.6630810983679325
-0.712094565036632
-0.8147261056331485
-0.7861163894502811
-0.6587924403538359
-0.7277986216443455
-0.8241668815469428
-0.7931262493116502
-0.6658411189679816
-0.7273399810420811
-0.8289721030973787
-0.8099109505216472
-0.6858293667167072
-0.7082526332340624
-0.8234848703608053
-0.8263338095308695
-0.7147186427320746
-0.6794930935697335
-0.805135745364157
-0.8283985476516585
-0.7291017836057259
-0.6630922455323113
-0.7904161318629612
-0.8222751286180465
-0.7254710555002255
-0.6586053411912524
-0.7859002945027277
-0.8117225528391248
-0.7060685182995119
-0.6664993560895317
-0.7910620693676081
-0.7973441477114356
-0.6776017625275851
-0.6913336434227314
-0.8044644073431204
-0.7873957482496544
-0.6607142887437397
-0.7172960983816796
-0.8174123591522019
-0.7868483709269362
-0.659531967830957
-0.7292359557671284
-0.8258116016374009
-0.7963577450713188
-0.6692466344526098
-0.724577560798518
-0.8289899630810167
-0.8146349837839707
-0.6927421261178763
-0.7012197276930336
-0.8197827446988568
-0.8280949288403875
-0.7199504060968884
-0.674239716355117
-0.8008107091009379
-0.8274080778538185
-0.7297645473819381
-0.6610916946026779
-0.7884078843265793
-0.820200356716992
-0.7222824331038603
-0.6590955941002382
-0.7862482772535371
-0.8085268013702714
-0.6995573133716307
-0.6709427404649395
-0.7936519288163908
-0.7941887549008291
-0.671889118847917
-0.6982968983744556
-0.807908626507551
-0.786376155443925
-0.6592709436641818
-0.7215877352447557
-0.8197889738516935
-0.7881079342878277
-0.6607931851312959
-0.7297720236739956
-0.827185591026524
-0.8000645667183246
-0.6733755878602564
-0.720783862273388
-0.8283131698160138
-0.8190207686347967
-0.6998866499565597
-0.6940634173398357
-0.8154838677798695
-0.828921886717489
-0.7239534761502064
-0.669955763934815
-0.7970111043215886
-0.8260890907638067
-0.729406508310974
-0.6597257674181329
-0.7870407209118473
-0.8178775559798596
-0.7181662396543672
-0.6603787832501553
-0.7871641370278032
-0.8051200003966199
-0.692647880003278
-0.6764615740656804
-0.7967250465107547
-0.7915060301782972
-0.6672450347657574
-0.7048932738696841
-0.8111438108323835
-0.7859217904035507
-0.6586418375904673
-0.7249457908567636
-0.8219048481998159
-0.7899903109001523
-0.6626666349052021
-0.7293065737584319
-0.8282426138883425
-0.8042925101769898
-0.6784346239994292
-0.7157888167417481
-0.8267409454365222
-0.8228534279809234
-0.7069729078411368
-0.6870817735810196
-0.810802835964777
-0.8290207290699907
-0.7269006300687392
-0.6664244409092661
-0.7936904117235632
-0.8244914017901029
-0.7281313631865403
-0.6588910688835035
-0.7862146195450006
-0.8152492695949373
-0.7131259243290016
-0.6625663475731436
-0.7886264916954853
-0.8015509856950268
-0.6855848349165956
-0.682929577659848
-0.8001749193472862
-0.7893271333297944
-0.663666126124663
-0.7109704812346658
-0.8141596555158374
-0.7860313963964235
-0.6587082833160163
-0.7274128655688208
-0.823813761715089
-0.7925476495446865
-0.6652472455143398
-0.7277684245326497
-0.8288997769204693
-0.8089634399515433
-0.6845236386531426
-0.7095879184678229
-0.8241217919848678
-0.8258604563254713
-0.7135363992018274
-0.6806570433004806
-0.8060473656998031
-0.8285482987242435
-0.7288430623596742
-0.663571845567926
-0.7908943402254811
-0.8226609537834841
-0.7259955387969544
-0.6585921065538423
-0.7858988199437223
-0.812328932057691
-0.7072961812360227
-0.6657475321233031
-0.7906097166361216
-0.798015127489001
-0.6788477845621824
-0.6899338071656484
-0.8037622837825087
-0.7876622950058764
-0.6611057892042009
-0.7163368612435158
-0.816906197149977
-0.7866637448903204
-0.6593454763403948
-0.7290208248275644
-0.8255065591653509
-0.7956812768257852
-0.6685201548144648
-0.7252019981423574
-0.8290361630834231
-0.8137200114184585
-0.6913468890524982
-0.7026318737022564
-0.8205698350507964
-0.8278274538689425
-0.7190177359190779
-0.6751949182579073
-0.8016237760077948
-0.8276320857491489
-0.7297177249016216
-0.6614329268736127
-0.7887510474532995
-0.8206279680878019
-0.7229850113486439
-0.6589394193334991
-0.7861340832973314
-0.8091753078856759
-0.7008806730838788
-0.6699787275302157
-0.7931003254782771
-0.7947771798035935
-0.6729353592120781
-0.6969438266674721
-0.8072439207252926
-0.7865334838296358
-0.6594880964563494
-0.7208142634825697
-0.8193421145822516
-0.7878130696940825
-0.6604992948148574
-0.7297419336863139
-0.8269373995903043
-0.7992922117678114
-0.6724932757828062
-0.7216231086339902
-0.8285109909322078
-0.8181908511813936
-0.6984693031116072
-0.695472929790258
-0.8163706106824759
-0.8288221599485434
-0.7232510879860033
-0.6707369239208806
-0.797722814227026
-0.8263732240641278
-0.7295530243163428
-0.6599513839860317
-0.7872652857830497
-0.8183598026280167
-0.7190549018178822
-0.6600567931193568
-0.7869388841150585
-0.8058096164616394
-0.6940369844064126
-0.6752876247819025
-0.796082300818468
-0.7919967345022769
-0.6680775371344984
-0.703625571536699
-0.8105209913274812
-0.7859662043094061
-0.658707082569364
-0.724354111137903
-0.8215039451198627
-0.7895642577948826
-0.6622418774138273
-0.7294829008120688
-0.8280619705698511
-0.8034148369047739
-0.6773510059811447
-0.716877922943912
-0.8271326798577684
-0.822151387650386
-0.7055945157397635
-0.6884327517433538
-0.8117467260831114
-0.8290507511290969
-0.7263963409195641
-0.6670693217867069
-0.7943091347343664
-0.8248272760925544
-0.7284523854721852
-0.6590157555609998
-0.7863380277616943
-0.8157936814529234
-0.7141911547172749
-0.6620574029189947
-0.7882953953647149
-0.8022622752012132
-0.6869731670817856
-0.6815913736029103
-0.7994730345959994
-0.7897175288134167
-0.6642910523644172
-0.7098186084030604
-0.8135826632830019
-0.7859667110715602
-0.6586461982902261
-0.7269937426853894
-0.8234523165732843
-0.7919915637870346
-0.6646803782839166
-0.7281567616808657
-0.8288071139194767
-0.8080192296266335
-0.6832470492136385
-0.7108934070140256
-0.824721622009435
-0.8253453010012974
-0.7123102133151537
-0.681860120593627
-0.8069728600542931
-0.828680769830558
-0.7285421478771876
-0.6640797968228962
-0.7913986177669727
-0.8230391087022331
-0.7264859230565579
-0.6586041528414982
-0.78591902125908
-0.8129263919872196
-0.7085012207956143
-0.6650367984264814
-0.7901771830053986
-0.7986981928530678
-0.6801271003015423
-0.6885333632787687
-0.8030554503309267
-0.7879497817462987
-0.6615342461404271
-0.7153423633614304
-0.8163875735746768
-0.786498955429305
-0.6591787034279067
-0.7287712684984441
-0.8251912256117735
-0.7950228506195258
-0.6678202849092165
-0.7257876156835541
-0.8290567082650835
-0.8127931921500814
-0.6899625489758877
-0.7040372023996329
-0.8213320748861104
-0.8275215798099257
-0.7180351451710083
-0.676190253623992
-0.8024581185875388
-0.8278428905152877
-0.7296300363657527
-0.6618000542594096
-0.7891202801876039
-0.8210465180536902
-0.7236515976906142
-0.6588133644705567
-0.7860422653642711
-0.809815548313329
-0.7021872120438098
-0.6690570967575362
-0.7925681091142072
-0.7953838811158463
-0.6740235034976697
-0.695577299907281
-0.8065709175520501
-0.7867128036739773
-0.6597379506040384
-0.7200038826700668
-0.8188844589718003
-0.7875417233432968
-0.6602282646753505
-0.729673561703226
-0.8266773424588818
-0.7985400223486279
-0.6716455249698213
-0.7224166276352246
-0.8286755512678143
-0.8173412293621598
-0.6970525339690994
-0.6968868686626553
-0.8172405846518334
-0.8286927147460365
-0.7225065775644042
-0.6715484848033962
-0.7984532877950511
-0.8266461506138905
-0.729663100542521
-0.6601979979158527
-0.7875114640574131
-0.8188301723229509
-0.7199066332317688
-0.6597693664679741
-0.7867352166365016
-0.8064916285398716
-0.69541658199272
-0.6741535470725399
-0.7954560408220831
-0.7925071046387028
-0.6689520115926777
-0.7023389593005573
-0.8098899314104949
-0.7860329857472845
-0.6588005414475467
-0.7237272670058266
-0.821094928397028
-0.7891652209112133
-0.6618447513845764
-0.7296170698671551
-0.8278666676934702
-0.8025571337309566
-0.6763094126593838
-0.7179168687776947
-0.8274832051729373
-0.82141954750481
-0.7042010495346391
-0.6898013982300066
-0.8126840630660834
-0.8290574903305782
-0.7258536297971105
-0.6677400963567869
-0.7949469932204888
-0.825153669409166
-0.728739838776084
-0.6591604746438653
-0.7864809544540726
-0.8163260739011322
-0.7152237310107629
-0.6615868326240535
-0.7879847815435201
-0.8029724986802943
-0.6883696215894775
-0.6802788329146565
-0.7987788253147192
-0.7901278655204723
-0.6649562984416719
-0.7086406850837577
-0.8129957037488615
-0.785922783627563
-0.6586071659219424
-0.7265410934455298
-0.8230828554504126
-0.7914592911578257
-0.6641410801071428
-0.7285041984631694
-0.8286950974164439
-0.8070819285613041
-0.6820033498437692
-0.7121640257915876
-0.8252823233527138
-0.8247892915484274
-0.7110439903035881
-0.6830997442572725
-0.8079091213323414
-0.8287949867064187
-0.7281995465313839
-0.6646158351816793
-0.7919280228776773
-0.8234094913120835
-0.7269425098735486
-0.6586404200587108
-0.7859604893500003
-0.8135144815728177
-0.7096820810016278
-0.6643668085109673
-0.7897645175155825
-0.7993913588138672
-0.6814363763630156
-0.6871362453837465
-0.8023454785085935
-0.7882579854167335
-0.6620003660044262
-0.7143137016128907
-0.8158566097752981
-0.7863537454634244
-0.659031663167138
-0.7284877626207823
-0.8248659681740325
-0.79438280422514
-0.667146478445861
-0.7263348143221202
-0.8290527627660095
-0.8118568073519731
-0.6885920670577925
-0.7054321451405358
-0.8220672390481427
-0.8271758084450147
-0.717002104934713
-0.6772269523489045
-0.803313414320292
-0.8280398585346996
-0.729500771395283
-0.6621939904349408
-0.7895161701666057
-0.8214565078729783
-0.7242825822285446
-0.6587165435590894
-0.7859728617882664
-0.8104475694213114
-0.7034759692687301
-0.66817769448511
-0.7920554433866279
-0.7960081433173091
-0.6751528281878495
-0.6941989598001582
-0.8058898288315806
-0.7869139318749783
-0.6600213896032263
-0.7191564827058392
-0.8184154507557387
-0.7872929610782503
-0.6599791437353033
-0.7295678036631803
-0.8264057463924118
-0.7978073133435766
-0.6708302877015713
-0.7231661719985246
-0.8288085777713032
-0.8164733077724635
-0.6956381945906195
-0.6983034462951032
-0.8180924188405475
-0.8285319321743329
-0.7217182945818681
-0.6723923268193569
-0.7992031619528586
-0.8269075741457763
-0.7297358930747606
-0.6604664171331145
-0.7877801200625344
-0.819289128890971
-0.7207213433176289
-0.6595156278537025
-0.7865533349890399
-0.8071655923100852
-0.6967845829345755
-0.6730605391219127
-0.7948472433953537
-0.7930370403112393
-0.6698686911233244
-0.7010344512805019
-0.8092506544074715
-0.7861221814596122
-0.6589231292464136
-0.7230648670872266
-0.8206774044254326
-0.7887928948587212
-0.6614745314232943
-0.7297095898527808
-0.8276574474494096
-0.8017203132161488
-0.6753092903471554
-0.7189053485751578
-0.8277936753564548
-0.8206603565720693
-0.7027967401110536
-0.6911842781567463
-0.8136121269769209
-0.8290398694456936
-0.7252725211696135
-0.6684368955984957
-0.7956032923902513
-0.8254701838457973
-0.7289933901050598
-0.6593249438298651
-0.7866434431561201
-0.8168461509760376
-0.7162222884054401
-0.6611540036249405
-0.78769485912616
-0.8036797861108005
-0.6897698871082291
-0.6789958288792703
-0.7980944714292412
-0.7905580769352907
-0.6656622458928455
-0.7074383920261058
-0.8123993151931115
-0.7859000713072777
-0.6585922304108163
-0.7260546788512411
-0.8227056024759166
-0.7909520194263194
-0.6636298241138002
-0.7288100216590927
-0.8285647117494866
-0.8061550058852858
-0.6807958484033944
-0.7133951137505699
-0.8258023198473359
-0.824193942845668
-0.7097423255363229
-0.684372672197188
-0.8088527085429967
-0.8288899652947872
-0.7278159550288792
-0.6651795046089173
-0.7924813880465543
-0.8237718890511078
-0.7273655460032074
-0.6586998598243616
-0.7860227694673039
-0.8140926695622528
-0.7108370914733697
-0.6637371850017051
-0.7893717843726183
-0.8000924618678625
-0.6827717905671848
-0.6857467321620221
-0.801634209691018
-0.7885866949881879
-0.6625047894669375
-0.7132522152955654
-0.8153135846535402
-0.7862280494767612
-0.6589046101568243
-0.7281706557512347
-0.8245311822197069
-0.7937617964975993
-0.6664985634006578
-0.7268436122501897
-0.8290254115214457
-0.8109135310324768
-0.6872388318434837
-0.706812537384465
-0.8227728974390077
-0.8267889430558538
-0.7159188249588642
-0.6783056470416576
-0.8041888166282961
-0.8282222586039575
-0.7293293967501238
-0.6626154839109633
-0.7899390556043477
-0.8218583437290278
-0.7248783568878694
-0.6586480454709182
-0.7859258357466128
-0.8110713573033117
-0.7047459398642175
-0.6673402941395623
-0.7915624338892033
-0.7966490185932975
-0.6763221892444882