0.16551724137931034
0.16551724137931037
0.09689028053216045
0.0175545052923015
-0.06061698592384758
-0.1387228964391637
-0.17733193697247424
-0.1318982897259075
-0.0530385553014321
0.02497092507619615
0.10447840413952765
0.16949754754125476
0.16086445239508004
0.08925610017284781
0.01015486440942745
-0.068231132321863
-0.14522637271577202
-0.17642525436919415
-0.1248171988025944
-0.04549999754028328
0.03241145089869345
0.11198885128068471
0.17273450768644644
0.155614152236113
0.08160196734362281
0.002764833852406043
-0.07587228194872815
-0.15133876103325816
-0.17463278844217248
-0.11753750773638869
-0.03800105146354266
0.039883151394987104
0.11938383716131439
0.1751649983885274
0.1498425537317612
0.07394896333075905
-0.004622592612762072
-0.08352729426340855
-0.1569864308775932
-0.17199414247219794
-0.11010956439149273
-0.030537807890989824
0.04739181364348548
0.12661862772565532
0.17673777555719775
0.1436250106497611
0.06631353919529652
-0.012014375857554466
-0.09117858360069664
-0.1620936477711694
-0.1685639495272404
-0.10257628395767993
-0.023104031957361396
0.0549405389342887
0.13364095703148549
0.1774176349434655
0.13703438002584498
0.0587077307578838
-0.019417552966349685
-0.0988038466183673
-0.1665842861894208
-0.1644076551974377
-0.09497382935682312
-0.015692517501856074
0.06252852208579346
0.1403911338326148
0.17718880408814125
0.13013943857846327
0.051139115135726415
-0.026839343269614513
-0.10637564308004108
-0.17038410535449997
-0.1595974703315956
-0.0873323798869967
-0.008295959777266423
0.07015045460559796
0.14680302401089723
0.17605663111100908
0.12300325007015597
0.04361070453458285
-0.03428707113978957
-0.11386087187404127
-0.17342382062388523
-0.1542089160517693
-0.07967673454377694
-0.0009072395378769971
0.0777964988635253
0.15280559427944213
0.17404699936726076
0.11568184128811854
0.036121220527813136
-0.04176760183781661
-0.12122007497302127
-0.17564289479468484
-0.14831816133004483
-0.07202677789256219
0.0064806264909957195
0.08545240898136222
0.15832453858041953
0.17120367389905417
0.10822365030926581
0.02866603257469813
-0.04928618271314879
-0.12840665984201055
-0.17699373980134128
-0.14200007801749956
-0.0643978406251468
0.013874606752414947
0.09309944667150939
0.16328384765978737
0.16758440656685775
0.10066981923100168
0.021238546509840167
-0.05684502751656678
-0.1353664481095225
-0.17744576990501607
-0.13532665018750056
-0.05680085011952368
0.02128177671131938
0.10071405978494595
0.16760762598463202
0.16325670721125699
0.09305493897729471
0.013831474308792197
-0.06444222733127782
-0.14203800529134214
-0.17698844940372865
-0.12836536847772423
-0.04924223883663355
0.028709403339919726
0.10826743956152787
0.17122255831934913
0.15829391482485772
0.08540778619780777
0.006437550026461916
-0.07207132307653798
-0.1483538097513885
-0.17563243638139736
-0.12117762778035551
-0.04172388977004993
0.03616477331638819
0.11572495918295457
0.17406117981121763
0.15277193197963118
0.07775188377996506
-0.0009503008331711443
-0.07972136160805991
-0.15424185603784296
-0.173408425971446
-0.11381756230708219
-0.0342435677556687
0.04365447343950174
0.12304543599978364
0.17606580783267806
0.14676676280552325
0.07010594306301919
-0.008339046451118215
-0.08737698639151283
-0.15962726000634608
-0.17036409397520452
-0.10633172112038833
-0.026796011879729104
0.05118311854546978
0.13018038785315802
0.17719277102214287
0.14035269880275794
0.062484184259670394
-0.015735670544708286
-0.09501828539353405
-0.1644338502619532
-0.16656004057442675
-0.09875952287414615
-0.01937435134978381
0.058751964121734834
0.13707374444289436
0.1774162997206561
0.1336007495002936
0.05489641903331903
-0.02314729346106484
-0.10262042969518095
-0.1685861164665645
-0.1620655896988762
-0.09113403384966061
-0.011971261373118547
0.0663579715612542
0.14366240430784083
0.17673116950158566
0.1265770156428726
0.04734792916938635
-0.03058122068369845
-0.11015320704647216
-0.1720118764812861
-0.15695500122264452
-0.08348266295302176
-0.004579523780931766
0.07399353731287464
0.14987756216246506
0.17515327304987102
0.11934114725608663
0.039839494661013275
-0.03804465585603542
-0.11758041750038933
-0.17464573560074
-0.15130440426302105
-0.07582768489904687
0.0028078977082869466
0.08164659992000918
0.15564634192152338
0.17271791915341975
0.11194536582563552
0.03236799455715329
-0.04554382448280499
-0.12485910420152499
-0.17643313626676663
-0.1451895256494231
-0.0681866588601622
0.010197963880576214
0.0893006821964641
0.16089337983141333
0.16947643350659913
0.10443436276599556
0.024927630366414696
-0.05308261797342237
-0.13193887486366393
-0.1773345745503748
-0.13868397907842217
-0.060572699778808775
0.017597681596205894
0.09693467481950968
0.1655424635594296
0.16549199633697292
0.0968458846953615
0.017511329557931693
-0.0606612732955049
-0.13876180290302273
-0.1773292685255483
-0.13185769589227192
-0.052994493997098935
0.025014220605571125
0.10452244289100462
0.16951863629538833
0.16083550465218358
0.08921151748544626
0.010111765264345651
-0.06827560671359126
-0.14526320650333777
-0.17641734231927605
-0.12477528667696103
-0.04545617195433088
0.03245490830300589
0.1120323328321153
0.17275106878212887
0.15558194483966148
0.08155733481863763
0.0027217700848879978
-0.07591687948193787
-0.1513731020184155
-0.1746198124877621
-0.11749459295606748
-0.03795744829081098
0.03992680939260221
0.11942652164473512
0.17517669453648554
0.14980753015497936
0.0739043899583866
-0.004665661592428524
-0.08357192546060214
-0.15701784216935105
-0.17197638153590228
-0.11006591817630171
-0.03049439610212301
0.04743569949025843
0.12666023261042586
0.1767443512158805
0.14358760432570794
0.06626910784825477
-0.01205749072858317
-0.09122313248188153
-0.16212168488718523
-0.1685417578961529
-0.10253213588650445
-0.023060771210127853
0.05498466018223318
0.13368115533343777
0.17741893922836907
0.13699500528463088
0.058663498670916664
-0.019460755214899053
-0.09884816856175792
-0.16660850831671004
-0.1643814379047391
-0.09492937201025209
-0.015649364966578996
0.06257286107838839
0.14042955738141236
0.17718480639970952
0.13009848112646505
0.05109511310457793
-0.026882675541901505
-0.10641956211608226
-0.17040409088095584
-0.15956766100237596
-0.08728777291399176
-0.008252873369332336
0.07019496697987418
0.14683927131684446
0.17604742452229008
0.1229610578686027
0.04356693696206883
-0.03433057564301588
-0.11390417717898547
-0.17343918735433775
-0.15417595900478961
-0.07963210768560228
-0.0008641782715652635
0.07784111429495133
0.15283924015061318
0.17403279055477874
0.11563871876626829
0.03607766891011431
-0.04181131520725952
-0.12126251632194794
-0.17565332365713254
-0.1482824983962647
-0.07198223343517031
0.006523703162993638
0.08549703147703411
0.15835514331958844
0.17118476308484265
0.10817985782568235
0.028622662752500513
-0.04933012796979444
-0.12844794352067823
-0.1769989995998042
-0.14196213868177981
-0.06435345501728425
0.013917739643596688
0.0931439532787933
0.16331096650607718
0.16756116306039903
0.10062557661898772
0.021195317001727013
-0.05688920623000045
-0.13540623625489326
-0.17744573894445242
-0.13528684250165973
-0.05675667403968088
0.021325007607637003
0.10075829827458527
0.16763082129960105
0.16322954517540042
0.09301043020129675
0.013788342311298815
-0.06448661513395783
-0.14207592048941858
-0.17698312841116257
-0.1283240694392948
-0.04919829634016694
0.02875277504960201
0.10831122557501546
0.17124141633312484
0.1582632720680431
0.08536316313052644
0.006394473767998288
-0.07211586898450456
-0.14838944364568135
-0.1756219484252077
-0.12113517475391078
-0.04168017900314115
0.03620832727703187
0.11576807244194101
0.17407533187639607
0.1527382532661384
0.0777072690475146
-0.000993362158831973
-0.07976598887498397
-0.15427477894797517
-0.17339300340794547
-0.113774248486581
-0.03420006548937378
0.04369824367748078
0.12308761564713976
0.17607495468023748
0.14673048771518493
0.07006143235451456
-0.008382133392287217
-0.08742159242314214
-0.1596570300114995
-0.17034405675613026
-0.1062877962442578
-0.02675268137078679
0.0512271233336723
0.1302213289387087
0.1771967071985465
0.14031425230549868
0.062439847601515275
-0.015778824096575272
-0.09506274011497153
-0.16446002308350943
-0.166535771486112
-0.098715197335048
-0.019331150363739336
0.05879619876142669
0.13711309852264764
0.17741493356101534
0.1335605327523795
0.05485230047990544
-0.023190555722712045
-0.1026645730924783
-0.16860825870031151
-0.16203751068532407
-0.09108948323366446
-0.011928147273858186
0.06640240494418441
0.14369978528584443
0.176724533054239
0.12653539637318026
0.047304046067674105
-0.03062463448164819
-0.11019684613345469
-0.17202958355107364
-0.15692355321963244
-0.08343803153336174
-0.004536455095548619
0.0740381119019229
0.1499125554323425
0.17514151852928292
0.1192984519386284
0.039795839189717575
-0.038088261469375245
-0.11762332223886263
-0.17465865395393776
-0.1512700317225657
-0.07578308833591807
0.0028509616539162813
0.08169123254410224
0.15567851388080006
0.17270130319459218
0.11190187647508867
0.03232453927703806
-0.04558765278237084
-0.12490100286302101
-0.17644098800585745
-0.1451526653185829
-0.06814218633064906
0.010241063679197832
0.08934526355164853
0.16092228694609512
0.1694552942048893
0.10439031877723477
0.024884336474759308
-0.053126682012707635
-0.13197945129334748
-0.17733718125713344
-0.13864505083420303
-0.06052841486166023
0.017640858471092646
0.09697906755172188
0.1655676628627304
0.16546672844702282
0.09680148731479443
0.017468154391649726
-0.060705561892502605
-0.13880069845658727
-0.1773265692117385
-0.13181709337494515
-0.05295043406078201
0.025057516956004416
0.10456647901359047
0.16953969975554004
0.16080653661781727
0.08916693413890503
0.010068666443929897
-0.06832008203317669
-0.14530002699782035
-0.17640940012317166
-0.12473336783535313
-0.04541234772447421
0.032498366771430934
0.11207581047179267
0.17276760242893535
0.15554971974726514
0.08151270234874924
0.002678706404353637
-0.07596147749564038
-0.1514074272036243
-0.17460680774705584
-0.11745167316863099
-0.03791384633675897
0.039970468654811186
0.1194692006967562
0.17518836148499567
0.14977249144687138
0.07385981719857054
-0.004708730721312546
-0.08361655654066923
-0.15704923508278468
-0.17195859368450872
-0.11002226840868559
-0.03045098531570664
0.04747958670997822