0.882542372881356
0.882542372881356
1.2573291075509678
0.8284075029832788
0.9386974680207538
1.2460562943922686
0.7892426878431291
0.9868781741657052
1.2267323187285
0.7642777233109375
1.0321328304045063
1.1966064251420083
0.7482174222175138
1.0837385968676978
1.1505709767258065
0.7410951281136795
1.1410608845009977
1.093567913810558
0.7462277010354944
1.1898265528469438
1.040449116008191
0.7609468816892999
1.2224432130703187
0.9946573307754729
0.784061035967895
1.2432683017102468
0.9476503804561216
0.8203890606578967
1.2560537933047886
0.8926173412654288
0.8725158289893534
1.258253143171867
0.8369253390637166
0.9294584365293391
1.248622055530118
0.7948602902483954
0.9790013726912148
1.2307043961831643
0.7678609641659079
1.0240331019432278
1.20288033773797
0.7504614068290225
1.0741303339733355
1.1597096547993697
0.7414931648569456
1.1312660075085081
1.1035561510420977
0.7445174839337592
1.182526363814267
1.0490174995032215
0.7578506949832031
1.2178037700651694
1.0023962181144015
0.7792790477871785
1.2402582240055218
0.9563216544450164
0.8128896533071684
1.2544575661133162
0.9026460458841368
0.8626379198582725
1.2587998869680948
0.8459035540492874
0.919946403425903
1.250957471084418
0.8009476789869059
0.9709726016698221
1.2343896770298133
0.7717205459956347
1.0161046207681095
1.2086729629434316
0.7529409036328922
1.0647848103593336
1.1684084233513832
0.742276314396938
1.1212840846779684
1.113624216067417
0.7431163807327192
1.1747040563110274
1.0578618657912804
0.75497860454333
1.2127785109832845
1.0101532001313471
0.7748606915864171
1.2370183930833152
0.9647302775251007
0.8059128423092365
1.2525709350498175
0.9125441785112463
0.8530084666190045
1.2589520832205348
0.855281664248372
0.910194938013609
1.2530466055451346
0.8075327130457999
0.962743489050264
1.2378141090357475
0.7758852327683432
1.0082949605202154
1.214016290437289
0.7556447789969931
1.0557226693988933
1.1766201930849227
0.7434213985746406
1.1112159722209827
1.1236808107967478
0.7420552729011631
1.166372776609737
1.0669925383650267
0.7523277549512428
1.2073309938521066
1.0179862195567817
0.7707717282606269
1.2335337105324835
0.9729075524283519
0.7994488019861161
1.2504211079511667
0.9222426291073228
0.8437192781122795
1.2587046542643525
0.8649792702202409
0.9002586719512722
1.254866492919635
0.8146339681073855
0.954274519346595
1.2409979386480277
0.7803872792189571
1.0005476090324867
1.2189460561935852
0.7585698616965856
1.046945733772597
1.1843183304993083
0.7448991823812954
1.1011590587867477
1.133627216869426
0.7413623580569041
1.157563797731852
1.0764034885425886
0.7499032236560477
1.2014260597601931
1.025951068782851
0.7669806347427581
1.2297824449621682
0.9808953376713352
0.793476483284364
1.2480294906157825
0.9316916814990195
0.83484638258171
1.258065792311713
0.8749019000987032
0.8902107787367025
1.2563888721666436
0.8222582715380936
0.9455371748932888
1.2439545425556204
0.7852614454492759
0.9928043945390006
1.2234986291398173
0.7617208762756946
1.0384402241101052
1.1914935234907007
0.746678757668626
1.091202163984734
1.1433626521310054
0.7410587128722504
1.148329375217976
1.0860691636945496
0.7477180193155175
1.1950331496828177
1.0340987517815234
0.7634596682361288
1.225737496886075
0.9887437100645882
0.7879662723444187
1.2454101907818622
0.9408628228150148
0.8264451061401625
1.2570552177504344
0.8849490041159302
0.8801384809715082
1.257582922080517
0.8303984997871061
0.9365156985429269
1.246689745781231
0.790544003966516
0.9850070502565629
1.2277090536825168
0.7651101608130205
1.030179317585677
1.1981507664311413
0.7487313123338457
1.0814207445749358
1.1527912888397596
0.7411543285809761
1.1387428069945156
1.0959428138138858
0.7457925822524262
1.1881298189829814
1.0424724534988494
0.7601862519658922
1.2213678046993588
0.9965079639183788
0.7828834429827408
1.2425694162880805
0.9497474417664382
0.8185495551675417
1.2557003920557905
0.8950212160173383
0.8701382445157232
1.2584189130620183
0.8390306791200284
0.9272095115840157
1.249201504550948
0.7962709462184254
0.9770987044402554
1.2316099920675305
0.768757049425752
1.0221249445312903
1.2043071037900124
0.7510330016961229
1.0718722765242914
1.1618302968270124
0.7416460062346271
1.1288941060636892
1.1059578555440546
0.7441534278315451
1.1807045208592668
1.0511050823769805
0.7571442881289874
1.2166394611357474
1.0042458619519472
0.7781915691658117
1.2395054254039652
0.9583537387973964
0.8111752353065358
1.2540320743326834
0.9050258965331252
0.8603107905338686
1.258872537244523
0.8481107538439445
0.9176364109895689
1.251479805152316
0.8024750108838445
0.9690261722648787
1.2352307763575225
0.7726867680404018
1.0142298238326897
1.209989263301877
0.7535668270611617
1.0625933468188737
1.1704161722706636
0.7425180474341545
1.118882454214043
1.1160318385788197
0.7428307863084946
1.1727587788920915
1.0600174815478598
0.7543250259488805
1.2115166180735844
1.0120157900062225
0.7738549447592271
1.2362087276306024
0.9667038095728668
0.8043222984855108
1.252080264254982
0.9148819298075949
0.8507547687363086
1.258929205634632
0.8575731676806634
0.9078350620882882
1.2535069279777358
0.8091821098650149
0.9607429565085723
1.2385961191636667
0.7769290240039899
1.0064402851833139
1.2152304559147538
0.7563235475710819
1.0535998259642831
1.1785069270544113
0.7437454186871764
1.1088084062626726
1.1260712562344186
0.7418552852138511
1.164309760204763
1.0692163570652917
0.7517274918416685
1.205962888452391
1.0198753662386233
0.7698399004273191
1.2326625479057531
0.9748316470639053
0.7979780384100701
1.2498709733242068
0.9245245184222657
0.8415588658443397
1.258587020067885
0.867333494711634
0.8978648617524859
1.2552584458044032
0.8164082079002438
0.9522120048819048
1.241724714142428
0.7815167491862424
0.9986992365203091
1.2200668133761425
0.7593018934351616
1.0448895227977733
1.1860803765905166
0.745298101394026
1.0987677368432944
1.1359763596849064
0.7412538271218602
1.1553935530404407
1.0786912835245512
0.7493586707623091
1.1999438842811445
1.0278795098723974
0.7661157047463457
1.2288437437532296
0.9827813197804987
0.7921190828579849
1.247423962139949
0.9339089689881195
0.8327944499336225
1.2578571837943924
0.8772950713927401
0.8878027814409327
1.2567052009161528
0.8241570138593394
0.9434076796351339
1.2446281781231878
0.7864851721711494
0.9909483621410213
1.2245345212672027
0.7625084429555369
1.036445348260804
1.1931308680977133
0.7471453769332081
1.0888465144547095
1.1456468440276937
0.741045154031915
1.1460675911727654
1.088411695335439
0.7472334197232513
1.1934306828572014
1.03607762412075
0.7626557174398699
1.2247241466389516
0.9906044328855855
0.7867142647461054
1.2447514780501128
0.9430117437072292
0.8245116669046285
1.2567616587477073
0.887357038278928
0.8777386833536172
1.2578162692911472
0.832417675222058
0.934317590982896
1.24731047575626
0.7918707059482539
0.9831295728017186
1.2286681334638545
0.7659572793335725
1.0282376385444298
1.1996664648921735
0.7492593952552772
1.0791162881972054
1.1549892659978804
0.7412361994822645
1.136409722122149
1.0983258580011601
0.745373791282985
1.1864032255424544
1.0445106281265735
0.7594388035683609
1.2202719284615469
0.9983570898363355
0.7817281672762759
1.2418578214262015
0.9518285509195772
0.8167398771136996
1.2553290961868837
0.8974211836507721
0.86777053298677
1.2585628076924527
0.8411616904552079
0.9249452521011373
1.2497676595124734
0.7977088740280123
0.9751866319261391
1.232499613448214
0.7696692626206205
1.0202259082660594
1.2057067677292852
0.7516178149266755
1.0696297026792316
1.1639249686082251
0.7418206066834752
1.1265128961724966
1.1083629746340982
0.7438074404572177
1.1788528940923415
1.0532087011770468
0.7564505612110268
1.2154526318022936
1.0060973375635138
0.7771243638070803
1.2387393735874337
0.960371140889948
0.8094906426443333
1.2535904152783077
0.9073971865968378
0.8579992032839365
1.2589224651332809
0.8503398702570488
0.9153132919063512
1.2519878291523936
0.8040311083163407
0.9670676710861956
1.236057318732651
0.773670819931196
1.0123610697882266
1.2112803744374283
0.7542054405564921
1.0604182596809753
1.17239556302021
0.742780089970074
1.1164772835450747
1.1184375161213898
0.7425650280060874
1.170784682084304
1.0621895301216657
0.7536840708922263
1.210230115763729
1.0138835097154801
0.7728675453020448
1.235384847096619
0.9686646076497533
0.8027608454735828
1.2515749214813736
0.9172074026892199
0.8485217114861131
1.2588834953094439
0.8598817359191078
0.9054654660154767
1.253951536803404
0.8108611934521823
0.9587282283835845
1.2393646444596698
0.7779925291108236
1.004588383279482
1.2164215082625651
0.7570149343386803
1.0514932187334405
1.1803640522750154
0.7440880148343685
1.106402789450743
1.1284540368881408
0.7416766902019863
1.1622199722048152
1.0714560282517607
0.7511402512284949
1.204568194048634
1.0217727915011208
0.7689246601829258
1.2317758426013057
0.9767455353456626
0.796535018333157
1.2493073004983215
0.9267915727021414
0.8394231870065325
1.258447203995938
0.8696992272119033
0.8954657480785687
1.255633006999263
0.8182123559008154
0.9501338235933829
1.2424386704942418
0.7826679487971109
0.9968503021303188
1.2211665306333834
0.760046920350312
1.0428485621829704
1.1878125038478804
0.7457138264938552
1.0963832998272565
1.138312076872263
0.7411677762120268
1.153199819282448
1.0809931913358304
0.7488279914246007
1.1984334526677607
1.0298190641517624
0.7652658346526875
1.2278878851922976
0.9846600562628312
0.7907876298509011
1.2468055964035858
0.9361100873421542
0.8307701104823031
1.2576276664565307
0.8796939613735661
0.8853946324590443
1.25700235499453
0.8260850591140629
0.9412617981402099
1.2452892219855303
0.7877327166676551
0.9890884445428164
1.2255513500312758
0.7633098120505178
1.0344640220761092
1.1947387632148772
0.7476272003171437
1.0865018558362167
1.1479122376089326
0.7410544782048852
1.1437867877843013
1.0907653759327263
0.7467639598716698
1.1917988034168725
1.0380699558593796
0.7618656141656277
1.2236918173766465
0.9924611250186663
0.785486167385411
1.2440801732922542
0.94514426605233
0.822607482101909
1.2564488471001958
0.8897651612509643
0.8753443496482868
1.2580287747590275
0.8344645415931956
0.9321032821446422
1.2479183889834027
0.7932232687854017
0.9812449878200815
1.2296099791846609
0.7668193968622579
1.0263071879296977
1.2011538439994245
0.7498013994120855
1.0768258392179961
1.1571639280554449
0.7413405839144466
1.1340629622773526
1.100715988337712
0.7449717306919468
1.1846467184988905
1.046563992281575
0.7587043771526232
1.2191551022054434
1.0002055061363577
0.7805947126273804
1.2411334268884457
0.9538939446726942
0.8149600990790596
1.2549403305421354
0.8998160621801219
0.8654140750261057
1.258684565128166
0.8433175883719962
0.9226660730576838
1.250320316736408
0.79917447395172
0.9732644761259561
1.2333736261755526
0.7705979903515127
1.0183352839369426
1.2070797607473003
0.7522156788496827
1.06740292997356
1.165992987289295
0.7420166596747401
1.124123764846023
1.110770274812498
0.7434799499280949
1.1769716264007843
1.055328529244618
0.755769459761487
1.2142427820331307
1.0079514398128548
0.7760769590107686
1.237959875299027
0.962374267887885
0.807835762151709
1.2531329731544743
0.9097589323942977
0.8557044464976128
1.2589495734634069
0.8525898322039371
0.9129777556288258
1.252481239688771
0.8056162489436891
0.9650965363400844
1.23686959453787
0.77467313746806
1.010497589022087
1.2125467849572018
0.7548566855662219
1.0582596018241544
1.1743462005551686
0.7430620438120142
1.1140699205307205
1.1208399042742794
0.7423195066127114
1.168782149144384
1.0643779692549002
0.7530557930963873
1.2089185140616414
1.0157571306093789
0.7718980556015833
1.2345464648830196
0.9706132275553954
0.8012282119355856
1.2510552141401543
0.9195198750501505
0.8463103773040436
1.2588150413389025
0.8622060873598734
0.9030871231327664
1.2543800505483231
0.8125700845324719
0.9566988904768111
1.2401198825667832
0.7790762194550305
1.0027384604619902
1.2175899477970453
0.7577189890359066
1.0494026829978655
1.1821914162548204
0.7444487589055067
1.1040003615155927
1.130827765724042
0.7415197997673428
1.1601040821248343
1.0737112469662413
0.7505661960002812
1.2031464758146442
1.0236792081470656
0.768025618369254
1.2308732316723643
0.9786498919539368
0.7951193459679327
1.248730297827195
0.9290433639679361
0.8373130396679507
1.2582854616478514
0.8720750887928648
0.893062505587682
1.2559897525132477
0.820046348433612
0.9480397306551023
1.2431399026121333
0.7838413735772952
0.9950000080399986
1.2222456912610062
0.7608050972610766
1.0408225069158124
1.1895147582906342
0.7461459530330963
1.09400681497547
1.1406330312504884
0.7411043698178482
1.150983564115465
1.0833086135461296
0.7483114528745015
1.1968944357374267
1.031770342414404
0.7644307030026436
1.2269144502261478
0.9865322987088064
0.7894816514741949
1.2461744935803991
0.9382948883113005
0.828773864476843
1.2573776110617425
0.8820971981606317
0.8829876413919105
1.257279916282575
0.8280421214148146
0.9390994852538475
1.2459376618486622
0.7890045772538749
0.9872238581681978
1.2265495676549034
0.764125236261955
1.032495743564208
1.1963174232538736
0.7481238877894758
1.084169015940001
1.1501576598556051
0.7410866670839376
1.1414881789226403
1.093129326257559
0.7463099949804572
1.1901373276914595
1.0400762200682714
0.7610891238925832
1.2226400500228316
0.9943145746061182
0.7842814799794241
1.2433962677133241
0.9472604770745534
0.8207327906434281
1.2561172064258692
0.8921720847750839
0.8729568599130126
1.2582200853160443
0.8365385424809647
0.9298729717541001
1.248513363992837
0.7946021543499371
0.9793525552269283
1.230535000446877
0.7676968496673144
1.0243873318459678
1.2026132571177137
0.7503570770327503
1.0745499383567472
1.1593143634822125
0.7414672848799887
1.131703882989003
1.1031120986794176
0.7445868133234874
1.1828602877691792
1.048632857976796
0.7579828379757014
1.2180168379082101
1.0020540112175353
0.7794825870317933
1.2403961172942621
0.9559439027094936
0.8132102463765178
1.2545345142427238
0.9022047107729727
0.8630702395985014
1.2587839588774434
0.845497516283712
0.9203724599991835
1.2508592474993185
0.8006681209031944
0.9713315824790292
1.2342323799232915
0.7715436325787894
1.0164523439737785
1.2084265324579264
0.7528264517220123
1.0651922088066008
1.1680337416748259
0.7422338310662487
1.121728097107333
1.1131784903861617
0.7431713830651195
1.1750609136324164
1.0574646923826803
0.7551009549455889
1.2130094109446448
1.009808960285146
0.7750488895194682
1.2371667138209261
0.9643635644882016
0.8062104404294658
1.2526601165989943
0.9121102076294872
0.8534277691839982
1.2589538091358532
0.8548595092311115
0.9106305791253241
1.252959712205933
0.8072306755215317
0.9631122392823829
1.2376678733142552
0.7756941659529626
1.0086386033424444
1.213788989893171
0.7555205295983276
1.0561173698957007
1.1762677523614615
0.7433634981963314
1.1116616929291945
1.1232376416114014
0.7420946074329071
1.1667516281342707
1.0665826981533288
0.752440272402189
1.2075813315639468
1.017637413787087
0.770946048159934
1.2336932743638618
0.9725502567569649
0.7997240931813548
1.2505214274626135
0.9218186938397144
0.8441217855444507
1.2587239758853368
0.8645449064963799
0.9007010611091446
1.2547920738454899
0.8143088624006039
0.9546545670559685
1.240862007219287
0.780180573364502
1.00088972003366
1.2187362726774726
0.758435786889025
1.0473280082391363
1.1839889173821854
0.7448272239756879
1.1016023270294437
1.133191058055116
0.7413848954066479
1.1579628317645956
1.0759816395995727
0.7500055147646864
1.2016973197614345
1.0255953085238612
0.7671424001152638
1.229954336970076
0.9805454140066323
0.7937306024386706
1.2481401482270125
0.9312795340157749
0.8352291495221512
1.2581020815699957
0.8744596937662801
0.8906563469889138
1.2563282549013888
0.8219100727836797
0.9459295255632566
1.2438284800705919
0.7850375222927231
0.9931475579831881
1.2233047720922476
0.7615766032614888
1.0388109726106771
1.1911872285560805
0.7465940885488151
1.0916392982071517
1.1429379142658196
0.7410637306549135
1.148745821278011
1.085636881614127
0.747809345375093
1.1953265360424532
1.033733925241882
0.7636100075333605
1.2259230090380435
0.9883988106840232
0.7882006641767787
1.2455307276990115
0.9404632843626962
0.8268061453354982
1.2571074066692025
0.8845034237713154
0.8805831407873778
1.2575374765065237
0.830027854590806
0.936920749883827
1.246573459433169
0.79030124775409
0.9853538265651024
1.2275296173882286
0.7649549898477448
1.0305399764940752
1.1978670988877564
0.7486351193832403
1.0818487569113249
1.152381993087149
0.7411416576877479
1.1391730229269164
1.0955026069393248
0.7458718973184861
1.188446111101399
1.0420968531986181
0.7603260350677585
1.2215683776154558
0.9961655740685125
0.7830997016835984
1.2426997267643909
0.9493605133429115
0.8188877763698132
1.2557671641040877
0.8945765500067433
0.8705776000529084
1.2583898726575582
0.8386390508548508
0.9276269249585448
1.2490952532590485
0.7960078084178221
0.9774515513123482
1.2314435943360702
0.7685899911235605
1.0224774100826344
1.2040450850346525
0.7509262049146758
1.0722890554094278
1.1614397315859821
0.7416160677538282
1.1293338563506314
1.105513038709572
0.7442194598047078
1.1810439690000314
1.0507174954886138
0.7572740762260095
1.2168566425338472
1.0039034033812757
0.7783913037035761
1.2396457523988564
0.9579787461339275
0.8114902990032484
1.2541120580566283
0.9045860336425392
0.8607403776640331
1.258860800660109
0.8477005471759993
0.918064969418872
1.2513841986647167
0.8021901618065463
0.969387323250706
1.23507620699522
0.772506601547829
1.0145763449908152
1.2097475479071236
0.7534500178818881
1.0629977246859177
1.1700466908102576
0.7424717626496378
1.1193272710750446
1.1155863270408417
0.742882162206217
1.1731210073267866
1.059617266507454
0.7544450437143315
1.2117520186487958
1.0116706859794427
0.7740396980878127
1.2363596496202782
0.9663395117394045
0.8046144853166408
1.2521721967970514
0.914450146901424
0.851170374463842
1.2589351638321453
0.8571477167786002
0.9082726044365526
1.2534229024197232
0.8088745941759194
0.9611142857261323
1.2384524028540418
0.7767343595184655
1.0067833278224887
1.2150074882416506
0.7561969661220209
1.0539915070878751
1.1781599455614082
0.743684033281825
1.1092539047503893
1.1256293537316189
0.7418906966679785
1.1646936344892258
1.0688035546942138
0.7518376147970474
1.2062180982663127
1.0195251078597671
0.7700111064392741
1.2328249499627684
0.9744763124934352
0.7982481532733054
1.2499738234264597
0.9241032763438886
0.8419568887253629
1.258610472459028
0.866896850701515
0.8983083580578144
1.2551871996516062
0.8160775633818869
0.9525949220282892
1.2415911677821465
0.781306075476691
0.999041363954515
1.2198609775412894
0.7591654284098879
1.0452689400130215
1.1857565025863157
0.7452229872043432
1.099209851673395
1.135542537265091
0.7412722249696968
1.1557970352268996
1.0782667625107443
0.7494584214699889
1.200220335617991
1.0275217619826256
0.7662746460167931
1.229018766315115
0.9824328185059912
0.7923683486868123
1.2475370088294502