0.031415926535897934
0.031415926535897955
0.015809771286475885
-0.007458091587867494
-0.027135636606183282
-0.03344499231504709
-0.023068116495313273
-0.0014044713632921715
0.020934034618570043
0.03306237092997561
0.028709147564947073
0.010171080833059572
-0.01327140071786535
-0.03029853487938957
-0.03230886488900054
-0.018239327711731593
0.004694280401479723
0.02537068238050654
0.033587084229454826
0.025041125682823732
0.0042038700027856035
-0.018654477585303066
-0.03244227408385164
-0.03007921462741454
-0.012814589981034782
0.010642032009471242
0.02896542110262012
0.03297031120769209
0.0205428156946486
-0.0018985361718977939
-0.023427573276309416
-0.03348750979271557
-0.026838442008758224
-0.0069746780757773685
0.01624588172586361
0.03158962878411335
0.031235263544482455
0.015370286957798657
-0.00793992939554285
-0.027426894560989696
-0.03339501527865821
-0.022703665129243
-0.000910110650006523
0.02132074272077964
0.03314706585781963
0.028446565099665894
0.009697975440259268
-0.013725390022350323
-0.030511165281976393
-0.032168276557207554
-0.01782026887805127
0.005183700743591216
0.025694714642317283
0.03357958939349636
0.02470612091816679
0.0037125731791349155
-0.01906562638111509
-0.03256847136300662
-0.029853257392027828
-0.012355056602490495
0.011110728080070319
0.029215324631903163
0.032870909441926964
0.020147173923926183
-0.0023922009486261435
-0.023781953316466563
-0.0335225571606853
-0.026535380566844152
-0.006489791524770302
0.01667852271216169
0.0317563279405217
0.031047683787035006
0.014927524841768913
-0.00842008905398359
-0.027712147312658742
-0.03333759108037067
-0.022334302272066682
-0.0004155581990921073
0.021702852831074173
0.033224375043418894
0.028177736159016316
0.009222817032498318
-0.014176459533018392
-0.03071705448730174
-0.03202054358867253
-0.017397393857814095
0.00567202753282621
0.02601314719924576
0.03356460158348572
0.024365745530975036
0.0032204936829328956
-0.019472682659024708
-0.0326874256833977
-0.029620717536356325
-0.01189289978374955
0.011577068484261138
0.02945879846631611
0.03276419017663937
0.019747198063112002
-0.002885361620224628
-0.02413117542220429
-0.033550125718614196
-0.026226523292097632
-0.006003534805614174
0.0171075992398101
0.03191598330281742
0.03085323285099615
0.01448158155863143
-0.008898468354640275
-0.02799132756224391
-0.033272733957224764
-0.021960111932093906
7.908179659836187e-05
0.022080278607062118
0.033294279351498465
0.027902724543596998
0.00874570710661976
-0.01462451133610343
-0.030916152686133166
-0.031865702190136264
-0.016970796059121437
0.00615915742289869
0.026325905906518114
0.033542124522384795
0.024020078016904145
0.0027277353729246168
-0.019875555678248363
-0.0327991077512025
-0.02938165089933637
-0.011428219119208046
0.012040953007340337
0.029695784336248164
0.032650179737884484
0.01934297762801712
-0.0033779141815231777
-0.02447515938621142
-0.033570208620757276
-0.025911942385526576
-0.0055160109791200715
0.017533016881862467
0.03206855583216982
0.030651957915269864
0.014032554227386813
-0.00937496534102156
-0.028264369296191277
-0.03320045998003681
-0.021581179008252536
0.0005737051324361392
0.022452934557452772
0.03335676146790937
0.027621595379040416
0.008266747438523105
-0.015069447984359673
-0.031108411627978397
-0.031703790259332974
-0.01654056950353236
0.00664498723234137
0.026632917767927006
0.03351216379251171
0.02366919789854106
0.0022344021998499386
-0.020274155419458928
-0.03290349003470539
-0.029136114774004546
-0.010961114578393084
0.012502281797814582
0.029926225411227
0.03252890622216378
0.018934602871069593
-0.0038697547096437426
-0.02481382601162305
-0.03358280087908576
-0.02559171121323378
-0.00502732328107431
0.017954681810634674
0.03221400816980783
0.030443907730911022
0.013580540446512423
-0.00984947832469055
-0.02853120780999595
-0.03312078704614431
-0.021197589266514938
0.001068207606033638
0.022820736065521124
0.03341180590743247
0.027334415092484007
0.007786040067023901
-0.01551117251615371
-0.03129378464072503
-0.031534847368818945
-0.01610680880523611
0.007129413959463725
0.026934110960123683
0.03347472683299571
0.023313185701180322
0.001740598192189531
-0.020668392607111653
-0.03300054677644243
-0.028884167885450323
-0.01049168648847781
0.012960955384967842
0.03015006632186034
0.03240039948405087
0.01852216475906385
-0.00436077937827882
-0.025147097136265242
-0.0335878993655641
-0.025265904282114268
-0.0045375751073323395
0.018372500818615085
0.032352304652994726
0.030229132601338256
0.013125638274961424
-0.01032190590147257
-0.0287917797316691
-0.033033734871349335
-0.020809429316489093
0.001562485031261128
0.0231835994127298
0.03345939902077305
0.027041251388858486
0.007303687277926952
-0.01594958847482874
-0.0314722266497935
-0.03135891474919793
-0.015669609150492668
0.007612334797467545
0.027229414856849505
0.03342982293638822
0.022952122928674767
0.0012464274419804883
-0.02105817873199699
-0.03309025400461363
-0.028625870368448155
-0.010020035517045178
0.013416874696691328
0.030367253181430163
0.03226469112310493
0.018105754951140668
-0.004850884472065862
-0.025474895656954342
-0.03358550281357593
-0.024934597215513988
-0.004046869999050278
0.018786381339640654
0.03248341133037051
0.03000768436208997
0.012667946213432424
-0.01079214696788722
-0.029046023044992285
-0.032939324981069634
-0.02041678658818559
0.002056433252281085
0.02354144180249886
0.03349952900074313
0.026742173227018884
0.00681979158829997
-0.01638459992834703
-0.03164369419678304
-0.031176035271763148
-0.01522906627734363
0.008093647149732718
0.027518760053085834
0.033377463244434746
0.022586092039380945
0.000751994090693188
-0.021443426074007763
-0.03317258954374988
-0.02836128374479878
-0.0095462626550997
0.013869941077577
0.030577733607112016
0.032121814470090326
0.01768546577701114
-0.005339966401063302
-0.025797145553831637
-0.03357561181850343
-0.024597866728880438
-0.003555311628049864
0.01919623147033124
0.03260729597664759
0.02977961636015191
0.012207563185911586
-0.011260100737811748
-0.029293877112537604
-0.03283758070071283
-0.020019749308975907
0.0025499481576102545
0.02389418138410702
0.033532185887620795
0.026437250795742377
0.006334455730942625
-0.01681611148920498
-0.03180814545758577
-0.030986253430578852
-0.01478527645559756
0.00857324864528091
0.027802078389099306
0.033317660743014475
0.02221517642221453
0.00025740231515573517
-0.021824047725109902
-0.03324753302461604
-0.02809047090040035
-0.009070469200320952
0.014320056307276383
0.030781456740797197
0.03197180457252283
0.017261390215433402
-0.005827921715339687
-0.026113771914712425
-0.03355822883745608
-0.02425579060542206
-0.0030630037823043514
0.019601959991774574
0.03272392810663536
0.02954498343287804
0.011744588521484314
-0.011725666759381484
-0.02953528269842663
-0.0327285271452826
-0.019618406480749098
0.0030429256942251653
0.024241737276708294
0.033557361573678446
0.026126555489612388
0.005847782639036719
-0.017244028334625128
-0.031965540259950354
-0.030789615324024255
-0.014338336467088823
0.009051037154431629
0.028079302974363222
0.03325043025625503
0.021839460372832534
-0.00023724368648904426
-0.022199957612508845
-0.03331506589334303
-0.02781349606207671
-0.008592756740548504
0.014767122619133172
0.030978373269494097
0.031814698179557406
0.016833621872942607
-0.006314647119691694
-0.026424700959430256
-0.03353335818814728
-0.023908447671792735
-0.0025700503515291885
0.02000347639145753
0.032833278988577685
0.029303841886528674
0.011279121936411927
-0.012188744932133427
-0.029770181990803963
-0.032612191208233346
-0.019212847857282493
0.003535261881719959
0.024584029593446785
0.03357504980687361
0.025810159884814506
0.005359875430971946
-0.01766825622701611
-0.032115840100467793
-0.030586168635819436
-0.013888343586213402
0.00952691080465384
0.028350368211325944
0.03317578843982795
0.021459029069955338
-0.0007318397088050682
-0.02257107052199581
-0.033375171419769936
-0.02753042477418304
-0.008113227137493701
0.0152110427190866
0.03116843544528267
0.03165053372623834
0.016402254962842623
-0.006800039488501872
-0.026729860064159082
-0.033501006046925734
-0.023555917773825263
-0.0020765553128686137
0.020400690885437334
0.032935321656787434
0.029056249474451217
0.01081126351646806
-0.012649235524404431
-0.029998518624005894
-0.032488601549588804
-0.018803163921831876
0.004026852826537176
0.024920979465659323
0.033585246193701616
0.025488137714864433
0.004870837395331593
-0.01808870153470565
-0.03225900816096404
-0.03037596261556017
-0.013435395560739027
0.010000767996629693
0.028615209819010345
0.03309375377343658
0.021073968551844114
-0.0012262815530779368
-0.02293730212146303
-0.03342783470498909
-0.02724132387501582
-0.007631982510669152
0.015651719804849046
0.03135159710479958
0.03147935131713287
0.015967384284464686
-0.007283995880744007
-0.02702917778568584
-0.03346118044595848
-0.023198281752328798
-0.0015826227166645078
0.020793514440740787
0.0330300309235586
0.028802265374926812
0.010341113699533729
-0.01310703919098112
-0.030220237700392016
-0.0323577885833353
-0.01838944586495087
0.004517594736276307
0.025252509067137417
0.0335879482011976
0.02516056384628798
0.004380771976029516
-0.01850527125293753
-0.032395009324274616
-0.03015904805878033
-0.012979590592889587
0.01047250742053335
0.028873764856414814
0.033004346552504456
0.020684365692947015
-0.001720465041336782
-0.02329856898457646
-0.03347304268808374
-0.026946261473048537
-0.007149125221525908
0.016089057585360892
0.03152781368823329
0.03130119270936742
0.015529105202693176
-0.007766413555153593
-0.02732258388561942
-0.033413891269573066
-0.02283562141896798
-0.0010883566722934487
0.021181858797986532
0.03311738339034095
0.028541950168706528
0.009868773258440978
-0.013562056991013594
-0.030435285811822387
-0.032219784464113096
-0.01797178556254994
0.005007383934098959
0.025578541638441893
0.03358315515809429
0.024827514254276935
0.0038897827575875427
-0.01891787302512918
-0.0325238101893819
-0.029935477286569173
-0.01252102732070352
0.010942028072535855
0.029125971745695627
0.032907588879077125
0.020290308180725917
-0.002214286030395602
-0.023654788614588
-0.033510784152047154
-0.026645306923018253
-0.00666475785779164
0.016522960300519363
0.03169704225780154
0.031116101295088676
0.015087513627765073
-0.0082471899855684
-0.02761000935451008
-0.033359150249764435
-0.022468019532242776
-0.0005938613340604852
0.021565636494218842
0.03319735745816602
0.02827536581626537
0.009394343284063418
-0.014014190406194064
-0.030643611060753924
-0.03207462307321982
-0.017550275554201376
0.0054961168732385705
0.025899001511242747
0.033570868255129005
0.02448906599834061