1
0.06060606060606055
0.07389058762811043
0.03016344179042329
0.9624497411585738
0.9244983220722206
0.9447080795911496
0.008266945812467341
0.06521522893321623
0.0714390965138568
0.02241158454975993
0.9555140000198203
0.9237436090322789
0.950670835418783
0.01643257761768946
0.06907160219473055
0.06817167372596723
0.014386845338868907
0.9491082088320538
0.9238527318821274
0.9572173904639601
0.02439743066401312
0.07213587834096521
0.06412127058553829
0.006186156722066169
0.9433033635107214
0.924824613136291
0.9642747100307966
0.03206563480624869
0.0743772472012846
0.05932933669288414
0.9979096206433257
0.9381621599984875
0.9266496421287442
0.9717620325100194
0.03934646134716546
0.07577338107334242
0.053845849636305974
0.989658727390002
0.9337388031543521
0.9293096969122089
0.9795916662434342
0.04615559676039371
0.0763104507320842
0.0477293128276638
0.9815344963815982
0.9300789628831759
0.932778167647605
0.9876701096238779
0.052416100066204674
0.07598315082749071
0.04104664815734192
0.9736356435329174
0.9272197957339696
0.9370199607786505
0.9958994703026395
0.05805904067033185
0.07479471361671511
0.03387289809243679
0.9660568776678278
0.9251899713468256
0.9419914770329152
0.004179123076897495
0.06302385484310674
0.07275690031163667
0.026290661148113424
0.958887416612592
0.9240096748744752
0.9476405841920341
0.012407520324988264
0.06725849148059504
0.06988997675706277
0.018389213451160437
0.952209790701768
0.9236905865887696
0.9539066380700065
0.020484054457402978
0.07071943228443282
0.06622269317973944
0.010263309294607323
0.9460989674256034
0.9242358576267714
0.9607206298818729
0.02831086736114119
0.07337166437950586
0.06179228687309305
0.002011694779416144
0.9406217897152103
0.9256401015472293
0.9680055451034296
0.03579450639303139
0.07518865851676253
0.05664450878691593
0.9937354025484842
0.935836680241285
0.927889408249436
0.9756770042285282
0.04284734097942233
0.07615237349821188
0.05083364483433552
0.9855359184043241
0.9317935354673904
0.9309613693866499
0.9836442232332713
0.04938867969399108
0.07625327965751617
0.04442247102694691
0.9775133223512177
0.9285337240988267
0.9348250941869404
0.9918112901556513
0.055345564069080755
0.07549038064395577
0.03748206054946829
0.9697645087897949
0.9260901168243225
0.9394411997822729
7.871421519478616e-05
0.06065325727852806
0.07387121613726202
0.03009135936495188
0.962381583648264
0.9244871021743973
0.9447617818784069
0.008345172618972718
0.06525548401973186
0.07141184339266003
0.0223364667761677
0.9554505189750973
0.9237405757816651
0.9507304033046046
0.016509360313182064
0.06910450219416323
0.06813681216047127
0.014309593171646796
0.9490501168202486
0.9238579152247475
0.9572821680824829
0.0244718387333005
0.07216109056765711
0.06407915439570333
0.006107709133859572
0.9432512957923027
0.9248379618836985
0.964343965331859
0.03213677969119266
0.07439451956999169
0.05928040059671407
0.9978309383849162
0.9381166717483886
0.9266710240949262
0.9718349633323224
0.03941350993163373
0.07578254214480017
0.05379060947691531
0.9895807755283492
0.9337003684900538
0.9293388991641516
0.9796674094424571
0.04621778199449911
0.07631140994514879
0.047668365180303686
0.9814582265940187
0.9300479748796451
0.9328148966627108
0.9877477532197133
0.052472728501828714
0.07597589871357885
0.04098066853023172
0.9735619771560604
0.9271965667243602
0.9370638423510149
0.9959780682300192
0.058109497081685335
0.07477932182649771
0.03380263692004072
0.9659866904346779
0.9251747330778344
0.9420420559796993
0.004257711821470389
0.06306760447322957
0.07273352143345285
0.02621693696624361
0.9588215258473157
0.92400257839872
0.9476973242172544
0.012485136541361408
0.06729508068817411
0.06985884406933929
0.01831290298759298
0.9521489454689464
0.9236917020164879
0.9539689224339903
0.02055975257763598
0.07074848839934092
0.06618412054777797
0.010185334611553347
0.9460438417626218
0.9242451739472934
0.9607877636861074
0.028383736203181353
0.07339289541066552
0.0617466689092296
0.0019330079705832462
0.9405729786740776
0.9256575266599998
0.9680767599624871
0.03586368386718575
0.07520185306359403
0.05659232115081171
0.9936569687646587
0.9357946981239453
0.9279147691807165
0.9757514658639516
0.04291202618158607
0.07615740091171641
0.050775444236364514
0.9854586981428086
0.9317588154514769
0.9309944125198728
0.9837210421555352
0.04944814197454206
0.0762500902904937
0.044358894229645354
0.9774382540081795
0.9285066184699878
0.9348654853033375
0.9918895351988577
0.05539914905030896
0.07547900598422339
0.037413821546820006
0.9696924924523754
0.9260708972373585
0.9394885238417466
0.00015742834306653464
0.06070039019047076
0.07385176872052013
0.030019244010512945
0.9623134669905027
0.9244759596726002
0.9448155427406488
0.008423390177353163
0.06529567103527295
0.07138451656224779
0.02226132440945977
0.9553870859032617
0.9237376205933479
0.9507900239042316
0.016586124769071287
0.06913733058161134
0.06810187986806485
0.014232325178911716
0.948992079187627
0.9238631765250265
0.9573469918100046
0.024546219899004518
0.07218622840787804
0.06403697122845753
0.006029254773773536
0.9431992881079612
0.9248513877135236
0.9644132594376614
0.03220788947610087
0.07441171554341022
0.059231402042855735
0.9977522585326244
0.9380712484194175
0.926692481499814
0.9719079250277445
0.039480515802218896
0.07579162557942253
0.053735312150100696
0.9895028352064885
0.9336620028628537
0.9293681744448947
0.9797431750572128
0.046279917569664875
0.07631229104956878
0.04760736641717165
0.981381977269403
0.9300170592605436
0.9328516955309385
0.987825410376973
0.05252930105927445
0.07596856879026026
0.04091464457388402
0.9734883398004809
0.9271734126804598
0.9371077898328904
0.996056670618114
0.058159892152859216
0.07476385329630159
0.03373233888896322
0.9659165402819827
0.9251595715899512
0.9420926961215946
0.004336295843966553
0.0631112880707613
0.0727100676525424
0.026143184000729063
0.9587556796145116
0.9239955597515754
0.9477541199537556
0.012562738939742024
0.06733159994148713
0.06982763908199058
0.018236572311066755
0.9520881515347578
0.9236928955500764
0.9540312562687824
0.020635428034884606
0.07077747140615279
0.06614547898538936
0.01010734864692732
0.9459887734284876
0.9242545678799067
0.9608549399961054
0.02845657393817369
0.07341405094564672
0.061700986152867635
0.0018543190174512836
0.9405242302301551
0.9256750281214078
0.9681480096955183
0.03593282231928607
0.0752149704924049
0.05654007363123632
0.9935785420133109
0.9357527831015515
0.9279402044299779
0.9758259541618445
0.04297666507651732
0.07616235035390222
0.0507171894315451
0.9853814939614335
0.9317241662580971
0.9310275271747648
0.9837978790649099
0.04950755136376306
0.0762468228694971
0.04429526965277985
0.9773632105024996
0.9284795866241535
0.9349059443785044
0.9919677892306121
0.05545267530063125
0.07546755395874521
0.037345541904497646
0.9696205092739387
0.9260517536282477
0.9395359115275642
0.00023614229629376204
0.06074745929730211
0.07383224539534333
0.029947095803878145
0.9622453912561293
0.924464894576783
0.944869362125764
0.008501598401115418
0.06533578994257787
0.07135711604735401
0.02218615753112705
0.9553237008686243
0.9237347434699621
0.9508496971583559
0.01666287090125307
0.06917008732710848
0.06806687688076049
0.014155041445590578
0.9489340959914971
0.9238685157782718
0.9574118615803212
0.024620574080839175
0.07221129183893638
0.06399472112311798
0.005950793728696259
0.9431473405077594
0.9248648906137601
0.9644825922756524
0.0322789640857255
0.07442883510612884
0.059182341077955655
0.9976735811737147
0.9380258900543105
0.9267140143241116
0.971980917518214
0.03954747888966992
0.07580063136910117
0.05367995770980766
0.9894249065104547
0.9336237063081696
0.9293975227278681
0.9798189630052119
0.04634200342331174
0.0763130940445587
0.047546316599354745
0.9813057484910204
0.9299862160540014
0.9328885642184348
0.9879030810100893
0.05258581768304538
0.07596116106407469
0.040848576356167926
0.9734147315453003
0.9271503336231254
0.9371518031831114
0.9961352773797872
0.0582102258356354
0.07474830803997468
0.03366200407323896
0.9658464272835576
0.925144486896748
0.9421433974101058
0.004414875057280332
0.06315490559481414
0.07268653899003785
0.026069402330871308
0.9586898779818009
0.9239886189393037
0.9478109713457674
0.012640327434652043
0.0673680492069576
0.06979636182342308
0.01816022150498297
0.9520274089600235
0.9236941671884711
0.9540936395115402
0.020711080746803834
0.07080638127857475
0.0661067685282698
0.010029351486840588
0.9459337624768713
0.9242640394162237
0.960922158742372
0.028529380488236722
0.0734351309654299
0.06165523864702346
0.0017756280073015843
0.940475544429811
0.925692605915764
0.968219294227063
0.036001921677008
0.07522801079146665
0.05648776627853151
0.9935001223812844
0.9357109352131429
0.9279657139742512
0.9759004690417501
0.04304125759826394
0.07616722182035565
0.050658880477460026
0.9853043059450234
0.9316895879189874
0.9310607133210809
0.9838747338771703
0.04956690780261308
0.0762434773974402
0.04423159736092224
0.9772881919155146
0.9284526285857821
0.9349464713748996
0.9920460521643574
0.055506142768211975
0.07545602457775438
0.03727722169357822
0.9695485593310568
0.9260326860141712
0.9395833627948578
0.0003148559875525425
0.060794464554503984
0.07381264617926071
0.029874914821872135
0.9621773565159264
0.92445390689683
0.9449232399815686
0.00857979720377755
0.06537584070445362
0.07132964187278486
0.02211096622270428
0.9552603639354335
0.9237319444140716
0.9509094230075973
0.016739598625649776
0.06920277240075702
0.06803180323064288
0.014077742056640155
0.9488761672891014
0.92387393297972
0.957476777327162
0.02469490119855844
0.07223628083820983
0.06395240411907407
0.005872326085530358
0.943095453041692
0.9248784705723303
0.9645519637732203
0.032350003444868713
0.07444587824280531
0.05913321774873268
0.9975949063954511
0.9379805966957361
0.9267356225484521
0.9720539407256084
0.039614399124793254
0.075809559505797
0.053624546210053366
0.9893469895262665
0.933585478861351
0.9294269439864309
0.9798947732039265
0.04640403949292504
0.07631381892940328
0.0474852157880085
0.9812295403421085
0.9299554452880796
0.9329255026912755
0.9879807650334698
0.05264227831771384
0.07595367554163315
0.040782463945016355
0.9733411524695951
0.9271273295731433
0.9371958823604407
0.9962138884278946
0.058260498081866174
0.07473268607143599
0.03359163254695869
0.9657763515131632
0.925129479011726
0.9421941597966664
0.004493449374312952
0.06319845700456975
0.07266293546714184
0.025995592036018103
0.9586241210167438
0.9239817559680972
0.9478678783374501
0.012717901940634713
0.06740442845107833
0.06976501232211396
0.018083850652777442
0.9519667178054989
0.9236955169305378
0.9541560720993542
0.02078671063108284
0.0708352179903815
0.06606798921218626
0.009951343217425489
0.9458788089613757
0.9242735885477875
0.9609894198553504
0.02860215577553582
0.07345613545106457
0.06160942643478408
0.0016969350274203127
0.9404269213193452
0.9257102600273093
0.9682906134816068
0.036070981868082885
0.07524097394911984
0.05643539914310938
0.9934217099554126
0.9356691544976898
0.9279912977904978
0.9759750104231688
0.04310580368093753
0.07617201530673237
0.05060051743175945
0.9852271341783767
0.931655080465815
0.9310939709285077
0.9839516065080627
0.049626211232118855
0.07624005387730642
0.04416787741870852
0.9772131983285212
0.9284257443792631
0.9349870662549126
0.9921243239135217
0.05555955140128388
0.07544441785155265
0.037208860985197253
0.9694766427002512
0.9260136944122425
0.9396308775986912
0.00039356932951983836
0.06084140591762704
0.07379297108986896
0.029802701141368515
0.9621093628406174
0.9244429966425575
0.9449771762558122
0.00865798649887517
0.06541582328377563
0.07130209406341234
0.022035750565762055
0.9551970751678724
0.9237292234281731
0.9509692013925124
0.01681630785821575
0.06923538577272763
0.06799665894986281
0.014000427097039816
0.9488182931376138
0.9238794281245404
0.9575417389841958
0.02476920117196002
0.07226119538314357
0.06391002025578163
0.005793851931187088
0.9430436257596843
0.9248921275770903
0.9646213738577003
0.0324210074783875
0.07446284493816543
0.05908403210197191
0.9975162342850902
0.9379353683862928
0.9267573061534022
0.9721269945717611
0.039681276438457536
0.07581840998153898
0.05356907770492057
0.9892690843399212
0.9335473205576781
0.9294564381938749
0.9799706055707955
0.046466025716056514
0.07631446570345585
0.047424064044352954
0.9811533529058706
0.9299247469907699
0.9329625109154684
0.9880584623615022
0.05269868290792057
0.07594611222961492
0.040716307408422546
0.9732676026523958
0.9271044005512316
0.9372400273235728
0.9962925036752848
0.05831070884347267
0.07471698740467239
0.03352122438426666
0.9657063130445046
0.9251145479483183
0.9422449832326416
0.004572018707974745
0.06324194225927937
0.07263925710512517
0.02592175319556072
0.9585584087868367
0.923974970844079
0.9479248408728972
0.012795462372258148
0.06744073764041125
0.0697335906066075
0.01800745983791597
0.9519060781318717
0.9236969447750735
0.9542185539692514
0.020862317605450098
0.07086398151541717
0.06602914107297278
0.009873323924829522
0.9458239129355331
0.9242832152660724
0.9610567232654261
0.028674899722286096
0.0734770643836691
0.06156354955930428
0.0016182401650948336
0.9403783609449872
0.925727990440217
0.9683619673835858
0.036140002820300055
0.0752538599537734
0.05638297227544943
0.9933433048225153
0.9356274409940938
0.928016955855612
0.9760495782255608
0.04317030325871296
0.07617673080875659
0.05054210035216037
0.9851499787462648
0.9316206439301787
0.9311272999666635
0.9840284968733051
0.04968546159337328
0.0762365523121472
0.044104109890838294
0.9771382298227769
0.9283989340289178
0.9350277289808641
0.992202604391519
0.05561290114814854
0.07543273379051008
0.03714045985054767
0.9694047594579929
0.9259947788395055
0.9396784558940592
0.00047228223487394416
0.06088828334229164
0.07377322014483331
0.029730454839289933
0.9620414103008669
0.9244321638237123
0.945031170896175
0.008736166199958983
0.06545573764348864
0.07127447264417813
0.021960510641910583
0.95513383463006
0.9237265805146933
0.9510290322535897
0.016892998514934865
0.0692679274132602
0.06796144407064099
0.013923096651795253
0.94876047359414
0.9238850012078319
0.9576067464850276
0.024843473920884263
0.07228603545125295
0.06386756957276746
0.005715371352589302
0.9429918587115915
0.924905861615825
0.9646908224563691
0.03249197611119148
0.07447973517700539
0.05903478418452991
0.997437564929885
0.9378902051685087
0.9267790651194576
0.9722000789784566
0.0397481107615929
0.07582718278842743
0.05351355224856249
0.9891911910373964
0.9335092314323609
0.9294860053234225
0.9800464600232216
0.046527962030324055
0.07631503436613976
0.04736286142967475
0.981077186265476
0.9298941211899954
0.9329995888569526
0.988136172908552
0.052755031398374674
0.07593847113476822
0.04065010681444104
0.9731940821726872
0.9270815465780395
0.9372842380311335
0.9963711230348005
0.058360858072445954
0.07470121205373981
0.03345077965936101
0.9656363119512312
0.9250996937198885
0.9422958676693277
0.004650582971184702
0.06328536131826372
0.07261550392532723
0.025847885888934552
0.9584927413595147
0.9239682635733031
0.9479818588961335
0.012873008644113337
0.06747697674158781
0.06970209670551766
0.017931049143897274
0.951845489999763
0.9236984507208054
0.9542810850581928
0.020937901587669616
0.07089267182759494
0.06599022414653394
0.009795293695219899
0.9457690744528077
0.924292919562483
0.9611240689029236
0.02874761225075151
0.07349791774443186
0.06151760806380891
0.0015395435076153846
0.9403298633528958
0.9257457971385903
0.9684333558573833
0.03620898446150789
0.07526666879390716
0.05633048572610066
0.9932649070693989
0.9355857947411845
0.9280426881464178
0.9761241723683453
0.04323475626583084
0.07618136832222346
0.05048362929644737
0.9850728397334305
0.9315862783436059
0.9311607004050966
0.9841054048885871
0.04974465882753987
0.07623297270508583
0.04404029484207542
0.9770632864794968
0.928372197558996
0.9350684595150046
0.99228089351175
0.055666191957179256
0.07542097240506833
0.03707201836088129
0.9693329096807001
0.9259759393129333
0.9397260976358852
0.0005509946162940427
0.06093509678418984
0.07375339336189049
0.02965817599260987
0.9619734989672785
0.92442140844997
0.9450852238502674
0.008814336220596575
0.06549558374660887
0.07124677764009452
0.021885246532798747
0.9550706423860486
0.9237240156759874
0.9510889155312494
0.016969670511821633
0.06930039729266499
0.06792615862526843
0.013845750805937737
0.9487027087157172
0.9238906522246232
0.9576717997631987
0.024917719365214586
0.07231080102012251
0.06382505210962783
0.005636884436670327
0.9429401519471997
0.9249196726762504
0.9647603094964475
0.032562909268243345
0.07449654894419003
0.05898547404333225
0.9973588984170841
0.9378451070848434
0.926800899427046
0.9722731938674327
0.03981490202518878
0.07583587791863051
0.053457969895200574
0.989113309704651
0.933471211520541
0.9295156453482266
0.9801223364785712
0.0465898483734104
0.07631552491694801
0.047301608005328004
0.9810010405040618
0.9298635679136095
0.9330367364815959
0.9882138965889623
0.05281132373385433
0.07593075226391244
0.04058386223118969
0.973120591109409
0.9270587676741467
0.9373285144416769
0.9964497464192761
0.05841094572084704
0.07468536003276482
0.03338029844649576
0.9655663483069373
0.9250849163397301
0.9423468130579501
0.004729142076869808
0.06332871414091382
0.0725916759491579
0.02577399019562055
0.9584271188021497
0.9239616341617529
0.9480389323511149
0.012950540670814581
0.06751314572130901
0.06967053064752787
0.01785461865425233
0.951784953469727
0.9237000347663907
0.954343665303074
0.021013462495543145
0.07092128890089772
0.06595123846884371
0.00971725261478127
0.9457142935665938
0.9243027014283538
0.9611914566981067
0.028820293283243092
0.07351869551460997
0.061471601991593315
0.0014608451422766094
0.9402814285891615
0.9257636801064628
0.9685047788273292
0.036277926719610054
0.07527940045806958
0.05627793954568261
0.9931865167828596
0.9355442157777242
0.9280684946396699
0.9761987927708976
0.04329916263659328
0.07618592784299716
0.0504251043224743
0.9849957172245921
0.9315519837375564
0.9311941722132862
0.9841823304695686
0.04980380287584696
0.07622931505931374
0.043976432337248794
0.9769883683798584
0.9283455349936801
0.9351092578195155
0.9923591911875999
0.055719423776817045
0.07540913370573737
0.037003536587508365
0.9692610934447414
0.9259571758494312
0.9397738027790246
0.0006297063864599828
0.06098184619908175
0.07373349075884467
0.02958586467835094
0.9619056289103979
0.9244107305309383
0.9451393350656309
0.008892496474371514
0.0655353615562207
0.0712190090762414
0.021809958320113364
0.9550074984998266
0.9237215289143426
0.9511488511658457
0.017046323764921212
0.06933279538132107
0.0678908026461047
0.013768389644523205
0.9486449985593142
0.9238963811698736
0.9577368987521884
0.024991937424878374
0.07233549206740617
0.0637824679060279
0.005558391270372956
0.9428885055162244
0.9249335607460131
0.9648298349051005
0.03263380687456041
0.0745132862246545
0.05893610172537402
0.9972802348339302
0.9378000741776849
0.9268228090565251
0.9723463391603804
0.039881650160297655
0.07584449536438746
0.05340233069912491
0.9890354404276226
0.9334332608572893
0.9295453582413712
0.9801982348541769
0.04665168468306646
0.0763159373554435
0.047240303832731256
0.9809249157047287
0.929833087189396
0.933073953755199
0.9882916333170562
0.05286755985920699
0.0759229556239354
0.040517573726845946
0.9730471295414532
0.9270360638600632
0.9373728565136896
0.9965283737415415
0.05846097174080689
0.07466943135594223
0.03330978081997745
0.9654964221851609
0.9250702158210676
0.942397819349666
0.004807695937966816
0.0633720006866903
0.07256777319809501