0
0.7315254237288136
0.016344461272658428
0.24405838280873948
0.9151181331652611
0.8693795192556693
0.23119079616126648
0.0398453285320568
0.7104934819285502
0.921110367562801
0.3966723461553707
0.5354628765340674
0.7973489552560638
0.5918073806179773
0.690065712804107
0.3063335005285177
0.4000902531515962
0.16668136624749508
0.45083397364050093
0.5656294402370099
0.903673197110862
0.5586510526817348
0.4142927749232199
0.9842491180550292
0.6092436026933674
0.5872663613538238
0.8556453753904818
0.5627860976535994
0.4840224538338931
0.3494312816422105
0.7630163062650408
0.7317817531430917
0.25394400326142996
0.21923498174185996
0.6378584547157118
0.48087393332591155
0.2571091837866306
0.476857762788677
0.6158936353200941
0.1256485117627797
0.2399132895269096
0.7982541007990682
0.8882300024914094
0.33802929674211235
0.31384252556827796
0.7768322300933743
0.7889665007269961
0.3415307549294053
0.4266611167751755
0.2640934766713574
0.5466661168406346
0.9902398519323781
0.4679526978528248
0.834256419278596
0.6813494189144018
0.03446216230341825
0.2678976798250279
0.9478093649991062
0.8071320139164779
0.18799042320273385
0.05355442742508121
0.7351951889574977
0.971469951951109
0.3070659507688043
0.12104500365418414
0.5510443883993037
0.15665203296026187
0.2983156587471605
0.9084085607004545
0.8216675915280032
0.2364408533924114
0.09619213336903099
0.6393970448070172
0.6104621655459133
0.9378442796721576
0.4772835002717484
0.9374846578090974
0.6109062841834456
0.6418383303710011
0.10605140926028378
0.22594908687329962
0.7951527196550019
0.8991311843342613
0.3329861108054928
0.2838217628998496
0.6901458159580316
0.6145823590856319
0.9062998484130937
0.5073483773901235
0.13410709021214995
0.3450954934594712
0.09555297706890942
0.531307387647997
0.07593235036357937
0.3647622006049356
0.23519851289385696
0.5509997432126491
0.04226093616220572
0.3873409115459673
0.37022763129490566
-0.05240621005576196
-0.29491494533513984
-0.0024164996387080473
0.2985393698318384
0.06815910313484908
-0.3935525776767334
-0.509860369171826
-0.660657379191761
-1.283009588829953
-1.3602577499073278
-1.0088730399269519
-0.6264487753977811
-0.6414820665285177
-1.0890116367903098
-1.2409895122478385
-0.8368175669296167
-0.9088458865657998
-1.2827550951240652
-1.1113775319890593
-0.581226266006706
-0.3231852202416363
0.4340354462463072
0.9669337368579017
0.6147331522256456
0.6302101540119027
0.05225667422069824
0.2946734254331824
0.0018482089617573028
0.7025544065115976
0.935733705003313
0.3877820717639482
0.4788116828818487
0.49590105147249286
0.4986456861304551
0.4966502794498715
0.48293171639480215
0.40958860559291077
0.036552571322079785
0.5367042584939038
0.16418513133211854
0.313654369762635
-0.0499566952320194
-0.24157637754344016
0.12306620555308592
0.09863525455470887
-0.24934059769694902
-0.04027893012115383
0.3082588957240231
0.13665962348693017
-0.45660180829246855
-0.8998448948508901
-1.670948264636043
-2.9317817548740237
-4.424134946587041
-5.660902285741332
-7.369680569009968
-8.671627979750886
-10.464434693288556
-12.133796241283562
-13.388112327785109
-14.282290714614241
-14.630852504183409
-15.387517347575276
-15.782458327209156
-16.722897393083972
-18.212321445758857
-19.160240550875084
-19.637382695486476
-20.5378363725509
-21.569473475856636
-22.83661891401689
-24.580324986317613
-26.593384430395176
-28.914855319827435
-31.520319556547644
-34.196709193209585
-36.34699231306742
-38.04051202305073
-39.59376588681679
-41.4565421028291
-43.169098735862995
-44.39504295375134
-45.279690819142424
-45.61696139542261
-46.32773197619839
-46.546588159823855
-46.92618421459347
-47.554972215303906
-48.372360066306605
-48.78938051101817
-49.746477872079566
-51.260481135196144
-52.21864957097043
-52.63054780086368
-53.449822468532716
-54.09637075726934
-54.42585844633154
-54.50513497303658
-54.60238078742479
-55.03375230815861
-55.347874257960925
-55.20700666714807
-54.5292979935325
-53.953554128967134
-53.53807324500823
-53.25458137764365
-52.41427797986271
-51.28824475022186
-49.62117477556299
-48.33841339151593
-46.58237354113667
-45.10194057876337
-43.28861597751944
-40.9345653258516
-38.8031382568671
-37.19799291828684
-35.06528171621735
-32.71043777416137
-30.895514628205397
-29.42058162905002
-27.6790771418356
-26.44021586355264
-24.996996292844674
-23.56428907309848
-22.35052423104219
-20.687183617221443
-19.53805820673071
-18.520870677142504
-17.576521341130338
-16.88979662892181
-16.55869220290958
-16.42838599321984
-16.05580360120953
-15.4918859500004
-14.8995814245862
-14.635882235954792
-14.792062229173716
-15.485943778724828
-16.13069248502062
-16.36771954362363
-16.1932583317671
-15.496782964008585
-14.789048736997689
-14.621674653593518
-14.839873772036123
-15.528635839937603
-16.31708346006527
-16.59724269887782
-17.196966980077896
-17.27028894114846
-16.791088705748294
-16.850470021629906
-17.35953911041048
-17.438373293439735
-17.30686367447287
-16.653489089445
-16.457840252539402
-16.11635197567415
-15.402948887812377
-14.370530224679875
-12.933317824388359
-11.722724526950284
-11.061013358518851
-10.190947731916149
-8.801745370335354
-7.94040217852657
-7.2828105047352105
-6.079971723904132
-4.60886249711791
-3.4897487398834786
-2.3347803760401664
-0.6999514577748194
0.4051512763863925
0.19758784602748802
0.4629153388914524
0.599617851009958
0.06265859205110824
0.3120157595338439
0.04608674180539696
-0.3789010417598408
-0.41977237179600785
-0.19158864908435025
0.5565409434238019
0.4984274171761869
0.43480994060541356
0.14935394954673997
0.4145740659916489
0.39495443041183914
0.033793628837021084
-0.44475812209888077
-0.733822216851267
-1.5770533203641453
-2.679558439090289
-4.285430535758824
-5.348006417241166
-5.955859777104291
-6.716230996138925
-8.021152730690817
-9.252257674926533
-9.926376362899338
-10.849085341323207
-12.224325235375167
-13.049755334852577
-13.70386451620623
-14.89177553263818
-16.429948429040877
-17.730780941885786
-19.584599229174167
-21.720766859149265
-24.404606618502825
-26.774204363697265
-29.694415045209077
-33.138039064380855
-36.156861896827095
-38.71133457858901
-41.80649170721312
-45.423967687178134
-48.78533780576622
-52.69007570335537
-57.11283591422286
-61.17293288730626
-64.74002787920027
-68.86307209457311
-73.40839145489888
-77.65049446123137
-82.34426920854455
-86.57589227161536
-91.06318582777011
-95.33509283248648
-99.12769559415108
-102.51979552518058
-105.9810012929204
-109.50854472372504
-113.06598032248837
-116.399043028842
-119.40198070023351
-122.08313080333535
-124.4863738678026
-126.84198371142791
-129.66416324898051
-132.9643150928316
-136.38832026072808
-139.45274324757074
-142.35418725624922
-144.81374376808824
-147.7862586694753
-151.3014225034094
-154.28836728945942
-156.73437756298628
-159.73474870558735
-163.2896065131927
-166.3045816808492
-168.79495231915433
-171.82029369644886
-175.34922348442765
-178.42590446921872
-181.25251821788746
-183.5221593918492
-185.86910809795415
-188.62425369952402
-191.77143636632005
-195.4706163055798
-199.06753656542665
-202.4351092857121
-205.58180492449662
-209.00237619890262
-212.41463108612217
-215.542217745782
-218.8158397492694
-222.59951552406318
-226.7092392108868
-231.35783632660576
-235.57243766280956
-240.03190777581267
-244.38044728260806
-248.34880779131632
-251.86407160943898
-255.79932074748075
-260.2650784204671
-264.17629186346215
-267.5891406270791
-271.2979236686533
-274.47472747088193
-277.56344867857814
-280.86840456729146
-284.5832288720368
-288.576257635745
-292.82609234158843
-297.57050800089
-302.55370831081495
-307.72134016426185
-313.43700708505054
-318.9379102919743
-324.6506569404251
-330.8154079235381
-337.4908183554506
-344.1341108538198
-350.36162427621844
-356.16357525221827
-361.4886140814971
-366.7738361796331
-372.60986496365234
-378.8006015802294
-385.5204624790837
-392.3117449067551
-398.5873817839547
-405.153719598444
-411.2618723524631
-416.81453194356743
-422.87906807794667
-429.32729705342587
-435.28289921262694
-440.6933179034186
-446.6258234831724
-452.95425018658824
-459.4406051473937
-465.7238699192923
-472.55668627031883
-479.58373630463984
-486.8905280371636
-494.5509659352265
-502.3867514872993
-509.85877890519976
-517.7627263762049
-526.2219362463454
-534.1327412325326
-541.6309726515008
-549.5375932246228
-557.5745699888836
-565.8630967447692
-574.573842373509
-583.5338631723679
-592.6115128454512
-602.048298378008
-611.3186222888578
-620.0828850632739
-628.569986536648
-637.2942224483711
-645.482781287824
-653.611192131007
-662.0978800437687
-670.2631783577058
-677.8733428716488
-685.8814755325802
-694.267148895375
-702.0990104592282
-709.6062590277829
-717.4583939275789
-725.1665605348519
-732.3925001965536
-739.2701537872855
-745.5952252414105
-752.2340526245972
-758.3186317491452
-763.8971635762653
-769.8110957343914
-776.2415286785116
-782.1157082140945
-787.619653382623
-793.5040349862611
-799.4025375289879
-804.9808452971935
-810.6260327960931
-816.6676564119349
-823.1934155262086
-829.1969687186794
-834.6741176007109
-840.6461850827728
-847.0609323151625
-853.2675881789165
-858.9205996969795
-864.8401271747548
-871.2297423699288
-877.066821446846
-882.6768362199422
-888.7860639123757
-895.4380940845996
-901.8788758969117
-908.703837894763
-916.0625750875231
-923.2078986429755
-929.8155564316211
-936.9336657959595
-944.2772811632019
-951.0720177981673
-957.6232064350967
-964.5638196965436
-971.7218637826314
-979.4282682059351
-986.8920252925924
-994.7053641022802
-1003.0539812505259
-1011.2172657172368
-1018.8352485309194
-1026.932257685469
-1035.2592704410781
-1043.0301856002245
-1050.6960834173124
-1058.887363950204
-1067.4407764717475
-1075.7916572839677
-1084.680608139426
-1094.0744885224356
-1103.2170733505602
-1111.8144944276116
-1120.9238438269354
-1130.2896839863704
-1139.1157083540659
-1147.5714979886732
-1156.2691980963282
-1164.4139035963708
-1172.2717552270835
-1179.5777605532405
-1187.1452281680974
-1194.2720570089093
-1200.84718446713
-1207.8786900459938
-1215.2948465697527
-1222.1759293181076
-1228.5592155560914
-1235.1450075101934
-1241.2906335880093
-1246.8972736313285
-1252.8390063823447
-1259.2529197501854
-1265.1098845511992
-1270.6120886616588
-1276.474966855733
-1282.2505898606428
-1287.469174390478
-1292.5805425688648
-1297.96193045822
-1303.4752947719371
-1308.9025376200157
-1314.6499749819118
-1320.848017557769
-1327.5007601322216
-1334.1561631593354
-1340.3485713707958
-1346.0874020442989
-1351.5354712936232
-1357.1066648226308
-1362.3318578210412
-1367.0720766579534
-1371.568562237758
-1376.2976620363747
-1380.494511729124
-1384.6721562805835
-1389.341531596427
-1393.5434746219044
-1397.8956935974225
-1402.5874063190863
-1407.5698932266275
-1412.7892190170103
-1418.5487598804111
-1424.4763031142982
-1430.3212133521897
-1435.6639194474574
-1441.4841590651872
-1447.249046907435
-1452.456902437051
-1457.5157532133621
-1462.629650251206
-1468.1487747023523
-1473.2197765376432
-1477.743749916361
-1482.824336124981
-1488.4023012122716
-1493.6593950675378
-1499.3856774118608
-1504.74536287406
-1510.6618542166655
-1517.0521173185873
-1523.2632124094514
-1528.9191835701963
-1534.8460124142744
-1541.2315591021281
-1547.0637985364976
-1552.6786753334598
-1558.795587583846
-1565.4468466368007
-1571.9155080315843
-1578.6661950913206
-1585.8984675612708
-1593.4624852274383
-1600.8964136761858
-1608.667834281864
-1616.9236979971686
-1625.436505443016
-1633.7329302343255
-1642.5831965401176
-1651.7115692610946
-1661.3808234337437
-1670.6708619065041
-1680.4504863965992
-1690.0595952177887
-1699.4649610023953
-1708.7486785730975
-1718.5894192446003
-1728.7269199054826
-1739.4156158838491
-1749.8226117891245
-1760.7296747865685
-1772.1892438260695
-1783.1318681563548
-1793.6639782579757
-1804.6737278293724
-1816.1777684539834
-1827.1811570814268
-1837.6788077864828
-1848.6786946406053
-1860.1806462244017
-1871.1776120011004
-1881.6741660968275
-1892.6657166656314
-1904.1380089319882
-1915.1855682401992
-1925.721112796347
-1936.8045493323489
-1948.4126284585655
-1959.7300372281425
-1971.6001121692316
-1983.7979258921537
-1996.5277165462815
-2009.354025519293
-2021.738102558326
-2034.677666208987
-2048.117724860275
-2061.1823053491376
-2073.7394763951243
-2086.852472466808
-2100.41098457412
-2113.6739337454783
-2127.431505872509
-2140.956680408173
-2154.631608335325
-2168.7164352591853
-2183.345962804099
-2197.516674018278
-2211.74563759776
-2226.5314342393012
-2241.426536816912
-2256.0735517959292
-2270.4722015269476
-2284.7740505453285
-2299.6265938023307
-2314.8769500912
-2330.516339092653
-2346.2128145189104
-2361.3673828448436
-2376.1096695114175
-2390.4977760774304
-2404.8780991677468
-2419.644566406535
-2434.8502516454364
-2450.506075312019
-2466.1831574070916
-2481.3516067941464
-2496.0727279781267
-2510.548068129117
-2525.1891006802543
-2539.3133753765933
-2552.9241903433103
-2566.790418872144
-2581.195822732974
-2595.076147794575
-2608.7000081275305
-2622.853655960251
-2637.4503210301923
-2651.875919524546
-2666.6931241387533
-2682.032178800125
-2697.259373431065
-2711.9304915664275
-2726.8372289101058
-2742.219417957765
-2757.054816836818
-2771.7021276617297
-2786.8814709814405
-2802.4383667151865
-2817.7848973277937
-2833.6751331361247
-2850.0619086439306
-2866.2374269553593
-2881.85764025852
-2897.9122792080066
-2914.2586305763016
-2930.048758468754
-2945.6708887014606
-2961.7826496788343
-2978.439772707065
-2994.8910953361533
-3011.6945278069643
-3029.0215085363284
-3046.27343832371
-3062.9743553750905
-3079.7646407297225
-3097.1096131347904
-3114.100557758644
-3130.7625038202427
-3147.9797739579285
-3165.267644846548
-3182.001893298133
-3198.7295153625423
-3216.009572126848
-3233.256146641232
-3249.9460942291357
-3266.8211253492627
-3284.1984938004853
-3301.047736285603
-3317.732395611767
-3334.9706930239954
-3352.3109861525836
-3369.134634976737
-3385.5412861827695
-3402.090823817138
-3418.339452768863
-3434.1167318586313
-3449.5211073624077
-3464.9991422648854
-3480.4801792257317
-3495.892022661611
-3511.6534549898115
-3527.8725450376387
-3544.4915520966956
-3561.08100537651
-3577.3990232925057
-3593.3868605366124
-3609.0112287890493
-3624.5963288760313
-3640.49836902877
-3656.3947008821146
-3671.9487909603245
-3687.679036098253
-3703.9118625114643
-3720.437642806622
-3736.750714104283
-3753.6208220956373
-3770.8743441722822
-3788.523374379326
-3806.2539211298304
-3823.427594630766
-3840.3565008812366
-3856.8484965416237
-3873.79422172391
-3891.2756246739705
-3908.2071896971324
-3924.6017430396505
-3941.3286334175596
-3957.5650976827505
-3974.0231038518054
-3990.400530247876
-4006.452038637405
-4022.338211432977
-4037.750733359935
-4053.720291674121
-4070.237215909529
-4086.198893917457
-4101.632002293509
-4117.475942094382
-4133.2359995232755
-4148.4411685411915
-4163.445084791673
-4178.260588944443
-4192.520283228625
-4206.850776798022
-4221.630323627506
-4236.816711362362
-4252.511918912962
-4268.248803676876
-4283.42866187664
-4298.3671137372185
-4312.89265114627
-4327.766062149174
-4343.1936810826355
-4358.098771291882
-4372.679929134712
-4387.765008265333
-4403.404654800151
-4418.730198575863
-4434.6084788858325
-4450.8377130321105
-4467.541513810553
-4484.388970912122
-4500.878588089241
-4517.753114244393
-4535.184576062992
-4552.105400826146
-4568.683703016097
-4585.771413568748
-4603.411132102748
-4620.755725499826
-4638.657000786849
-4657.022894562806
-4675.308933442137
-4693.075684936897
-4710.587410876254
-4728.3899246059555
-4745.8371629272715
-4763.759973241912
-4782.238732534321
-4800.161844894702
-4817.611202656811
-4835.418865696974
-4852.954699416444
-4870.646952975483
-4888.783512531662
-4907.464810931555
-4926.023948601519
-4944.4995821212315
-4962.9737530669345
-4981.5393724427995
-5000.241394089518
-5018.387187587887
-5036.170380288539
-5053.4647932751
-5070.636985239238
-5088.231583192239
-5105.272864150518
-5121.762841078405
-5138.808048193992
-5156.37365591036
-5173.542062871937
-5190.8559820089295
-5208.607935966316
-5226.709366068176
-5245.349781900631
-5263.539092783842
-5281.863856720025
-5300.609099674999
-5319.706981094344
-5339.341679704163
-5358.5092281853
-5377.709057220244
-5397.447597977165
-5417.006027496011
-5436.543365821441
-5456.23061337901
-5475.364946116915
-5494.081310565339
-5512.525307382325
-5531.057507243249
-5549.392782949326
-5567.380545475446
-5584.988380264241
-5602.6368480080455
-5620.707408468228
-5639.315183588524
-5657.411986091886
-5675.216202687112
-5692.475889640878
-5709.651512733402
-5727.2808841791475
-5744.363668390734
-5761.025541535611
-5777.598402534766
-5794.494145048516
-5811.369399853933
-5827.837153289381
-5844.780496281572
-5862.27068668569
-5879.208533602788
-5895.608137983795
-5912.357768826588
-5928.67325582599
-5945.482269966672
-5962.229357263838
-5978.4240811576
-5994.363051938243
-6009.879701568074
-6025.77843363829
-6042.225342016883
-6058.121880218959
-6073.632326274772
-6089.554368674742
-6105.66302193983
-6122.247583782956
-6138.275167517342
-6153.752659089931
-6169.787115218091
-6186.363535330097
-6202.518739475057
-6218.739380340226
-6235.515823916441
-6252.347559998315
-6268.723672859269
-6285.649224149469
-6303.023830662044
-6320.315341170999
-6337.096098939605
-6353.560578788719
-6370.2320017300135
-6386.349940457455
-6402.017100034683
-6417.624524575019
-6433.624659131241
-6450.017837565893
-6466.348715140179
-6482.226307464798
-6497.553018312802
-6513.061880193385
-6528.359577018987
-6543.227123228065
-6557.543371732838
-6572.009549396239
-6586.442324223344
-6600.67762322811
-6615.41335117497
-6629.860569580294
-6644.735722984825
-6660.1656789300505
-6675.114959910059
-6689.695967470413
-6704.802222744875
-6720.435801111745
-6735.850727379578
-6751.714809233622
-6768.122371965284
-6784.1426037648025
-6799.727875833367
-6815.864816764129
-6832.420025130164
-6848.706953400549
-6865.530672971832
-6882.461084602486
-6899.256645481444
-6915.4956495802435
-6931.719429105962
-6948.490006250438
-6965.225628252835
-6981.410726375533
-6997.299495955668
-7012.657944329556
-7028.4828247582755
-7044.247708449997
-7059.455607579875
-7074.5101400825215
-7089.600138868378
-7105.017951992946
-7120.373066291309
-7135.329535706568
-7149.797084448033
-7164.797476175895
-7180.330309556231
-7195.375525924765
-7210.028157650546
-7224.582750916914
-7239.414098116785
-7253.959175271715
-7268.645577203892
-7283.773364208031
-7299.452201952352
-7314.966250033652
-7330.59753967316
-7346.549245156345
-7362.670571604035
-7379.28099859392
-7395.344915712165
-7410.947948210199
-7426.729931540724
-7443.064534645243
-7459.179405303718
-7474.791138768374
-7490.941409022518
-7507.292146982249
-7523.105260948764
-7538.576238554242
-7554.303962835346
-7569.506358221073
-7584.7310014615505
-7600.508722921732
-7616.31695932538
-7631.6167297480815
-7647.289398269212
-7662.422005099906
-7677.292425677962
-7691.625478390411
-7706.353601665885
-7720.638592531181
-7735.349635083485
-7749.609271409159
-7764.222011285823
-7778.286300268175
-7791.8079732198785
-7805.850140314681
-7820.342675260183
-7834.36996720872
-7847.991114239314
-7861.643345277842
-7875.732152689315
-7890.374503688474
-7904.621739908131
-7919.25471413274
-7933.330890393833
-7946.920435723582
-7960.77700082816
-7975.182611176431
-7989.080371342946
-8002.708636129833
-8016.8752357807225
-8031.435139860391