0
-0.6565656565656566
-1.4191373993988528
-2.11976654110272
-2.7333726793470623
-3.4736085644733294
-4.192827926377978
-4.792850376993449
-5.515609830862644
-6.250837137713066
-6.858742251387286
-7.565390463329189
-8.322891642372973
-8.966190584347228
-9.636334089009221
-10.402687136889737
-11.095950777612916
-11.717019924929215
-12.462689143218414
-13.17878232932404
-13.780087491924236
-14.506448217337432
-15.237966105442469
-15.84252382454199
-16.553489376702963
-17.306445401613388
-17.940001391062935
-18.620427419595213
-19.388261638453272
-20.073869832193157
-20.702481200326783
-21.452783491624093
-22.165864232666653
-22.769001568349225
-23.4985564941387
-24.22695663107174
-24.829365024484165
-25.543592082519645
-26.292258404238492
-26.91806260215051
-27.606559208514135
-28.37407541715291
-29.0510384932783
-29.68786701423099
-30.442439578066164
-31.151961113158972
-31.757561077743194
-32.49034134020129
-33.21539941690294
-33.81613059952832
-34.53335177280749
-35.27705951378707
-35.89527913431475
-36.59135993720436
-37.35658041115896
-38.021975087754306
-38.669845499561184
-39.429231145716805
-40.13384897935267
-40.7435711445292
-41.480513404223736
-42.20190530801768
-42.801742605469855
-43.522234133963394
-44.26045516863142
-44.87162687742288
-45.57471798164822
-46.335411836797036
-46.98668069360082
-47.64859256208634
-48.412845837495134
-49.11080858626407
-49.727114620404606
-50.469430571801574
-51.18744107323971
-51.78783762743956
-52.51197683253654
-53.245688462975735
-53.852122856220355
-54.56055713227588
-55.316276600885594
-55.955553275464645
-56.62992694159458
-57.39707575674148
-58.08750555771207
-58.711404984274026
-59.458902964561396
-60.173887467873584
-60.77583232867303
-61.50342769166325
-62.233764996004666
-62.83744020877235
-63.54970192401155
-64.30108204641346
-64.93164018532727
-65.61522010238127
-66.38313286169407
-67.06573015019438
-67.69722545378163
-68.44910876309179
-69.16096933377678
-69.76491321454242
-70.49562249650559
-71.22283021720459
-71.8245647737589
-72.5399034509201
-73.28683148948055
-73.90982978854925
-74.6011666064546
-75.36809559335389
-76.04117315647255
-76.68167836848477
-77.43795501413175
-78.1458433931215
-78.75271398852357
-79.48689002673981
-80.21058994284915
-80.81084949787936
-81.52924000990802
-82.27089115930373
-82.88631367488182
-83.58514585132139
-84.3488915988653
-85.0091114041739
-85.66204606706145
-86.42335206266867
-87.12568265380416
-87.73759627538166
-88.4764473738928
-89.19652506901743
-89.7963983311504
-90.5182231701296
-91.25459471162567
-91.8636953536355
-92.56899010924761
-93.32776466035271
-93.97411390611755
-94.64108084195153
-95.40670146800375
-96.10188528473664
-96.72101505596999
-97.4653631417339
-98.18221995629884
-98.78312567475766
-99.50860744749805
-100.24097182195749
-100.84621703896225
-101.55621908989615
-102.3102669327436
-102.94601073469488
-103.62412233891197
-104.39176772825749
-105.07934840461938
-105.70604760881182
-106.45524637091698
-107.16911219537215
-107.771747084651
-108.50051915958382
-109.22970656144713
-109.8326036330152
-110.54605720383803
-111.29584441681482
-111.92355342812002
-112.6100950273231
-113.37785453095591
-114.05721156342972
-114.6917787077921
-115.44524509597707
-116.15576656856825
-116.7606373942342
-117.49254789281218
-118.21849888379171
-118.81961176207832
-119.5360626988335
-120.28111755488699
-120.9012743227847
-121.59544308425012
-122.36147141950934
-123.03014947817299
-123.67485195300611
-124.43294708334362
-125.1389727631007
-125.74741951796021
-126.48317349205008
-127.20549132305028
-127.80543168750926
-128.52505128849006
-129.26462926877574
-129.87742079561315
-130.57886418370984
-131.34084854071875
-131.99569499024162
-132.653985027614
-133.4171236967946
-134.11691729054593
-134.73136563525878
-135.47226622277364
-136.19109190413266
-136.7912159897078
-137.51441839303737
-138.24913973937547
-138.85653899117986
-139.56378460522828
-140.32070284612527
-140.96265545704603
-141.63421031128226
-142.40085331485173
-143.09321052570812
-143.71518958837416
-144.4614592301765
-145.17719671577854
-145.77870072803157
-146.50546403523987
-147.23659771199564
-147.8408586051976
-148.55225305523422
-149.30470299764698
-149.9372760037379
-150.61873928588687
-151.38662386896928
-152.07128644170922
-152.70080768657962
-153.45161931897417
-154.16431975197307
-154.7677051260331
-155.49762742693616
-156.2256517396877
-156.82783915812087
-157.54242389424928
-158.29054726004614
-158.91545639480933
-159.60486415900695
-160.37222377623283
-161.04799506907895
-161.68594961982313
-162.44105594855677
-163.15007766626928
-163.75605563241785
-164.48926540067706
-165.2138939991214
-165.8144610282189
-166.53205077633638
-167.27510819038582
-167.89242278794245
-168.58939395054915
-169.35417884238493
-170.01795677962176
-170.66739975158364
-171.42740056584958
-172.13131516053116
-172.7416975324758
-173.47923065576163
-174.20019542276097
-174.80001969331096
-175.52093137106223
-176.25853991581346
-176.86900775560684
-177.57283234684843
-178.33291037592997
-178.98255383253584
-179.64612628882185
-180.4108541304859
-181.10793629836076
-181.7251379977875
-182.4681133053401
-183.18574957311
-183.78629683644436
-184.51087124179708
-185.24413587921865
-185.85016297864033
-186.55912062987443
-187.3142945486449
-187.95239333304573
-188.62801204723928
-189.39535003994766
-190.0848717400796
-190.70966861416719
-191.45772312944146
-192.17235249440301
-192.77451259064674
-193.50248948048244
-194.23245787349225
-194.83587492967308
-195.54852710996528
-196.29940224580037
-196.9290381865005
-197.61358125606614
-198.38147046089145
-199.06306166488787
-199.6955132766831
-200.4479000184651
-201.1593472048779
-201.76357195253584
-202.49465799533013
-203.2214712367809
-203.82300058203506
-204.53869360367455
-205.28503746705894
-205.90713029106792
-206.5993738868923
-207.36605081843604
-208.03777865492617
-208.67956658567005
-209.4364126167731
-210.14373133453904
-210.751069640377
-211.48572902518566
-212.20898692286505
-212.8091250328933
-213.52790184912254
-214.26888598042916
-214.88344154111041
-215.58312910572684
-216.3463371021696
-217.00484288880824
-217.6594749622498
-218.4213845580435
-219.12292831774542
-219.7356199603922
-220.4751162022282
-221.1947864119288
-221.7947179496008
-222.5169806364002
-223.25280207425843
-223.86131929040715
-224.56726517889015
-225.32543543248292
-225.97031778210797
-226.63880849165778
-227.40479365389004
-228.09907566601092
-228.71911803575233
-229.4640949721212
-230.1805909157202
-230.7816802156706
-231.50757937512992
-232.23953974303714
-232.8444510523496
-233.554915747641
-234.30844647128845
-234.94314250925973
-235.62236317155396
-236.39011156225922
-237.07676939800524
-237.70436573005765
-238.45408791652463
-239.16758774484973
-239.77045521142898
-240.49959648594958
-241.2284149495757
-241.8310786355778
-242.5448988848933
-243.29416369777007
-243.92097515327052
-244.60844061790192
-245.3761003257581
-246.05435298690475
-246.68996356131012
-247.4439462203915
-248.15400719432748
-248.7592094765078
-249.49152261065186
-250.2170570397584
-250.81798529247328
-251.5347967114229
-252.27922425371074
-252.8984682966312
-253.59353934038802
-254.3592075956246
-255.02636819738126
-255.67253061164976
-256.43122901797034
-257.1366067676425
-257.74563223154274
-258.4819337061867
-259.20381316464284
-259.8036925238961
-260.523718810342
-261.26264998420424
-261.87465917131345
-262.57689258526995
-263.33827479092633
-263.9914206259461
-264.6514266366592
-265.4151065878455
-266.11404678322754
-266.729359658297
-267.4709272733163
-268.1893658381813
-268.78960928378325
-269.5132539297357
-270.2474894681852
-270.8544168924215
-271.5622352142134
-272.3185825324484
-272.9592454450483
-273.6321568588458
-274.399056059141
-275.0905065052332
-275.7133915857301
-276.4602472154179
-277.17563026230874
-277.7773388187307
-278.50449749522306
-279.23525368905075
-279.8392320582626
-280.5510415321219
-281.3029878682852
-281.9346018642693
-282.6170744544045
-283.3849855557604
-284.0686871478027
-284.69912899367347
-285.4504459792205
-286.16275717422764
-286.7663994950108
-287.49669043952986
-288.2243339264823
-288.82630548665753
-289.54124556695734
-290.2888139957377
-290.9128260546841
-291.6031421517904
-292.3703163181073
-293.0448487270101
-293.6839751142546
-294.43962560416816
-295.1481266666862
-295.75450849552965
-296.48816319611603
-297.21235718093163
-297.8127719044746
-298.530735209257
-299.2731341367376
-299.88955181800173
-300.5874047842905
-301.3517193743537
-302.0138412148673
-302.6649040361425
-303.42552083649565
-304.1287053349587
-304.7397867355056
-305.4779300189163
-306.1984738484756
-306.7983082482933
-307.51964629990687
-308.25666150641877
-308.8664642703936
-309.57099543938824
-310.33045800685176
-310.97852272142126
-311.6437171584867
-312.4088849849925
-313.10507775482705
-313.72318363348774
-314.46681039894804
-315.18407750964093
-315.78478752545254
-316.50979209179906
-317.24262539026796
-317.8482713938929
-318.5577313882923
-319.3123703106208
-319.94933757248964
-320.6261537626279
-321.3936518796883
-322.0822628774823
-322.70795496596094
-323.45655385995417
-324.1708259065961
-324.7732063183029
-325.5015595991733
-326.2311605394142
-326.8343285085986
-327.547362033755
-328.2977284281026
-328.926453335132
-329.61194376742174
-330.37978561907596
-331.0603432837141
-331.69377464209197
-332.4466670532192
-333.15768715443016
-333.7622068291682
-334.4936761472968
-335.220087714359
-335.82141745439884
-336.5374659720764
-337.28321120577095
-337.9043945421516
-338.5975446480632
-339.363935916667
-340.03425926363116
-340.67738636682304
-341.43481386969864
-342.14153830968297
-342.74937810695786
-343.4845408866963
-344.20735581360213
-344.807389963591
-345.526559634387
-346.2668785299794
-346.880588793828
-347.5811143367838
-348.3437583533652
-349.0005400837344
-349.6568897479453
-350.419388895115
-351.1201213003981
-351.7336237471045
-352.47377672872165
-353.1930458848503
-353.7930569434205
-354.51576094522704
-355.2510531048716
-355.8590240973285
-356.56559568643064
-357.3231707154574
-357.9666423961407
-358.63660520729763
-359.4029194882171
-360.09629664392116
-360.71725156259276
-361.4628445459807
-362.1789824328477
-362.780263120806
-363.50657289191764
-364.23813948194294
-364.8427355009237
-365.55364626556366
-366.30666597171205
-366.9403470347093
-367.62064092850335
-368.388467132511
-369.07419289652825
-369.70269084319244
-370.4529289411339
-371.16605678081635
-371.7691636047511
-372.4986725135486
-373.22711944549866
-373.82955590710884
-374.5437379206837
-375.29247150499896
-375.91838781119753
-376.6067699514172
-377.37430382154287
-378.05141310462386
-378.68810353306276
-379.4426098804997
-380.1521926533852
-380.75774694377895
-381.4904743839318
-382.21558588006224
-382.8163383923535
-383.53351369435603
-384.2773022537476
-384.8956356962978
-385.59160442832814
-386.3568769927858
-387.02247120914393
-387.67014812665786
-388.4294569161237
-389.13416100124607
-389.743803175547
-390.4806728051954
-391.20211865285773
-391.80195920861905
-392.52239853527306
-393.2606975983432
-393.87196021427025
-394.5749574988256
-395.3357283519816
-395.9872038821127
-396.6489052811931
-397.41309672294284
-398.1111690798261
-398.72736365649735
-399.4695965452648
-400.18765433430775
-400.7880329341826
-401.51211729481446
-402.2458861288454
-402.8523735405248
-403.56074067616834
-404.31652930667406
-404.9559570647733
-405.63017118531974
-406.39729416802214
-407.0878376567193
-407.7116243920969
-408.45905171283613
-409.17408062412045
-409.7759988625628
-410.5035460052336
-411.2339297173952
-411.83763798686533
-412.54985005465795
-413.3012932855333
-413.9319679519808
-414.6154258886428
-415.38333993639554
-416.06606155498594
-416.6974384666104
-417.44925875299816
-418.16117022819276
-418.76507981182607
-419.4957422570129
-420.2229989140862
-420.8247595502734
-421.54005386059197
-422.28705408373787
-422.91016553178383
-423.60138871891337
-424.3683469861542
-425.0415898547445
-425.68193821855033
-426.4381443842243
-427.1461024467574
-427.7529167084775
-428.4870335443732
-429.2107886872138
-429.81106459576563
-430.5294071541269
-431.2711418020592
-431.88667421727683
-432.5853981550157
-433.3492092227033
-434.0096424746411
-434.66236646515233
-435.423596117514
-436.1260234711404
-436.73784209598386
-437.4766133572373
-438.196742560622
-438.796610076516
-439.51838037390735
-440.25482230623567
-440.8639987248978
-441.5692100817904
-442.3280608849635
-442.9745978154425
-443.6413703230917
-444.40694276027193
-445.10223927434
-445.72125481212737
-446.46552326066444
-447.1824255255246
-447.78330885164
-448.5087378688904
-449.2411536701015
-449.8464421488889
-450.5563849964045
-451.31049814243863
-451.94637575190603
-452.62434567967824
-453.39197633977903
-454.07967211958254
-454.7062591055602
-455.4553916753402
-456.16930300018527
-456.7719091880571
-457.50063483127605
-458.22986833816907
-458.83279512250397
-459.5462023393594
-460.29605446379213
-460.92387622932773
-461.61030144260707
-462.3780716656711
-463.0575645129014
-463.69200327034673
-464.44540541597195
-465.15598340813267
-465.76081403809803
-466.49267482472413
-467.2186775398725
-467.8198141165881
-468.5362200893944
-469.28135266142334
-469.90162382164027
-470.5956792881366
-471.36175024064744
-472.03061483056194
-472.67513831755593
-473.4331584717075
-474.1392635440805
-474.7476404201037
-475.4833272579083
-476.2057002847096
-476.8056498075005
-477.52521890093
-478.2648787948874
-478.8777707142199
-479.57911334907885
-480.34117223567046
-480.9962333555395
-481.6543075096896
-482.4173764475582
-483.1172757902653
-483.73161726932153
-484.47243434899633
-485.19130899886557
-485.7914193384278
-486.514566236006
-487.24934986096366
-487.85681059375895
-488.56398271584965
-489.3209733562445
-489.9630915385898
-490.6344725481082
-491.40108109317936
-492.09355191493614
-492.7154171537597
-493.4616123464656
-494.17739431608055
-494.7788730843258
-495.50558634354593
-496.23676776000013
-496.8410650231881
-497.55240651880894
-498.3049197009786
-498.9376144779464
-499.61894939917204
-500.38682898639706
-501.0716108218261
-501.7010175385103
-502.4517656045811
-503.1645141502234
-503.7678679816672
-504.49774421014047
-505.2258158671474
-505.82803068783056
-506.5425707584665
-507.29076278646386
-507.9157841497794
-508.60507793412165
-509.3724587229312
-510.0483818545811
-510.68619289103697
-511.441231793243
-512.1503172502387
-512.756246489009
-513.4894016303399
-514.2140843409181
-514.8146713215741
-515.5322146283117
-516.2753540200524
-516.8927816423056
-517.5896416657376
-518.3544830616061
-519.0184658596229
-519.6677090918033
-520.4276327049915
-521.1316368810001
-521.7419343956029
-522.4793924011979
-523.2004103551658
-523.8002349897874
-524.5210936763516
-525.2587779441429
-525.8693318619363
-526.5730660267049
-527.3332212772749
-527.983065953671
-528.6464323204267
-529.4111025678786
-530.1082956030963
-530.7253845372671
-531.4682776135489
-532.1859604807673
-532.7864881671882
-533.5110082999546
-534.2443280523898
-534.8504046963104
-535.559297950769
-536.3145396256095
-536.9527833719657
-537.6282487601214
-538.3955646723108
-539.0852002680455
-539.7098848457854
-540.4578703194074
-541.1725442789833
-541.7746771324984
-542.5026065186149
-543.2326210264107
-543.8360699067574
-544.548673691266
-545.2996122713432
-545.9293630824743
-546.6137864015753
-547.3816798547748
-548.0633985493045
-548.6957291349299
-549.4480527114184
-550.1595524188998
-550.7637412416411
-551.4947797528318
-552.2216428150577
-552.8231975809135
-553.5388461569006
-554.2852640140668
-554.9074705351171
-555.5996005128259
-556.3663108442222
-557.0382108009725
-557.6798349399221
-558.436608952029
-559.1440003864956
-559.7512782773861
-560.4858760160996
-561.209189392843
-561.8093418019656
-562.5280698562304
-563.2691375587021
-563.8838006751297
-564.5833819374083
-565.3466588478453
-566.0053802240429
-566.6597982407436
-567.4216328550212
-568.1232765999283
-568.7358688747546
-569.4752835612285
-570.1950044805873
-570.7949275256063
-571.5171351232333
-572.2530243522186
-572.8616126142191
-573.5674783122417
-574.325723832203
-574.9707869407557
-575.639089488657
-576.4050309212938
-577.0994261363904
-577.719354106801
-578.4642529221059
-579.1807939167386
-579.7818597607703
-580.5077069821857
-581.2397173799957
-581.8446694650992
-582.5550771229169
-583.30867227798
-583.9434977243234
-584.6225814539263
-585.3903183365189
-586.0770922642782
-586.7045759871221
-587.4542330290247
-588.1677790208815
-588.7706169887056
-589.4997121112002
-590.2285769227806
-590.8312695020787
-591.5450440991219
-592.2943748241715
-592.9212985685624
-593.6086487087765
-594.3763223265693
-595.0547154324265
-595.6901933509002
-596.4441109427311
-597.1542305619148
-597.7593902317012
-598.4916523086472
-599.2172392940364
-599.8181902204054
-600.5349562970493
-601.2794631124292
-601.8988214602252
-602.5937796588712
-603.3594949837047
-604.0268484822146
-604.6728249227689
-605.431447296433
-606.1369076363835
-606.7458585191907
-607.4820902515697
-608.2040244050299
-608.8039102105754
-609.5238851880137
-610.2628966692963
-610.8750019854263
-611.5771378100382
-612.3385960821328
-612.9919535686937
-613.6517454583916
-614.4153591437735
-615.1144071320302
-615.7296106352926
-616.4710946873664
-617.1895814049898
-617.7898089890471
-618.513398324584
-619.2476936638
-619.8546784168826
-620.5624263057588
-621.3188444896529
-621.9596659610141
-622.6324103779447
-623.3992792823994
-624.0908433548561
-624.7136151469043
-625.460398142403
-626.1758255640078
-626.7775082004972
-627.5046177238916
-628.2354209081195
-628.8394339606497
-629.5511921423583
-630.3032015133506
-630.934934510663
-631.6172820261532
-632.3851910997602
-633.0690140690396
-633.6993398484212
-634.4505936647315
-635.1629541749586
-635.7665637653936
-636.4968083947799
-637.2244999111167
-637.826498247751
-638.5413938876263
-639.2890325560629
-639.9131571909393
-640.6033595654811
-641.3705586049052
-642.045248960154
-642.6842258481659
-643.4398075407621
-644.1483750386172
-644.7547047517382
-645.4883027928428
-646.2125514904636
-646.8129845949197
-647.5309007927126
-648.2733826043182
-648.8899121145992
-649.5876551290469
-650.3520305107473
-651.0143618100561
-651.6652192478409
-652.4257589452542
-653.1290364122492
-653.7400281057551
-654.4780939188333
-655.1986901486491
-655.7985220122699
-656.5198063045095
-657.2568947733785
-657.8667787448636
-658.571222834857
-659.3307623823844
-659.9790222014561
-660.6440157080541
-661.4091303309987
-662.1054349602816
-662.7234271827032
-663.4669728187463
-664.1842859345003
-664.7849749490937
-665.5099259152636
-666.2428124669817
-666.8485048794879
-667.5579030273093
-668.3126084530176
-668.9497151130362
-669.6263837305123
-670.3938633232138
-671.0825886417852
-671.7081686155624
-672.4566999137335
-673.1710168955185
-673.7733694110548
-674.5016757725648
-675.2313227273557
-675.8345214537984
-676.547507643071
-677.2979380534388
-677.9267766226287
-678.6121490965473
-679.3799982001314
-680.0606870095324
-680.6939941711631
-681.4468230325743
-682.157897446833
-682.7623793287624
-683.4938002056259
-684.2202625012784
-684.8216169196038
-685.5376207997659
-686.2834418278841
-686.9047393101824
-687.597775863999
-688.3642048087236
-689.0347071440641
-689.6776633085734
-690.4350173117222
-691.141817585554