0
0.4630508474576271
0.7979382236896304
0.6647897282954207
0.010735904166047305
0.31913490553104373
0.12222522827538018
0.5383538858153771
0.08742562554927913
0.34566554564308755
0.14449994665384508
-0.4957405459053295
-1.1210747287348235
-1.3623538790926217
-1.179722776597846
-0.4934786213016593
0.215583973006104
0.38057744510747027
0.16572501667288037
-0.5298838738071945
-1.3294728126705424
-1.6400356313240714
-2.379886401702647
-2.7381257407489494
-3.6518577452948535
-5.020037494184034
-6.318271137358532
-7.10993122657182
-7.546704691011211
-8.144608493097378
-8.303203710642128
-7.935592316527142
-7.78730496518989
-8.180827739724059
-8.069096872787279
-7.723052841610032
-7.926085738253586
-8.378618789598931
-8.446320543059194
-8.329686048723776
-7.724383250048001
-7.668922823633012
-8.09977485239935
-8.2038434780707
-7.774131320360282
-7.895070770915895
-8.357229623102125
-8.38406467406653
-8.04007182331256
-7.557304715756643
-7.270798529221993
-6.431999729206853
-5.362375339574637
-3.868889429623556
-2.784120805683208
-2.2436420681786045
-1.1465654481112715
0.39399775217793054
0.5903808260131376
0.08636663215608387
0.29468822912632087
0.9677822139481763
0.7528698970965628
0.09490932056922707
0.1241070739804
0.7616325057904292
0.9547130324226896
0.30416765955935876
0.12853226167869236
0.5503642957387592
0.1455440457771644
0.29940953034258105
-0.07713867571233801
-0.19414849312899207
0.21193504962578003
0.07683242383873468
-0.31685968235163003
-0.20194347200079776
0.4448138786983733
0.9022670952563903
0.6806891455224315
0.9641603943224359
0.3720128004394301
0.3786536880629232
0.0005515976735270822
0.6205189192917332
0.6231298722200682
0.014973797892375629
0.35448671327340886
0.2527510637919277
0.5940563297932993
0.2457286065758184
0.3405591825690355
-0.0338850234263004
-0.2906256021941859
-0.008373088456004818
0.3031717180912991
0.08847318525611314
-0.420177909899905
-0.661017660274732
-1.3740826670214903
-1.6909955574064859
-2.527105851554629
-3.457628657418393
-4.24159740151973
-4.469299992295224
-4.590217651568395
-5.010256414794472
-5.394422567469026
-5.4355789011194435
-5.257368031486523
-4.522711680933785
-3.8672766991332352
-3.624373113516415
-3.7738033998524054
-4.474057478894003
-5.083914280799013
-5.413490888282042
-5.454976363946659
-5.340972552273773
-4.758475058662575
-4.732230277550559
-5.259559406617418
-5.2308507331923035
-4.649126912891926
-4.516256851573798
-4.440186879190326
-4.159664245782338
-3.4094459595885573
-2.35911402324144
-0.8776036778977152
0.21651447268127888
0.7658740324933628
0.8695074705125709
0.38038538239346753
0.5109259771712913
0.6796774620675288
0.35197420052979345
0.5777102376323764
0.0647530502671465
0.3313611915365364
0.1121424250770875
0.532106193130488
0.06368103200027098
0.3782719559451493
0.30715483334137184
-0.28546998576523686
-0.3348290909141416
0.09558574587226626
0.21120288231272655
-0.213753360351912
-0.09605116255960111
0.3377912886338521
0.29721058871359685
-0.2760842159124878
-0.2998012271627116
0.2064750430472141
0.17640976968205413
-0.35220440463855407
-0.43473998050522894
-0.2952124578930281
0.3790313337808334
0.669489062969741
0.4472226572370577
0.04360245727311085
0.4892755209266815
0.8974413070527134
0.6402308096808098
0.8127432630521749
0.49956927127965933
0.1848877308262482
0.35913422540225914
0.10224708117214365
0.511608788755366
0.9615652388054414
0.5447396381376288
0.2824485940415902
0.47465256528984967
0.5785150805481618
0.9461687999362958
0.498659861397166
0.04646049317547063
0.43394913133233515
0.5968389031431884
0.07813509901317284
0.2968121996598258
-0.017630709476876505
-0.2704922657422118
0.029077450339433097
0.2274413143131951
-0.12565089928541906
-0.08324712955866703
0.23741645843145237
0.002777938698258209
-0.2415828728075298
0.0703197832857719
0.14403312261280252
-0.2203210738577702
-0.03729026235042268
0.27506558001017334
0.0372731897451406
-0.3297861091895034
-0.2083453103792517
0.45116788121308166
0.9424376584336025
0.6308119704664392
0.7271927630919408
0.3749060692009323
0.6284985887364269
0.2845422009670715
0.39661161397336686
0.17174028620307102
0.4558239469085384
0.5872691387740363
0.009078881908911374
0.3991297690645798
0.45930020297467494
0.37856885605935015
-0.0871201267040353
-0.2628897680782252
0.11655701769976373
0.12355503711533944
-0.25974304668267223
-0.08704228015718307
0.3753451411341278
0.44469928034632544
0.32437211181804204
-0.29327720939659185
-0.3743514467606366
-0.05993548321594966
0.4593314596418733
0.8378024651276004
0.6906761205907586
0.062341070927379505
0.22134917742133142
0.8323165674454157
0.9274662247695522
0.2677867627817858
0.05454003892502479
0.6541174403407162
0.7126703807335049
0.31301339950332707
0.3994067573909925
0.15670134268647962
0.4499564117093523
0.5709308574025904
0.9320262332140075
0.5238627704145988
0.19890643143157183
0.34536663843501025
0.031830486016050596
-0.3923711634880281
-0.4679344015285968
-0.43202577250444957
-0.1653745144511629
0.5814123864253287
0.6008777314126865
0.9502446826393585
0.4709324937354049
0.8904486779324732
0.6638255856078543
0.9145667882893798
0.4501696327034064
0.814201693251853
0.6905651268025244
0.08557825641712657
0.19529360641256144
0.7805513654117187
0.9126197873480928
0.3353844552814955
0.2793657651115229
0.6757599173068498
0.5696842149485479
0.6997850646027284
0.35943167585608826
0.5886046346474174
0.11212085484103085
0.27487713035031547
0.8873821104146575
0.8619707801141501
0.2613383473881452
0.10507658646238127
0.607187906597237
0.4567326803694396
0.1567002881548425
0.39263042149911254
0.2806303110497925
0.6218723201730558
0.34918654717428943
0.6241765052596884
0.29101154266932916
0.4191961404243092
0.27656150026970416
0.5846240942977327
0.1751110474823827
0.2690933464570073
-0.1899629593944907
-0.13114217077028995
0.33647104322835997
0.3272558579333757
-0.1746534326925952
-0.1807862592520208
0.3182734071966736
0.3107628240276847
-0.2136837969590139
-0.19552700057139166
0.34736211252713983
0.43422989461661093
0.2973984141910835
-0.37195464398031164
-0.6399550071847758
-1.3370634445598761
-1.5584186821868706
-1.979678878318744
-2.47186990777167
-2.8661174277872012
-3.6756118776023112
-4.982403234484375
-6.350657867182212
-7.269613054189682
-7.635750278723878
-8.421463038817896
-8.9433171464715
-9.659393729152246
-10.844656275858455
-12.491312819342042
-14.107579326053791
-15.375342588552954
-16.250066238022672
-16.567747634913573
-17.115449592598278
-17.293593983299086
-16.93546212991636
-16.797073094240133
-17.191538629050736
-17.066121139373337
-16.715879735682147
-16.909928621535528
-17.40266660198909
-17.575579578057912
-18.00319021323981
-18.419635849781624
-18.566608139237257
-18.93996279272932
-19.51849946899191
-20.161638586262992
-20.331403319709672
-20.01541329882835
-19.645561018866854
-19.717059251442443
-20.333711096524727
-20.468612601977533
-20.494368933288275
-20.500420642807462
-20.507944600438737
-20.54326311341817
-20.72814461125917
-21.464824533881075
-22.0793901762343
-22.42747098312981
-22.530395863877125
-22.739060721091302
-23.503452580633013
-24.279927524631514
-24.509179443296816
-24.7705416039354
-25.584312837579223
-26.67956889263425
-28.278207594492272
-29.328529949026965
-29.888254563566328
-30.807736943637423
-32.248007503921755
-33.13127941569089
-33.60543274837063
-34.422196756892745
-34.97736655332838
-35.61148667231399
-36.60467262051967
-37.9383676205437
-39.48242480759974
-40.965093764273206
-42.568957441532845
-44.40669145711347
-45.93623524430156
-47.68303280392941
-49.93828509307937
-52.404166998604865
-54.55453762817107
-56.89207618540429
-59.579057766556886
-62.5315019377066
-65.59348437296178
-68.96416948558449
-72.45920473926816
-75.8130149800907
-79.68077274826817
-84.0537030848194
-88.24221913730123
-91.87435844851001
-95.90197070255596
-100.25139908704377
-104.04380669379837
-107.6848195190704
-111.83680929229959
-116.46501435600685
-120.97175344304917
-125.5768372893612
-130.44052569918253
-135.1008650162928
-139.43133858702714
-143.52888258437764
-147.72696167838103
-152.4762571988078
-157.14276080048597
-161.37396151379642
-165.2087121197926
-168.5050595752684
-171.81911256157156
-175.63850713398418
-179.8837607831627
-184.50063534193498
-189.11973359157366
-193.35819039205094
-197.16342934719984
-200.49202023132605
-203.79269362528163
-207.6304870815843
-211.87551200187522
-216.51315613448307
-221.1967943158446
-225.35422815185285
-229.06986165512984
-232.5487562953741
-236.19564134270684
-239.31765989424915
-241.93221881949603
-244.77690523258443
-248.17069328109383
-251.0751771077079
-253.7262168640598
-256.928090976582
-260.37317063486495
-263.4198605762973
-266.1977658229776
-268.44836087339655
-270.5213734545619
-272.6689684753245
-275.302953852186
-277.41044634327056
-279.22078082597807
-280.483434252958
-281.6882121996575
-283.40857888546446
-284.82627973160055
-286.73825942817064
-289.2057664714979
-291.1376070811886
-292.6456260952916
-294.59513455006925
-296.8581366040839
-299.5544748217627
-302.4377739103919
-305.10878816534967
-307.42800862688125
-309.50376427310783
-311.5926936469025
-313.9880182081963
-316.425239438653
-318.610315737398
-321.1513149421834
-323.2389677081789
-324.7709159249999
-326.8551030628616
-329.3792187867105
-331.5200242373963
-333.7307297620363
-336.49439945394107
-339.23847127984675
-341.42696160305775
-343.36869637076234
-344.9012550490077
-346.757671087308
-349.1704825107318
-351.0943427098141
-352.7070040673705
-354.85650407942506
-357.44290773769933
-359.83374655569804
-362.7062733928822
-366.11495072783777
-369.1553787560043
-371.734344099847
-374.8676588225234
-378.4126050336148
-381.6668109509741
-385.40368195109295
-388.82364404941603
-392.7420709934359
-397.21684909888904
-401.1466252179964
-404.63278820334284
-408.53163519531216
-412.54047770817294
-416.6894698318385
-421.35570082842537
-425.5832897207504
-430.089267559414
-434.2989348305849
-437.97768322101706
-441.7342846300118
-446.0452149372034
-450.2000131287805
-453.82501841255464
-457.94632276035134
-462.2519560326396
-466.0005890733442
-469.74716036205166
-474.05068529063925
-478.1797951589804
-481.80518376127304
-485.9544645384114
-490.2609539815521
-494.0117199589276
-497.72150314275615
-501.97942327158637
-506.3091614830296
-510.1199016793095
-513.5495711078751
-517.1499477984092
-520.2997752168699
-522.9195813374238
-525.8090277719139
-529.2176420217316
-532.0806871605818
-534.6732700602604
-537.7594032021284
-541.4016066966077
-544.7209550055171
-548.5880953358487
-552.7480640538693
-557.465033863045
-562.0606043281707
-566.4491487130595
-570.662726359306
-575.3516741174066
-579.5934341305845
-584.1437504303659
-588.2566110475677
-591.8129098668715
-595.8832979882914
-600.3265120857332
-604.2758228767184
-607.6754073756426
-611.5719658786107
-615.7119089370159
-620.39301650582
-624.7272501373297
-629.6128449245791
-634.8611268861005
-640.5360925147655
-646.3363019764307
-651.6593773961653
-657.4516079630334
-663.0770641094692
-668.4432128191864
-673.614796864277
-679.1542259822398
-684.2344643953232
-688.7603122380096
-693.8420334964002
-699.3902292330333
-704.5839714067109
-710.058166544406
-715.3332806725366
-720.1258898871878
-724.5224145236041
-728.9971309123525
-733.4818885639901
-737.9033929164971
-742.6426376022455
-747.8169159969872
-753.4997222898322
-759.1815565975832
-764.3570684210288
-769.0969046487104
-773.5181456675152
-778.002759019328
-782.4777162871461
-786.8749351336528
-791.6662028717781
-796.93906970516
-802.420021347953
-807.6326812938473
-813.2577738248526
-818.3264884113619
-822.9012613793694
-827.7998736802418
-833.2284011466149
-838.1050079948814
-842.6401775780374
-847.6049515372713
-852.9110066102976
-858.5125592418749
-864.158023613006
-869.336904285799
-874.039742239907
-878.6049234056757
-883.5113078624092
-888.4572365479839
-893.2552875833792
-897.4966037098587
-901.7260337229984
-906.5062022975759
-911.3080734195083
-915.5895754395328
-920.1682999508656
-924.2617788835449
-927.7997403682439
-931.8677606651341
-936.3471722084806
-940.3701810314222
-943.9875574913857
-947.6484383841505
-951.7567416916891
-956.4215876214461
-960.8229589984701
-965.7238608832381
-971.1743091771516
-976.1295315134101
-980.6798116998119
-985.7338378665435
-991.3420365974338
-996.4837667824384
-1001.5687791670246
-1006.8870954385732
-1012.5682572835213
-1018.4810630969913
-1024.3277460272561
-1029.6825376377926
-1035.545073622048
-1041.563266883041
-1047.797108295841
-1054.5637683546774
-1061.547693784805
-1068.6960602562317
-1076.369782498357
-1083.6369176429632
-1091.3263045063381
-1098.5214525114584
-1105.7914571547542
-1113.5997126663428
-1121.734575291766
-1130.4238661801678
-1138.8567357601935
-1147.7260054951762
-1157.145998961737
-1166.1237083989847
-1174.7107389327716
-1183.8379486195465
-1193.43929264873
-1202.833275887919
-1212.7097724086511
-1223.1256120715755
-1233.1460514628236
-1242.7240951383687
-1252.8518186798824
-1263.426428091768
-1273.7526092487687
-1284.6357578484285
-1295.938499410067
-1307.4511759789789
-1318.7956361522936
-1330.674395075379
-1343.048517534855
-1355.2554465312555
-1366.9056593754453
-1378.8670650078727
-1391.2414995500903
-1403.0596861169777
-1414.6738335778675
-1426.782442644315
-1439.436560911302
-1451.8744754301795
-1464.707574439611
-1478.078041423048
-1491.1861784988164
-1503.7814633224064
-1516.9229408845135
-1530.323710413584
-1543.22611882372
-1555.5777440684758
-1568.1907806544561
-1580.2848928186293
-1591.8352963544803
-1603.864640780092
-1616.3126591841524
-1628.246251075102
-1639.6229551947006
-1651.3884546981196
-1662.7947315133877
-1674.73619394034
-1687.2326041454828
-1699.175296172451
-1710.6211901266186
-1722.4514315635943
-1734.1143096047276
-1745.4106249790582
-1756.4103113646731
-1767.1124402587843
-1777.452958139791
-1787.631216401832
-1798.2184435323452
-1808.2595420474654
-1817.7445991163133
-1827.7863777808664
-1838.3707110696234
-1848.5506857063062
-1858.9050767849162
-1869.5723497695537
-1880.4842151836908
-1891.340924268454
-1901.7290482714463
-1912.6693947604795
-1924.0968570943585
-1935.2058607636557
-1945.7791075472796
-1956.900106576903
-1968.3482250036238
-1979.3420632359828
-1989.869483889978
-2000.8042053238642
-2012.263972763178
-2023.1688432782983
-2033.58753717151
-2044.2973957881754
-2054.4747301302345
-2064.563991068407
-2074.8712349271154
-2085.5815741728907
-2096.5650854924065
-2107.770099568437
-2119.527719714901
-2131.3818691026545
-2142.8594917916394
-2154.767454564799
-2167.2291130632525
-2179.138519354585
-2190.622038998517
-2202.4920511827327
-2214.334254071094
-2225.6956635307633
-2237.581965492249
-2249.7426323210016
-2262.4597446877665
-2275.037460927255
-2287.48527120413
-2299.8816042470885
-2312.655146622612
-2325.8896961181094
-2339.4801365993053
-2353.0012355209897
-2366.518010162644
-2380.097685926474
-2393.3565272554815
-2406.17851526308
-2418.4987108233104
-2430.814394314468
-2443.6421441634175
-2456.9038469814573
-2470.4819835091403
-2483.9971969076014
-2497.5222206222547
-2511.1247640958863
-2524.3340034465673
-2537.062006984513
-2549.578434887241
-2562.358406751012
-2574.70563719774
-2587.588409763536
-2600.7649463153793
-2614.496070645638
-2628.213443632728
-2641.3884039636046
-2654.20400590935
-2666.485664777747
-2678.717218181367
-2691.4940392350604
-2704.250002488458
-2716.4489234411017
-2728.4721292822755
-2740.3982854116084
-2751.992184426446
-2763.613426955964
-2775.5989003906816
-2787.908673675617
-2800.520834226121
-2813.2057064850796
-2825.3549699516834
-2837.064019201145
-2848.55499492107
-2860.234645266031
-2871.3598437029764
-2882.0554851812212
-2892.5608384463676
-2903.2739782881963
-2913.4363858767097
-2923.3820252530563
-2932.9515408784932
-2942.6880549353355
-2952.9399491187332
-2963.3970698181847
-2973.5185282427688
-2983.7046891359696
-2994.425469664067
-3004.8948240367595
-3015.7060799898686
-3027.0533023997896
-3038.2174344247856
-3048.836144511006
-3059.932272824323
-3071.2583564793094
-3082.0281654862542
-3092.699909037015
-3103.9013328294227
-3115.4263924483894
-3126.702912160298
-3138.512271397613
-3150.364537983434
-3161.7978933556183
-3173.76325942372
-3186.283735753125
-3198.259637071119
-3209.679516969821
-3221.602701666612
-3233.8609100024637
-3246.5462896021663
-3259.3914082891883
-3271.8852665703407
-3284.746803167359
-3298.1652696970777
-3311.1037866918564
-3323.7042538750025
-3336.8389108189167
-3350.4459257470326
-3363.8673010610355
-3377.701150469402
-3392.0660090369083
-3406.206402728484
-3419.8105232891735
-3433.9318916599573
-3448.284429807495
-3462.0929091835164
-3475.5943636427846
-3489.4070777068296
-3502.9127285700447
-3516.708750828006
-3531.043210973494
-3545.228283931059
-3558.861491924924
-3572.920561118821
-3587.246264830904
-3601.015079639749
-3614.7311946417244
-3629.0004679750364
-3643.2681033980807
-3656.9822962493595
-3670.7583245241185
-3685.090633305369
-3699.1225947529365
-3712.766665247819
-3726.964727026578
-3741.2852360369275
-3755.062298941089
-3768.6268412952722
-3782.589802549453
-3796.8506582692635
-3811.5608126028837
-3826.478669586707
-3841.3220934217247
-3855.6646534987226
-3870.486064816772
-3885.2587652877937
-3899.4752680374268
-3913.6055568769093
-3928.0787988454663
-3942.2873752756527
-3955.9541987873417
-3969.779123064112
-3984.1517897071017
-3998.0701463604814
-4011.7508625297683
-4025.988612819656
-4040.266184245833
-4053.9895909589654
-4067.7494033490757
-4082.066254125672
-4096.157855208778
-4109.783194834351
-4123.953504628112
-4138.284243322504
-4152.070783520311
-4165.61766819972
-4179.539884528797
-4193.6002401562655
-4207.988696676795
-4222.416681579017
-4236.566190532708
-4250.940745595217
-4265.517933035081
-4280.1577533698255
-4294.331507368775
-4308.019684965239
-4321.639140712131
-4335.685881624771
-4350.2450683098705
-4364.247480102353
-4377.692919413178
-4391.659957691314
-4406.097242977656
-4420.214962422418
-4433.789083654386
-4447.903535332392
-4462.335317803568
-4476.288197724244
-4489.7000017520495
-4503.641586384817
-4518.015897306444
-4532.334660131834
-4546.173348807376
-4559.518359512761
-4572.927486092795
-4586.58172111098
-4600.509576283788
-4614.470928229492
-4628.331093871705
-4641.704975557973
-4655.613757575188
-4669.887645236059
-4684.522916247181
-4699.238117265599
-4713.397827830356
-4727.22399720339
-4740.500542359875
-4753.778985772248
-4767.605258785683
-4781.773662185645
-4796.492962806777
-4811.187641276395
-4825.367490743847
-4839.135312601816
-4852.484568124621
-4865.7798966754435
-4879.6224684249855
-4893.852613670315
-4908.5279781093
-4923.300762360023
-4937.544598513016
-4951.942494611621
-4966.537308792219
-4981.261511085293
-4995.430127412029
-5009.361970238984
-5022.869032943137
-5036.7844714844
-5051.2439374683645
-5065.1467652371675
-5078.60568364814
-5092.407904716914
-5105.905481768293
-5119.7147669911865
-5134.067500647476
-5148.191001333238
-5161.795297291508
-5175.934226224952
-5190.296866183514
-5204.1264409390105
-5217.558577356055
-5231.191136997228
-5244.304320086235
-5256.892591477896
-5269.828899547439
-5283.255191337703
-5296.124737131459
-5308.601045640303
-5321.407729103462
-5333.909254151771
-5346.711458196939
-5360.054450607257
-5373.210561983455
-5385.826645773027
-5398.9364163189075
-5412.262856923597
-5425.034071813008
-5437.686944154176
-5450.85370884323
-5464.463378540915
-5477.946001195665
-5491.614014468995
-5505.647811977292
-5520.12772242261