1
0.09389830508474595
-0.1221109653772342
0.04855365643488618
0.05190422297639269
-0.12320685907178286
0.09110774443908715
0.003677864879841175
-0.0966233961080982
0.12086256946169127
-0.04516830010792769
-0.05522374769925453
0.12414878814568234
-0.08825479902502364
-0.007355363239631457
0.09927868078235949
-0.11946271052364701
0.04174458769024844
0.05851531606168406
-0.12493456638971451
0.08534196626945537
0.011031346230270578
-0.10185807855053727
0.11791257331960209
-0.038279985187514604
-0.06178065386942169
0.1255613055632209
-0.0823718312045594
-0.014703280889894726
0.10435358238655662
-0.11621420316133144
0.03477369845283346
0.06501968970481826
-0.12602573822758856
0.07934759678311198
0.01836697430489742
-0.10675546458997398
0.11437119755525738
-0.03122710166000775
-0.06823044439770402
0.1263247485664205
-0.076273349556507
-0.022016701745604328
0.10905286471808473
-0.11238919140124953
0.02764379160909658
0.0714092555832328
-0.12645596457634817
0.0731540001307231
0.025645726717226397
-0.11123465631878474
0.11027598569163752
-0.024029241129109286
-0.0745512790300967
0.12641824573968877
-0.06999491170051855
-0.02924710715489895
0.11329040809156357
-0.10804125039060178
0.020390111040126696
0.07765114861997262
-0.12621192638667522
0.06680130305806942
0.032814610512692216
-0.11521122047861457
0.10569584284334463
-0.016733362918735867
-0.08070364002983094
0.12583874381618496
-0.06357756642544615
-0.03634353405193802
0.1169902481518266
-0.10325088888898126
0.013065367778947928
0.08370418186008952
-0.12530147220756174
0.060326660606828314
0.03983125354508149
-0.11862280528411653
0.10071683745913895
-0.009391209100132553
-0.08664909445717783
0.1246033683761247
-0.05704972179392892
-0.04327739296757585
0.1201060633895949
-0.09810269955845333
0.005714329978778798
0.08953550138380462
-0.1237475866500729
0.053745985319789746
0.04668359525844498
-0.1214384523210029
0.09541562386524774
-0.0020365894948306262
-0.09236093415160697
0.12273672532738265
-0.05041304694228933
-0.05005295445883677
0.12261893542389372
-0.09266086910343001
-0.0016413016626938975
0.09512271977598045
-0.1215726307241138
0.04704742765074553
0.0533892261162366
-0.1236463410626351
0.0898421386707663
0.005319077983802226
-0.0978172901828074
0.12025652118185971
-0.04364535240666713
-0.05669596111072804
0.12451890217962823
-0.08696216873023925
-0.008996113678830256
0.10043957546834742
-0.11878941838303725
0.040203615579151586
0.05997571098763102
-0.12523409729863316
0.08402341769614294
0.012670699905342253
-0.102982635768821
0.11717279988919338
-0.03672038597977301
-0.06322943505216222
0.12578881379514978
-0.0810286943918001
-0.016339573808249352
0.10543764675480059
-0.11540932643066794
0.033195804897106315
0.06645620366980769
-0.12617977884012027
0.07798158202656785
0.019997818326946026
-0.10779428251550582
0.11350346324167598
-0.029632255857948042
-0.06965324019760837
0.12640413783549698
-0.07488656201442656
-0.02363917249311681
0.11004144623846077
-0.11146182090207951
0.026034238415944794
0.07281628015879467
-0.12646002000854034
0.071748809009134
0.027256697320127005
-0.112168205298913
0.10929309634030712
-0.02240785652543556
-0.07594016086938024
0.1263469310729269
-0.06857370426158846
-0.03084365529687813
0.1141647236694305
-0.10700759215674302
0.018760019906891773
0.07901950320063757
-0.1260658594124548
0.06536618118358228
0.034394407936328725
-0.11602297766876643
0.1046164058295295
-0.01509752941289319
-0.08204932513328875
0.1256190647302078
-0.062130057188755555
-0.03790513332263204
0.11773709844409083
-0.10213047140092577
0.011426249721175591
0.08502544278554507
-0.12500961083139
0.0588675087463989
0.041374213844418556
-0.1193032875225469
0.0995596726540525
-0.007750551909600861
-0.08794456548418532
0.12424077677139973
-0.05557881310898759
-0.044802225128708836
0.12071936378772129
-0.0969122185777329
0.004073140906196135
0.09080406336540796
-0.12331551172456985
0.05226242205823532
0.0481915442141896
-0.12198408541066837
0.0941943944971559
-0.000395290197438794
-0.09360146062340684
0.12223608417556413
-0.0489153666148273
-0.051545665969240276
0.12309642865111779
-0.09141070544471604
-0.0032825853876258387
0.09633376898057912
-0.12100402541458301
0.04553393102199267
0.054868360683327
-0.12405499647493791
0.08856434068393575
0.006960158424709692
-0.09899681419854463
0.11962039678673834
-0.04211448750889375
-0.058162822131347644
0.12485768522063327
-0.08565782721178138
-0.010636397608118589
0.10158471829975742
-0.1180863344009785
0.03865435343142794
0.061430948585847425
-0.12550167140117674
0.08269371147189372
0.014308938678502081
-0.10408967860234333
0.11640375593412028
-0.035152521166466194
-0.06467287317856786
0.12598370547036047
-0.07967511182516862
-0.017973768377497423
0.10650213038020626
-0.11457606368009426
0.03161012210550787
0.06788681668864868
-0.12630062660507693
0.07660601679211396
0.02162530803428761
-0.1088112969836991
0.11260866014259871
-0.028030523872280527
-0.07106927770642954
0.12644995627375977
-0.07349126118977581
-0.025256894999184903
0.11100603430650435
-0.11050912015301842
0.024419025550722506
0.0742155089568929
-0.12643040470665706
0.07033618524484425
0.02886156563444231
-0.11307579219982017
0.10828693959325014
-0.020782200828837638
-0.07732016727444374
0.12624214542664342
-0.06714605581990651
-0.0324329684518512
0.11501147461352554
-0.10595288970537806
0.017127023381432543
0.08037798468867689
-0.12588677792440206
0.0639253857329189
0.035966203970516725
-0.1168060026761974
0.10351811422593696
-0.013459966069969076
-0.08338430262689298
0.12536698940245378
-0.06067731136280266
-0.03945840924011115
0.11845446636674822
-0.10099317616741568
0.009786274653526106
0.0863353439480866
-0.12468601374336431
0.05740317452756043
0.042908970791450576
-0.11995386235517012
0.09838726824991402
-0.006109573151501721
-0.08922815994731816
0.12384704161665068
-0.05410240825245856
-0.04631933663963157
0.12130251935676338
-0.09570774768285907
0.0024318760234067066
0.09206026485188656
-0.12285274581781991
0.05077276221017579
0.049692479973809656
-0.12249937787550891
0.09296006598335987
0.001246012857624823
-0.09482904072030356
0.12170505336612177
-0.047410838378230055
-0.05303212670151801
0.12354330757238495
-0.09014806881495889
-0.004923818496998314
0.09753104764202232
-0.12040523437489516
0.044012852366548574
0.05634189026658111
-0.12443261879142851
0.08727456364221449
0.00860099149005146
-0.10016140016747106
0.11895430323484875
-0.04057549639635129
-0.05962446257669325
0.12516486881723454
-0.08434200620081594
-0.012275967674594213
0.10271336703513724
-0.11735365350014419
0.037096758057024073
0.06288099410605781
-0.12573699182454423
0.08135314269166172
0.015945663239613106
-0.10517831506054645
0.11560578549543515
-0.03357654708507343
-0.06611076228174495
0.1261457058101235
-0.0783114613385893
-0.019605331180727464
0.10754604993439831
-0.1137149479186105
0.03001700484002434
0.06931117685529259
-0.126388082449146
0.07522135115641987
0.02324882840675857
-0.10980551487705711
0.11168751594286441
-0.026422421684986014
-0.07247810804170558
0.12646212214371094
-0.07208793139638697
-0.026869248873287926
0.11194571296713457
-0.10953197822470687
0.022798763589320037
0.07560645729810553
-0.1263671719089245
0.06891659073076314
0.030459788941366944
-0.11395665053698922
0.10725849911747146
-0.019152897163236426
-0.07869083679113839
0.12610406549187375
-0.06571234387952854
-0.034014652901403514
0.11583008522477181
-0.1048781358383867
0.015491677880631965
0.08172619781229411
-0.12567494476502233
0.062479157120593765
0.03752979826692124
-0.11755991318990108
0.10240188559718497
-0.011821103815625983
-0.08470826026833675
0.1250828145568915
-0.05921940117581312
-0.04100336384169878
0.1191421296171303
-0.09983978093516455
0.00814572219613699
0.08763364302873075
-0.12433095909471678
0.05593355998622826
0.04443570211841669
-0.1205744095734605
0.09720022991477212
-0.004468412696275625
-0.09049966543232989
0.12342238433659432
-0.052620267656510164
-0.04782902515375935
0.12185544565757235
-0.09448972435677476
0.000790580193304205
0.09330386544607225
-0.12235944036132104
0.04927667957705126
0.05118674650329466
-0.12298422263149436
0.0917129430950552
0.002887303091471144
-0.09604334343017758
0.12114373048162334
-0.045899121977762705
-0.05451264880019903
0.12395940491596201
-0.08887318750862112
-0.0065649395112000325
0.09871408151513451
-0.11977634459340782
0.04248391566850386
0.05781002571783726
-0.12477897125752772
0.0859730221927391
0.010241407889195545
-0.10131040166393684
0.1182583784845408
-0.039028237922050124
-0.06108094249910129
0.12544016639999087
-0.08301496150642351
-0.013914508932193231
0.10382470741215821
-0.11659163049880131
0.035530873098505056
0.06432573510924473
-0.125939764775505
0.08000204273051936
0.017580410003353864
-0.10624760345276671
0.11477931382840467
-0.03199271096629544
-0.06754282652262592
0.1262745675745393
-0.07693815607439133
-0.021233684146020115
0.10856840685842578
-0.11282660064968203
0.028416886404872166
0.07072888189674977
-0.12644199573150045
0.0738280565509174
0.02486775176905001
-0.11077596719041227
0.11074083670294396
-0.02480851703417214
-0.07387925857070425
0.12644061347535407
-0.07067705459937723
-0.0284756384105323
0.11285962558173324
-0.10853133619341543
0.021174079118368105
0.07698864423899585
-0.12627043307957492
0.0674904571324392
0.03205088352063859
-0.1148100961071675
0.10620877362547596
-0.017520547826984673
-0.08005173357775233
0.12593291222164635
-0.06427289023129215
-0.03558839774158559
0.11662006810505479
-0.10378429941035924
0.013854489324699376
0.08306378404498574
-0.12543064472502255
0.06102766292270992
0.039085081887275414
-0.11828440423030245
0.10126858136314651
-0.01018130701855302
-0.08602092038742777
0.12476683456368191
-0.05775632129734044
-0.04254008281907694
0.11979991950547554
-0.09867098847770193
0.0065048060122138845
0.08892011732907755
-0.12394470313665056
0.05445849870626111
0.04595464732257236
-0.12116483300855573
0.09599908571029274
-0.0028271608560618694
-0.0917588648069659
0.12296699503621059
-0.05113210500701407
-0.049331618672255356
0.1223780543640253
-0.09325852093606582
-0.0008507233603071984
0.09453459179767736
-0.1218357190157059
0.04777383207989315
0.05267468299744134
-0.12343848878932571
0.09045328878749793
0.004528552698554303
-0.09724397919758164
0.12055220167067389
-0.044379896293078966
-0.05598750683094626
0.1243445217640549
-0.08758627611946972
-0.008205845418415472
0.0998823212683858
-0.11911745757110638
0.04094689732132083
0.05927291518576171
-0.1250937908801502
0.08465994355005887
0.011881176082025102
-0.10244309464922852
0.11753280484368483
-0.037472648894890104
-0.06253224582644318
0.12568328192370182
-0.08167697997386675
-0.015551638214984176
0.10491786127376682
-0.11580059099410461
0.03395683284774001
0.06576498331671235
-0.1261097104550936
0.07864078049935
0.019212657997529442
-0.10729656663565709
0.11392485267893673
-0.030401347418238994
-0.06896872767079285
0.12637008122600316
-0.0755556397340216
-0.022858217660536723
0.1095682048423218
-0.11191172954948955
0.026810268224184836
0.07213949051986251
-0.12646227076043112
0.07242661609779105
0.026481454287308803
-0.11172172578792189
0.10976949685507126
-0.02318941413625486
-0.075272245467929
0.12638546903429593
-0.06925909810348274
-0.030075508768704046
0.11374698696968238
-0.10750817148561051
0.019545597922551505
0.07836160338152906
-0.12614035304284865
0.06605817383226212
0.033634436935763706
-0.11563553188239958
0.10513875917402046
-0.015885719718104235
-0.0814024539224755
0.12572894155824285
-0.06282795198068944
-0.037153980751833404
0.11738102119339594
-0.1026723096534457
0.012215904016766532
0.08439042232057092
-0.12515417352895358
0.05957099408914751
0.04063203579934169
-0.11897923876732916
0.10011899648157882
-0.008540871662039623
-0.08732203465019517
0.12441933176068196
-0.05628799120899408
-0.04406872726384628
0.12042770802576516
-0.09748742339965091
0.004863679360568224
0.090194553780324
-0.12352747452918887
0.052977764109656
0.04746609449155727
-0.1217250474439119
0.0947842899799028
-0.0011858697738945795
-0.09300552372393313
0.12248103242108709
-0.049637600155789344
-0.050827459965133034
0.12287024308021526
-0.09201445401388285
-0.0024920185557009283
0.09575212545783414
-0.12128168350424497
0.04626387721103266
0.05415660861036435
-0.12386201652246896
0.0891813365523325
0.0061697083604868724
-0.0984304910790847
0.11993055232952861
-0.04285287476670764
-0.05745692534076925
0.12469842837184576
-0.08628754787465955
-0.009846380878823377
0.1010351394144119
-0.118428702568925
0.03940163882078192
0.06073063650741316
-0.12537679472558733
0.08333557700274827
0.01351999758645478
-0.10355868158275064
0.11677782164178396
-0.03590875157778059
-0.06397827876493942
0.12589391987079396
-0.0803283840230554
-0.017186906909568367
0.10599189768121713
-0.11498094008425637
0.03237486284107914
0.06719847911762984
-0.126246574024433
0.07726976097441596
0.0208418387921957
-0.10832420814511723
0.11304300231466108
-0.028802871677150177
-0.07038807459223002
0.1264320837827741
-0.07416437942165016
-0.02447830561744435
0.1105444674965792
-0.11097112259786168
0.025197706909647566
0.07354253466060467
-0.12644887098197466
0.07101751343094365
0.028089332796764427
-0.11264191853125866
0.10877442631189069
-0.021565737263156304
-0.07665658584998246
0.12629678661483773
-0.06783450198443519
-0.03166836080538313
0.11460709253022777
-0.10646348080689685
0.017913928714664684
0.07972489203154139
-0.12597714288381728
0.06462007693087551
0.03521011768052956
-0.11643244934269747
0.10404943188256954
-0.01424893186370041
-0.08274263028050007
0.12549243400854476
-0.061377714691273955
-0.03871127099257954
0.1181126216551519
-0.10154304256230529
0.010576302651138791
0.08570582702669458
-0.12484582704463615
0.058109163857327145
0.04217072620006848
-0.11964423634809845
0.09895385219960093
-0.00690002690317687
-0.0886113764814094
0.12404056827758275
-0.05481426031495243
-0.04558952293803664
0.12102539443959853
-0.09628963220867792
0.003222443527093388
0.09145673750840212
-0.12307947102874754
0.05149108002344012
0.04897036572292714
-0.12225496648985078
0.09355622996501535
0.00045543341338889765
-0.0942393779096391
0.12196462640203487
-0.048136413459277494
-0.052316890798570076
0.12333188721556657
-0.09075779551359806
-0.004133281627907853
0.09695609185685147
-0.12069742181956364
0.044746487809255414
0.05563280816107927
-0.1242546145605373
0.08789730313148494
0.007810678137533583
-0.09960234822010217
0.11927887927292855
-0.04131781994234052
-0.058921068369007845
0.12502086757155925
-0.08497722602552066
-0.011486329891635921
0.10217183035583835
-0.11771025001809424
0.03784805741125566
0.06218319219606616
-0.12562768815901112
0.08200020141059655
0.015157505541834732
-0.10465629878736768
0.11599373654057918
-0.03433665825193996
-0.06541887098656901
0.12607179606098368
-0.07896953355625236
-0.018819807066270844
0.10704584661512695
-0.1141331683710321
0.03078527714021717
0.06862589850957633
-0.12635013599754963
0.0758894210653106
0.022467349057708752
-0.10932952950752439
0.1121344500618719
-0.027197769856707243
-0.07180043429624706
0.12646046584303922
-0.07276485641695213
-0.02609332171912035
0.11149625538531174
-0.11000563883823392
0.023579799362242054
0.07493753205391969
-0.12640182058963984
0.06960122053517398
0.0296908211953609
-0.1135357420744553
0.10775659526544587
-0.019938113913226446
-0.07803180890815019
0.1261747187607139
-0.06640366686262722
-0.033253763927231283
0.1154393239834905
-0.10539826246291178
0.016279648148052328
0.08107809827222032
-0.12578105103711268
0.06317643982555024
0.036777681812994345
-0.11720042632060956
0.10294173185859234
-0.01261064559585423
-0.08407193264494037
0.12522368366902698
-0.059922287971196225
-0.040260228089598143
0.11881461707021188
-0.1003973098844407
0.008935997665343337
0.0870097433732872
-0.12450589132024638
0.05664210945167607
0.04370129691602308
-0.12027926038782714
0.09777379206333002
-0.005258939880195643
-0.08988873149206346
0.12363077981661415
-0.05333491564151528
-0.047102747515341395
0.12159289204722122
-0.0950780864944047
0.0015811587012986433
0.09270643947585906
-0.12260085876637163
0.04999813318365211
0.05046780167339392
-0.12275449196582965
0.09231523472565427
0.0020967322581822573
-0.09546012083653808
0.12141788332055194
-0.046628201074348105
-0.05380023650500003
0.12376283424308164
-0.0894887848642245
-0.005774466656594493
0.09814605097274602
-0.1200830184742779
0.04322136762124894
0.05710351928182371
-0.12461606036691124
0.08660140099520862
0.009451320155370938
-0.10075894207349403
0.11859730384533254
-0.039774556578085624
-0.060380031246043575
0.12531156054523374
-0.08365555377655626
-0.013125410354801303
0.10329161370190805
-0.11696232441839903
0.036286154241872384
0.0636305071724547
-0.12584617456827885
0.08065413034942612
0.016793266662171125
-0.10573502687348305
0.11518093483140379
-0.0327565726014358
-0.06685377951283138
0.12621664866199117
-0.07760082514310701
-0.020449780628042258
0.10807871471398289
-0.11325785480167183
0.029188472346118766
0.07004686214066437
-0.12642022146112414
0.07450022301172432
0.024088565204757717
-0.11031154794071663
0.11119996528211218
-0.025586586575034098
-0.07320534401936808
0.12645517636268322
-0.07135755531458093
-0.027702656295187394
0.11242268161525731
-0.10901619613465743
0.021957166559523622
0.07632399852461462
-0.12632120345840714
0.06817818518456326
0.031285405666298255
-0.11440247175302859
0.10671699738517906
-0.018307158341280272
-0.07939746550762672
0.12601946616975318
-0.06496694259998437
-0.03483136641160098
0.11624315156141063
-0.10431349890238842
0.01464328778502011
0.0824208456202454
-0.1255523530863376
0.06172746581028196
0.03833697635032621
-0.11793912161272613
0.10181654903113832
-0.010971257780651333
-0.08539006719164591
0.12492298732475499
-0.058461703724435404
-0.04180089830269132
0.119486814482262
-0.09923585110899322
0.007295233990495531
0.08830194035105732
-0.1241346340016059
0.05516969654440218
0.045223959231675964
-0.12088420480835832
0.09657938121216228
-0.003617723486055824
-0.09115388634686417
0.12319017174335078
-0.05184969188399191
-0.04860871629101582
0.12213011577745078
-0.09385318892280614
-6.014323347755535e-05
0.09394340376801248
-0.12209177420699373
0.04849858727167329
0.05195874578317984
-0.12322350524599619
0.09106158586225112
0.003738006193599694
-0.09666739237706984
0.1208408936098474
-0.045112630704031154
-0.05527779140944372
0.12416290055038101
-0.0882076416822477
-0.007415492115385197
0.09932149020709227
-0.11943856636021874
0.04168826610386647
0.05856892142572051
-0.12494610293548125
0.08529385000959666
0.011091433635563919
-0.10189958567556562
0.11788598535262101
-0.03822298282855957
-0.06183383493874273
0.12557021463489493
-0.08232280230159245
-0.014763271826338853
0.10439364086167979
-0.11618521603811616
0.034716019664087105
0.06507242928541039
-0.12603196603331268
0.07929771466545693
0.018426786557337482
-0.10679390386167786
0.11433988613807627
-0.03116878779344856
-0.06828269509572855
0.1263282487767286
-0.07622268851693376
-0.022076231400608326
0.10908950237102549
-0.11235566606062108
0.027584918541978087
0.0714609460262035
-0.12645670758167993
0.07310264561850488
0.025704859450962514
-0.1112693136163303
0.11024039091740367
-0.023969910473957468
-0.07460232377257849
0.12641622490098986
-0.0699429520480373
-0.029305732869772116
0.1133229252505582
-0.10800375646653315
0.02033043675475882
0.07770145941216716
-0.12620715946715044
0.06674881857944254
0.032872638059942144
-0.11524146816212513
0.10565663220937146
-0.016673456197495412
-0.08075313579764895
0.12583126917455692
-0.06352461845473348
-0.03640090279242458
0.1170181326756087
-0.10321014028376652
0.013005323592708479
0.08375279504910618
-0.12529134086479113
0.06027328304956134
0.039887939347246326
-0.11864826677077345
0.10067471147174095
-0.00933109735386528
-0.08669677226453128
0.1245906342342216
-0.056995917177569425
-0.04333340760141967
0.12012906794962473
-0.09805932868323079
0.005654193097014745
0.08958220160274645
-0.12373229760530736
0.053691726350343486
0.046738979575464454
-0.12145898070431253
0.09537110883145637
-0.001976446701399112
-0.09240661657802597
0.12271891772809591
-0.05035828347889783
-0.05010776689095382
0.12263697116151144
-0.09261528164524703
-0.0017014446016811041
0.09516733511788451
-0.12155232875608875
0.04699209802466005
0.05344352871552331
-0.12366186091983168
0.08979552947952689
0.005379215914282073
-0.09786076901544054
0.12023374158919457
-0.04358939726022758
-0.05674980559014668
0.12453187097211886
-0.08691457836021542
-0.009056229073093683
0.10048181991010134
-0.11876417968751597
0.04014699192824893
0.06002912708770079