0
0.3061224489795918
0.49275538731528723
0.6735946367423891
0.9673655268920291
0.28706143148251684
0.48286991732292833
0.6650007809086437
0.9567250411646053
0.2826442548105237
0.4839084015417038
0.6723211911972543
0.9731915087259162
0.2954073449243726
0.49544610846448134
0.6918422558589827
0.007155823053583088
0.31674666036620697
0.5100473212064377
0.7113805012057246
0.03630753017516053
0.3324398153084658
0.5179506537296992
0.7177915878607191
0.042358137527783946
0.33343680792633335
0.5142911123792087
0.7065629492012622
0.021446113444547166
0.3192242609606349
0.5015333846653361
0.6850691971243342
0.9854791319102494
0.29748965117118864
0.4878023900087188
0.6683665906725782
0.9598702374604372
0.2831386022327882
0.4818330501523464
0.6660254781866883
0.9602263157755551
0.28591593676239446
0.4875098775329866
0.6791219736574062
0.9856394002347684
0.30362972404248256
0.5014565007538774
0.7004484618043204
0.020643084420528535
0.32436950496414335
0.5144213511718674
0.7159944971892002
0.04199635189776285
0.33478965199212485
0.5179043084906672
0.7153122194734298
0.03703195954655536
0.32939272750819704
0.509945431799129
0.6984493044525317
0.007656359009018843
0.31074068854971726
0.4956616128586327
0.6771122572552852
0.972766518056418
0.2901014016607746
0.4841326460368196
0.6654910254735208
0.9566419235148929
0.28205182148150776
0.4827109853945569
0.6695661241012691
0.9678284632056064
0.2916531169374541
0.49248946964140344
0.6873196278380582
0.9997264856895945
0.3123521548817496
0.5073006169959541
0.7080875246997301
0.03180888570796592
0.3302522119896593
0.5172180497345826
0.7179314740577762
0.043392958645958934
0.33456856754568376
0.5159758070707693
0.7101422402372621
0.027660761426436364
0.32316190680355344
0.504556577152943
0.689596011261934
0.9928989085407409
0.30188079433758364
0.4902438058579969
0.6708067492430375
0.9632540132450651
0.28483758891525635
0.4821353048159333
0.6651712570030521
0.957869965915469
0.28388046181759563
0.48544107638909884
0.6753707890260999
0.9788813355439446
0.299237278249064
0.49831378042820845
0.6960413321869595
0.013845168885499026
0.32058683508904756
0.5123230153236875
0.7139077604699368
0.03955655065876518
0.33388489749296024
0.5181687526237863
0.7169560604743789
0.04033291768335401
0.33178769771354666
0.512363653865939
0.7028205880387711
0.015048034224858009
0.315254981518885
0.49869094286058524
0.6810796702986577
0.9790396634988875
0.29371949566336064
0.4858490992809992
0.6666728923720207
0.9577649547451794
0.282249879605067
0.482015860896014
0.6674251287011574
0.9634023071608832
0.28840029751126006
0.48976242052059926
0.6829401267214286
0.9923057530947386
0.30782437956147346
0.5043305481625924
0.7043007278184952
0.026382044771408708
0.32745424809280416
0.5159847942679988
0.7172816876306765
0.04322156748896555
0.3350076397278559
0.5172037445836206
0.7131360587460458
0.032992155339074625
0.32664315184543075
0.5074504899483234
0.6942160432757484
0.0005643596490327862
0.30646118924925425
0.49296237001689563
0.6738352813723404
0.9677286158597891
0.2872625114412999
0.4829462089148428
0.6650129657963857
0.9566780810758206
0.2825743361189539
0.4838041437384658
0.6720996167511573
0.9727693877008138
0.29511751926161756
0.4952235240987749
0.6915089218051063
0.006616188292369873
0.316432028495112
0.5098554261192283
0.7111581268328659
0.036011810340093486
0.3323012461740521
0.517914389424667
0.7178288009006409
0.04247480814930826
0.3335428948073678
0.5144291225322476
0.7068428416359397
0.021928053957842142
0.31952627119592497
0.5017574774519971
0.6853946370960569
0.9860089690010317
0.2978017151796253
0.487970306831436
0.6685243048467795
0.9600796095191879
0.28323740335255887
0.4818376432542271
0.6659395138460934
0.9600151525496465
0.28574322977756483
0.48734478448057844
0.6788328319879631
0.9851263787977196
0.3033015101016836
0.5012265373597997
0.7001327847930656
0.020164092866461925
0.3241072473641644
0.5142814732370995
0.7158655512115211
0.041856423584604396
0.3347468222131069
0.51794117850622
0.7154580984674752
0.037312029834252414
0.3295890162456496
0.5101331486532228
0.6987783242323896
0.008210197066649494
0.3110768249856571
0.4958804657096955
0.6773888469849445
0.9731985020982568
0.290348160344442
0.4842435424663423
0.665554339320526
0.9566832949576413
0.28203937280701297
0.48264272490755633
0.669387766569736
0.9674708585613803
0.29139645925100655
0.4922807934227069
0.6869921831686477
0.9991795034620415
0.3120232180782456
0.5070894999728955
0.7078255064100621
0.0314412346751769
0.3300672615053568
0.517144389245782
0.7179105182105844
0.043421351213050574
0.3346244340364257
0.5160818005683541
0.7103827258691564
0.0280832768744248
0.3234336097881336
0.5047740711052574
0.6899332165823213
0.9934555029050254
0.3022119115688837
0.49043453497242256
0.6710093925062641
0.9635458581479142
0.28499130596646616
0.48217765536765755
0.665135908788042
0.9577425474645098
0.28375934663432467
0.48530582981156223
0.6751136703829297
0.9784092403568552
0.29892448795800863
0.498084344673719
0.6957117141322997
0.013327412989748488
0.3202936376037671
0.5121539196530837
0.7137278898373762
0.039333472794450985
0.33379162166526816
0.5181677636696644
0.7170465723798606
0.040529836275731146
0.331938544123817
0.5125277986769279
0.7031289457963377
0.015572436942314472
0.31557784681695955
0.49891547080391824
0.6813854781486279
0.9795291991121631
0.29400444342078225
0.4859914905900917
0.6667861948179585
0.9578944582897514
0.2822955969482064
0.48198515760748795
0.6672935990643344
0.96311773643313
0.28818430333895995
0.48957382870257427
0.6826283816080262
0.9917686307569087
0.3074910399722455
0.5041064824668958
0.7040067464380817
0.02595133321818821
0.32722672901248234
0.5158754585609224
0.7172035045145744
0.04316175429076097
0.33501229575029745
0.5172747661141046
0.7133299300254621
0.0333443880956259
0.3268780570220924
0.5076552303276687
0.694554226748404
0.001128613378635679
0.30680011687311964
0.4931704265652811
0.6740787541473596
0.9680970677151626
0.28746715119248867
0.4830251191092733
0.6650289142018904
0.9566375609665774
0.28250856897227195
0.4837024467426088
0.6718810558379745
0.972351651524977
0.29482984219526154
0.4950017352242829
0.6911756736891435
0.006075433538489605
0.3161160268740211
0.5096619241571059
0.7109326138742414
0.03571056886743018
0.3321591775300825
0.5178753497294624
0.7178617556066211
0.04258504747403302
0.3336453574032569
0.5145649097037461
0.7071201327822605
0.022406081585346627
0.31982631662915934
0.5019813012236961
0.6857212858573035
0.9865413836122849
0.2981155469061789
0.4881400702029943
0.6686854282417065
0.9602951781148144
0.2833403298906534
0.48184502493547254
0.6658572176207463
0.9598099850724293
0.285574146000926
0.4871817307321423
0.6785457827544522
0.9846158505639919
0.30297408142734805
0.5009963679506184
0.6998157436277517
0.019681764066793894
0.32384247455243
0.5141393105831397
0.715732721627875
0.04171026737414607
0.33470025800238984
0.5179752995309096
0.7156000279637624
0.03758616808159676
0.3297820958788502
0.5103193155535674
0.6991062045823095
0.008762503468981109
0.31141234050980376
0.4960999480707954
0.6776678263342216
0.9736351298917005
0.29059799556254506
0.4843568655081183
0.6656213678863128
0.9567311546348226
0.28203118365345103
0.4825771771358146
0.6692127346766621
0.967118345905235
0.29114254248836247
0.49207338756699814
0.6866655639434337
0.9986326604027661
0.31169361508357385
0.5068772130343482
0.7075608694457114
0.03106863115473879
0.3298790447981227
0.5170680423423747
0.717885316041621
0.043443254608287685
0.33467656870509477
0.5161853185894192
0.7106200165256664
0.02850097013372377
0.32370281693682706
0.5049908358916319
0.690270869229506
0.9940133209297436
0.3025439865436632
0.49062672600869717
0.6712151803623687
0.9638435438979897
0.28514891031407363
0.4822227367700913
0.6651043070496656
0.9576214097360713
0.28364217752729615
0.48517292904620724
0.6748591742752562
0.9779407023890208
0.29861321957909137
0.4978552303849697
0.6953814774309943
0.012807417145038524
0.31999847773001217
0.5119828613648365
0.7135444797476793
0.03910447731060507
0.33369470314343747
0.5181639819244519
0.7171329217008926
0.0407204994184045
0.33208593275053544
0.5126900186003038
0.7034353658957301
0.016093984785733984
0.3158993472890083
0.4991401648031262
0.6816931175058802
0.980022414344818
0.294291843869108
0.48613603931173566
0.6669030877417285
0.9580303619927323
0.2823455589829609
0.4819572391783331
0.6671656085742237
0.9628387916517915
0.28797154981617656
0.48938693267855476
0.6823181527559903
0.991232900199488
0.3071577809795647
0.5038817313262468
0.7037107588677531
0.02551641809666405
0.3269962800819043
0.5157636066561766
0.717121209778527
0.0430955293252544
0.3350131871627128
0.5173431369662517
0.7135201538486532
0.03369112973036037
0.32711005193638454
0.5078588025238597
0.6948920405789623
0.0016926553068050687
0.3071391713163109
0.49337952522660755
0.6743250266320894
0.9684708374776034
0.2876753200725375
0.4831066364275929
0.6650486250172503
0.9566034888695453
0.28244696541131065
0.48360332452369104
0.6716655351052669
0.9719383585159186
0.2945443602521398
0.49478077811783566
0.6908425668065002
0.005533649996394274
0.3157987050709333
0.5094668455551674
0.7107039973184519
0.03540384207300251
0.3320136234448252
0.5178335385744117
0.7178904487141471
0.042688846592164875
0.3337441852498577
0.5146984528087418
0.7073947744736205
0.022880121188758817
0.32012435414192303
0.502204821757188
0.6860490903605829
0.9870762813688483
0.29843108886598246
0.4883116534485808
0.668849943910604
0.960516922123441
0.28344736824833583
0.4818551931093178
0.6657785973126021
0.9596108381255952
0.28540871236208254
0.48702074114545185
0.6782608682986038
0.9841078986028082
0.3026474933299512
0.5007660311498326
0.6994973915234575
0.01919617322034939
0.3235752235036352
0.5139948843928595
0.715596030363814
0.04155790211258892
0.33464996402776365
0.5180066662089178
0.7157379884836058
0.037854345594253935
0.3299719457231839
0.5105039035500638
0.6994328852530612
0.009313176605209028
0.31174717793286844
0.49632002650645574
0.6779491585988848
0.9740763392899487
0.29085086629471424
0.48447259803123416
0.6656921046524874
0.9567855007618891
0.2820272570907856
0.48251434997931886
0.6690410471504131
0.966770969846477
0.29089140639572886
0.49186728502587296
0.6863398227325106
0.9980860492522423
0.3113633994649765
0.5066637901833546
0.7072936555617093
0.03069112358054027
0.32968758277855725
0.5169890186677508
0.7178558732800844
0.04345866998513692
0.33472496666353135
0.5162863456885248
0.7108540742685238
0.02891378436169778
0.3239694941232182
0.505206838521697
0.6906089107225708
0.9945722590223042
0.3028769584560691
0.4908203492466716
0.6714240904684315
0.964147038344192
0.28531037995257247
0.48227054227772126
0.6650764551437425
0.9575065690907313
0.2835289741975242
0.4850423936245115
0.6746073352597162
0.9774757930372663
0.29830352502034785
0.4976264758683924
0.6950506777952569
0.012285267032906111
0.3197013997921698
0.5118098667100645
0.7133575590959426
0.03886959153074043
0.3335941510857526
0.5181574066730458
0.7172150972624854
0.04090488894842914
0.332229848166899
0.5128502881118554
0.7037397926007051
0.016612587335711027
0.31621943200290037
0.4993649904635876
0.6820025426429865
0.9805192288725013
0.29458164615658355
0.48628272283776464
0.6670235590755533
0.9581726540086102
0.2823997598896142
0.48193210800484154
0.6670411696159861
0.9625655060853323
0.2877620700005661
0.4892017614828916
0.6820094882404969
0.9906986513258846
0.30682465826605165
0.5036563318043794
0.7034128134956736
0.025077361942927645
0.32676293044951676
0.5156492543202652
0.7170348179822339
0.04302290335010772
0.33501031433215145
0.5174088472224343
0.7137067024132014
0.03403233966606134
0.32733911024476725
0.5080611753879151
0.6952294238343442
0.0022563796263728175
0.3074782921860013
0.4935896341266873
0.6745740698426248
0.9688498790149411
0.2878869866855689
0.4831907489918813
0.6650720967564272
0.9565758721230235
0.28238953683580603
0.4835067906000188
0.6714530805825636
0.9715295659393444
0.29426111947845834
0.49456068884276017
0.6905096563230273
0.004990929133401156
0.31548011300396345
0.5092702208414939
0.7104723126401042
0.03509166706916833
0.3318645984293503
0.5177889602838142
0.7179148776052915
0.0427861973305208
0.33383936828832705
0.5148297311567774
0.7076667192473232
0.023350098957968468
0.3204203412789272
0.5024280048877942
0.6863779970640386
0.9876135669896197
0.29874828319173896
0.48848502962570395
0.6690178345270821
0.9607448196704611
0.283558504222738
0.4818681453498037
0.6657036603930067
0.9594177358678714
0.2852469552914181
0.48686184021824547
0.677978130442661
0.983602605266997
0.30232180097643724
0.5005355656318772
0.699177781984214
0.018707396433695678
0.3233055317823729
0.5138482162508977
0.715455499886064
0.04139934726120087
0.3345959452810868
0.5180352735265891
0.7158719611686134
0.038116534506656086
0.3301585454949401
0.5106868838991132
0.6997583061871663
0.009862115454714271
0.31208128042818045
0.49654066747904324
0.6782328064171109
0.974522066800398
0.29110673075383886
0.4845907224843517
0.6657665426905393
0.9568463308160459
0.282027595524857
0.48245425090995014
0.6688727221958274
0.9664287740716508
0.2906430902191972
0.49166251848065606
0.6860150118335214
0.9975397626933364
0.3110326250150488
0.5064492656776147
0.7070239070158125
0.030308761373360138
0.3294928969235916
0.5169073283077701
0.7178221963188547
0.04346759922611021
0.3347696234271734
0.516384866840441
0.7110848619293091
0.02932166401470071
0.3242336078489149
0.5054220461244086
0.690947282297626
0.9951322131895516
0.3032107664122554
0.4910153747862045
0.6716361000507162
0.9644563084317028
0.28547569223128977
0.4823210647910693
0.6650523560925655
0.9573980412590563
0.28341975577450884
0.48491424265478134
0.6743581872763891
0.9770145827106615
0.29799545582758835
0.49739811932384614
0.6947193709952043
0.011761048923317308
0.3194024485859591
0.511634962276994
0.7131671572625284
0.038628843430018156
0.3334899750003666
0.5181480375484392
0.7172930884992474
0.04108298743605787
0.3323702753281259
0.5130085819951747
0.7040421706656361
0.017128155240189624
0.3165380505877893
0.49958991336432235
0.6823137071953288
0.9810195611149609
0.29487379879732734
0.4864315181947109
0.6671475963556686
0.9583213217604958
0.2824581932177108
0.48190976610997294
0.6669202941748551
0.9622979122731247
0.287555896469311
0.48901834384199205
0.6817024357399932
0.9901659736507324
0.30649172757646737
0.5034303211431101
0.7031129591566341
0.024634228344246223
0.3265267098931181
0.5155324177653399
0.7169443443024183
0.04294388779073355
0.3350036779848638
0.5174718873458634
0.7138895486141006
0.0343679783750499
0.32756520610138684
0.5082623179234428
0.6955663155254406
0.002819680642474065
0.30781741924808753
0.4938007212532206
0.6748258542363438
0.9692341450236363
0.28810211889709847
0.4832774445215675
0.6650993275516535
0.9565547173659739
0.28233629400044125
0.48341285803847683
0.6712437176854091
0.9711253300126976
0.2939801654349974
0.4943415032428947
0.6901769972626663
0.004447362655182863
0.31516030093225395
0.5090720808344447
0.7102375958014167
0.03477408177927099
0.3317121174467055
0.517741619580168
0.7179350403116129
0.04287709225351044
0.3339308968665835
0.514958724456603
0.7079359203557252
0.02381594242009033
0.3207142362506526
0.502650816515335
0.6867079519459305
0.9881531443223259
0.2990670716559385
0.48866017153200936
0.6691890823844847
0.9609788481248175
0.2836737230067614
0.48188387889265116
0.665632414005152
0.9592307018385371
0.28508890071628246
0.4867050520834018
0.6776976104801518
0.983100052168407
0.3019970593728871
0.5003050101104709
0.6988569687870689
0.018215510701996562
0.32303343753633834
0.5136993281389881
0.7153111531968006
0.04123462289481017
0.33453820707743254
0.5180611168108906
0.7160019277770158
0.03837270776957524
0.3303418753069044
0.5108682280697896
0.7000824075404527
0.010409219624781585
0.31241459154745743
0.49676183735288626
0.6785187317656878
0.9749722475799127
0.29136554638948
0.48471122089697094
0.6658446746613925
0.9569136415354292
0.28203220069835355
0.4823968869749776
0.6687077775034083
0.9660918013587019
0.29039763270606933
0.49145912033967404
0.6856911832626122
0.9969938933281624
0.3107013457417678
0.5062336740258031
0.7067516665679381
0.029921594951850317
0.32929500928415956
0.5168229817929012
0.7177842922132861
0.043470044939880825
0.33481053491292495
0.516480867438891
0.7113123431075211
0.029724554834606565
0.32449512523580326
0.5056364259508853
0.6912859249238605
0.9956930790756817
0.30354534945024003
0.4912117725515969
0.6718511858972185
0.9647713201847078
0.2856448238483038
0.48237429685364863
0.6650320125821588
0.9572958413374467
0.28331454081005214
0.48478849481841174
0.6741117636451116
0.9765571408180047
0.2976890631712914
0.49717019883420116
0.6943876128422037
0.011234849648477319
0.3191016693685829
0.5114581749866843
0.712973304111306
0.03838226164314085
0.33338218475048975
0.5181358745343095
0.7173668854574555
0.041254778183087426
0.3325071995727864
0.5131648753496505
0.7043424453561525
0.01764060024363756
0.3168551532461053
0.4998148990648012
0.682626564168721
0.9815233282557162
0.2951682496878796
0.4865824020506408
0.6672751867244073
0.9584763519409412
0.2825208518892861
0.4818902151472422
0.6668029938439228
0.962036042037629
0.28735306131954674
0.4888367081709715
0.6813970425266217
0.9896349562740925
0.30615904470309574
0.5032037367541311
0.7028112451231872
0.024187081935071575
0.3262876488202481
0.5154131136471465
0.7168498045272891
0.04285849473485959
0.3349932792025138
0.5175322481767762
0.7140686660364733
0.0346980073587968
0.3277883141482703
0.5084621992894796
0.6959026546249891
0.003382452810047454
0.3081564924437262
0.4940127544580284
0.6750803497018736
0.9696235870095216
0.2883206838281467
0.48336671033026246
0.6651303151499681
0.95654003053327
0.282287247011235
0.48332153945469325
0.6710374712199934
0.9707257059098913
0.2937015431929786
0.49412325693696946
0.6898446444954797
0.0039030424815149622
0.31483931944696153
0.5088724566400161
0.7099998832539072
0.03445112495226321
0.33155619592119845
0.517691521588357
0.7179509355168546
0.042961524663933215
0.3340187617405393
0.5150854128204292
0.7082023317763506
0.02427758044659356
0.32100599793509227
0.5028732226098331
0.6870389005193716
0.9886949163788952
0.29938739569312744
0.4888370517129552
0.669363669394835
0.9612189840924877
0.2837930091885552
0.4819023906358324
0.6655648649660928
0.9590497589602591
0.2849345740568934
0.4865504005040912
0.6774193491668941
0.9826003201538507
0.30167332334723906
0.5000744033268694
0.6985350059658271
0.017720593888953085
0.322758979489113
0.5135482424312003
0.7151630138280942
0.041063749700857466
0.334476755054615
0.5180841917281613
0.7161278706804425
0.038622839138561016
0.33052191566446215
0.5110479077502728
0.7004051297038035
0.010954389388114993
0.31274705523647445
0.4969835023986294
0.6788068959569907
0.9754268154317756
0.29162726989227017
0.48483407488115016
0.6659264928152493
0.9569874289186137
0.28204107369211373
0.4823422648007253
0.6685462302586498
0.9657600935914358
0.29015507210636926
0.4912571227356133
0.6853683887454612
0.996448533654847
0.3103696158582878
0.506017049983652
0.7064769774791563
0.029529675742756112
0.32909394249249857
0.5167359901000869
0.717742168679618
0.04346601045806109
0.3348476974367679
0.5165743332949281
0.7115364821678826
0.03012240383415632