1
0.8813559322033897
0.8490772097668193
0.9202379184317904
0.05257054988243848
0.14360734181029633
0.13472517179941867
0.030481434149311593
0.902001350961104
0.8470592260918695
0.8964895166987459
0.023012593971474704
0.13118967882551402
0.145902681480385
0.05956903596305718
0.9266850482865345
0.8504005978378544
0.8769346918491729
0.992399365588617
0.11394223586496466
0.15192087171613222
0.0859965406881793
0.9545741070588039
0.8590009825810423
0.8620401532365847
0.9621357312506569
0.09223778122499882
0.15261150121854739
0.1087638983775081
0.984521338752387
0.8726421965081284
0.8521185327275744
0.9335968218901098
0.06666979097666825
0.14795315888814287
0.12720025815759417
0.015179714789657073
0.8910338027233251
0.847408279087186
0.9079949875293911
0.03815414333302192
0.13808150930500718
0.14088949958372465
0.04514064066247858
0.9137614996685559
0.8480463771605296
0.8862493628876313
0.007900875096680249
0.12323428302432049
0.1495404198778001
0.07305585046230156
0.9401574934139585
0.8540130402841877
0.8689562421178558
0.9772842133983328
0.10372317725011593
0.15293400423480685
0.09777551763287162
0.9692248665499741
0.8651411830354183
0.8564898768194436
0.9477093092038005
0.08001273307741696
0.1509684478139337
0.11846343791734393
0.9996993159930763
0.8811757411312513
0.8491233760481469
0.9204889026344643
0.05285018030583588
0.14370407104413507
0.13459105626181067
0.030187600315786156
0.9017786090918802
0.8470529713389254
0.8967026148452986
0.023309299523872173
0.13133513632261673
0.14581790826081775
0.059295308244121436
0.9264262568313939
0.850342120410966
0.8771041144207348
0.9926996399874812
0.11413340577329922
0.1518876088725447
0.08575422752846906
0.9542890535934867
0.8588919481942172
0.8621622927195016
0.962425772371343
0.09247017703879656
0.15263076765007355
0.1085611823876782
0.9842224608883519
0.872485107226709
0.8521907244645917
0.9338637186460885
0.06693611893132578
0.1480243501902785
0.127042257074514
0.014880701059337476
0.8908319213911187
0.84742857320468
0.9082281285265683
0.038443850131852475
0.1382026946519228
0.14077949854174898
0.04485519077647826
0.9135198943219487
0.848014137858375
0.8864413900651145
0.008201080737449296
0.12340280986689711
0.1494809329032063
0.07279644036214084
0.9398842809789172
0.8539292572453108
0.8691026262249202
0.9775811212802119
0.10393546645915919
0.15292671966273863
0.09755199730861364
0.9689313030624938
0.8650080085086977
0.856587584616241
0.9479893957979315
0.08026305103001574
0.15101359655830748
0.11828236960296357
0.9993986333202582
0.8809959892365815
0.8491700508929565
0.9207402186642142
0.05312958091366049
0.14380031065378374
0.13445647061830224
0.029893633230978267
0.9015562573749905
0.847047231526358
0.89691611664465
0.023605901954314668
0.13148013009160042
0.14573264027021748
0.05902132452378783
0.9261677761161873
0.85028414800765
0.8772739843562136
0.9929999467687196
0.11432414642005728
0.15185383441109357
0.08551156163580131
0.9540042001458346
0.8587833974969943
0.8622849088899365
0.962715978779753
0.09270219921741596
0.15264952014652122
0.10835804978591046
0.9839236529392728
0.872328474301221
0.8522634161297455
0.9341308982654906
0.06720216095383957
0.1480950409874464
0.12688380054766402
0.014581621378689569
0.8906304580997328
0.8474493810699153
0.90846164106553
0.03873338789948777
0.13832340255128628
0.14066901453516012
0.044569544491121604
0.9132786440489078
0.8479824104768756
0.8866338452460512
0.00850125000299995
0.1235708883470168
0.14942094140665851
0.07253672236310083
0.9396113278212122
0.853845969614679
0.8692494732123799
0.9778781283680615
0.10414735038902823
0.1529189202152006
0.0973280886877177
0.9686378766675283
0.8648753048858593
0.8566857813507021
0.9482697087428198
0.08051303456613734
0.15105823633180027
0.1181008632271654
0.9990979533156257
0.8808166768880508
0.8492172341628743
0.9209918656514122
0.053408750555425044
0.14389606041152048
0.13432141513599039
0.029599534177500608
0.9013342964229323
0.847042006672519
0.8971300215491316
0.023902399959073062
0.13162465985133753
0.14564687772238782
0.058747085899158336
0.925909607081695
0.850226680792912
0.8774443013201352
0.9933002846009131
0.11451445738996968
0.15181954843561618
0.08526854379695292
0.9537195479182514
0.8586753307300872
0.8624080014936064
0.9630063492251559
0.09293384706947805
0.1526677586486076
0.10815450105339197
0.9836249162256707
0.8721722980337696
0.8523366075289882
0.934398359719669
0.06746791602707569
0.14816523108916524
0.12672488888308564
0.014282477070244326
0.8904294133206194
0.8474707026172972
0.9086955244420416
0.0390227553910556
0.13844363275068083
0.14055804780656178
0.04428370301616358
0.9130377496230686
0.8479511951140384
0.8868267280069122
0.008801381562886235
0.12373851813441394
0.14936044555753591
0.07227669741841103
0.9393386350276565
0.853763177603275
0.869396782796187
0.978175233354996
0.10435882850310119
0.15291060591710748
0.09710379239484279
0.9683445886432407
0.8647430724318119
0.8567844667928859
0.9485502468791305
0.08076268282915589
0.15110236700120705
0.11791891916535402
0.9987972773132523
0.8806378044526939
0.8492649257182507
0.9212438427231766
0.05368768808287694
0.14399132009018523
0.134185890082537
0.029305304439057878
0.9011127268451964
0.8470372967941189
0.8973443290082788
0.024198792235226918
0.13176872532140305
0.14556062083181986
0.05847259346987865
0.925651750665573
0.8501697189306476
0.8776150649756866
0.993600652152419
0.11470433826979143
0.1517847510513919
0.08502517480198701
0.9534350981112678
0.858567748133737
0.8625315702757637
0.9632968824553942
0.0931651199068031
0.15268548309863217
0.10795053667377186
0.9833262520675337
0.8720165787255052
0.8524102984674045
0.9346661019771334
0.06773338313680988
0.14823492030586438
0.1265655223878266
0.013983269457001235
0.8902287875228276
0.8474925377796652
0.9089297779486518
0.03931195136319454
0.13856338499815823
0.1404465985990222
0.04399766756314616
0.9127972118147722
0.8479204918663958
0.8870200379220758
0.009101474086946393
0.1239056989000984
0.1492994455262835
0.0720163664843767
0.9390662036824433
0.8536808814213597
0.8695445546915557
0.978472434933392
0.10456990026750068
0.15290177679500694
0.09687910905769215
0.9680514402666263
0.8646113114109193
0.8568836407123106
0.9488310090453704
0.0810119949657242
0.15114598843464133
0.11773653779464865
0.9984966066471701
0.8804593722959067
0.8493131254181692
0.9214961490033948
0.053966392350035086
0.1440860894631939
0.13404989572616755
0.02901094530041437
0.9008915492482588
0.8470331019062223
0.8975590384688266
0.024495077480690686
0.13191232622207494
0.14547386981368637
0.058197848338117364
0.9253942078023376
0.8501132625836307
0.8777862749847074
0.9939010480913897
0.11489378864829325
0.151749442365138
0.08478145544425253
0.9531508519235214
0.8584606499477005
0.8626556149811853
0.9635875772168978
0.09339601704441058
0.15270269344048737
0.1077461571331817
0.9830276617843086
0.8718613166766338
0.8524844887492136
0.9349341240035529
0.0679985612717342
0.1483041084488934
0.12640570136996
0.013683999862425189
0.8900285811730224
0.8475148864882929
0.9091644008746775
0.03960097457405709
0.1386826590422312
0.14033466715607723
0.043711439345401004
0.9125570313910807
0.8478903008290031
0.8872137745637967
0.009401526245289116
0.12407243031633453
0.14923794148442004
0.07175573052040018
0.9387940348671548
0.8535990812784595
0.869692788612928
0.9787697317948667
0.10478056515106493
0.15289243287708842
0.09665403930705097
0.9677584328135327
0.864480022087017
0.856983302877949
0.9491119940778727
0.08126097012574585
0.151189100501532
0.11755371949391069
0.998195942651388
0.8802813807814776
0.8493618331204487
0.9217487836127041
0.05424486221317837
0.1441803683045335
0.1339134323356852
0.028716458047403748
0.9006707642356084
0.8470294220222501
0.8977741493746856
0.024791254394206597
0.13205546227431508
0.14538662488383824
0.05792285160856947
0.9251369794233735
0.8500573119135111
0.8779579310076651
0.9942014710857627
0.1150828081162314
0.15171362248500264
0.08453738652039489
0.952866810551759
0.8583540364112627
0.862780135354174
0.9638784322546852
0.0936265378004979
0.1527193896196537
0.10754136292025418
0.9827291466949004
0.8717065121864334
0.852559178177779
0.935202424761763
0.06826344942345797
0.14837279533052294
0.12624542613859413
0.01338466961043805
0.8898287947355032
0.8475377486728988
0.9093993925062049
0.03988982378332517
0.13880145463187032
0.14022225372172192
0.04342501957802414
0.9123172091157734
0.8478606220954354
0.8874079375022066
0.009701536708321523
0.12423871205662929
0.1491759336045111
0.07149479048894491
0.9385221296607327
0.8535177773833702
0.8698414842739903
0.9790671226303176
0.10499082262534598
0.15288257419316853
0.09642858377676689
0.9674655675586179
0.8643492047234105
0.8570834530582472
0.9493932008108432
0.08150960746240354
0.15123170307263356
0.11737046464374146
0.997895286659852
0.8801038302715862
0.84941104868166
0.9220017456685254
0.05452309653089049
0.14427415638877683
0.13377650018046428
0.028421843966888183
0.9004503724077351
0.8470262571539764
0.89798966116695
0.025087321675385077
0.13219813319977813
0.1452988862587925
0.0576476043884151
0.9248800664569001
0.8500018670807954
0.8781300327036541
0.9945019198032998
0.11527139626635696
0.1516772915205613
0.0842929688303391
0.952582975190795
0.8582479077632152
0.8629051311385569
0.9641694463124004
0.09385668149645854
0.15273557158321305
0.10733615452612444
0.9824307081176418
0.8715521655532523
0.8526343665556149
0.9354710032117892
0.068528046586537
0.1484409807639655
0.12608469700388625
0.013085280025402213
0.8896294286722064
0.847561124261639
0.9096347521260779
0.040178497752226594
0.1389197715165107
0.1401093585404216
0.04313840947787195
0.9120777457493519
0.8478314557577766
0.887602526305284
0.010001504146742057
0.12440454379571664
0.14911342206017597
0.07123354735555099
0.9382504891394796
0.8534369699441413
0.8699906413876435
0.9793646061299097
0.10520067216458662
0.15287220077469854
0.09620274310378019
0.9671728457753619
0.8642188595828864
0.857184091021117
0.9496746280763464
0.08175790613214051
0.15127379602003144
0.11718677362651375
0.9975946400064644
0.8799267211268353
0.849460771957125
0.9222550342850373
0.05480109416404266
0.14436745349107882
0.1336390995304697
0.028127104346774345
0.9002303743621616
0.8470236073115296
0.8982055732838652
0.02538327802468654
0.13234033872078577
0.1452106541557323
0.05737210778733548
0.9246234698279967
0.8499469282448531
0.8783025797303714
0.9948023929115664
0.11545955269337504
0.15164044958280698
0.08404820317730533
0.9522993470335221
0.8581422642418701
0.8630306020776808
0.9644606181323048
0.09408644745685324
0.15275123927984335
0.10713053244445803
0.982132347370303
0.8713982770745368
0.8527100536843948
0.9357398583108432
0.0687923517584621
0.1485086645633702
0.1259235142770545
0.012785832432120614
0.889430483442736
0.8475850131811224
0.9098704790139003
0.04046699524354658
0.13903760944604526
0.13999598185710171
0.0428516102635399
0.9118386420490396
0.8478028019066177
0.8877975405388465
0.010301427231559579
0.12456992520954868
0.14905040702607764
0.07097200208881871
0.9379791143770413
0.8533566591680732
0.8701402596660004
0.9796621809830972
0.10541011324571459
0.15286131265476177
0.09597651792812645
0.966880268736042
0.8640889869277091
0.8572852165339389
0.9499562747043298
0.08200586529467246
0.151315379217154
0.1170026468263865
0.9972940040250655
0.8797500537062555
0.8495110028009232
0.9225086485731908
0.05507885397582246
0.14446025938718865
0.13350123065626285
0.02783224047599253
0.9000107706934437
0.8470214725033873
0.8984218851608201
0.02567912214344137
0.13248207856032623
0.14512192879250208
0.05709636291749387
0.924367190458584
0.8498924955638993
0.8784755717440969
0.9951028890779456
0.11564727699393762
0.15160309678415018
0.08380309036781419
0.9520159272708968
0.858037106085054
0.8631565479144019
0.964751946455285
0.09431583500940288
0.1527663926598244
0.10692449717146602
0.9818340657700857
0.8712448470468384
0.8527862393649541
0.9360089890133292
0.06905636393966752
0.14857584654383382
0.12576187827039753
0.012486328155833615
0.8892319595043763
0.8476094153564082
0.910106572446014
0.04075531502162422
0.13915496817081507
0.1398821239171535
0.04256462315536513
0.9115998987688014
0.8477746606310559
0.8879929797665271
0.010601304634085373
0.12473485597526635
0.1489868886779071
0.07071015566040595
0.9377080064444059
0.8532768452617159
0.8702903388203782
0.979959845878628
0.10561914534831907
0.1528499098680638
0.09574990889294188
0.9665878377117276
0.8639595870196368
0.8573868293635747
0.9502381395226389
0.08225348411298317
0.15135645253876895
0.11681808462930832
0.996993380049422
0.8795738283673273
0.84956174106591
0.9227625876407202
0.05535637483174405
0.1445525738534439
0.13336289382899302
0.027537253644474458
0.8997915619931818
0.8470198527363864
0.89863859623035
0.025974852733872567
0.1326233524420446
0.14503271038758792
0.05682037089350356
0.9241112292674112
0.8498385691949952
0.8786490083997007
0.9954034069696687
0.11583456876663512
0.15156523323840077
0.08355763121165705
0.9517327170919005
0.8579324335301006
0.8632829683911063
0.9650434300209043
0.09454484348500625
0.1527810316750391
0.10671804920589434
0.9815358646335777
0.8710918757658117
0.8528629233973115
0.9362783942708908
0.06932008213357221
0.14864252652141463
0.12559978929728377
0.012186768522170599
0.8890338573120855
0.8476343307110166
0.910343031695537
0.0410434558524182
0.139271847441635
0.13976778496642028
0.04227744937536748
0.911361516659303
0.8477470320186802
0.888188843549786
0.010901135025988218
0.12489933577121803
0.14892286719237857
0.07044800904499171
0.937437166409854
0.8531975284308455
0.8704408785612969
0.980257599504585
0.10582776795466575
0.1528379924509391
0.09552291664445711
0.9662955539722367
0.8638306601199064
0.8574889292763723
0.9505202213570505
0.08250076175334842
0.1513970158610003
0.11663308742302991
0.9966927694131982
0.8793980454659773
0.8496129866037165
0.923016850592159
0.055633655599686804
0.14464439666679718
0.13322408932041085
0.02724214514313017
0.8995727488500127
0.8470187480157101
0.8988557059221236
0.026270468499117516
0.13276416009024983
0.14494299916012388
0.05654413283241855
0.9238555871700425
0.8497851492940258
0.8788228893506158
0.9957039452538194
0.11602142761198664
0.15152685906077412
0.08331182652191238
0.9514497176835317
0.8578282468138445
0.8634098632496898
0.9653350675673962
0.09477347221772492
0.15279515627898155
0.10651118904905221
0.9812377452767587
0.8709393635262295
0.8529401055806654
0.9365480730323998
0.06958350534657098
0.14870870431313898
0.12543724767218034
0.011887154857165516
0.8888361773185236
0.8476597591669273
0.9105798560323288
0.0413314165034846
0.1393882470097756
0.13965296525120552
0.041990090147266734
0.9111234964679427
0.8477199161555706
0.888385131447873
0.011200917079271289
0.12506336427692677
0.14885834274722454
0.07018556322029301
0.9371665953389756
0.8531187088804657
0.8705918785984568
0.9805554405483696
0.10603598054966445
0.15282556044134799
0.09529554183202071
0.9660034187861477
0.8637022064892461
0.85759151603816
0.9508025190312668
0.0827476973853214
0.1514370690613358
0.11644765559713255
0.9963921734499708
0.8792227053566073
0.8496647392647558
0.9232714365288226
0.05591069514987801
0.1447357276048029
0.13308481740287803
0.026946916263857368
0.8993543318496426
0.8470181583448944
0.8990732136629229
0.026565968143219543
0.13290450122989172
0.14485279532988304
0.05626764985373045
0.9236002650788675
0.849732236015706
0.8789972142488249
0.9960045025973328
0.116207853132412
0.1514879743678792
0.0830656771149485
0.9511669302308023
0.8577245461726246
0.8635372322315553
0.9656268578316687
0.09500172054476552
0.152808766426757
0.10630391720483345
0.9809397090150018
0.8707873106220001
0.8530177857133996
0.936818024243959
0.06984663258803403
0.14877437973700536
0.12527425371066903
0.011587488487253772
0.888638919974073
0.8476857006445848
0.9108170447229851
0.04161919574398709
0.1395041666269603
0.13953766501827625
0.041702546696473775
0.9108858389388599
0.8476933131262969
0.8885818430178136
0.011500649466276602
0.12522694117307065
0.1487933155211838
0.06992281916705467
0.9368962942946617
0.8530403868148095
0.8707433386407364
0.9808533676967146
0.10624378262084955
0.15281261387886547
0.09506778510810365
0.9657114334207866
0.8635742263878874
0.8576945894142587
0.9510850313669335
0.08299429018173132
0.15147661201862306
0.11626178954303379
0.9960915934932122
0.8790478083921096
0.849716998898236
0.9235263445488275
0.056187492354923485
0.14482656644563052
0.13294507834936997
0.02665156829951698
0.899136311574847
0.8470180837258279
0.899291118876639
0.02686135037115145
0.13304437558655868
0.14476209911726734
0.055990923079344945
0.9233452639030861
0.8496798295135659
0.8791719827448472
0.9963050776670124
0.11639384493222193
0.15144857927771005
0.08281918381041287
0.9508843559167135
0.8576213318422803
0.8636650750776194
0.9659187995493368
0.09522958780648505
0.15282186207508142
0.10609623417971381
0.9806417571630444
0.870635717346171
0.8530959635931001
0.9370882468489339
0.0701094628703336
0.148839552611995
0.12511080772944627
0.011287770739244252
0.8884420857268425
0.847712155062907
0.9110545970308523
0.04190679234473427
0.1396196060453776
0.13942188451485382
0.041414820250053275
0.9106485448129165
0.8476672230139064
0.8887789778144035
0.011800330859718766
0.12539006614148995
0.14872778569399925
0.06965977786903244
0.9366262643370731
0.8529625624373143
0.8708952583961751
0.9811513796357043
0.10645117365838397
0.15279915280469325
0.09483964712830817
0.9654195991422041
0.8634467200755562
0.8577981491694775
0.9513677571836552
0.08324053931869146
0.15151564461308764
0.11607548965401149
0.9957910308762843
0.8788733549238783
0.8497697653521623
0.923781573747084
0.05646404608980937
0.1449169129680672
0.13280487243348826
0.026356102543931392
0.8989186886054883
0.8470185241587496
0.8995094209842533
0.027156613888816405
0.1331837828864666
0.1446709107433093
0.05571395363358267
0.9230905845487147
0.8496279299399476
0.879347194487718
0.996605669129528
0.11657940261759858
0.1514086739096454
0.08257234743124542
0.9506019959222523
0.8575186040581482
0.8637933915282958
0.9662108914547152
0.09545707334637177
0.15283444318228723
0.1058881404827785
0.9803438910349933
0.8704845839909465
0.8531746390165535
0.937358739787947
0.07037199520883908
0.14890422275807946
0.12494691004634895
0.010988002940325536
0.8882456750226901
0.8477391223392847
0.911292512216006
0.042194205078172065
0.1397345650176698
0.1393056239886219
0.0411269120367308
0.9104116148277188
0.8476416458999254
0.8889765353901837
0.012099959932670323
0.1255527388651525
0.14866175344640142
0.06939644031298986
0.9363565065236463
0.8528852359506303
0.871047637571972
0.9814494750507805
0.10665815315503346
0.15278517726164464
0.09461112855136955
0.9651279172151666
0.8633196878114835
0.8579021950681232
0.951650695299012
0.08348644397559823
0.15155416672633137
0.11588875632521001
0.9954904869324233
0.8786993453018219
0.849823038473347
0.924037123215316
0.056740355231930995
0.14500676695152803
0.13266419992946066
0.026060520291856903
0.8987014635185151
0.8470194796422481
0.8997281194038362
0.027451757403075927
0.1333227228564624
0.14457923042966225
0.05543674264314857
0.9228362279185642
0.8495765374459907
0.8795228491249802
0.9969062756514386
0.11676452579658747
0.15136825838443935
0.08232516880366525
0.9503198514263653
0.8574163630550551
0.8639221813234998
0.9665031322808457