1
0.4324137931034482
0.8320410342260214
1.3009051866815513
1.694227748609007
2.1622915468583592
2.5625589131052346
2.9933064715213566
3.4273998076578573
3.826438916220268
4.29605255060852
4.689396937730708
5.156619054798145
5.557572582501489
5.9866886900354785
6.422452695637675
6.820959128420332
7.291263915463027
7.6846508938778175
8.151000965883977
8.552678609739896
8.980217256506196
9.417621824154335
9.815651965408094
10.286584623525744
10.680032977185174
11.145492198821787
11.547922347305617
11.973953237080973
12.41294945084041
12.810558325392009
13.282053240087766
13.675579087884348
14.14013996257394
14.543340757574946
14.967945087301622
15.408468734616122
15.805708178832045
16.277699851343773
16.67131625641438
17.13498159863518
17.538961083475566
17.962227124147002
18.404202797384382
18.801120183716094
19.27354529186288
19.667262160662684
20.130043532144658
20.53480052568843
20.95681945804635
21.40016475845857
21.796802265928978
22.26960121457801
22.663425441139346
23.12534123854041
23.530866749567558
23.951729067122834
24.396358520470763
24.792752871381673
25.265870802974092
25.65980659119339
26.120879994470418
26.527158960044613
26.946951596601597
27.39278002696606
27.788962575373592
28.26234988286769
28.656399175865634
29.11665612804252
29.523669274410096
29.942473481412648
30.389418725674854
30.785415779551673
31.259028207077115
31.653191162016448
32.11265849916475
32.52038416650945
32.93827407506244
33.38625902873756
33.7820923036653
34.25589073604869
34.65016619850768
35.10886999722174
35.51728582243776
35.934327576730205
36.38328163278428
36.77896875936235
37.25291879774203
37.64730474641192
38.10526891326223
38.514353314580454
38.93060464888579
39.380464627456234
39.77601965949248
40.25009106489764
40.64458501178317
41.10183010847569
41.51156355520516
41.92707369398643
42.37778437099789
42.77321826273024
43.24738432974434
43.64198367193635
44.09852595096265
44.50889202876703
44.92370180828695
45.37521614428498
45.77053718093554
46.24477408405273
46.639476410527685
47.09532702690736
47.50631332499865
47.92045545780196
48.372734612834705
48.76794878993855
49.24223492843114
49.63703828985513
50.09220265257739
50.50380150638215
50.91730093264673
51.370314134225495
51.76542548836036
52.23974084231827
52.63464399430246
53.089121223954514
53.5013303477477
53.91420463766882
54.36792895000818
54.762939847889896
55.237265348559596
55.63226797996052
56.086050445065226
56.498873485870966
56.91113327431532
57.36555329979043
57.76046469517195
58.234781606401455
58.62988456463173
59.08295747734004
59.49640451549464
59.90805396430789
60.363161492891756
60.757973162055066
61.23226246606172
61.62746799131737
62.079809052818085
62.49389706674252
62.904934361798546
63.360727971098015
63.75543873845443
64.22968051791767
64.62499249787952
65.07657159513855
65.491324898285
65.90174279809635
66.35822739522189
66.75283536090834
67.2270081704166
67.62243242629393
68.0732113947221
68.48866204113406
68.8984485018359
69.35563478849893
69.75013756994409
70.2242177932071
70.6197624067077
71.06969488835587
71.48588302935677
71.89502193696269
72.35292577092721
72.74732077003516
73.22128196535014
73.61695765380551
74.06598909778435
74.48296325549305
74.89143529978602
75.350076919561
75.74436162609567
76.2181738718041
76.61399441452917
77.06206228509343
77.47987948854497
77.88766321244056
78.34706628890179
78.74123862832171
79.21486789284224
79.61085060490231
80.05788488153908
80.47661058870843
80.8836836403649
81.34387412050383
81.73793285017473
82.21134042770431
82.60750666649056
83.05343073629301
83.47313844224931
83.87947904206472
84.34048375855167
84.73442890914502
85.2075709814751
85.60394665586831
86.04867870614709
86.46944911811548
86.8750377265914
87.33688276488208
87.73071611318149
88.20354351795442
88.60015954907377
89.04361455982458
89.46553421126649
89.87035534528682
90.33306418973375
90.72678973492647
91.19924803660217
91.5961406944478
92.0382330965374
92.46139228464952
92.86543638071161
93.3290279030072
93.72265230196308
94.19468226696497
94.5918932826288
95.03254027970618
95.45703025567093
95.86029542561191
96.32478182994146
96.71831473101162
97.18985329461199
97.5874296307197
98.02655507759333
98.4524645057199
98.85495798622148
99.32034287781687
99.71379708256639
100.18477885455765
100.58277201814838
101.02031061395225
101.44772144468648
101.84946052399566
102.31573730802457
102.70912869277035
103.1794879793101
103.5779527931583
104.01385420903644
104.44283726538309
104.84384949689039
105.3110003261289
105.70434747604712
106.17402070321043
106.57301352059805
107.00724597995229
107.43785670081313
107.83817929235958
108.306174750207
108.69949829944235
109.16842662864742
109.56800307799045
110.00055588898188
110.4328307560475
110.83250914763111
111.30130877258811
111.69463049778082
112.16276235165795
112.56297481014943
112.99385944643645
113.42781359783193
113.82689938007631
114.29645301946316
114.6897947870055
115.15708798293258
115.55798306847424
115.98723260018508
116.42285898723406
116.82140742768192
117.2916572789103
117.6850399804503
118.15146321137318
118.55307961522051
118.98074655939271
119.41801676074914
119.81608425878682
120.28696735078677
120.68040996433028
121.14594346508129
121.54831040610705
121.9744633179808
122.4133298550533
122.81097162493901
123.28242243950929
123.67594132384241
124.14057668913672
124.54371316395118
124.96843245633877
125.4088322333463
125.80610043201716
126.27805337607057
126.67166185523544
127.13540109792555
127.5393159626073
127.96268948439499
128.40454786037523
128.80149026514434
129.27388176971505
129.66759000930176
130.13044403540155
130.5351368256861
130.95725566237286
131.40049066322865
131.79714989930835
132.26992001462418
132.66373514808333
133.12572186502146
133.53118417403243
133.95213899569555
134.39666526532778
134.79307850799805
135.26617195795518
135.66009839687806
136.12124066626737
136.52745786412527
136.94733599036775
137.39306821559578
137.7892672541219
138.26263398762714
138.65667384476004
139.11699745430624
139.52395054559986
139.94283376227096
140.38968944356566
140.7857009881738
141.2592963101927
141.65344987246547
142.11298165027398
142.52064910656608
142.9386121749265
143.3865137260534
143.78235985403177
144.2561442370578
144.6504104413249
145.10917658390557
145.5175360410357
145.93464578865138
146.38352202238096
146.7792206833725
147.2531593574053
147.64753623834244
148.10556087990324
148.51459064013517
148.93090550588965
149.3806926018158
149.7762581274088
150.25032053183767
150.6448056261052
151.1021096449432
151.51178996441587
151.92735987599661
152.37800193838123
152.77344552268062
153.24760468386978
153.64219538584865
154.09879542378792
154.50910959389137
154.92397607434924
155.37542538229678
155.77075551664367
156.24498739536332
156.63968126742554
157.09558892835693
157.50652417646293
157.9207205992782
158.3729376365396
158.7681604930632
159.2424433288434
159.63723837384896
160.0924595649296
160.50400780770752
160.917559742559
161.37051307558795
161.7656328417438
162.2399465077606
162.63484141408236
163.08937579570517
163.50153427962223
163.9144598914684
164.36812594544514
164.76314511622783
165.23747048851072
165.63246485912103
166.08630537558625
166.49907723627436
166.9113877176846
167.3657504827985
167.76067011991282
168.23498845809422
168.63008303566818
169.08321550646542
169.49661027291927
169.9083103039663
170.36336098889745
170.7581809575942
171.23247329062085
171.62767019057847
172.08007295177896
172.4941070136493
172.90519525556124
173.36093189179903
173.7556510868466
174.22989759567096
174.62520055875606
175.07684415513302
175.4915412019426
175.90201084059447
176.35843782971065
176.75305440236994
177.2272337924788
177.6226484678172
178.07349540914345
178.4888868389045
178.89872620236613
179.3558537883956
179.7503653863772
180.22445424619224
180.6199885145529
181.06999312435028
181.48611840535685
181.89531168597662
182.35315532664958
182.74755935875052
183.22153150577162
183.617195850511
184.06630425245783
184.48321120546342
184.89173932069218
185.35031892482462
185.74461286095553
186.2184386864849
186.61424661568813
187.06239692153497
187.48014186985736
187.88798349589075
188.34732249073497
188.7415042058456
189.21515004167057
189.61111855836631
190.05824134019022
190.47688905296658
190.88402185931366
191.34414605271016
191.73821421899402
192.21164176562527
192.60779187254136
193.0538110185235
193.47343434919338
193.87983644795528
194.34077265794232
194.73472718284393
195.20789305808682
195.6042502682209
196.04908432975145
196.46976343186688
196.87541503033734
197.3371894720292
197.73103196929299
198.2038874559024
198.60048225980734
199.04404639105934
199.46586738361094
199.8707525913847
200.3333890396434
200.72712330677305
201.19961439444057
201.59648261065396
202.03869117048333
202.46174413504215
202.8658528285124
203.32937061585042
203.72300307488788
204.19507089820758
204.5922538083813
205.03302362961924
205.45739986339893
205.86072945746199
206.32514141712917
206.71868145947298
207.1902632215267
207.58780737379007
208.02706160271566
208.45285013481393
208.85540706599093
209.32071758284403
209.71417774797675
210.1852081810682
210.5831647447021
211.0208370207812
211.44812052456507
211.84992122899504
212.3161246026065
212.70952052176028
213.17993386947475
213.578357452887
214.01439605923568