1
0.26
0.281738669249212
0.06947620568761301
0.7562778878469016
0.6816262846344441
0.824013590827376
0.17978067688492172
0.3196764957987448
0.2433546019433978
0.9285083685131306
0.7173294623856541
0.7398707738207059
0.0006611662006761332
0.2604598121321693
0.28204142937710164
0.06971230268662709
0.7561264979457564
0.6810962549824837
0.8227725733279737
0.17865699539787627
0.31939528612646706
0.2437373779676141
0.9295318532689456
0.7176085940390365
0.7394905386749542
0.9995846094417196
0.26030176533849847
0.28278644074520065
0.07158639848271417
0.756590998580546
0.680123330445488
0.8197459118363934
0.17554204316013955
0.3182581461947147
0.2438631932215807
0.9309132740653792
0.7183694739648971
0.7398588875396808
0.999596247428609
0.2599392355250245
0.28201518708668244
0.07017252658173584
0.7564484473893491
0.6812608568488506
0.8228832965162858
0.1786404655462821
0.319262250434161
0.2434036329392494
0.9290176172006144
0.7176103048140918
0.7400087149503818
0.0006692763046511896
0.26032592616074457
0.28175244245307457
0.06918191953487884
0.7560757481698639
0.6815280560676729
0.8239578620491956
0.17980492296711414
0.31976518869306464
0.24356417581636358
0.9288259080702796
0.7173257036136287
0.7395445673922911
0.9999808911962765
0.26044587820577836
0.2826924648042336
0.0712255403986195
0.7564509744456245
0.6802127435741535
0.8201217394562882
0.17596446800861654
0.31844217831054933
0.24392377268999882
0.9308469152378409
0.718266474716155
0.7396886954185431
0.99934247064694
0.25998253709920394
0.2823596294779839
0.07092188869949512
0.756587317011693
0.6807807056560862
0.8214816529718123
0.17723851484541608
0.31877993076230776
0.24353693399640444
0.9297583377907628
0.7179549364167344
0.740061188845869
0.00043451753606071897
0.26015607073185637
0.28163110737621877
0.06907310251227214
0.7561275188452308
0.6817374380177996
0.8244556586486633
0.1802554621119099
0.3198808411304722
0.24341863056508511
0.9284280906901132
0.71721333594514
0.7396832303523629
0.00038414841188738613
0.26050884441307637
0.2824213532248806
0.0705377416812519
0.7562775485107065
0.6805640900404085
0.8212210879070978
0.1771034118970196
0.31885982159943765
0.24388203700965128
0.9303481982911275
0.7179888462130595
0.7395493149274728
0.9993277110475443
0.2601145375973628
0.2826508829075125
0.07146100291930221
0.7566451827250765
0.6803537155881495
0.8202991690128605
0.17606471803179824
0.318397835484299
0.24370711548323773
0.930470569001281
0.7182422221888012
0.740009328368446
3.864348927429262e-05
0.26000999337676073
0.28172095421712273
0.06942551965317856
0.7562631352355732
0.681648337073146
0.8240862238733598
0.17985500884560324
0.3197049377241774
0.24335524375791273
0.9284811700326041
0.7173111725559209
0.7398557988979615
0.0006480765036260827
0.26046824204029817
0.2820722096586583
0.06977467018629091
0.7561357408742854
0.6810518393745293
0.8226465397711331
0.17853273800175673
0.31935365005348804
0.2437519938599535
0.9296018596692843
0.7176390974542483
0.7394907827954227
0.9995546184295675
0.2602865255474016
0.2827844746408075
0.07159710283484447
0.7565999141075951
0.680129903110558
0.8197543322982594
0.17554695148121668
0.31825622234080275
0.24385323715307794
0.9308958619458667
0.7183683010520651
0.739873606466569
0.9996282630262772
0.25994052453957095
0.28198587019600124
0.07010382132921561
0.7564335652004843
0.681300700901134
0.8230028779634595
0.178760423402891
0.3193046445000395
0.2433952796600779
0.9289590360737373
0.7175807650940029
0.7399992572636153
0.0006790102262159703
0.260340250939278
0.28177275215685216
0.06921425370608991
0.7560761180661746
0.6814964405123671
0.8238744777932351
0.17972579326689742
0.31974100951140105
0.24357955558932132
0.9288799152870246
0.7173452879919171
0.7395357158566354
0.9999427317740133
0.26043565002851765
0.28270916212180863
0.07127427315790377
0.7564658470354997
0.6801928509620818
0.8200544112617182
0.17589275522055425
0.31841435626719977
0.24392244608725594
0.9308721600362209
0.7182839410762332
0.7397035712510263
0.9993561995595943
0.25997452589515047
0.282329125233488
0.07085965642039938
0.756577597097227
0.680824100940313
0.8216055813815162
0.17736219955499566
0.31882154222302106
0.24352262184170917
0.929688974541285
0.7179245876274991
0.7400607462005723
0.0004639395976577809
0.26017122458381836
0.2816334436214577
0.06906331307249691
0.7561189267217658
0.6817305389399027
0.824446148666407
0.18024977349815519
0.3198825947667246
0.24342894467517068
0.9284463261941678
0.7172148584285261
0.7396685069419647
0.0003517474854377589
0.2605073672302832
0.282450653596901
0.07060671491670714
0.7562927403229684
0.6805246007597945
0.8211018804157685
0.1769817990151359
0.31881652719289777
0.24388983997158847
0.9304066490968064
0.7180185247538371
0.7395591108444215
0.9993185880488509
0.26010018005731594
0.2826299240515555
0.07142704030733471
0.7566441130951275
0.6803856059056215
0.8203842860473028
0.17614845225689368
0.3184239445666167
0.2436919198373971
0.9304149707189047
0.7182217800082394
0.7400179623325623
7.716568652971212e-05
0.26002062051523744
0.28170468875222926
0.06937753216645456
0.7562486710771165
0.6816682488373563
0.8241529463164966
0.17992359892798282
0.3197315243531118
0.24335674307670294
0.9284574881837424
0.7172943045581976
0.7398405831233885
0.0006330581160187698
0.2604759484385969
0.282103400893881
0.06983871535064051
0.7561456656555778
0.6810070695208843
0.8225188757966414
0.178406515833879
0.319311127404208
0.24376625516447728
0.9296720663088083
0.717670064655888
0.7394918860088342
0.9995259668396612
0.2602710963596988
0.2827807741837356
0.07160399584965302
0.7566080898596954
0.6801388528769134
0.8197697617586354
0.17555903763923308
0.31825679087027214
0.24384264268151165
0.9308747186068355
0.7183653801118858
0.7398880428115898
0.9996614325374461
0.259942673074101
0.2819571989350188
0.07003574890439507
0.7564184631965658
0.6813394837037255
0.8231198775003612
0.17887787523417753
0.3193463551207151
0.24338764818990172
0.928902537694511
0.7175518375566405
0.7399891190638294
0.0006867059355331051
0.2603542370999738
0.2817943917453547
0.06924998592817552
0.7560773361595164
0.6814630747315111
0.8237856404104699
0.17964110685261314
0.3197147891487082
0.24359511601371922
0.9289363163130142
0.7173662287847274
0.7395275940801245
0.9999047466965257
0.2604247792596086
0.28272433780294604
0.07132014179486662
0.7564803946889819
0.6801751903574822
0.8199932908416188
0.17582722312973287
0.3183885650169993
0.24392027601896643
0.930893735442446
0.7182999029460826
0.7397186581623424
0.9993718734782848
0.2599672761308882
0.2822982709459232
0.07079586537968752
0.7565672360269816
0.6808678114597814
0.821730964314944
0.17748739736773
0.3188638561073056
0.24350865804502694
0.9296195862061971
0.7178938549307166
0.7400594369399337
0.00049193119947466
0.2601865298347353
0.2816375298094127
0.06905739051793797
0.7561110559479673
0.6817211734471315
0.8244294451932668
0.1802370279418799
0.31988192085310097
0.24343991267328255
0.9284682576071714
0.7172181242196899
0.7396541090460524
0.0003182839597193343
0.26050503325203916
0.2824792182266731
0.0706748577266379
0.756308151098231
0.6804863646428944
0.8209857421321124
0.1768629646688209
0.3187739970463608
0.24389688905980317
0.9304628718183179
0.7180475155464111
0.7395695454933855
0.9993114921072862
0.2600861973389952
0.28260772532693634
0.0713898488055747
0.7566421944545731
0.6804190802179576
0.8204744173941146
0.17623734674833713
0.31845195850705466
0.243676570835779
0.9303571721784135
0.7182000677668675
0.7400258744615652
0.00011544576470523538
0.2600318484359731
0.28168992479664623
0.06933239484897882
0.7562345389287068
0.6816859529790383
0.8242135400064196
0.17998623486536225
0.31975617483126895
0.24335909772349157
0.928437399640762
0.7172789113599369
0.7398251726413534
0.0006161546777732063
0.26048290700623955
0.28213490824274956
0.06990424464624823
0.7561562441127281
0.6809620840444254
0.8223899738176939
0.17827871116901317
0.3192678468342473
0.24378011925008694
0.9297422616252693
0.7177014019207888
0.7394938436984927
0.9994987386782319
0.26025552439756305
0.28277535319775227
0.07160706297017716
0.75661550223858
0.6801501487467692
0.8197921415180889
0.17557824985000758
0.3182598441162311
0.2438314415111744
0.9308499134721062
0.7183607228884363
0.7399021539765368
0.9996956550853837
0.25994567328792884
0.2819292578167333
0.06996851092325956
0.7564031858936322
0.6813770898931775
0.8232339486181735
0.17899248189967665
0.31938726256945016
0.243380761643509
0.928848286422035
0.7175236069232285
0.7399783316771666
0.000692344125849953
0.26036784366116617
0.2818172944266849
0.06928900450057504
0.7560793992115652
0.681428064105327
0.8236916284171942
0.17955111650937816
0.3196866042578484
0.2436108077317789
0.9289949388306067
0.717388462252039
0.7395202266598774
0.9998670514929864
0.26041329906342336
0.2827379460968329
0.07136300698731862
0.7564945712335209
0.6801598116964379
0.8199385570744221
0.17576807510706804
0.31836488500441956
0.24391726891030083
0.9309115735458455
0.7183143114396187
0.739733912453887
0.9993894495768777
0.2599608100882711
0.28226715593977436
0.07073069922271624
0.7565562642536858
0.6809117124057439
0.8218574426066712
0.1776137452316342
0.31890674956776305
0.24349508341291065
0.9295503746075182
0.7178628275692239
0.7400572642482218
0.0005184097333903459
0.2602019419935249
0.28164335535646595
0.06905535523502254
0.7561039298619678
0.6817093666474651
0.824405590181924
0.18021725284826617
0.3198788170978979
0.2434515011514286
0.9284938226687455
0.7172231253328234
0.7396400803462848
0.00028385757817561696
0.26050184866853915
0.2825069604198074
0.07074196357350618
0.7563237334887253
0.6804494962575676
0.820873023500237
0.17674727780635413
0.3187323643788332
0.24390316457140201
0.9305166948126029
0.7180757298320648
0.7395805870252246
0.9993064449698723
0.2600726321670881
0.2825843543413677
0.07134954228440069
0.7566394344791921
0.6804540394801457
0.8205692930552527
0.17633112277546048
0.318481788150155
0.24366111448503683
0.9302973518672253
0.718177152436554
0.7400330394005757
0.00015336382315123132
0.2600436425466014
0.2816767099843175
0.06929025107384909
0.7562207813639881
0.6817013889095097
0.8242678043819732
0.18004272085492623
0.31977881356225
0.2433623029475169
0.9284209708525492
0.7172650417345583
0.7398096141199231
0.0005974151460013122
0.2604890955574768
0.2821666360381956
0.0699710603945014
0.756167446059778
0.6809170218106628
0.8222602291064128
0.17814971153717418
0.31922393962437345
0.2437935449663547
0.9298122342879147
0.7177330144333257
0.7394966486052429
0.9994730134773249
0.2602398566889845
0.2827682308049916
0.071606301534753
0.7566221302496815
0.6801637528624443
0.8198213920518663
0.17560451360892793
0.31826536640771874
0.2438196672236772
0.9308215276122753
0.7183543465614863
0.7399158981164508
0.9997308259555774
0.25994951466885197
0.2819021296182499
0.06990230760950275
0.7563877784399677
0.6814134067493558
0.8233447512342125
0.17910391130966063
0.3194272491016191
0.24337464115322852
0.9287964408014935
0.7174961562208384
0.7399669284158252
0.0006959113447853049
0.2603810305828648
0.28184138951280574
0.06933118781657846
0.7560823016032345
0.6813915192751325
0.8235927365842931
0.17945609156772768
0.3196565376452286
0.24362658108733842
0.9290556037612256
0.7174119206840803
0.7395136358081457
0.999829760648158
0.260401244467239
0.28274994620191407
0.07140273900930669
0.7565083317776349
0.6801467578234406
0.8198903687487574
0.17571549356029914
0.3183433895936917
0.2439134336137021
0.9309256182504977
0.7183271226485066
0.7397492900044841
0.99940887918968
0.25995514755177385
0.28223587016175067
0.07066434542419672
0.7565447139086788
0.6809556783954961
0.8219846540887216
0.17774087813786998
0.31895009862481916
0.24348193756095127
0.9294815403737922
0.7178315954325849
0.7400542340907023
0.0005432977462347388
0.26021741636516843
0.281650904071183
0.06905721501857384
0.7560975695420463
0.6816951518415375
0.8243746491997949
0.18019049743946125
0.3198732885798057
0.2434636744759652
0.9285229474305793
0.7172298482879502
0.7396264634568699
0.00024857135871991787
0.26049782237407393
0.2825337959027553
0.07080782872322794
0.7563394393224311
0.6804141057957385
0.8207640643559582
0.17663509845102432
0.3186917599197021
0.2439086490157093
0.9305679532356503
0.718103081073892
0.7395922019758843
0.9993034627761591
0.2600595260769152
0.28255988180140734
0.07130624292683993
0.7566358431783026
0.6804903808363829
0.8206686307185853
0.17642948900626831
0.3185133396328719
0.24364559702741084
0.9302356934110657
0.7181531041677676
0.7400394339764166
0.00019080134212901
0.2600559667632036
0.2816650874379768
0.06925123538773831
0.7562074398302299
0.68171450269803
0.8243155573810965
0.18009287831537257
0.31979937047518003
0.24336635138989163
0.92840825770917
0.717252740064324
0.7397939546199861
0.0005768937189234435
0.2604944941343782
0.28219848805911774
0.07003896130361875
0.7561792393539961
0.680872021500051
0.822130038618353
0.178019908624375
0.3191795393055078
0.2438064927432546
0.9298817737687057
0.717764806551235
0.7395002908725077
0.999448866124332
0.26022414053742726
0.2827594313223607
0.07160172066407708
0.7566279555336007
0.6801796206778371
0.8198574134414133
0.17563773217454304
0.31827333421629633
0.24380735517462365
0.9307896533946476
0.7183462736430407
0.7399292342560193
0.9997668369411716
0.25995418408946014
0.2818758951520275
0.06983733722057375
0.7563722864861357
0.6814483245183655
0.8234519526538664
0.17921183926295225
0.3194661992462402
0.2433693058112078
0.9287471531629305
0.7174695665587719
0.7399549444561024
0.000697399965481571
0.2603937588743273
0.28186660267616814
0.06937640483344368
0.7560860353560321
0.6813535557153879
0.8234892748145307
0.17935631702533983
0.31962467802052974
0.24364238632359775
0.9291181258985566
0.7174365326362881
0.7395078412725644
0.9997929871976341
0.26038865223869556
0.282760302410625
0.07143921819656418
0.7565216328928919
0.6801360643762058
0.8198488640646368
0.17566963923441792
0.31832414479159976
0.24390878140166422
0.9309358255373716
0.7183382978045535
0.7397647463714699
0.9994301078618655
0.2599503057327197
0.2822045039739477
0.07059699488524737
0.756532618734337
0.6809995837470013
0.8221122343829427
0.17786842995328156
0.3189937784508173
0.24346925882091955
0.9294132824782763
0.7178002488486246
0.7400503551986721
0.0005665231176852359
0.26023290815470734
0.28166015419393053
0.0690629650546957
0.7560919937577565
0.6816785704425591
0.8243367112788298
0.18015683269813287
0.31986534777304776
0.24347639490832795
0.9285555464620987
0.7172382741408185
0.7396132997912594
0.00021253128192211257
0.2604929659444492
0.2825596430861178
0.0708722528844278
0.7563552197656852
0.6803802987508919
0.8206591928939899
0.17652677646953507
0.31865231144664197
0.2439133271470249
0.9306164895701694
0.7181294852383304
0.7396043553763589
0.9993025560100766
0.2600469192803565
0.28253438128224
0.07126008082135604
0.7566314328388991
0.680527997920142
0.8207721366224454
0.17653214253899874
0.31854651472810996
0.24363006479115315
0.9301723849397198
0.7181279960523755
0.7400450372976043
0.00022764162698529766
0.2600687836323156
0.2816550955778722
0.0692154729586534
0.7561945545099332
0.6817252473530582
0.8243566363021916
0.1801365466067053
0.3198177812811117
0.2433712330575092
0.928399305233931
0.7172420461543478
0.7397782414650658
0.0005546497497905811
0.26049908509388325
0.2822303678012792
0.0701077430027928
0.7561915899537347
0.6808272211890541
0.8219997998318388
0.17788969716383907
0.3191347812756071
0.24381892468119978
0.9299506709029695
0.717796682071603
0.7395047581010163
0.9994263667119908
0.26020842339202366
0.28274898413892513
0.07159334110271634
0.7566329623842059
0.68019770114979
0.8199000858734367
0.175677787141016
0.3182837163343356
0.24379454238216525
0.9307543940857445
0.7183365318535431
0.7399421224078975
0.9998035767125593
0.2599596658735863
0.2818506330339209
0.06977379545696369
0.7563567560497952
0.6814817367418192
0.8235552285532213
0.17931595029419256
0.3195040001006167
0.24336477261191683
0.9287005692171914
0.7174439169022266
0.7399424167122516
0.0006968081516811608
0.2604059907027625
0.28189285621495463
0.06942451556140533
0.7560905901561694
0.6813142932924724
0.8233815669812838
0.1792520926270489
0.31959111972928556
0.2436581737769542
0.9291823145517171
0.7174622231730292
0.7395028602665155
0.9997568423357369
0.2603755607594591
0.28276898423356917
0.0714723353674464
0.7565344327867853
0.6801277596971093
0.8198141602158866
0.17563065061023964
0.3183072090054957
0.24390332595247355
0.9309421636773045
0.7183478034202124
0.7397802368915344
0.9994530754210132
0.25994629920430956
0.28217314794827875
0.0705288415236606
0.7565200140127584
0.6810433027530324
0.8222398176938929
0.17799603423794919
0.31903766364994535
0.2434570841538359
0.929345797792922
0.7177688783768662
0.7400456390419836
0.0005880192103950854
0.26024837256987476
0.281671078461677
0.06907258796157487
0.7560872189300182
0.6816596718559267
0.8242918886528877
0.1801163512225048
0.31985501454520926
0.24348962273996802
0.9285915231110182
0.7172483785362918
0.7396006294294208
0.00017584595671160663
0.2604872936026007
0.2825844233253601
0.07093503985421198
0.7563710254950851
0.6803481756067318
0.8205587246545711
0.17642265034563342
0.31861414332399307
0.24391718599542145
0.930662154148765
0.7181548610752746
0.7396170108630797
0.9993037294540402
0.26003485053248965
0.2825079289968695
0.07121119355291161
0.7566262179689194
0.6805667811545234
0.8208795064209549
0.17663876992942829
0.3185812111873349
0.2436145640431438
0.9301076184582935
0.7181019038860577
0.7400498308476258
0.00026377023881574146
0.26008205445290666
0.2816467679440501
0.06918307905410784
0.7561821641877385
0.6817335830832081
0.824390898608567
0.1801735837061389
0.3198339877164552
0.24337693530575033
0.9283941473051506
0.7172329950593892
0.7397625221116098
0.0005307476486993146
0.2605028531883232
0.2822621787464117
0.07017719858006158
0.7562044619827362
0.6807827579400195
0.8218699096014351
0.17775947381648471
0.3190898024081744
0.2438308046320713
0.9300187184410249
0.7178285444974124
0.7395100354125397
0.9994055804070083
0.2601927527180625
0.2827369235756099
0.07158119501848431
0.7566371377543151
0.6802179369477992
0.8199492702012894
0.17572453909252816
0.31829647408251105
0.2437812674079513
0.9307158634099166
0.7183251539791976
0.7399545236926737
0.9998409312091161
0.25996594187216027
0.28182641944850684
0.0697118748565062
0.7563412333758542
0.6815135405917337
0.823654263980108
0.17941593852951
0.3195405416276886
0.24336105639475003
0.9286568276491592
0.7174192838436793
0.739929383707113
0.0006941398182616076
0.26041768950297733
0.2819200693249858
0.069475371567432
0.7560959533810299
0.6812738558135547
0.8232699497376454
0.179143731909174
0.3195559624698959
0.24367389406534762
0.929247974193742
0.7174889141183903
0.7394987074102037
0.9997214350390615
0.26036200989598357
0.2827759665020599
0.07150199219585263
0.7565466914649626
0.6801218647718025
0.8197863530569712
0.1755986434064667
0.31829263283846443
0.2438970833283338
0.9309446133917755
0.7183556114059862
0.7397957167817022
0.9994777160717705
0.2599431398480725
0.2821418926614322
0.07046008185506814
0.7565069364900853
0.6810867099559168
0.8223670376057094
0.17812332505108763
0.31908162853509275
0.2434454490685583
0.9292792806562282
0.7177375746031213
0.7400400997892428