0
0.29292929292929293
0.4631383907424441
0.6041211410186089
0.8225849062565204
0.15535919452674873
0.3826650639235863
0.5243780338869409
0.6855172607719751
0.963672361623672
0.2706378758671617
0.4513483950629096
0.5937409682536476
0.8068649326882076
0.13927196590246815
0.3739464843110586
0.5179953894326824
0.6764099508684864
0.9487786114672914
0.2614206577016833
0.4470664187413238
0.59114172271799
0.8042100417982512
0.13728761558490876
0.3736577271131009
0.5192401136901238
0.6801771280920873
0.9563805635472875
0.2670443296094074
0.4511135728373748
0.5966857630614767
0.8149360058633444
0.15005871950624372
0.38214658563255377
0.5283349315628194
0.6970716652827059
0.9861562959803676
0.286301929711251
0.4624213427082713
0.6087563852705125
0.8354817237526625
0.1716034653154821
0.39553806779452105
0.5417754913741848
0.7210508648356788
0.025549738011407808
0.3096965003049296
0.47537127838710963
0.6214216215621109
0.8554567752489489
0.18987320710826716
0.4059441980322427
0.5510745085654545
0.7363667166239047
0.04851603147411643
0.3224508448753257
0.4820279413463058
0.6272579270991137
0.8637877178801674
0.1964631967988979
0.4089505715574563
0.5525069987039983
0.7373111695156098
0.04903485582942846
0.32214832068586796
0.48079786860710966
0.6241229532160992
0.856982172366753
0.18946736510449402
0.4037272623203789
0.5455806531275845
0.7234021354460489
0.02677369980239175
0.30882718525413966
0.47215567556678384
0.6133221666162036
0.8376779901756205
0.1705208636412947
0.39158876076018484
0.5324806712528317
0.6991771201967844
0.986760801034934
0.28492363054813974
0.4588155654161439
0.6001264270052108
0.8163582329530779
0.14900640171053237
0.3791165497352869
0.521553592618505
0.681180852218918
0.9564133215129318
0.2660808923965723
0.44907387645291297
0.5920176282248064
0.8045422798041739
0.13698713373276483
0.3728810593337167
0.5175527140176777
0.6762380909043495
0.9488161699805127
0.26163912945174994
0.44747845430900346
0.5920590256861442
0.8062482297399347
0.13989215490254092
0.37548630398106664
0.5213243363714072
0.6841708419639492
0.9636044724650077
0.2719014163958211
0.4540780519562105
0.6000247638799298
0.8208266451205106
0.15655155739251603
0.3862766316648393
0.5325696571119161
0.7047369283124307
0.9991137062980854
0.2941995155806363
0.46683982016923264
0.6131434974882175
0.8425282470501225
0.17831888674345908
0.3994824107315226
0.5454721975526163
0.7273468370452901
0.03525788061380419
0.3151927645834544
0.4783368309057555
0.6242038260361157
0.859650944131
0.1933806164509404
0.40775865942017914
0.5524059899056235
0.7382246065490754
0.05101884629308717
0.32369344747465545
0.4824508726338466
0.627197427482703
0.86321004597228
0.1956706863413158
0.40815398122408464
0.5511713905966134
0.7344242389015465
0.044391796979010634
0.31930460522616005
0.4787754877202516
0.6213170438840752
0.851782918478686
0.18441121169415764
0.400375224752631
0.5417431534337598
0.716124047057616
0.0149555840451836
0.3018402539665367
0.4680956675956095
0.60899821364854
0.8304409873653908
0.16328820700772395
0.38724577223300627
0.5283584962316159
0.6920381615339259
0.9746911601282409
0.2775060058059762
0.4548936626365021
0.5966773844389762
0.8111336550981544
0.1436358833595306
0.3762049993015639
0.5194267081129533
0.6781512202574014
0.9514443946135379
0.2629822687677703
0.4476195391015606
0.5911048498071032
0.8035583815288071
0.13619431835518436
0.372693988991875
0.5178670470162157
0.6773037383780165
0.9510116904532724
0.2632943786906732
0.4486970515718716
0.5937644462109983
0.8095788488829088
0.14389968475219517
0.37815677256031494
0.5241855610233457
0.689488416706267
0.9730228189350325
0.2780357696831377
0.4576951075068691
0.6039076642522617
0.8274656465632898
0.1635610211013927
0.3906537882693741
0.5369908980340157
0.7126550149364035
0.01215400660055077
0.30193924077447065
0.4711205820409171
0.6173249641856619
0.8491163396143813
0.18432889020717713
0.40290355471078965
0.5485306462873819
0.7323833919663212
0.0427809063975122
0.3193643527918559
0.48052604382703806
0.6261474149956273
0.8624471483759013
0.19559223047012808
0.40878099339278867
0.5529247859858516
0.7386323849490664
0.05133930443370449
0.32368335994148584
0.4821066350917347
0.626245355317833
0.8611174231325976
0.19352205283966484
0.4065356912208642
0.549002079264364
0.7300537013759515
0.03743066781306048
0.31513838341559447
0.4760379619501469
0.6178402498771459
0.8455342839715864
0.17829464481238522
0.3964363335362755
0.5374513789681503
0.7081517877901703
0.0018000225843306517
0.2940082700104031
0.4637291559948255
0.6046838874628586
0.8234763926054711
0.15626352771664642
0.3831786516699712
0.5248055003119817
0.6861965047644397
0.9648165031659919
0.2713546053206417
0.4517131357785569
0.5940320858004338
0.8072759602898629
0.13968750386655215
0.3741537974298167
0.5181110497153256
0.6765258919080432
0.9489361781487702
0.2615002489103755
0.4470726154885668
0.5910792107647638
0.8040367846669837
0.1370498452985156
0.3734792800119948
0.5190209568609242
0.6797432011303162
0.9555839821940366
0.2664981404903495
0.45077181662337373
0.5962879203614765
0.8142205211034909
0.1492515223142057
0.3816283736642928
0.5278001524670263
0.6960991315328433
0.984489765697149
0.2852689560825228
0.4618376792650221
0.6081682578186173
0.8345237238942533
0.1706657330347192
0.3949773117231077
0.5412367996041041
0.7201178562464889
0.024085243034404513
0.308857895959301
0.4749144316706184
0.6209855036860316
0.8547888666642502
0.1893013259984866
0.40563786564353077
0.5508303535486937
0.7359993393487074
0.04799994901650795
0.3221800888207179
0.4819074443490899
0.6271919096284619
0.8637393605163863
0.19645785676700633
0.40898965900839507
0.5526168067640732
0.7375747973477547
0.049468925953646714
0.3224220722766038
0.48100738336828575
0.6244346377407859
0.8575731391729122
0.19004253198303367
0.404116584406909
0.5460405391966698
0.7242853585703125
0.0281958601613439
0.30966748112935816
0.4726586148956391
0.6138840689861399
0.8386386428760381
0.17147600858164402
0.39217449067586246
0.5330615420023936
0.7002080118576559
0.988498078215788
0.2859816745133801
0.45938136855293665
0.6006377663262381
0.8171454758641864
0.14981308012470396
0.37956140744266026
0.5218950453148208
0.681689521222624
0.9572591440209067
0.2666119440135235
0.44933371490251695
0.5922036265017752
0.8047790043763134
0.13721081461200768
0.3729751387507583
0.5175697140199115
0.6761915287875394
0.948689388560932
0.26152834119080115
0.4473772141206924
0.5918907199873878
0.805900078328811
0.1394602699045635
0.3751914615587245
0.5209993937302954
0.68355813956932
0.9625061391550362
0.27117254997452855
0.45363998842287145
0.599541677197553
0.819985566022581
0.1556405293593548
0.3857011521993722
0.5319825025564483
0.703678001260031
0.9973426141900977
0.29313303699099014
0.4662467991873583
0.6125599613323058
0.8415998873102333
0.1774517536143283
0.39898018337957053
0.5450109721659107
0.7265724409529986
0.03408094132803319
0.31453258048105337
0.4779840678694656
0.6238789265192003
0.859169013573432
0.1929863070612614
0.4075622057238908
0.5522759470426846
0.7380625155800624
0.05081505602167491
0.3236027179145399
0.4824408020316882
0.6272600083115544
0.8633801801029988
0.19585946320631065
0.4083109277658836
0.5514017646019348
0.7349028532067309
0.045155490598224546
0.3197664407658238
0.4790918008299393
0.6217386714997994
0.8525535152880862
0.1851616610422575
0.4008663562338131
0.5422937322792236
0.7171592747054346
0.016647776211170306
0.3028423300896246
0.4686665427380153
0.6095856046026271
0.8314082969892012
0.16425869850414654
0.3878190915791746
0.5288834682917537
0.6929279911867257
0.9761975437714425
0.2784381561371543
0.4553819689138359
0.5970970746962817
0.8117601660973608
0.14428047902733754
0.37654895762335583
0.5196662773587242
0.6784766122202617
0.9519689344271208
0.26330549545409876
0.4477627834466852
0.5911765734155342
0.8036068093943325
0.13620665214412808
0.3726637595321309
0.5177774051455345
0.6770834197603737
0.9505828490672037
0.2629838233299575
0.4484842951103744
0.5934880860091366
0.8090549614381153
0.14328088073972012
0.3777499200277902
0.5237562785852099
0.6886971663793735
0.9716332270071038
0.27714274548423057
0.45717542704441
0.6033603630408585
0.8265424720790933
0.16260552202285572
0.39006297027812364
0.53639989738027
0.7116035427676631
0.010443789543365112
0.30093499954794095
0.47056716586249836
0.6167870485934991
0.8482748307723542
0.1835750118381556
0.4024804671781158
0.548161195918121
0.7317855502617405
0.04190094941473266
0.3188814802159664
0.48027770672699277
0.6259364480358842
0.862154994465854
0.1953704583606246
0.4086891960476806
0.5529012724506758
0.7386593744472424
0.051418336004533716
0.3237544743100363
0.4821952516000252
0.6264219218131742
0.8614809802526071
0.19388538543825917
0.4067981155374659
0.5493384584818589
0.7307203980136638
0.03849324217651251
0.3157708442294155
0.47644257903662085
0.6183371165067033
0.8464164069268482
0.1791617938688277
0.3969881314464757
0.5380395207880265
0.7092336164523794
0.0035976477700299103
0.29508380597165096
0.46432029650359286
0.6052515145752755
0.8243793733332057
0.1571782499861245
0.3837003640565843
0.5252445552044624
0.6868998129264601
0.966002484874106
0.2720967977196356
0.4520923386443226
0.5943379138390319
0.8077114705732107
0.1401295557591642
0.3743768148526109
0.5182406066500784
0.6766649587551918
0.9491342667178351
0.26160694409003127
0.44709410812956896
0.5910317533299088
0.8038884570619281
0.13684011430132048
0.37331755738566774
0.5188166837010026
0.6793341121281155
0.9548298742984336
0.2659785635431944
0.45044443482787533
0.5959033394655475
0.8135254741584627
0.14846321922255257
0.38112114971259303
0.527275819180857
0.6951444858353326
0.9828489175751949
0.2842476740337987
0.4612589459924421
0.6075825336442269
0.833566007512248
0.16972207299325204
0.39441059059116235
0.5406893145467864
0.7191660464907025
0.02258474539101707
0.3079962248436658
0.47444417218869755
0.6205351994680953
0.8540970928029195
0.1887057441735034
0.405316644580662
0.5505705205424932
0.7356034863291248
0.04743986146758217
0.3218838462857672
0.48177141020530795
0.6271079642743347
0.8636606630735271
0.19642565495189745
0.40901245927489616
0.5527099481863259
0.7378087508998725
0.04985815142393779
0.32267022664732464
0.48120185658414005
0.6247299131972043
0.8581366876937482
0.19059168614103683
0.40449043276243474
0.5464857058288624
0.7251430366222327
0.02957460262393785
0.3104824134180476
0.47315001943590085
0.6144393858347363
0.8395926540848554
0.17242335386729057
0.39275822385486525
0.533646051640758
0.7012506745545648
0.9902530158192557
0.2870480710761827
0.45995324152809347
0.6011580019008288
0.8179493919801557
0.15063584396058705
0.3800168840636669
0.5222485264691126
0.6822210768076375
0.9581450935707494
0.26716841208467645
0.4496078565886282
0.5924037946633235
0.8050391489516665
0.13746055081965602
0.3730845572706728
0.5175999403843048
0.6761665966395142
0.9486003746391304
0.261442781493453
0.44729017333948895
0.5917363433208336
0.8055748509613045
0.13905345865658814
0.3749116839832426
0.5206883324745758
0.682969076755306
0.9614472115612774
0.27046683683472317
0.4532138465294648
0.599068685610726
0.8191586302031819
0.15473971234067996
0.3851308085644076
0.5313995881470388
0.7026253991015863
0.9955760164954985
0.29206536494771873
0.46565215584673453
0.6119734782183881
0.8406643461718895
0.1765726691478231
0.39846888431288424
0.544538476320559
0.7257756117345249
0.03286470469958136
0.3138484836137271
0.4776173181723278
0.6235389737688947
0.8586619978643735
0.1925686398770745
0.40735144979731874
0.5521312064151807
0.7378741709981292
0.05057172768465268
0.3234892771748344
0.48241678851336345
0.6273063281599867
0.8635226572087613
0.19602355559293128
0.40845289942180485
0.55161688836066
0.7353542932450046
0.045876943840517326
0.3202041872832133
0.47939491805755485
0.6221475938397636
0.8533039641025015
0.18589187694649678
0.4013461121994781
0.5428350932944764
0.7181799333100609
0.01831246125165986
0.30382732380838223
0.4692309969702442
0.6101725155160153
0.8323796698050756
0.1652320867886894
0.3883970282396438
0.5294186709577823
0.6938414598227697
0.9777437845487003
0.2793931083682659
0.4558836683804335
0.5975313864833345
0.8124115887696408
0.14495083525178476
0.37690853244778516
0.5199206743378574
0.6788277770482776
0.9525386303848331
0.2636583214805279
0.4479226210768198
0.5912644875838042
0.8036818920638826
0.13624903875338767
0.3726512223635282
0.5177029572543274
0.6768878724397255
0.9501969255225595
0.2627013844077952
0.4482871280397034
0.5932266792734178
0.808555147568057
0.14268705927026604
0.37735798802521503
0.5233409968063584
0.6879299394534415
0.9702820728318056
0.27627063758612724
0.4566658403004084
0.6028204712780697
0.8256278453440642
0.16165278274042172
0.3894718749716027
0.5358065297155626
0.7105453699625284
0.008715826670370852
0.2999171066914476
0.4700056342023296
0.616240459284753
0.8474179469957568
0.18280322296174045
0.40204541581249403
0.5477784308294975
0.7311626632243864
0.040980067314604796
0.31837447533023533
0.4800150515581868
0.6257096512308465
0.861836425565591
0.19512501762477208
0.4085831078866544
0.5528632706316388
0.7386607203342143
0.051459106249279074
0.3238037414445497
0.482270639156823
0.6265833644328653
0.8618189373692411
0.19422536914885447
0.4070464763203158
0.5496608646858698
0.7313624001657147
0.03951587609335405
0.31638044947311195
0.4768358587164079
0.6188253111773843
0.8472865913356317
0.18001600407307516
0.3975338075960821
0.5386253637420373
0.7103147723199654
0.005390402526832094
0.296154535110663
0.4649111769790842
0.6058236159403243
0.8252933848645737
0.1581028800667792
0.3842300450413006
0.5256953139116984
0.687627648415505
0.9672310197642984
0.272864747766403
0.4524861943698326
0.5946587078709673
0.8081719145369364
0.14059848963774635
0.3746157727289939
0.5183843350106383
0.6768276799986496
0.949373803750165
0.2617413258761203
0.4471312132040912
0.5909996418631371
0.8037655272538594
0.13665899607680565
0.3731728707063785
0.518627488798201
0.6789500991006759
0.9541187428934567
0.26548610207276746
0.450131763174005
0.5955324234043855
0.8128516465780034
0.1476949227972404
0.3806256338807832
0.5267626268670826
0.6942089654055924
0.9812361226185405
0.2832396309692766
0.4606859548678134
0.6069999148122772
0.8326096244461871
0.16877345574085956
0.39383847758055707
0.5401336081346859
0.7181964358621945
0.0210495727977571
0.307112102564962
0.4739608634044355
0.6200711254303212
0.8533821018674392
0.18808682423293588
0.40498069673602327
0.5502951190698362
0.7351792792878404
0.046835742675998215
0.3215620676905529
0.48161985142077157
0.6270061792757314
0.8635518225574903
0.19636676676657316
0.40901909208889486
0.5527865645474336
0.7380133082620676
0.05020306792757867
0.32289309067721017
0.48138138865351165
0.6250087478165702
0.8586726869716754
0.19111484861059247
0.40484877580438733
0.5469159972316281
0.7259747959870738
0.03090961387113267
0.3112718936461182
0.47362970292342965
0.6149876679589583
0.8405390742545975
0.1733619543324978
0.3933392840623018
0.5342333529877917
0.7023034151942762
0.9920224877933888
0.2881208980969123
0.46053022338730065
0.6016863961195834
0.8187689484243117
0.1514735336752313
0.38048240361027125
0.5226137546146665
0.6827752988772327
0.9590707703448633
0.2677499068624274
0.44989609863073465
0.5926179802061453
0.8053224858313669
0.13773601524288237
0.37320913289763674
0.5176432725314082
0.6761631387599033
0.9485488889307161
0.2613823250516223
0.4472172810065337
0.5915958744963181
0.8052725597787318
0.13867186855239821
0.3746470585542613
0.5203911846480687
0.682403665183354
0.9604278792359596
0.26978460983093555
0.45279989261144843
0.5986061729463086
0.8183466337518772
0.1538502017401746
0.384566369916168
0.530821792525001
0.7015808132420503
0.9938169294868282
0.2909982579762329
0.46505677801599876
0.6113847681799932
0.8397226044128171
0.17568235643711727
0.39794885108726474
0.5440549234032426
0.724956583727254
0.031609191243042734
0.3131403593919183
0.4772365275624246
0.6231839432131121
0.8581298348190973
0.19212739514021582
0.4071262137301309
0.5519715383998978
0.7376591072334551
0.05028805657949453
0.3233526382955504
0.48237852440071016
0.627336014553203
0.8636368405732007
0.19616244112946157
0.4085795693033808
0.5518163933962397
0.7357778850887996
0.04655531312489458
0.3206173595390789
0.4796844008418666
0.6225430623074084
0.8540328291005034
0.18660062486901752
0.4018136425792153
0.5433661654324297
0.7191839206730289
0.019946395074948775
0.30479349324420846
0.4697880707449979
0.610757999155135
0.8333535870996885
0.166206851729223
0.388978723182621
0.5299634009678584
0.6947774474799007
0.9793277274984372
0.2803693636376221
0.4563980088217322
0.5979797589457209
0.8130871302170402
0.1456459489967734
0.377283211072057
0.5201896406902516
0.6792044981221885
0.953153109449518
0.26404039397875945
0.4480988512203669
0.5913684042340361
0.8037833161530896
0.13632109413502125
0.37265613854389323
0.5176434739456093
0.676716696084337
0.949853271841613
0.2624467340028449
0.4481054026973137
0.5929801321563806
0.808079337713701
0.14211836270088174
0.37698108026348043
0.5229397801675969
0.6871868273952751
0.9689697657162348
0.2754199173061527
0.45616667286507917
0.6022884027729954
0.8247225737462378
0.16070380554491903
0.388881224812179
0.5352116870037628
0.7094822558310925
0.006973004420772533
0.29888713397408123
0.46943683383739915
0.6156860012650287
0.8465468888058745
0.18201439833306576
0.40159884410278246
0.5473826997104732
0.7305152303034296
0.04001872633483505
0.3178435323039807
0.4797382339890693
0.6254672729012976
0.861491884488836
0.19485621979308076
0.40846290683196596
0.5528109567278829
0.7386367276499068
0.05146206697649003
0.3238314097399576
0.48233291713579735
0.6267297667510364
0.8621314152024824
0.19454219973703402
0.4072808789505607
0.5499693537896437
0.7319797766003454
0.040498893782925816
0.3169674111990063
0.47721777502166923
0.6193045376029743
0.8481441376826595
0.18085663674676034
0.39807285701042816
0.5392081782260438
0.7113937337757318
0.0071756814774524
0.2972190286576977
0.4655011256850876
0.60639974517564
0.8262178975163768
0.1590368756289502
0.3847675035551716
0.5261578610140767
0.6883804226783733
0.9685027171914918
0.27365867799390653
0.4528948583264007
0.5949946988504087
0.8086577101644045
0.1410946293726636
0.3748708858640348
0.5185425023887957
0.6770145850183688
0.9496557158248387
0.2619039670600847
0.44718423990474615
0.5909831586646184
0.8036684446054343
0.13650703250480434
0.3730455114705186
0.518453549620564
0.6785913717720521
0.9534510345661349
0.26502121651249166
0.4498341106486261
0.5951755443380802
0.8121997643329479
0.14694768667722902
0.38014250460745946
0.5262612180250612
0.693293702598913
0.9796535814990374
0.2822462948150921
0.46011948744797615
0.6064210959484716
0.8316556403324458
0.16782090236905667
0.3932615948177406
0.5395703268003627
0.7172101842864418
0.019481338890046995
0.306206311627404
0.4734649608902333
0.6195937884881826
0.8526446846467503
0.18744505452170657
0.404630257249247
0.5500043292731372
0.7347269609125517
0.046187736086476416
0.3212147976383911
0.48145284119712156
0.6268867187793254
0.8634131662220237
0.1962814739800618
0.4090097414515852
0.5528468649984545
0.7381888681146962
0.050504377716611426
0.3230910664420444