1
0.21999999999999997
0.20549619276557188
0.9615326196269338
0.7747099610801282
0.82374819154286
0.08634443637419342
0.22568453201112693
0.12907296004600036
0.8593877980541585
0.7742331090378543
0.9250488567193298
0.18418155003712933
0.22470692890276614
0.02950825466706644
0.7903003518706347
0.7822121925105406
0.007983422472764623
0.22178453998277187
0.20059501762052895
0.9520832582165939
0.7743656926540544
0.8325883177884564
0.09811577314968178
0.22561617363783404
0.11718053296000402
0.8484297449276756
0.7741925739763771
0.9359350542098028
0.19120075494799393
0.2238419525853048
0.02096790498503162
0.786732904946578
0.7849000387494935
0.01608280046688182
0.22318239729558445
0.19493064233896937
0.9420954119559724
0.77421351547423
0.8423065116378388
0.11009301414835404
0.2255982714822707
0.10517158719950995
0.8382208363968975
0.7742558910498049
0.946256196842659
0.19734882655458952
0.22265376754513191
0.01274163451585364
0.7837374593835529
0.7881220363875581
0.024423242718265348
0.22423319949278736
0.1884326008381804
0.9315404638589526
0.7742001365462022
0.852837742445711
0.12208138708600513
0.22563958898490905
0.09325639216698922
0.8288568388898891
0.774480774820945
0.9560185152722623
0.20269201162242068
0.2211022109945391
0.0047044284997819485
0.7812510308016278
0.7919425696813477
0.03312445355798399
0.22497759299062864
0.18104277014295997
0.9204350565114827
0.7742652673883567
0.8640585937930041
0.133858453588392
0.22571946035287255
0.08162083184592511
0.8203874676360305
0.7749175470485516
0.9652601650024603
0.20729972722196943
0.21914762004948504
0.9967346477515602
0.7792193602044882
0.7964244741277383
0.04227752063522505
0.22545746939264477
0.17273782392645312
0.9088679838721075
0.7743478098604593
0.8757719156603827
0.14518460827516444
0.2257920922126176
0.0704234088687549
0.8128330998306217
0.775611091818706
0.9740371747916031
0.21123500009614715
0.21674689675098366
0.988718263322927
0.7775980665854665
0.8016300625706153
0.05194260643630466
0.2257170483706205
0.16353240487690654
0.8969900592847908
0.7743984347267896
0.887739506279524
0.15585152013198922
0.2257974828813129
0.059766053318085266
0.8061777324176225
0.7766035910075813
0.982434424437364
0.21456016201944816
0.21384774557008257
0.9805355014255219
0.7763472766457424
0.8076276889970601
0.06216113944876378
0.22580545625935894
0.15347056930095895
0.8849833381180683
0.7743914319004734
0.8997338255641247
0.16572242486643418
0.22567450420318635
0.049677205528285834
0.8003681787164605
0.7779359029028623
0.9905678566805722
0.21733974497383457
0.21038827224318243
0.9720604518502445
0.7754270278282763
0.8144857748446096
0.07294749071666984
0.22577909371092986
0.14263748445106403
0.8730529674071064
0.7743302162000655
0.9115557648985255
0.1747240944138131
0.22536849225644734
0.040133832383654644
0.7953344145755117
0.7796477730993815
0.9985633656052952
0.2196338804390594
0.20630411437103752
0.9631830657616899
0.7747961934340036
0.8222501737807031
0.08425704401836942
0.2256997886922938
0.13118738409254896
0.8614321628450696
0.774246657230816
0.9230285051071517
0.1828191408233737
0.22483171262252388
0.03109068268797513
0.7910096765134481
0.7817795721056224
0.00653843844807489
0.221492405696079
0.20153340824541052
0.9538261674245012
0.7744121561824096
0.8309276972718205
0.09597211556613194
0.22562549557506809
0.11934070089937762
0.8503546353670995
0.7741939970142828
0.9340126866184746
0.19000078521479202
0.22402066467895418
0.022481586911493295
0.7873321621330329
0.7843775987412243
0.014607877300876648
0.22295709224790872
0.1960118679668522
0.9439383118603754
0.7742290499265818
0.8404911481030812
0.10792597604503174
0.22559698315124602
0.10733634378053966
0.8400016776436152
0.7742341075071472
0.944436746901857
0.19630153085793367
0.22289377827390286
0.014207664589959534
0.7842383480495476
0.7874985515795414
0.02289548130822805
0.22406752038867953
0.18966919073050736
0.9334862233975811
0.7741949241808845
0.8508827423151504
0.11992787987217235
0.22562831063934666
0.09538992259517917
0.8304806696222002
0.7744259262405682
0.9542975785127013
0.20178459561195217
0.22141067913408563
0.006145669809608095
0.7816644465066938
0.7912063859447013
0.031523859790070885
0.22486412266022604
0.18244313284706076
0.9224757544571964
0.7742505302765502
0.8619917778703563
0.1317607471645721
0.22570399090862173
0.08369112678737839
0.8218475700387773
0.7748210465507928
0.9636295881913718
0.2065201490244155
0.2195317842720753
0.9981722291920408
0.7795542700593711
0.7955644805398581
0.04059025235842095
0.2253885344363274
0.1743031264988037
0.9109821780472634
0.7743341057377263
0.873633444835292
0.1431853033532542
0.22578213411410536
0.07240506128675173
0.8141281531982751
0.7754651111663081
0.9724851457528388
0.2105721790029016
0.21721506749388927
0.9901727755622332
0.7778619552484574
0.8006347089858245
0.050159472806052374
0.22568439898970521
0.16525768793716655
0.8991474630759851
0.7743931879333714
0.8855728105524642
0.15398348318266475
0.22580428552315385
0.0616461500348606
0.8073136655289698
0.7764006370069199
0.9809430425227857
0.21400262695456473
0.2144101742245806
0.9820293556791146
0.7765472617415446
0.8064841858227618
0.06027596693567938
0.22579973565438002
0.15534560019731417
0.8871496037014684
0.7743971970413719
0.8975777699769917
0.16400480880676072
0.22570872772008882
0.05145545842415636
0.8013565947603132
0.7776686931173508
0.9891146826085854
0.21687592132135292
0.2110565635585736
0.9736159721246374
0.7755704026281639
0.8131826955923327
0.07096106781972411
0.22578958259572196
0.14464250049402208
0.8751889509139551
0.7743441789852381
0.9094445167473364
0.17316681358281905
0.22543942777623815
0.04181660591065725
0.7961880706234419
0.7793091911382295
0.9971260762916131
0.219253612736664
0.20708970845656435
0.9648178449159858
0.7748904622636359
0.820781949439414
0.0821829717387419
0.2257152552676972
0.13328886216537525
0.863494352905835
0.7742611884290962
0.9209920686294648
0.18142690626829938
0.2249475698393207
0.03268732657090809
0.7917400645444165
0.7813620877152551
0.005096490210800608
0.2211874638349365
0.2024473975916975
0.9555517703379326
0.7744651724612068
0.8292959636605617
0.093836274177447
0.22563637942146764
0.1214958200111192
0.8523033100765411
0.7741984486898095
0.9320719039881737
0.18877207183812206
0.22418909954815783
0.02400624366246945
0.7879504109614988
0.7838721483751461
0.013140047574801361
0.22272025966193054
0.19706636529777274
0.9457627595944841
0.7742494521824045
0.8387028619917534
0.10576057204947586
0.22559772071147355
0.10950305392927484
0.8418097150871691
0.7742172805294613
0.9425988826498054
0.19522762268451066
0.22312219797195532
0.01568058178783241
0.7847561272260739
0.7868941629777929
0.021378880164677483
0.22389162955809538
0.19087695319787296
0.9354136212791087
0.7741926404541419
0.8489512957146121
0.11776895141220312
0.22561854698860773
0.09753155813168546
0.8321334508090835
0.7743777071064823
0.9525594051796935
0.2008528866249335
0.2217062767638224
0.007589758697407856
0.7820929171225862
0.7904913636197685
0.029937609491853312
0.22474179321079607
0.18381365341500894
0.9245005486034414
0.7742366789294978
0.8599424337071762
0.12964970461347103
0.22568864666984562
0.08577498191936173
0.8233374862378483
0.7747326520338412
0.9619834412435182
0.20571834028635583
0.2199017292771562
0.9996089768797211
0.7799027585726297
0.7947276355674279
0.03891938803537287
0.22531215348653758
0.17583890270011987
0.9130851897069574
0.7743195448500628
0.8715046368624872
0.1411654233294004
0.22577036120075747
0.07440407291571202
0.8154527566793316
0.7753286150634868
0.970920083264406
0.2098891260993332
0.21766738803342814
0.9916226369707922
0.778138128667518
0.7996646892420401
0.04839418948010987
0.22564585744447244
0.16695469330307716
0.9012995120801335
0.7743860723664091
0.883408159653019
0.15208998446369204
0.22580724108541428
0.06354488852806553
0.8084775487147988
0.7762085036336941
0.979442308719553
0.2134269744735049
0.21495476358177618
0.9835143990658988
0.7767582401401578
0.8053683496154629
0.058409434559034024
0.2257899134411157
0.15719472024524248
0.8893169927357139
0.7744010289744838
0.8954171670796466
0.16225914399136254
0.22573727904480378
0.05325171849828503
0.8023706522823068
0.7774136006025313
0.9876563242393663
0.21639600473615328
0.21170489494194894
0.975158882171346
0.7757234393001877
0.8119090272853211
0.06899231880668766
0.22579798599114
0.14662614654497919
0.8773335502446755
0.7743571032815719
0.9073228114499235
0.17158012461866434
0.22550311101504097
0.04351599741117265
0.7970651452261021
0.7789840126650541
0.9956874728678755
0.2188589322171155
0.20785333074878012
0.9664373235921845
0.7749930218328795
0.8193435797456126
0.08012308150339753
0.22573061407447664
0.13537596943985108
0.8655730483318409
0.7742763490827784
0.9189402402710901
0.18000480119598028
0.22505474877957019
0.03429864096057422
0.7924918747922117
0.7809594459240826
0.003656891489496328
0.22086948246198834
0.20333737971897198
0.9572603275229343
0.7745250209419039
0.8276933412484083
0.09170930355362117
0.22564864113676078
0.12364451019333866
0.8542748889606854
0.7742055602002347
0.9301129322443281
0.1875143208652721
0.22434749821139488
0.025542544956941915
0.7885880346877484
0.7833833269644941
0.011678554925718787
0.22247166679244276
0.19809456122490218
0.9475689070861545
0.7742750451144169
0.836942070763494
0.10359796587504455
0.22560047247210507
0.111670533270323
0.8436444918323429
0.774205080809448
0.940742479533294
0.1941266790242122
0.22333926042754343
0.01716114455980955
0.7852911642468292
0.7863084859022706
0.019872747516259004
0.22370528678074952
0.1920562088871321
0.9373224901336168
0.7741936509548639
0.8470442183385212
0.1156059571180601
0.22561046067025464
0.09968023098759171
0.8338149395490722
0.7743358332069273
0.9508037436158807
0.19989648301073304
0.22198923459870867
0.00903739206612858
0.7825367452525849
0.7897971410512146
0.02836521928618052
0.22461035769576956
0.18515441041382114
0.9265088027712693
0.7742240736582878
0.8579118365039282
0.12752676498636983
0.22567373166847168
0.08787149676608871
0.8248571285101335
0.7746521069609199
0.9603213781824492
0.2048939436955277
0.22025771291076712
0.0010455464812254844
0.7802650716103584
0.7939135745666389
0.037264617629380714
0.22522806422317385
0.17734501480738038
0.9151760515390835
0.7743043978631998
0.86938693827827
0.13912613110328564
0.22575714303251854
0.07641993646008735
0.8168070612941478
0.775201358810552
0.9693414408995696
0.20918547225841344
0.21810418090529438
0.993068568070097
0.7784268166766
0.7987195870092931
0.04664652599706032
0.22560112832914614
0.16862313463351863
0.9034451122414953
0.7743772035945445
0.8812468519545343
0.15017170884284003
0.22580670572666234
0.0654622150310902
0.8096697501915154
0.7760269525007941
0.9779314941649049
0.21283282016801452
0.2154818918155979
0.9849913844312659
0.7769804478888357
0.8042797753208566
0.05656149056676685
0.2257756469363011
0.1590173748916429
0.8914842704500112
0.7744028665619558
0.8932531435803537
0.16048577748232407
0.22576046761805557
0.055066182624550264
0.8034107780580231
0.777170394515033
0.9861920378588065
0.2158996512382041
0.2123336440783797
0.9766897972269073
0.7758863805186216
0.8106645398593888
0.06704160074666721
0.22580393163867796
0.14858740509154042
0.8794853426357272
0.774368761901653
0.9051916697448527
0.1699642128759089
0.22555981247310197
0.04523228756616557
0.7979660168849356
0.7786720010239098
0.9942468879282602
0.21844956371049196
0.20859533670367983
0.9680419001415554
0.7751041237052901
0.8179350864649733
0.07807817498527969
0.2257455311047124
0.1374473122371236
0.8676668779903594
0.7742917974931789
0.9168737854280232
0.17855282451788534
0.2251534997238109
0.03592504317169709
0.7932654634245856
0.7805713653753904
0.0022189689648257627
0.22053822693940703
0.20420373840302505
0.9589521121559195
0.7745919751006807
0.8261200292562878
0.08959223753265522
0.22566206834441552
0.12578536185209532
0.8562684026749108
0.7742149599325925
0.9281360814605386
0.1862272787445154
0.22449610275618773
0.027091126255893716
0.7892454132894
0.7829107842922634
0.010222650064693806
0.2222110821971047
0.1990968837423552
0.9493569372452428
0.7743061428336534
0.8352091443414326
0.10143929626307902
0.22560519467487508
0.11383756572203926
0.8455054899043941
0.7741971702954883
0.9388674577990428
0.19299828691789722
0.22354520089861465
0.0186501093761072
0.785843834006783
0.7857411353006571
0.018376365963029162
0.22350825299686106
0.19320731075199565
0.9392127380229045
0.7741983155168073
0.8451622399509405
0.11344021584603192
0.22560418406116214
0.10183485636354428
0.8355248656727902
0.7743000132440081
0.9490303552740331
0.19891497324192087
0.22225978254903717
0.010489282149250628
0.782996246401527
0.7891233518852951
0.026806165089052758
0.2244695706851488
0.18646552926079712
0.9284999632297826
0.7742130815365654
0.8559011911338649
0.1253933755672363
0.22565952898222139
0.08997972533354678
0.8264063758303523
0.7745791512070914
0.9586430774598071
0.20404659779496104
0.2205999848594182
0.0024825924863366156
0.780641462395511
0.7931219382493415
0.035625609001407765
0.2251360082254923
0.1788213565302123
0.9172538372422854
0.7742889577087574
0.8672817942021845
0.13706866476634127
0.22574284396010547
0.0784520600880047
0.8181911710358674
0.7750830963176083
0.9677487132297427
0.20846085335457043
0.218525755717192
0.9945112740717765
0.7787282494374345
0.7977989951310058
0.04491623762559871
0.2255499236504617
0.17026275450921718
0.9055831864389723
0.7743667278902098
0.8790902232280491
0.14822942475644107
0.22580304207685087
0.06739800403923762
0.8108906088574044
0.7758557440086538
0.9764098924250952
0.21221977891377897
0.2159919306149409
0.9864610698784527
0.7772141195758862
0.8032180446976795
0.05473203373812696
0.2257566020453574
0.16081307498151598
0.8936502356607999
0.7744026806390385
0.891086849116929
0.15868509993657742
0.22577861152071774
0.05689902050019707
0.8044774001498443
0.7769388428449612
0.9847210704018394
0.21538650566649808
0.21294319260766909
0.9782093688731532
0.7760594678850357
0.8094489608717051
0.06510918494316331
0.2258070489578715
0.15052534743243776
0.8816429311720659
0.7743789552099307
0.90305213537895
0.16831928900554427
0.2256098082671891
0.04696574367496867
0.7988910739964334
0.7783729229628253
0.9928036425477158
0.21802522046510986
0.20931608350089576
0.96963200852271
0.7752240171796025
0.8165564487287602
0.07604898547121342
0.22575965889274371
0.13950154122974165
0.869774432347671
0.7743072067482468
0.9147935342876632
0.177071016402381
0.2252440754081931
0.03756691654158778
0.7940611857561906
0.7801975758298544
0.0007820594286689353
0.22019345860531153
0.20504684801224246
0.9606274117399893
0.7746663030961348
0.8245762011188346
0.08748608465522922
0.22567642184170994
0.12791694310097795
0.8582827940141986
0.7742262756132996
0.9261417483665331
0.18491073570764938
0.22463515636014708
0.02865258520441999
0.7899229223315936
0.7824541818298284
0.008771594703074204
0.22193827544851855
0.20007375775151645
0.9511270572471457
0.7743430509510456
0.8335044121462434
0.0992856805956841
0.22561181170412853
0.11600290024355178
0.847392122402841
0.7741932025405959
0.9369737910938166
0.1918420492857471
0.22374025607730252
0.0201482246109507
0.7864145169460938
0.7851917277854845
0.016888998468921335
0.22330029040676383
0.19433063845563756
0.9410843413859925
0.7742069869808605
0.8433060091298012
0.11127300882099855
0.22559981851742847
0.10399433221212503
0.8372629283524442
0.7742699482489779
0.9472390172253846
0.19790793743062163
0.22251815054964041
0.011946156171321637
0.7834717489294258
0.7884696246462846
0.025259881884938107
0.2243191880496224
0.1877471822678863
0.9304735620799934
0.7742040735816623
0.8539116237169571
0.12325097962345644
0.22564629838661815
0.09209868422894676
0.8279850772007097
0.774513520477637
0.9569482377689179
0.2031759348026645
0.22092878813313765
0.003920772513017007
0.7810321929652018
0.792352370436546
0.034002003595546615
0.22503573041138475
0.1802678565077466
0.9193176699110599
0.7742735371179643
0.8651906356087917
0.13499432819721413
0.22572782024561328
0.08049977169340161
0.8196051434657418
0.7749735798563533
0.9661414349895514
0.2077149095768016
0.21893240928937036
0.9959514451344169
0.779042658361565
0.7969025166965813
0.043203067117843386
0.22549196221676077
0.17187332175217857
0.9077126750217793
0.7743548213583559
0.8769396445986535
0.14626398809618157
0.22579661784317576
0.0693520518395847
0.8121404289399896
0.7756946374339662
0.974876825223025
0.21158746681759633
0.21648524325710986
0.987924212876988
0.7774594883307433
0.8021827319830556
0.05292092188498554
0.22573245348920912
0.16258138879624306
0.8958137171743599
0.7744004741520556
0.8889194600903151
0.15685755300912807
0.22579203765421083
0.05875036741777748
0.8055709433444675
0.7767187121995726
0.9832426638697838
0.21485620306759445
0.21353392478322958
0.9797182809477838
0.7762429419217673
0.808261979364752
0.06319526034684886
0.22580697105269326
0.1524391339135025
0.8838049509591704
0.7743875124958935
0.9009052713271459
0.16664558886872127
0.2256533807886393
0.04871662074659619
0.7998407153875267
0.7780865473775643
0.991357043883969
0.21758560334399335
0.21001593166576918
0.9712081212460298
0.775352949661863
0.8152076005572316
0.07403617074626823
0.22577263947286055
0.14153736381071438
0.8718942768456682
0.7743222675524564
0.9127003734591785
0.17555945488749236
0.22532673148739873
0.03922461445319758
0.7948793983653504
0.7798378169719208
0.9993455061525265
0.2198349333372982
0.20586707501587714
0.962286531001235
0.7747482684127762
0.823062002562034
0.08539182202694517
0.22569143741614364
0.13003780907737358
0.8603169218883657
0.7742391367446946
0.9241304167647192
0.18356452799015255
0.22476490337822044
0.03022747935673284
0.7906209323455922
0.7820131935522717
0.007324664279876547
0.22165301666910006
0.2010256017654209
0.9528794931480763
0.7743860669879266
0.8318281690594341
0.09713821766587216
0.22562021646799782
0.11816524871922568
0.8493037262924044
0.7741928233441189
0.9350615149407274
0.1906575909249313
0.2239246640024744
0.021656224168113636
0.7870035969166186
0.7846598837757122
0.01540989470061449
0.22308116257585475
0.19542659243802732
0.9429373370147687
0.7742200102932599
0.8414760995684774
0.10910558047323748
0.2255974338351743
0.1061575374726497
0.8390287912217642
0.7742453310788334
0.945429526298791
0.19687494983348564
0.2227645691848158
0.013408754680124174
0.7839635935820294
0.7878355828971001
0.02372576488307021
0.22415896681598738
0.1889995874356002
0.9324292185795916
0.7741974221205727
0.8519441755652524
0.12110100559123249
0.22563427429132313
0.09422735985556516
0.829593054345675
0.7744549456875276
0.9552365744200356
0.2022815787214125
0.2212443605508616
0.005360751371725092
0.7814375355148532
0.7916045158084597
0.03239341212871527
0.22492697852796634
0.18168448189680508
0.921366730629649
0.7742584659308163
0.8631148659828654
0.13290447981659748
0.22571241710697756
0.08256232487933102
0.8210489914234118
0.7748725597424628
0.9645191789992729
0.2069472841957225
0.2193244261799582
0.9973897578609696
0.7793702772266128
0.7960297651872664
0.041506744843668564
0.2254269689907128
0.17345463030270386
0.9098325381281132
0.7743416887992589
0.8747965182515286
0.14427634394318156
0.2257878040735656
0.07132407159697027
0.813419475368844
0.7755433909796692
0.973331647369854
0.2109355028774309
0.21696218294573522
0.9893815650769727
0.7777167859286952
0.8011734090320788