1
0.6060606060606062
0.2908276587401597
-0.1475627957986218
-0.4841040821191343
-0.8079497660418673
-1.2507722229548826
-1.5662722241279063
-1.9332711114249137
-2.3521027866222264
-2.6689249701178257
-3.0969051236432428
-3.4520632034719694
-3.769449058075777
-4.213209363842753
-4.5330324381390446
-4.8790921479923135
-5.312839118043623
-5.629058179393444
-6.037575010513635
-6.416310307683787
-6.7311368946602865
-7.1723942174252855
-7.501166629247639
-7.830872336110229
-8.271814999634053
-8.586627889882593
-8.96737149091104
-9.374035435098529
-9.690123764136757
-10.124631324831261
-10.46931604944604
-10.789605397320372
-11.233296711332228
-11.550364630600734
-11.907055139537896
-12.333946585418392
-12.65081837099685
-13.071080857213099
-13.43635030537349
-13.752046520820826
-14.19505616467273
-14.518253935709419
-14.856022860294571
-15.293893836821246
-15.6092524911848
-16.005308822781696
-16.397118883686666
-16.712237468279785
-17.151112838484938
-17.48646019997907
-17.81098878250559
-18.25360670512691
-18.56893336535434
-18.93769862113211
-19.355041805326376
-19.671799830391883
-20.100819198078856
-20.454470220639042
-20.77219219484451
-21.21600235650958
-21.535382476437245
-21.882835988143654
-22.315781117859004
-22.63212368118656
-23.04243612350178
-23.41920049836121
-23.73406637973954
-24.175618677676567
-24.503500660162796
-24.83418294497204
-25.274789594700604
-25.589613637306286
-25.972400092141527
-26.377155971725664
-26.69310804463801
-27.12833562389602
-27.471664568422497
-27.79244473147037
-28.236047819048228
-28.552815881282356
-28.91106538926145
-29.33681733019185
-29.653723398012854
-30.07535920833532
-30.438935254802885
-30.754849302229896
-31.19802820722158
-31.520611570298087
-31.85963813559692
-32.29695376904448
-32.61244628203028
-33.01059640607346
-33.40027566675225
-33.71529431216919
-34.15462168823637
-34.48881230646181
-34.81406013892968
-35.256456691437684
-35.571634050646814
-35.942203261522465
-36.35800027475129
-36.6746805273034
-37.104690995445836
-37.45685918995115
-37.774935819451166
-38.2187768560777
-38.53773624260309
-38.88660255535682
-39.31870378214968
-39.63516115405619
-40.047210843138714
-40.42204331619225
-40.73697447943267
-41.178803422497005
-41.50583704162917
-41.83753924730342
-42.277786561817734
-42.59264547927936
-42.97750539792991
-43.38030114334797
-43.69611341937677
-44.13202114752476
-44.474014364629774
-44.795311313504776
-45.23880693507609
-45.555293347213805
-45.915129941303846
-46.33969020309328
-46.656614700291996
-47.07956701176812
-47.441484311380286
-47.75763662181936
-48.200966345748085
-48.522967132836165
-48.863277922206485
-49.30000127515475
-49.615632666759986
-50.015843890204174
-50.40340092664301
-50.71833686467884
-51.15808536349027
-51.491159181898595
-51.81716398253717
-52.25932261457639
-52.57437566121948
-52.94678709802183
-53.36098013878144
-53.67757005486148
-54.108525037938314
-54.45923333238388
-54.77768375155754
-55.22153682834345
-55.54009666395295
-55.89039557525075
-56.32160974239152
-56.63817195043132
-57.05190030659885
-57.42484039677559
-57.73986288430474
-58.1819511467578
-58.508177318364595
-58.8409424667752
-59.280804903861146
-59.595720901826766
-59.98267983752842
-60.383467569585235
-60.699138782655844
-61.13568759586724
-61.476366421601234
-61.79820779238626
-62.241576811006425
-62.55780015061738
-62.91925384426037
-63.34256873376507
-63.65949552388965
-64.08370869522243
-64.44400000827002
-64.76041002766841
-65.20387173843869
-65.52531994982256
-65.86693878406125
-66.30303195233427
-66.61880431094187
-67.0210361651352
-67.40648804467423
-67.72136094575052
-68.16150198163703
-68.49350080227771
-68.82030170965294
-69.2622057991401
-69.5771601821006
-69.95145284830326
-70.36398376359948
-70.68047188246156
-71.11232638737125
-71.46159626058231
-71.78044041466411
-72.22428676678653
-72.54246725546714
-72.89421983645178
-73.32450238779508
-73.64115829084173
-74.05650704152977
-74.4275939340486
-74.74273352577858
-75.18506439001813
-75.5105226577551
-75.84439292001043
-76.283842568557
-76.59883593464077
-76.98791304946135
-77.38665043240765
-77.70218188914922
-78.13933361922216
-78.47872122886537
-78.80113649148822
-79.24435998964928
-79.56033947150877
-79.92344242644397
-80.34545670784674
-80.66236961946923
-81.08778951322654
-81.44648545321049
-81.76317191144393
-82.20674652180949
-82.52767030110205
-82.87061897293664
-83.306043139124
-83.62195589682219
-84.02616191872585
-84.40953253400637
-84.72436410189943
-85.16487147044269
-85.4958381375519
-85.82347569414583
-86.26510812960478
-86.57998984877702
-86.95620323422565
-87.36701349763419
-87.6833895078139
-88.11610000958217
-88.46395158239844
-88.78321036897673
-89.22703119154815
-89.54485167833086
-89.89808045469854
-90.32738525631972
-90.64412259874659
-91.06103386305264
-91.43030603865108
-91.74558794084366
-92.18814487658024
-92.51287335607749
-92.84788929426325
-93.28689590138252
-93.60198459791847
-93.99319104430022
-94.38984299374214
-94.70523885931932
-95.14295628839518
-95.48107840772424
-95.80409888723348
-96.24715829834676
-96.56291404981017
-96.92770042967841
-97.34835756689823
-97.66524064140597
-98.0918146664178
-98.44894382729962
-98.76592501075717
-99.20959329898146
-99.53001906540007
-99.87431794377449
-100.30903345511778
-100.62508368516625
-101.03121287386129
-101.41253152216959
-101.72734508997048
-102.1681948635761
-102.49817267179306
-102.82668864956221
-103.2680314227607
-103.58286651416722
-103.96103988762246
-104.37007099669032
-104.6863258271243
-105.11984998591736
-105.46630242331265
-105.78599776461724
-106.22977412215826
-106.54725328784735
-106.90198214101265
-107.33026149750452
-107.64706695462525
-108.06548304079264
-108.43297827011521
-108.74842681758898
-109.19119309947749
-109.51522852469142
-109.85142818848405
-110.28995938244526
-110.60515866117122
-110.99849594443499
-111.3930364542411
-111.70830398028812
-112.14655092247304
-112.48343653552219
-112.80709528353451
-113.24997252520164
-113.56552581429243
-113.93203132146007
-114.35127396053726
-114.66811170237817
-115.09578868474303
-115.45137802487963
-115.7686720246276
-116.21241474422038
-116.53236742015257
-116.87803590733137
-117.31200238269244
-117.62818509381665
-118.03618304913812
-118.41548327417723
-118.73030341097622
-119.17147370725938
-119.50050599187922
-119.82994306932052
-120.27097691270912
-120.58579111976645
-120.96596244993728
-121.37315672015178
-121.68928270364836
-122.12357906099523
-122.46865116870133
-122.78880606409663
-123.23251886134523
-123.54967496425232
-123.90592894911089
-124.33313374420534
-124.64999301129018
-125.06985623494735
-125.43561164357969
-125.75125005555194
-126.19420849467802
-126.51758624445227
-126.85500437749587
-127.2930260249257
-127.60834812113987
-128.00380697165474
-128.3962205352648
-128.71137016589995
-129.15011165855745
-129.48579342860668
-129.81012502820766
-130.2528025894811
-130.5681759363021
-130.9364372850133
-131.35420776610385
-131.67098538178325
-132.0997154574343
-132.45379066970716
-132.7714156156991
-133.2152135948978
-133.53471682921506
-133.88177379893074
-134.31495018647632
-134.63125860489853
-135.0410685417536
-135.4183870413582
-135.73323917028318
-136.17470986339995
-136.50283964625126
-136.83324102557657
-137.27394508854104
-137.58876350997565
-137.97096826487774
-138.37626982152247
-138.69226092400763
-139.12728871945447
-139.4709995416598
-139.7916381688649
-140.2352681906487
-140.5521193149777
-140.9099246397893
-141.3360044463849
-141.652902398007
-142.07415517862592
-142.43820709813954
-142.75405734769416
-143.19719018026763
-143.51994419667935
-143.8586118443996
-144.29608841954763
-144.6115423899211
-145.0091026228263
-145.39938472689076
-145.71443003535714
-146.15363266145786
-146.48814684353044
-146.81318726397765
-147.25564818024992
-147.5708653119547
-147.94091990858962
-148.35716055239064
-148.67386414697242
-149.10359879688662
-149.45618444405605
-149.77415874694861
-150.21799295868118
-150.53706927543274
-150.88553361173348
-151.31787810275645
-151.63430392760046
-152.0458676911222
-152.4212431443271
-152.73615317748184
-153.17790558765327
-153.5051751999683
-153.83658424270487
-154.27693578922472
-154.59178250565742
-154.9760525200159
-155.37940831019938
-155.69526040031099
-156.13097955620455
-156.47334886321065
-156.7944967639213
-157.23802476146798
-157.55458905396978
-157.91397333360595
-158.3388763818162
-158.65579729098246
-159.078382561883
-159.44076609535708
-159.75684893380273
-160.2001378525173
-160.52230046106013
-160.86224511896827
-161.29913997280227
-161.61473170862072
-162.01436316804657
-162.4025196839767
-162.7174771414855
-163.15710940993435
-163.49049525454095
-163.81628182178196
-164.25850949352372
-164.57359515734066
-164.94548106885284
-165.36013413268304
-165.6767508378136
-166.1074430307382
-166.45856242968725
-166.77690503046827
-167.22075660369256
-167.53942747467198
-167.8893186908919
-168.32078847140403
-168.63732207798205
-169.0505810777404
-169.42405296477517
-169.73904696175666
-170.18106351709477
-170.50751422997928
-170.83997409377113
-171.27994823148737
-171.5948459182667
-171.98120829952873
-172.38256913565766
-172.69828027314557
-173.1346514865823
-173.4757002020222
-173.7973845188318
-174.24079131480238
-174.55708722220004
-174.91807988907078
-175.34175292710623
-175.65868071225444
-176.08254245303647
-176.44329093828378
-176.759626064729
-177.2030523338312
-177.52465406299206
-177.86590025766282
-178.30217575378316
-178.6179081475967
-179.01957237692721
-179.40561814143547
-179.72050676850097
-180.16053942577648
-180.49283829958674
-180.81940974638286
-181.26138761307976
-181.57636730197112
-181.95012333146755
-182.36313077872677
-182.67964881738732
-183.1112531130921
-183.46092815716966
-183.7796587536666
-184.22350891438097
-184.54179481181598
-184.89313358584147
-185.32368452188655
-185.6403150927206
-186.05521094235806
-186.42681860110164
-186.7419224478812
-187.18418630111557
-187.5098580592712
-187.8434112229994
-188.2829807173748
-188.59795024649648
-188.98642612003084
-189.38574793764218
-189.7013186705834
-190.13830351328306
-190.47805422497729
-190.80030389918954
-191.2435705012664
-191.5596170296076
-191.92224963482252
-192.34463785192608
-192.66155632647647
-193.0866399580518
-193.445784619674
-193.76239093832638
-194.2059355298947
-194.52700504184486
-194.86957507118615
-195.30519264480154
-195.62106585085084
-196.02471791977513
-196.4086750510409
-196.72351601713808
-197.16392218782246
-197.49517671034997
-197.822573191778
-198.2642843233442
-198.57918396950342
-198.95484952039473
-199.36615290996687
-199.68256163880312
-200.11503412043942
-200.46328528688215
-200.78242449725136
-201.22625446294802
-201.5441749583347
-201.8969834043142
-202.32656981534976
-202.64328540643854
-203.05976012733774
-203.42954224998644
-203.74478134650388
-204.18727595625452
-204.51220727726192
-204.84689484753972
-205.28603009418336
-205.6010901272576
-205.99169308715798
-206.3889385604503
-206.704372217875
-207.14193319749901
-207.4804108322912
-207.8032566711677
-208.24636439936776
-208.56218139108165
-208.9264875682335
-209.34753475528353
-209.66442787501973
-210.09068037757004
-210.44825034904014
-210.76514624554417
-211.2087899644545
-211.52935414588964
-211.87326873083646
-212.30818895522125
-212.62420068441025
-213.02979075050632
-213.41168714169572
-213.726503358987
-214.1672584902729
-214.49751187592778
-214.82577484340408
-215.2672015244184
-215.58204718614692
-215.95966168721566
-216.36920244367363
-216.6854924271171
-217.1187904522954
-217.46563712101997
-217.78520657249456
-218.2289974507674
-218.5465713896794
-218.90087302494305
-219.32944764620268
-219.6462352292175
-220.06423110151763
-220.43222564989145
-220.74762460587957
-221.19033333546216
-221.51456133862823
-221.85042216766345
-222.28909136236786
-222.60425795437018
-222.99699238481523
-223.39213276420332
-223.70743570662185
-224.14553633162296
-224.48276889039116
-224.80624347580854
-225.24917409857517
-225.56478248120177
-225.93079755349146
-226.3504465322723
-226.6672986453029
-227.09466845889798
-227.45069111816636
-227.76789471496656
-228.21161831102017
-228.53170248348948
-228.87698125768824
-229.3111639479373
-229.62730976422287
-230.03478428525014
-230.41465238731354
-230.72946811423535
-231.17054977254463
-231.49984538116
-231.8290172947228
-232.27014064834495
-232.58495818655751
-232.96456009610796
-233.3722802069274
-233.68844335948404
-234.12252524595092
-234.46798626047675
-234.7880086404374
-235.23174137997856
-235.5489871148056
-235.9048066749216
-236.33232077695365
-236.64916631163604
-237.06862565408986
-237.4348699385531
-237.75045230836946
-238.19335811848688
-238.51691856916312
-238.8539883984224
-239.29215786714335
-239.60744413113684
-240.00230387632865
-240.39532058482575
-240.7105023510699
-241.1491072848492
-241.48512637370715
-241.80926387401618
-242.25199971509363
-242.56742165179784
-242.93518209216938
-243.353375246676
-243.67017133829575
-244.09860823136486
-244.45310960330738
-244.7706389954188
-245.2144232667608
-245.5340514207167
-245.8807133583367
-246.31411765371817
-246.6303912605255
-247.03969402398954
-247.41756975652103
-247.7324102123372
-248.17379780522552
-248.50217878429143
-248.83230273634808
-249.27310239162117
-249.587917124693
-249.96954273823454
-250.37538571270306
-250.6914155117912
-251.1262403099393
-251.47033459222155
-251.79083372960403
-252.2344891418588
-252.5514247815821
-252.9087881342162
-253.33519165733924
-253.65208023046515
-254.07294540311753
-254.4374760132788
-254.75326412740066
-255.1963494191859
-255.51927668151882
-255.85758761203047
-256.2952221901194
-256.6106380890794
-257.00760600263095
-257.39849142996974
-257.71356472410343
-258.15264007374543
-258.487480971855
-258.8123169721135
-259.25484092350405
-259.57009981330435
-259.9396428465962
-260.3563224937042
-260.6730483983597
-261.10250345902546
-261.4555084293712
-261.773381922636
-262.21720779705703
-262.53640276505917
-262.88446668574613
-263.31705101087886
-263.633444516296
-264.0445176532849
-264.4204392575621
-264.73533025166466
-265.17700472265125
-265.5045136383472
-265.8356329807031
-266.2760867649349
-266.590923100557
-266.97460539127326
-267.378517275504
-267.69440902232355
-268.1299364545849
-268.4726835257769
-268.7936845529178
-269.2372433883947
-269.5538870384498
-269.91282136103496
-270.3380629273588
-270.6549789577759
-271.0771926946699
-271.44004513683296
-271.7560600808266
-272.1993066915091
-272.521633569295
-272.86121405715375
-273.2982773944601
-273.61382970472255
-274.0128783056635
-274.40163550119814
-274.71661600546054
-275.15612969755216
-275.4898308899867
-275.81540232865916
-276.25769771510323
-276.57281804164506
-276.94418153916183
-277.3592899744556
-277.6759325243175
-278.1063582847764
-278.4578905433736
-278.77612690382614
-279.2199754691612
-279.5387590160869
-279.88824419317
-280.31996605052876
-280.6364701880886
-281.0492551497109
-281.42326199020107
-281.73822957370476
-282.18017307398287
-282.5068515309029
-282.8390095196851
-283.27909317497694
-283.59397422629223
-283.97974175629025
-284.3816721540204
-284.6974232580338
-285.1336137907522
-285.47503420241634
-285.7965637848976
-286.24000683491295
-286.5563768319775
-286.91691100158647
-287.34093779328
-287.6578652743389
-288.08137120856713
-288.4425793689455
-288.75884111616574
-289.2022304174585
-289.52398796150624
-289.86486330006693
-290.3013180320995
-290.617010471646
-291.0181034646264
-291.4047448965408
-291.7196509491565
-292.15957307373657
-292.49217542134824
-292.81852062736374
-293.26057091666047
-293.5755779922588
-293.9488005473905
-294.36227984004034
-294.67882694484854
-295.11017751238546
-295.4602593668597
-295.7788780581181
-296.222730522387
-296.54112339643495
-296.8920501366306
-297.3228657955882
-297.6394700765058
-298.0539083784004
-298.4260399054192
-298.74111004533347
-299.18330556405346
-299.50919390011245
-299.84243326624215
-300.28212023212825
-300.5970674227763
-300.98494315553955
-301.3848464038843
-301.7004566783036
-302.13727162773426
-302.47738743498826
-302.7994739910766
-303.2427821987169
-303.55889736262026
-303.9210623169651
-304.3438199609663
-304.660742710716
-305.08548583055057
-305.44508154701117
-305.76160919840635
-306.2051222317147
-306.5263396303193
-306.86853267535815
-307.3043404950583
-307.620173964126
-308.0232680771689
-308.40781396779016
-308.722666171283
-309.16296917714436
-309.49451502202794
-309.82167375308893
-310.26346216291284
-310.57838182700334
-310.953502710484
-311.3652945260658
-311.6817352162803
-312.11396626142
-312.4626185714609
-312.78163993911994
-313.2254775337449
-313.5434995470255
-313.8958895492527
-314.32575377984796
-314.6424465747673
-315.05848012675483
-315.42877523890127
-315.7439735042676
-316.186404456288
-316.5115415941113
-316.8459039166061
-317.2851652510588
-317.60019790983995
-317.9901977433683
-318.3880344254829
-318.70350638369314
-319.1409079876098
-319.4797433790615
-319.8024171904964
-320.24557177353284
-320.5614516821854
-320.9252804918899
-321.3467131415659
-321.66361505026384
-322.08954189798817
-322.4475548721033
-322.76436693301576
-323.2079845387692
-323.5286891636149
-323.8722210265702
-324.30734274196794
-324.6233156129135
-325.02836225801644
-325.41083900004065
-325.7256598138755
-326.166318506198
-326.49685094734565
-326.8248643107425
-327.26637338833194
-327.5812316956475
-327.9582904148792
-328.3683361620624
-328.68466064901094
-329.1177292005737
-329.4649716073136
-329.7844169872405
-330.2282208588443
-330.54589104064394
-330.89976744161095
-331.32863342028315
-331.64540200279583
-332.06297303727115
-332.43146989599234
-332.74682114981476
-333.1894709620976
-333.5138944106275
-333.84941927355374
-334.2882237670771
-334.60335872488525
-334.9954898119937
-335.39122856659856
-335.70656769013857
-336.1445191633714
-336.48210120109377
-336.8053943641471
-337.24837695086444
-337.56404220374
-337.92956976758217
-338.3496204648491
-338.6664857440814
-339.09354436213425
-339.4500024254477
-339.7671170684326
-340.21082000109914
-340.53103759222563
-340.87592817142377
-341.31032380115056
-341.6264322161798
-342.0333787903596
-342.4138176560185
-342.7286309970554
-343.1696223684653
-343.4991847622816
-343.8280949687751
-344.2693062014778
-344.5841291027675
-344.9631645084708
-345.37140592504153
-345.6876057221505
-346.121469855333
-346.46732129038264
-346.78721306414997
-347.23096420723357
-347.5483010242257
-347.9036882321295
-348.3315076279812
-348.64833823345157
-349.0673890717932
-349.43412516765943
-349.7496532855792
-350.1925050558497
-350.5162509632939
-350.8529750621289
-351.2912895312394
-351.6065407619121
-352.0008000229577
-352.39441926833246
-352.70963418979494
-353.1480998452411
-353.48445908411077
-353.8084053381843
-354.25119808842953
-354.5666704917778
-354.93393300846714
-355.35254421201574
-355.66935764307306
-356.09749743163155
-356.45242695871434
-356.76986226287795
-357.21363129722897
-357.5333862006933
-357.87965461101766
-358.313283482681
-358.62952164383483
-359.0383125886219
-359.4167486272941
-359.7315794811569
-360.1728824481419
-360.5015180381827
-360.83136804035587
-361.2722615122422
-361.5870745159606
-361.968123637932
-362.3745036989057
-362.69057181616193
-363.12519038760485
-363.46966969238184
-363.79003135318897
-364.2337106121377
-364.55073221726605
-364.90765577376317
-365.3343788955917
-365.651256839638
-366.0717298100966
-366.43674196086357
-366.75246962901923
-367.19550592332746
-367.5186090626048
-367.85656555388664
-368.29435521989274
-368.60973358982665