0
0.06666666666666667
0.10096625969227457
0.08810139270868293
0.03340132271862374
-0.037877084247926324
-0.09039521903743655
-0.10010689670034689
-0.06300088010382152
0.004789341690164331
0.07018525403752511
0.10161493846508671
0.08561932152783563
0.028849245145709884
-0.042266591708250645
-0.0924966688273861
-0.0990382903880653
-0.0591953190374597
0.009567613882892761
0.07354962064740278
0.10205185124916366
0.08295353647517814
0.024231055926070597
-0.04656020145097324
-0.09440200498652221
-0.09776224469186523
-0.05525780476845207
0.014323788721832459
0.07675315228294032
0.10227627230583564
0.08010897191303071
0.0195571948094663
-0.05074858903340759
-0.09610787988480328
-0.09628093115094868
-0.051196546163693325
0.01904692109468748
0.07978964432726929
0.1022878297658624
0.07709096887994477
0.014838303111939531
-0.054822770794465216
-0.09761132996237079
-0.09459689395690463
-0.04702012782384592
0.023726188674419807
0.08265330227614315
0.10208650449509654
0.07390527739362251
0.01008518748366552
-0.0587741221825169
-0.09890977025586921
-0.09271305530632565
-0.04273749525602794
0.028350930403714385
0.08533874078591552
0.1016726300356174
0.07055805754766031
0.005308781621589584
-0.06259439291833196
-0.1000009890240135
-0.09063272087254882
-0.03835793689482928
0.032910682970235465
0.0878409814908061
0.10104689362485647
0.06705587916689514
0.0005201063739145584
-0.06627571914315783
-0.10088314265619827
-0.08835958521496962
-0.03389106288093907
0.0373952148755964
0.09015544980649601
0.10021033824928113
0.06340571976668065
-0.004269771272556025
-0.06981063275612412
-0.10155475104624323
-0.08589773694836958
-0.029346780582909605
0.04179455776779414
0.0922779709188028
0.09916436564644393
0.059614960546667956
-0.009049779800986812
-0.07319206818424727
-0.10201469360474297
-0.08325166349735401
-0.024735266930355583
0.046099034782939245
0.09420476514244874
0.09791074013257473
0.055691380143482856
-0.013808884831752612
-0.07641336685178857
-0.10226220606622882
-0.08042625525979324
-0.02006693771199846
0.05029928572449508
0.0959324428269778
0.09645159310447543
0.05164314587245466
-0.018536130309544492
-0.0794682796244401
-0.10229687822088498
-0.07742680899649013
-0.015352414075259314
0.05438628899330122
0.09745799898458642
0.09478942804522411
0.04747880220870408
-0.02322067868441291
-0.08235096749996157
-0.10211865266557309
-0.07425903025175512
-0.010602486541827244
0.05835138026529821
0.09877880781664
0.09292712585280427
0.04320725629359952
-0.027851849587990543
-0.0850560008036794
-0.10172782462726379
-0.0709290345920989
-0.00582807692268017
0.06218626799187511
0.09989261731959448
0.09086795030776518
0.038837760303571126
-0.032419156547165234
-0.08757835712849375
-0.1011250428664359
-0.06744334743005025
-0.0010401985740599168
0.06588304586619388
0.10079754415398823
0.0886155534979743
0.034379890582850146
-0.03691234133152616
-0.08991341823860113
-0.1003113116219016
-0.06380890218038104
0.0037500845187113663
0.06943420245450245
0.10149206895907803
0.08617398102248203
0.029843523516992612
-0.04132140559658733
-0.09205696613748261
-0.09928799351525772
-0.0600330364805673
0.008531699310940631
0.07283262823222666
0.10197503228792036
0.08354767679945499
0.025238808206312177
-0.0456366395599956
-0.09400517848639303
-0.09805681329574656
-0.056123486200024456
0.013293605385601648
0.0760716202897866
0.10224563132142488
0.08074148730244722
0.02057613608340797
-0.049848647529795384
-0.0957546235509837
-0.0966198622769349
-0.05208837696698435
0.018024836218361755
0.07914488498332208
0.10230341749442996
0.07776066504324372
0.015866107702656507
-0.05394837018878326
-0.09730225485082965
-0.09497960329636297
-0.047936212960390474
0.02271453949257591
0.08204653880288573
0.10214829513271814
0.07461087110758657
0.011119497008027945
-0.05792710362298868
-0.09864540568827328
-0.09313887601801424
-0.043675862748188174
0.027352015961860834
0.0847711077182889
0.10178052115883508
0.07129817653307027
0.006347213455704978
-0.061776515161131695
-0.09978178373686843
-0.09110090239374943
-0.03931654200276631
0.031926756397415976
0.08731352524443084
0.10120070587930524
0.06782906229844922
0.0015602624272969129
-0.06548865616155167
-0.10070946587291282
-0.08886929210140092
-0.03486779298752874
0.036428476209953924
0.08966912944750768
0.10040981481962927
0.06421041767364338
-0.0032302955837454905
-0.06905597194027091
-0.10142689343304333
-0.08644804778111567
-0.030339460782872155
0.040847147400609185
0.09183365909450268
0.09940917152972395
0.06044953666362195
-0.008013386496647207
-0.07247130907631054
-0.10193286807392574
-0.08384156989471858
-0.025741666301552703
0.04517302756948945
0.09380324913348412
0.09820046124429203
0.056554112270987784
-0.01277796434377252
-0.07572792035722034
-0.10222654839477607
-0.0810546610326773
-0.021084776228387947
0.049396685791835385
0.09557442568298835
0.09678573525228676
0.05253222830501043
-0.017513052607336203
-0.07881946763956556
-0.10230744745896853
-0.07809252948784476
-0.016379370103266226
0.05350902525657083
0.09714410070532051
0.09516741580837518
0.04839234848173705
-0.02220778466241486
-0.08174002289774823
-0.10217543131772744
-0.07496079190385592
-0.011636204845657624
0.057501302646336225
0.09850956653985038
0.09334830140707688
0.044143302592108725
-0.026851442820405212
-0.08448406772305125
-0.10183071859848314
-0.07166547478950697
-0.006866177089979109
0.06136514431767698
0.09966849047614466
0.09133157223582086
0.03979426956276943
-0.03143349550514842
-0.08704649151689753
-0.10127388117550565
-0.0682130146705939
-0.0020802837617475145
0.06509255941087357
0.10061890955020297
0.08912079562428046
0.03535475729608866
-0.035943632145262104
-0.08942258860192626
-0.1005058458941572
-0.0646102566305472
0.002710418627313943
0.06867595007755312
0.10135922574709463
0.08671993131113276
0.030834579249179046
-0.040371795429530184
-0.09160805445518938
-0.09952789727595202
-0.06086445097448411
0.007494855452282491
0.07210811905834297
0.10188820178716021
0.08413333635278983
0.026243827792788076
-0.044708210645554254
-0.09359898125235311
-0.09834168109270741
-0.05698324774192036
0.012261975682551149
0.07538227487136474
0.10220495765861526
0.08136576949893257
0.021592844475759335
-0.04894341190256919
-0.09539185290189729
-0.09694920866681606
-0.05297468879493467
0.017000793283965344
0.07849203488571374
0.10230896803591126
0.07842239485489327
0.016892187405081173
-0.05306826512394724
-0.0969835397442616
-0.09535286173240269
-0.04884719722385155
0.021700427783876784
0.08143142655400085
0.1022000606908462
0.07530878464026732
0.012152596031455368
-0.057073987779483845
-0.09837129309171325
-0.09355539767896073
-0.04460956384310382
0.026350143489960502
0.08419488706747258
0.10187841596366609
0.0720309208370837
0.007384953702487096
-0.06095216540785475
-0.09955273978833076
-0.09155995499387735
-0.04027093059606046
0.030939386890223353
0.08677726167983402
0.10134456731677688
0.06859519550124094
0.0026002484074244825
-0.06469476505157887
-0.10052587697310929
-0.08937005872090147
-0.03584077074801872
0.03545782181156599
0.08917380092559588
0.10059940294738887
0.0650084094906364
-0.002190467812984709
-0.06829414578692998
-0.10128906722973484
-0.08698962575525518
-0.03132886581873966
0.03989536197634937
0.09138015693919758
0.09964416839087231
0.06127776934613881
-0.006976120281687412
-0.07174306657701635
-0.10184103430122579
-0.08442296979967412
-0.026745279286346825
0.04424220066879627
0.09339237906521605
0.09848047000699617
0.05741088205119399
-0.011745653393516381
-0.07503469170648278
-0.10218085953426972
-0.08167480580639502
-0.022100327179025728
0.048488837303113735
0.09520690893943778
0.09711027920905183
0.05341574739606651
-0.016488072076472196
-0.07816259407122256
-0.10230797919560566
-0.07875025372593782
-0.017404545755536467
0.05262610076960241
0.09682057521591927
0.09553593727259285
0.04930074768639978
-0.021192482472806258
-0.08112075659775203
-0.10222218277135037
-0.07565484137350031
-0.012668656556117125
0.056645169519797214
0.09823058811554075
0.09376016054640057
0.045074634564675524
-0.025848131327614703
-0.08390357205730986
-0.1019236123211138
-0.07239450620825388
-0.007903529178505814
0.060537588432646394
0.0994345339750008
0.09178604588231823
0.04074651275762529
-0.03044444360773845
-0.08650584152290389
-0.10141276291450851
-0.06897559580146856
-0.003120142196861242
0.06429528257677072
0.1004303699789598
0.08961707610073937
0.03632582062161103
-0.034971057922296524
-0.08892277169735603
-0.10069048413137713
-0.06540486674902073
0.0016704573076094242
0.0679105680453805
0.10121641925905961
0.0872571253120035
0.031822307429049464
-0.03941785937702572
-0.09114997132058925
-0.09975798256216561
-0.06168948176604404
0.006457195097748419
0.07137616008784176
0.10179136653895626
0.08471046391768833
0.027246007418689863
-0.04377500956597545
-0.09318344684795588
-0.09861682520459136
-0.05783700469018754
0.011229011482937451
0.07468517879382122
0.10215425449207641
0.08198176311694598
0.022607210716924682
-0.04803297348347851
-0.09501959758024156
-0.09726894361968497
-0.05385539311885127
0.0159749028332273
0.07783115260247826
0.10230448095733491
0.07907609873946038
0.017916431322091322
-0.05218254322341047
-0.09665521042070488
-0.09571663868601502
-0.04975298841788173
0.02068396237039885
0.08080801991180267
0.102241797127529
0.07599895421721667
0.013184372424900531
-0.056214858417687835
-0.09808745443442529
-0.09396258577581533
-0.04553850286641073
0.02534541972069737
0.08361012905462144
0.10196630678679486
0.07275622249228278
0.008421889412225686
-0.06012142344753593
-0.09931387538846474
-0.09200984016996644
-0.04122100374533075
0.029948678747560575
0.08623223689155662
0.10147846662969301
0.0693542066387402
0.0036399509657413925
-0.06389412153513947
-0.10033239045521962
-0.08986184252838558
-0.03680989423438445
0.0344833532297783
0.08866950625121854
0.10077908764826514
0.0657996189564738
-0.0011504012806938524
-0.06752522588621925
-0.10114128326280465
-0.08752242423563528
-0.03231489105274233
0.03893930001010399
0.09091750242791138
0.0998693375281942
0.06209957827626761
-0.0059380940217756695
-0.07100740810311618
-0.10173919947245028
-0.0849958124454114
-0.027745998856922097
0.04330664930968024
0.0929721889302043
0.09875074395427935
0.05826160520346586
-0.010712063971168403
-0.0743337441216037
-0.10212514305139911
-0.08228663464913147
-0.023113481493976212