1
0.44931034482758614
0.8737021799505051
1.3548207576094211
1.7730059076791682
2.2699385977305666
2.687917466370981
3.1794959579450026
3.599178266745219
4.0653020196810195
4.499683214657785
4.933906017068029
5.400234097833756
5.819882459536825
6.311559673770483
6.729538251396365
7.226437539983063
7.644629854976978
8.125587105789945
8.550067396928654
8.999170526082711
9.448688390317887
9.872992598111678
10.35427180482146
10.772449974468179
11.26941524400434
11.687394422410385
12.178873380454743
12.598590137117279
13.064509228686376
13.499049649009084
13.933114896660108
14.399646963351309
14.819261874720175
15.311036999413279
15.72901530393634
16.225880369625703
16.644080037225436
17.124875268131966
17.549444845929656
17.998341074292636
18.448066750489748
18.872284157592738
19.353723290893388
19.771894661450762
20.268891687979373
20.686871195764457
21.17824981078464
21.598001520061395
22.063715625151247
22.49841609844683
22.932324634038398
23.399060336453406
23.818642290231736
24.310514511905232
24.728492560420488
25.22532258235956
25.643529793440127
26.124162316172658
26.548822013142054
26.997511666696838
27.44744543621594
27.871576867121867
28.353175219969195
28.771339969616765
29.268367930170264
29.68634778783328
30.177625251749372
30.597412422365203
31.062921224329983
31.497782572959466
31.931535243937937
32.39847422366211
32.818023708555906
33.30999221250882
33.727970021317084
34.22476417926214
34.64297912790468
35.12344825903536
35.54819890947689
35.99668232524246
36.44682445825155
36.87087073520924
37.3526275960663
37.77078589984314
38.26784397101776
38.68582419996651
39.1769997061458
39.59682285078669
40.06212604147576
40.49714908243227
40.93074674083485
41.39788863133822
41.817406131996286
42.309470102367875
42.72744768699806
43.22420516134102
43.64242804484553
44.12273310582127
44.547575545746675
44.99585307169774
45.44620382719166
45.870165770101096
46.35208042303986
46.770232452858686
47.267319810855014
47.6853004334299
48.17637317671274
48.59623281201605
49.061330091788435
49.49651563660688
49.92995913889645
50.397303565644464
50.81678956263802
51.308948182474815
51.72692555770604
52.22364552949753
52.641876548395686
53.12201686556156
53.54695193262321
53.99502392759424
54.44558355343013
54.86946197973537
55.35153370454817
55.76967962920996
56.26679544987472
56.68477648937279
57.17574566609163
57.59564231263864
58.060533390363844
58.49588224504221
58.92917245193346
59.39671903251022
59.816174002311726
60.30842645363885
60.72640363352235
61.22308528449108
61.64132464255914
62.121299547169905
62.54632808059599
62.99419491417009
63.44496364711915
63.86875937169843
64.35098744401864
64.76912742922778
65.26627088809641
65.68425236879558
66.17511717678693
66.59505135909772
67.05973595214272
67.49524891707541
67.92838669335264
68.39613503759644
68.81555945255799
69.3079049164546
69.72588191433557
70.22252442690386
70.64077233117592
71.12058115939587
71.54570399993185
71.9933660523151
72.44434411813032
72.86805795318405
73.35044164461544
73.76857585299557
74.26574612533538
74.68372807251913
75.17448771112849
75.59445995765945
76.05893779186272
76.49461566178555
76.9276018761132
77.39555158626337
77.81494591459483
78.30738357127288
78.72536039981208
79.22196295710742
79.64021961788892
80.11986171078031
80.54507970063644
80.99253736251855
81.44372497601778
81.8673577309547
82.34989630920869
82.76802490031919
83.26522116117262
83.68320360115494
84.17385727123474
84.59386811437868
85.05813892401146
85.49398248795823
85.92681801268472
86.39496868353922
86.81433338928638
87.30686241817232
87.72483908936762
88.22140087523
88.63966650611162
89.11914120961188
89.5444551924171
89.99170886481905
90.44310622998296
90.86665871130515
91.34935144034536
91.7674745706987
92.26469599492634
92.68267895507714
93.17322585897762
93.5932758350666
94.05733936278213
94.49334940405265
94.92603511500832
95.39438633409121
95.81372187711396
96.3063414569328
96.72431798214058
97.22083818112543
97.63911299899753
98.11841966388545
98.54383048464764
98.99088057875704
99.44248788884134
99.8659609000285
100.34880704022164
100.76692486330133
101.26417062562444
101.68215413439515
102.17259347594823
102.59268312525924
103.05653912202999
103.4927164181694
103.92525319445927
104.39380454219763
104.81311137814866
105.30582068701
105.7237970769664
106.22027487434312
106.63855909941066
107.11769708126191
107.54320558633451
107.99005252332965
108.44186996099096
108.86526430238433
109.34826311065726
109.76637577693683
110.26364505197898
110.68162913892873
111.17196012342514
111.59208999018865
112.05573821523294
112.49208353802186
112.92447226181419
113.39322331172316
113.81250189202717
114.30530010751256
114.72327637235477
115.21971095410082
115.63800480989902
116.11697346903186
116.54258050608676
116.98922471695057
117.44125245438478
117.86456892307163
118.34771965307287
118.76582731003568
119.26311927236321
119.68110396818535
120.17132580234521
120.59149643475662
121.05493665545508
121.49145077090999
121.92369232722153
122.39264264609663
122.81189341793034
123.30477971718128
123.72275586646855
124.2191464192589
124.63745013266947
125.11624883408068
125.5419552520872
125.98839717741167
126.44063537650428
126.86387476620293
127.34717666846856
127.76527946062845
128.26259328478938
128.6805786213384
129.17069051327533
129.5909024635093
130.0541344553119
130.49081812369565
130.92291340017422
131.39206254829026
131.81128595456335
132.30425951436965
132.72223555710437
133.21858126829656
133.63689506956473
134.1155231828566
134.54132983206662
134.98756992184923
135.44001873433646
135.86318183528275
136.3466341574055
136.76473222632848
137.26206708688972
137.68005309720868
138.1700542563879
138.59030808061564
139.0533316269403
139.49018560278182
139.9221354894874
140.39148302080255
140.81067950013977
141.3037394970275
141.72171544167614
142.2180154992906
142.63633962204304
143.11479652134216
143.54070425328098
143.98674296671393
144.4394025343538
144.86249013318937
145.34609211999
145.76418560431682
146.2615406758993
146.6795273942476
147.16941703143846
147.5897132898478
148.05252818197164
148.4895532140944
148.92135860327943
149.3909040656437
149.81007405236835
150.3032196626869
150.72119551720095
151.21744910989722
151.63578379116066
152.11406885502907
152.5400785224917
152.98591632774546
153.4387867824974
153.8617996621601
154.34555055586029
154.76363959133002
155.26101404864156
155.6790015105233
156.1687788377463
156.58911809456455
157.05172413150873
157.48892096306702
157.92058274895692
158.39032568432367
158.80946960844233
159.30270000845007
159.72067578028685
160.21688209733506
160.6352275775559
161.1133401888954
161.53945264594827
161.9850900199499
162.43817148416224
162.8611104237793
163.34500946417523
163.76309418364977
164.2604872015153
164.678475443708
165.16813967417684
165.58852249769652
166.05091948610524
166.4882888546281
166.91980793320252
167.38974787784255
167.8088661650316
168.3021805309798
168.72015622712325
169.2163144583718
169.63467098143656
170.11261052738698
170.53882662937448
170.9842640575828
171.4375566441868
171.8604224189712
172.3444688436069
172.76254937709655
173.2599601304859
173.6779491910699
174.1674995391295
174.5879265017364
175.05011425575213
175.48765689319328
175.9190341619696
176.38917064668576
176.8082637182795
177.30166122649348
177.7196368534749
178.2157461893139
178.63411400257073
179.11187987440337
179.53820047795872
179.98343845413706
180.43694226684576
180.859735647996
181.34392869233528
181.76200516702502
182.2594328310775
182.67742274946548
183.1668584305256
183.5873301087295
184.04930844986424
184.487025082658
184.91826144047715
185.3885939908194
185.80766226380007
186.3011420907578
186.7191176546765
187.21517728599727
187.63355664027821
188.1111482332843
188.53757419634476
188.9826132223319
189.436328355844
189.8590501104476
190.3433890080448
190.7614615483219
191.25890529836803
191.67689611533538
192.166216345801
192.58673332026865
193.04850207727327
193.4863934263952
193.91748977321095
194.3880179096903
194.80706179667982
195.3006231190871
195.7185986256312
196.21460774378238
196.6329988934269
197.11041560680326
197.53694778862894
197.98178837411064
198.43571491431672
198.85836580525847
199.3428497879257
199.76091851540804
200.25837752698834
200.67636928470404
201.16557328190314
201.58613613749344
202.04769514622652
202.48576192725758
202.91671916393045
203.38744240223014
203.80646231148418
204.30010430634604
204.71807976081297
205.21403755755327
205.63244076043242
206.10968199716487
206.53632125836026
206.98096392064187
207.43510194483198
207.85768273070636
208.3423110286774
208.76037606224267
209.25784951112274
209.6758422531804
210.1649292352894
210.58553856109035
211.0468876643865
211.48513058758022
211.91594961567614
212.3868674668601
212.80586380226399
213.29958564695178
213.71756105426903
214.21346672171688
214.6318822392586
215.1089474060038
215.53569460854223
215.98013987232346
216.4344894493955
216.85700088442414
217.34177272651402
217.75983418232994
218.25732124451272
218.67531501596255
219.16428420193034
219.5849405912977
220.04607963883774
220.484499409189
220.91518113078376
221.3862931015004
221.80526626256707
222.2990671348812
222.71704249962679
223.2128952302073
223.63132332742242
224.1082118343892
224.53506784163898
224.97931623879214