0
0.9797979797979799
0.9757142113914745
0.9909837644215245
0.013462448426782014
0.025184012219468643
0.01684233727340323
0.9950519265528543
0.9772193369348345
0.9775491118066577
0.9957800903850751
0.017386601113387634
0.025111480203578562
0.012830423324436957
0.9902961420394643
0.9755201381642813
0.9802508958376845
0.0007404227300340516
0.02063761357502525
0.024070942270260076
0.008320847038146395
0.9859171062630478
0.9747649843077673
0.9837163930818273
0.005671971854242841
0.02309093358958103
0.02210188743339514
0.003488107721674183
0.9820840652195176
0.9749825194033319
0.9878126404770631
0.01038312340092018
0.024652998618634347
0.019279249629772455
0.9985197930264589
0.9789444849307829
0.9761644962919602
0.9923817098930756
0.014691228446546134
0.025264447766476072
0.015710886392057866
0.9936090186646783
0.9766185620708114
0.9782660443414166
0.9972467015707567
0.01842988768039522
0.024902092404100573
0.011533807939612783
0.9889465513806054
0.9751949467038838
0.9812071445595425
0.002218714824013812
0.02145537072012127
0.023579671231565236
0.006909169008314953
0.9847130675195673
0.9747277162859682
0.9848753356635824
0.00710448281312992
0.02365193106287955
0.021347403934681708
0.002016115127497775
0.9810719773544252
0.9752345873719217
0.9891296711555035
0.011714258348923146
0.02493589798404705
0.01829033477947517
0.9970446904657905
0.9781631579168768
0.9766963395714527
0.9938059061139379
0.015869496933413885
0.02525851695155712
0.014525441286988183
0.9921881378112017
0.9760978150332065
0.9790574407150641
0.9987228066389897
0.019409916285249018
0.024607556198243508
0.010197491377797574
0.9876350141639874
0.9749545773327475
0.9822278851457864
0.0036893560938784375
0.022199606492043555
0.023007704006831275
0.005473680260782432
0.983561575505376
0.9747768409547848
0.9860862707414499
0.008512510890225755
0.024131988781878055
0.02051976444138992
0.0005371702529206601
0.9801248406780096
0.9755713441107532
0.9904841269431139
0.013005073330892625
0.02513353527834572
0.017238636554070208
0.9955797781948034
0.9774566426959388
0.9773079483768359
0.9952514515202249
0.016993229859389558
0.025166239702449245
0.013290051317141227
0.9907941735865495
0.9756588510318926
0.9799206224174295
0.00020331607328127888
0.020323356914747626
0.02422886222526044
0.008826059273244091
0.9863660274329195
0.974799838236438
0.9833096459032618
0.005147276855169913
0.02286780413102618
0.022356969698548834
0.004019323160644017
0.9824665598716708
0.9749121932491618
0.9873450588599328
0.009891212856389942
0.02452948944541311
0.019621772057509368
0.9990563729267088
0.9792458710317251
0.9759916566286189
0.9918713572201339
0.014251145229927431
0.025245246135614963
0.016127734661168347
0.9941301051157367
0.9768273269428058
0.977997258779862
0.9967133673705841
0.018058595193498395
0.024987926104031555
0.012008942564018188
0.9894319185556326
0.9753031482786136
0.9808526639038979
0.0016831243620885061
0.021167110428928604
0.023767285011874417
0.007424223169627098
0.9851439365862402
0.9747312494864064
0.9844487419926793
0.00658745355054613
0.02345770684342341
0.021629665529604214
0.0025511083538414248
0.9814317518886013
0.9751333182852628
0.9886473908783802
0.011235851046844658
0.024843095005799176
0.018656472505823363
0.9975788297061855
0.9784380484331954
0.976494109784781
0.9932865936548205
0.015448210067269486
0.02527065514993465
0.014961416082892587
0.9927006649113692
0.9762773348821159
0.978761941902039
0.9981866156273915
0.019061965462713992
0.024724175514744484
0.010686503566790462
0.9881060513151583
0.9750319036880002
0.9818504016451755
0.0031571285406815086
0.021938318244214328
0.023224379285884833
0.005996803980943044
0.9839729205731618
0.9747490415555302
0.9856412873828226
0.00800492686274179
0.023967324553332725
0.02082825028677293
0.0010740967211748664
0.9804606723013407
0.975439472658052
0.9899888026107124
0.012541810028535938
0.025071750545222704
0.017627144641457093
0.9961096353298571
0.9777041078294952
0.9770770103972066
0.9947249670221943
0.016592177437516398
0.025209676945562087
0.013743662702291548
0.9912963780867684
0.9758085209690008
0.9795994109042587
0.9996661171450121
0.01999992947383511
0.024375874854335455
0.00932727031889291
0.9868211201154306
0.9748460294221408
0.982910444049699
0.004620246719570176
0.022634371143245735
0.022601975444411337
0.004548714911167373
0.9828569778385967
0.974853154661663
0.9868832076379908
0.009394819495920359
0.024394939791156922
0.019955436896641476
0.9995933810708291
0.9795566200344692
0.9758296265690904
0.991364690180307
0.013804612672630334
0.025214687311728268
0.01653729009478333
0.9946538542323088
0.9770465307241905
0.977738392199587
0.9961815245270162
0.01767914417320693
0.025062516419990688
0.012478638108476048
0.9899220743863615
0.9754224644295877
0.9805068288464118
0.0011467700729554942
0.02086930317941449
0.023944196059478173
0.00793591057494325
0.985581527109096
0.9747461502726313
0.984029182253507
0.00606743650206365
0.023252917211383783
0.021902174169863953
0.003084943908488569
0.981799913057199
0.9750432389378281
0.9881702535128873
0.0107523535393943
0.024739112725784995
0.019014184129649836
0.9981140676634339
0.9787226617584199
0.9763024667887152
0.9927703260369438
0.015019935570020682
0.025271424920388252
0.01539062205134667
0.9932165022181443
0.976467537676539
0.9784760216541213
0.9976512475516957
0.01870540720459868
0.024829668160412988
0.011170673610060078
0.9885824756694018
0.9751204646543805
0.981481117420179
0.0026234683784376323
0.02166713967693279
0.02343059270241188
0.006517207525269075
0.9843915132848385
0.974732601875115
0.985202801767241
0.007493713195243057
0.023791868902853786
0.0211273401867067
0.0016105357366527073
0.980805324686371
0.9753186554294122
0.9894980153214772
0.01207286733383972
0.02499868534738403
0.018007687430385166
0.9966412576662503
0.9779616223260836
0.97685640045809
0.9942008755744307
0.016183623736022668
0.02524177272394934
0.014191053182012414
0.9918025283892579
0.9759690816687132
0.9792874046267959
0.999129069743605
0.019667475588184047
0.02451191503235961
0.009824253494429058
0.9872821793202975
0.974903537437604
0.9825189665552723
0.004091120390984138
0.022390738335587024
0.022836795766594253
0.005076042903504163
0.9832551441356427
0.9748054297527413
0.9864272949639441
0.008894167721820168
0.024249409241624775
0.020280095152674704
0.00013057375166081187
0.9798765933610367
0.9756784779204142
0.9908619380381518
0.013351831767170363
0.0251727848075205
0.0169393688756716
0.9951800286342123
0.9772760760829398
0.9774895597375475
0.9956514142794899
0.017291704558856758
0.025125830355758882
0.012942682742981049
0.9904167974158479
0.9755528423352124
0.9801697939309468
0.0006098953511868288
0.020562081684641464
0.024110325937639843
0.008443999578634287
0.9860256422628088
0.9747724120561259
0.9836168448955689
0.0055446672713941325
0.02303765304936345
0.022164808572617378
0.0036173796004281833
0.9821762961028414
0.9749643891865725
0.9876984743845356
0.010263984144922134
0.02462399716341057
0.019363309679423013
0.998650161476508
0.9790168711461851
0.9761214955924069
0.9922573370811993
0.014584865935005631
0.025260825922562402
0.015812866266302628
0.9937354161151226
0.9766683390502711
0.9781998073081626
0.9971169453351101
0.01834040095479672
0.02492398744610158
0.0116497828724893
0.9890640722364125
0.9752202210476981
0.9811201977431188
0.0020886177143788487
0.02138619147330001
0.023626252737217524
0.007034655106166188
0.9848171656391246
0.9747275291825233
0.9847710111367585
0.006979101308528968
0.02360569961838177
0.021416900847411657
0.002146243864280528
0.9811586438290584
0.9752089459126516
0.9890119868303004
0.011598456723564965
0.02491437200575186
0.018380094479770515
0.9971744040698086
0.9782290716572319
0.9766462165212477
0.9936794147201633
0.015767752108885702
0.025262512845167784
0.01463202136350028
0.9923123954743486
0.9761404619781393
0.9789847427334577
0.9985924175949912
0.019326143700794773
0.02463692251135452
0.010316784118772127
0.9877489972656863
0.974972336848267
0.9821353888926858
0.0035601378125420524
0.0221370139957211
0.023061326333374987
0.005601068052114133
0.9836608802064766
0.974769039628196
0.9859775262114778
0.008389483950111298
0.024092962262938222
0.02059560193006882
0.0006677071738128149
0.9802056482454605
0.9755382776472006
0.9903633282037803
0.01289300642334279
0.025119557153052252
0.0173337906417248
0.9957083897857968
0.9775158610531771
0.9772508720176682
0.995123277040534
0.016896449963765825
0.025177839907221777
0.01340086728733203
0.9909158640310068
0.975694224262813
0.9798417096874428
7.274384014888113e-05
0.02024558292276213
0.024265601013670812
0.00894826024207429
0.9864760821823219
0.9748100232245271
0.9832119150231498
0.005019382772102343
0.022812009925610166
0.022417451904658492
0.004148173907186026
0.9825607324955511
0.9748968039139405
0.9872322663013251
0.009770963477730987
0.024497799276249843
0.019703693108732878
0.9991868678753466
0.9793205455117167
0.9759512764430187
0.9917478590510656
0.014143196814381476
0.02523886284285637
0.016227959033474626
0.9942571715233326
0.976879649903384
0.9779334218185494
0.9965839513915662
0.017967110024705413
0.02500709163597259
0.012123615101210294
0.9895506235928796
0.9753311287221298
0.980767804053752
0.0015528192244680383
0.021095598724360842
0.02381127258734117
0.007548912341890812
0.9852496863602737
0.9747338257206528
0.9843461096186048
0.00646132423681367
0.023408899265953353
0.021696803286626487
0.0026809780183381093
0.9815204717666978
0.975110392667095
0.9885309366479231
0.011118792241645359
0.02481884782273447
0.01874419908480207
0.9977088326786755
0.9785063368207632
0.976446551881669
0.993160820750129
0.01534474929668761
0.02527188813861847
0.015066368848425604
0.992825748560146
0.9763225859256037
0.9786915601358679
0.9980564042361304
0.018976086300730444
0.02475084194340038
0.010804639614189648
0.9882213634714234
0.975052397221823
0.9817598828983665
0.0030275398130532594
0.02187331094701972
0.02327546742662112
0.006123552368982654
0.9840740039995908
0.9747440003798025
0.9855341038834857
0.007880996505646998
0.02392566817701902
0.02090181649156042
0.00120453757022565
0.9805436377920845
0.975409087846081
0.9898690861273316
0.012428343377336226
0.0250550278887951
0.017720378563436334
0.9962386981088849
0.9777657790750851
0.9770224351072108
0.9945973522815463
0.016493557601386488
0.02521852207288333
0.013852985305180976
0.991419048565679
0.9758465475905553
0.9795227225698593
0.9995355593155504
0.019919948081462913
0.024409952487132625
0.009448464440817261
0.9869326440513458
0.9748589671459817
0.9828145743152386
0.004491821115774286
0.02257608805681177
0.02265999182877043
0.004677086089801552
0.9829530500039207
0.9748405130147517
0.986771839457484
0.00927351434692092
0.024360574940753166
0.020035182361079595
0.9997239432970527
0.9796335494846464
0.9757918847948539
0.9912421225438901
0.013695126933070512
0.02520554539266473
0.01663571397299002
0.9947815320118414
0.9771013764367396
0.9776769837081054
0.9960525075101112
0.01758570152474892
0.025078943963228628
0.012591956524010461
0.990041909981631
0.9754531385868881
0.9804240938917597
0.0010163160376128744
0.020795490879033096
0.023985570199611228
0.008059746366684717
0.9856888809816253
0.9747514887054776
0.9839282881400113
0.005940616518484987
0.02320155515787392
0.02196692288544977
0.0032144955785322615
0.9818906466436826
0.9750230393052148
0.9880550819404785
0.010634090402148466
0.02471215506818014
0.019099838347164777
0.9982443010185396
0.9787932943881295
0.976257495131321
0.992645328591147
0.01491480534560985
0.025269894458977538
0.015493900320577625
0.9933423552102795
0.9765153727498024
0.9784079874542735
0.997521272898626
0.018617459860082786
0.024853622901620742
0.011287599608704735
0.988699064853849
0.9751436831396612
0.9813926166995575
0.0024935679924915632
0.021599746503952355
0.02347912398074037
0.006643259076193786
0.9844943300467109
0.974730323079285
0.9850972275220176
0.007368935515977171
0.02374760113509744
0.021198602315500636
0.0017408213187273258
0.9808904110358586
0.9752909657220734
0.989379435194707
0.011958052099147132
0.02497922555679888
0.0180989594194787
0.9967707130964365
0.9780257190367829
0.9768043504751001
0.9940738784192009
0.01608320820952258
0.025247858862498918
0.014298833196444205
0.9919261234050347
0.9760097448312828
0.9792129748960907
0.9989985855688794
0.019585322500418556
0.024543316416128835
0.009944385970604985
0.9873951221926013
0.9749192221753713
0.9824250009473148
0.003962221499349106
0.02232999226893484
0.022892320548127065
0.005203876307295907
0.9833530727682348
0.9747955413849589
0.9863174013387808
0.008771861653829927
0.02421238493105382
0.020357629432696367
0.0002611440023030376
0.9799557434638103
0.9756433912804059
0.9907403563832611
0.013240858000928668
0.025160888304746276
0.01703594810018938
0.9953082599092717
0.9773334201884447
0.9774306070209713
0.9955228547397332
0.01719634629394884
0.025139512643961304
0.01305459594620606
0.9905377094122447
0.9755861966247796
0.9800892208311967
0.0004793516195613634
0.020486001692053613
0.024149068302262044
0.008566925939900383
0.9861345519309714
0.9747805103270877
0.9835177343448624
0.005417214085869482
0.02298375931895502
0.02222713943819432
0.003746554505742683
0.9822690027792261
0.9749469244761717
0.9875846374305124
0.010144570090707905
0.024594340963437045
0.019446853243297868
0.998780566118276
0.9790898165537203
0.9760791301248524
0.9921331716956252
0.014478113524594605
0.025256532687752742
0.01591442363171569
0.9938619814427269
0.9767187369308812
0.9781341509649493
0.996987266392559
0.01825042476897476
0.0249452198992699
0.011765446037095284
0.989181885822251
0.9752461542101853
0.981033754643355
0.0019584646069592537
0.021316442425515225
0.023672205619672315
0.007159952717672002
0.9849216695430745
0.9747280137741661
0.9846670936199735
0.0068535328040537635
0.02355884008930187
0.02148582715118863
0.0022763150584617087
0.9812458130046031
0.9751839635668693
0.9888945966246576
0.011482344698356517
0.024892183689975145
0.01846936367033991
0.9973041934268315
0.9782955653181722
0.9765967149522332
0.9935530927025937
0.015665585972650664
0.025265837303816374
0.014738210287995823
0.9924368590912275
0.9761837436582743
0.9789126047898895
0.998462066290851
0.0192418556117544
0.02466563374165287
0.010435800652101257
0.9878633081597594
0.9749907616624351
0.9820433695150623
0.0034308240917342303
0.022073831956092693
0.023114334848693074
0.005728305730494432
0.983760621375514
0.9747619089123112
0.9858691566295046
0.008266232288137942
0.024053294895855615
0.02067089043336967
0.0007982261918675349
0.9802869836740407
0.9755058616833543
0.9902427875125619
0.01278059462316028
0.025104911327700652
0.017428481904540494
0.9958371164161571
0.9775756780722751
0.9771944012774716
0.994995233274697
0.016799218827539875
0.02518877088909477
0.013511324845922656
0.9910377977630799
0.9757302439126825
0.9797633344169328
0.9999421696565682
0.020167269169931057
0.024301694434608168
0.009070221554047908
0.9865864986177195
0.9748208777526122
0.9831146325121889
0.00489135415404629
0.022755608450790943
0.02247733720025602
0.004276913457373244
0.9826553707370593
0.9748820818512556
0.9871198152995213
0.009650452464454062
0.024465457663507273
0.019785088690692287
0.9993173846259479
0.9793957711861723
0.9759115359472421
0.9916245819320346
0.01403487024064809
0.0252318087329495
0.016327749885621134
0.9943843918396993
0.9769325882234756
0.9778701725495889
0.9964546269905956
0.01787514526856837
0.025025592406907382
0.012237963240444572
0.9896696083768733
0.9753597650840466
0.9806834572277019
0.001422472453175505
0.021023524866656373
0.023854626691925063
0.007673399270055503
0.9853558304295991
0.9747370734855072
0.9842438955345578
0.006335021779781069
0.023359468762295554
0.021763363072226483
0.0028107758061701738
0.9816096847832835
0.9750881287390296
0.9884147893672304
0.011001435828274175
0.024793940799480607
0.018831425530029033
0.997838897078733
0.9785751978367743
0.9763996206937442
0.9930352311011643
0.015240878442333017
0.025272449447434564
0.015170918922649657
0.9929510244302716
0.9763684669329331
0.9786217461247646
0.9979262449549067
0.018889700878522042
0.02477685031003407
0.01092248643433491
0.9883369908310559
0.9750735539617725
0.9816698509599884
0.002897869919733953
0.021807721037440775
0.023325936139673598
0.00625013665518348
0.9841755129364871
0.9747396304688938
0.9854273071211057
0.007756855022669651
0.023883375333402013
0.020974825645285744
0.0013349461231850768
0.9806271222249532
0.9753793569134757
0.9897496408897388
0.012314544209013345
0.025037639218566943
0.017813139426662072
0.9963678617180701
0.9778280424180616
0.9769684714309532
0.9944698823404605
0.016394497202645297
0.0252266969144459
0.013961937467760865
0.9915419488846828
0.9758852166439322
0.9794465801030645
0.9994050139388986
0.019839435514902526
0.02444338097478438
0.00956940554170016
0.987044517521823
0.9748725731310288
0.9827191634765369
0.004363275108797637
0.022517203894077076
0.02271740493399821
0.004805331902222765
0.9830495773970801
0.9748285401112233
0.9866608250920612
0.009151960850512175
0.024325562237293097
0.020114393612201686
0.9998545129250619
0.9797110218816631
0.9757547868833936
0.9911197894764494
0.013585274952359061
0.025195733526861552
0.016733693520298853
0.994909349658468
0.9771568316916888
0.9776161696466876
0.9959235963124837
0.01749178938211493
0.025094704867675066
0.012704938064180604
0.9901620122084185
0.9754844654712644
0.9803418810343496
0.0008858347526130572
0.020721124327731655
0.02402630630366054
0.008183366252584756
0.9857966174768659
0.9747574982075236
0.9838278234025517
0.005813637330538857
0.02314957561498754
0.022031086527877664
0.0033439610721828217
0.981981863580237
0.9750035036460867
0.9879402300036699
0.010515542588527715
0.024684540360214058
0.019184983035821723
0.9983745814464184
0.9788644920955396
0.9762131551432309
0.9925205281934939
0.014809276455769016
0.025267692369779216
0.015596764546369712
0.9934683866000554
0.9765638327344084
0.9783405284698816
0.9973913647008734
0.01852901573118615
0.024876916893460388
0.011404223496770616
0.9888159565045337
0.9751675624447407
0.9813046124969889
0.0023636007534046932
0.02153177791209604
0.023527030491983236
0.006769132614483198
0.9845975611644543
0.9747287159055595
0.9849920516225668
0.007243960406976946
0.023702701564515927
0.021269299579873335
0.0018710602268892096
0.9809760071717203
0.9752639329834827
0.9892611393833655
0.01184291687879302
0.02495910173353022
0.01818974833342546
0.9969002550994406
0.9780904010140477
0.9767529178266019
0.9939470400802628
0.01598236300203748
0.02525327394889243
0.014406230914780105
0.9920499347044905
0.9760510461526255
0.97913909919333
0.9988681282442717
0.01950264706690552
0.0245740651655586
0.010064252181186006
0.9875084022844343
0.9749355735998533
0.9823315045502301
0.003833216393768879
0.022268651588970956
0.022947235952659017
0.005331570234792249
0.9834514460289394
0.9747863229355229
0.9862078736214699
0.008649320643114855
0.024174716645939398
0.020434620998378117
0.0003917072510106756
0.9800354280191959
0.9756089523896607
0.9906190227052041
0.013129530081632979
0.02514832302197534
0.017132072388321706
0.9954366169430964
0.9773913677460309
0.9773722552049056
0.9953944152099896
0.017100528844046448
0.025152526710679357
0.013166159954567824
0.990658874799012
0.9756202001602565
0.9800091786637926
0.0003487950353253666
0.020409375601959878
0.02418716834983692
0.008689622835976962
0.9862438323709338
0.9747892789090855
0.9834190640574048
0.0052896157106991915
0.022929253812286055
0.022288878392436207
0.0038756289760835116
0.9823621827953866
0.9749301257285483
0.987471132647801
0.010024884426119485
0.024564030794410163
0.019529878116046895
0.998911003455523
0.9791633192326463
0.9760374009989277
0.9920092170570325
0.014370974052495988
0.025251568174200045
0.016015555793691405
0.9939887112594366
0.9767697543911513
0.9780690770379474