0
0.22413793103448276
0.36974670255063075
0.45725937034556313
0.5236576615003071
0.6018412708966765
0.727541007412905
0.9320272097632428
1.1694759907535683
1.3373171012756735
1.4372595260329881
1.5066379211555854
1.5793343147188192
1.6900754408585692
1.8748197063517027
2.115897448916818
2.3040139105877717
2.417091884864981
2.4905653900392744
2.559324352553508
2.6570633726037403
2.8211937198272876
3.057071762569227
3.2650215686439754
3.3937480864301452
3.4732079217050016
3.539334898225556
3.624929712109755
3.7667694397452762
3.9877453173553334
4.214842483492863
4.364295879889031
4.45382509742152
4.5205893924511855
4.597619692707795
4.720456407380779
4.921503497434488
5.160226863562143
5.331700036714679
5.433852409867121
5.5038749811084315
5.575834851489654
5.684293568270688
5.865643879762262
6.106472742982531
6.29794826142674
6.413430393492505
6.487730764518639
6.555902592183967
6.651454507120514
6.811810723397924
7.0458181343614035
7.257231608953261
7.389149744495705
7.470016449472412
7.535979902352577
7.619780462339765
7.757975480337579
7.97564807512526
8.205449178660013
8.358770184746655
8.450385572741403
8.517593592376839
8.593580503102325
8.713707797419511
8.911352579295672
9.151064559530818
9.326085589229445
9.430450643705505
9.501137271579847
9.57239253040495
9.678608772693439
9.856529938961119
10.096857890066758
10.291691419806957
10.409662218811857
10.48485077337968
10.55247614745125
10.645866767089707
10.802400614788633
11.03423762483028
11.24908755237586
11.384361316155148
11.46677043625862
11.532685224203806
11.614827989308969
11.749531736275493
11.963812610358264
12.196031680268355
12.353204677220763
12.446952965314578
12.514666106293857
12.589701926603103
12.707251577889599
12.901525400257578
13.14195451055673
13.320449838398769
13.427037370635237
13.498408077333167
13.568982835969859
13.672979166466707
13.847415120478939
14.08698175417505
14.285190431849722
14.40575894746746
14.48191265180305
14.549042136659102
14.640306478899213
14.792983881548642
15.022354128415417
15.240584024366157
15.379375675894156
15.46346566294293
15.529448488054735
15.610071683834782
15.74144708054776
15.952285068887734
16.186624736302303
16.34761299188277
16.443527463472485
16.511794450838405
16.585953267369195
16.70102984225877
16.891946623877136
17.13283426977853
17.314751589291813
17.423587077277617
17.49566711941599
17.565580988866333
17.66736527472563
17.83823966004464
18.076771026082397
18.27838823115327
18.401690503677518
18.47890476081461
18.54560225512129
18.634790167481594
18.783600587915817
19.010221628809756
19.23173536806497
19.374195073524586
19.460101145594813
19.526266093198522
19.605504552247407
19.733715696737956
19.941088134574287
20.1772484518328
20.34200142741559
20.440106429191573
20.508966494077033
20.582307434749797
20.694992060550764
20.88254825418189
21.123643234348915
21.30895017265912
21.420076226564934
21.49289894449752
21.562172312566826
21.661747224289506
21.828975664094088
22.06618366657877
22.271245365400294
22.397437543827987
22.475824829917514
22.542170959617703
22.629356705509544
22.774331275659048
22.997955198443275
23.222601493878543
23.3688465710069
23.456688906526047
23.52314199318096
23.60112534574696
23.72633720137267
23.930248614622506
24.16792994942064
24.336381525866525
24.43669163120159
24.50617573330389
24.578746927219278
24.689104639860194
24.873285642367584
25.114339255466195
25.30301561111776
25.416488788700622
25.490096231958304
25.558754986378503
25.656128479308485
25.81963444572953
26.055221893894927
26.263749073233424
26.392995535052165
26.472680373342374
26.5387723810455
26.624059392827554
26.76528263875205
26.985716764340243
27.213282925157365
27.3633798977946
27.453252333597504
27.520085581470397
27.596934983044502
27.719310426609944
27.919788465837872
28.158695894869687
28.330765481317904
28.43328599045144
28.503417802438882
28.575258384302035
28.68334144562914
28.86412379430727
29.104886901832405
29.296921110588155
29.41281112280051
29.48725473760514
29.55533253024751
29.65052260680704
29.81024545314945
30.043912294703752
30.2559005021329
30.388365920480112
30.469479894091585
30.535427169847917
30.618942111520276
30.75654479674316
30.973657678930813
31.203881667130652
31.357845799593818
31.449813504356165
31.517101750995664
31.59292442754144
31.71261416603396
31.909695950055696
32.149545756649964
32.32514979719708
32.42988382607117
32.500682865860306
32.571823337532024
32.67766890969813
32.85501436046538
33.09523394817564
33.290627663241196
33.40902262530034
33.4843660400624
33.5519050402447
33.64493894874933
33.80083268127138
34.03227939509611
34.24769683483927
34.38354513528976
34.46622446084391
34.53214249259665
34.61402274430778
34.748161007244036
34.96187142951811
35.194464299430855
35.35227541173033
35.446382280585595
35.5141845313204
35.58906966235448
35.70620105363803
35.89991555248163
36.140438668667464
36.3195067133133
36.42646623932456
36.4979530875327
36.56841650772171
36.67204430886523
36.84589304043313
37.08530673647498
37.284080268565546
37.40509379300368
37.48141693838491
37.54846965061658
37.63938430397296
37.79141776495331
38.020349277131274
38.239133850149614
38.37852634855725
38.46290953908353
38.528914910836235
38.609298336764056
38.740135539614414
38.95039741254912
39.185061019197164
39.34667992177884
39.44295762919851
39.51132086153136
39.585339752557125
39.70001299960249
39.89037092780851
40.13131040539536
40.31379385697763
40.42300730687277
40.49520844426292
40.56501416568442
40.66643041225844
40.83670363125037
41.07503499915449
41.27722335961962
41.40099554788195
41.478396891991316
41.545029820158874
41.633878472794194
41.782046749122756
42.00818474150466
42.23023216671653
42.373315147417195
42.459535837145786
42.52574170877357
42.60476239163809
42.732462740085985
42.93925794167135
43.175692218903635
43.34106599053866
43.439537378797496
43.508499402840336
43.58170910862689
43.694002180520265
43.88099769500374
44.122103025204815
44.3079720857751
44.419484638175426
44.49243484516011
44.56160389896392
44.66081150750728
44.82742513690504
45.06438410814066
45.27002190914163
45.39671110444827
45.475305530781675
45.541602205365585
45.628463911040456
45.772806640628225
45.99591120043394
46.22105993514227
46.36794316228585
46.456117771874446
46.52262821242379
46.600414679769685
46.72514319383729
46.92848061713721
47.166386314855835
47.33544609548275
47.436124011396195
47.50571446953982
47.578161548580724
47.68813730352925
47.87175440868994
48.11277699411715
48.30201291029319
48.41588321003832
48.489626010788896
48.55818548911094
48.65519395821041
48.818073869630275
49.05336240035031
49.26246683018164
49.39223779974011
49.47215129264352
49.53821137800355
49.62319412972916
49.76380457114992
49.983693331074655
50.21172116786633
50.36246209848271
50.452679539190925
50.519583810307
50.5962552954285
50.718173673140896
50.91808373410543
51.157167353617844
51.32983099704887
51.432719701010086
51.502961282088116
51.57468341878022
51.68239186220221
51.86260520706985
52.103295559547064
52.295888488495
52.41218880431147
52.48677741605707
52.55476233870195
52.64959133307192
52.808679537992575
53.0419975026937
53.254559565279415
53.38757681036885
53.46894183142064
53.534876141894415
53.618109297102116
53.755124020979906
53.97167497778001
54.20231380056428
54.35692045902706
54.44924167422684
54.51661177351415
54.59227268689763
54.711528408447144
54.9080480217604
55.14802820388939
55.32421328146624
55.429316598315154
55.50022860884902
55.571254923768095
55.67673036348762
55.85349843553577
56.09360240005145
56.289556871596595
56.408379142247355
56.48387962667536
56.551333699104596
56.64401190339369
56.79926463015615
57.03031284240607
57.24629610177871
57.38272343817091
57.46567682408016
57.53160134035968
57.61322290794714
57.74680022680826
57.959938935082704
58.192897327544685
58.35134545865912
58.44581177905746
58.513704434879536
58.58844084364975
58.70515673878736
58.8983122046754
59.138922219395795
59.31856164335938
59.42589395169656
59.49749767015481
59.56785027523786
59.67110969404525
59.84436898513218
60.08362208079965
60.28296147492482
60.40442391182582
60.480919232591155
60.547897007432304
60.638463423357805
60.78985275951324
61.01833777023607
61.237674169390374
61.377671622703964
61.46235175082248
61.528382818690325
61.60853019339612
61.73883374978631
61.94851900308257
62.18349822852547
62.34574632087252
62.44238790249635
62.51084842630816
62.58472896396507
62.69900102566384
62.88879992036852
63.12978429671958
63.31283307564699
63.42242574958163
63.49474894610601
63.56444709199842
63.66549535571792
63.83516503992196
64.07328835539069
64.27604887258826
64.40029539508733
64.47788702371594
64.54445770284987
64.63296927814584
64.78049648480452
65.00614473095757
65.22872137486063
65.37243071340254
65.45896927361892
65.5252189678113
65.60402544535536
65.73121957993173
65.93743780219329
66.17413773371908
66.34013038890824
66.43896851811002
66.50803332097699
66.5811130790021
66.6930163340755
66.87945072354749
67.12055951869893
67.3069901872669
67.41889086416262
67.49196976504781
67.56103525182289
67.65987581298793
67.82587256380488
68.06257422850138
68.26878862746447
68.39597942196438
68.47478449152062
68.54103448572515
68.62757516350118
68.77128866355118