0
0.8657627118644068
0.14759886212675744
0.9837691603758141
0.876648979510136
0.15931510270320137
0.972943658705496
0.880813943032682
0.16792425840238145
0.9704360876651448
0.8758275738494368
0.17305399184991277
0.9770812515176
0.8610471824347412
0.17187606201424144
0.9914357391633795
0.8409558654106197
0.15900126620735122
0.00860256393107206
0.8281095466419156
0.1389094735921006
0.022943934412304134
0.8269524866332043
0.12414965643133957
0.029568542860089808
0.832091844378918
0.11918583620570278
0.027040362936991746
0.8407082799083527
0.12336961045469153
0.016198157583807493
0.8524309778545797
0.13426698634827572
0.9999604515979785
0.8657923362533322
0.1476287118078421
0.9837365668632047
0.8766674262085781
0.15933846319782186
0.9729278312537952
0.8808135247020366
0.1679403216280475
0.970440909869501
0.8758045676175001
0.17306038589948702
0.9771066432712343
0.8610036195975759
0.17186148745375807
0.9914742010401045
0.8409129411337282
0.1589581990327531
0.008640935971983676
0.8280952527695765
0.13886609083768775
0.022969064223845592
0.82695908803725
0.12412698783439735
0.02957300909390792
0.8321080826639613
0.11918581182013721
0.027024138395978836
0.8407318239770201
0.1233884544080226
0.016165192459387523
0.8524609857536437
0.1342969350576353
0.999920668063886
0.8658220628350377
0.14765874867639672
0.9837038683649044
0.8766858388904788
0.15936194048303687
0.972912061095288
0.8808129056058243
0.16795644070853566
0.9704459531149384
0.8757811871749341
0.17306673295767894
0.9771323924910361
0.8609595784124697
0.17184664169052866
0.9915130505815737
0.840869706749338
0.15891467646619528
0.008679604826241638
0.828080972370708
0.13882241203568046
0.02299428653430935
0.8269658521108009
0.12410428650684047
0.02957733660242301
0.8321245534882858
0.11918598461623908
0.027007570181657004
0.8407556700748277
0.1234076651764342
0.01613174754240032
0.8524913403306104
0.13432731259709918
0.9998804129321557
0.8658520679652828
0.14768915109805292
0.9836708713186344
0.8767043259431648
0.1593856738233561
0.972896255762401
0.8808120805088522
0.16797271105629763
0.9704512489204729
0.8757572917130396
0.1730730696188152
0.9771586536323826
0.8609147960751498
0.17183143396427925
0.9915525191264811
0.8408259071049704
0.1588704385321611
0.008718799784535047
0.8280666227378176
0.13877817885597565
0.023019749697894998
0.8269728200987444
0.12408141939397277
0.02958154925317058
0.8321413555367645
0.11918635742337269
0.02699055801604011
0.8407799608173683
0.12342735834775409
0.01609762284098082
0.8525222225101257
0.13435829997662374
0.999839447065805
0.8658825293293604
0.14772009932214925
0.9836373810359651
0.87672299548055
0.15940980362307977
0.972880323438124
0.8808110420714661
0.16798922861709142
0.9704568311761355
0.8757327364724263
0.1730794318083948
0.9771855848696307
0.86086900495235
0.17181577016527427
0.9915928417872202
0.8407812847123921
0.1588252203830014
0.008758752844819195
0.828052122033518
0.1387331304747863
0.023045602609021554
0.8269800349974739
0.12405825352855837
0.029585669308367812
0.8321585897198053
0.11918693515044598
0.026972998225423206
0.8408048416911375
0.12344765295502125
0.016062613923069513
0.8525538164155052
0.13439008191405266
0.9997975273097515
0.8659136269301695
0.14775177648886384
0.9836032006361846
0.8767419559129572
0.15943447220478202
0.9728641724860907
0.8808097807519792
0.16800609039452752
0.970462736389603
0.8757073718627206
0.1730858549435501
0.9772133490360035
0.86082193104086
0.17179955221343013
0.9916342587867801
0.8407355783672714
0.15877875076587955
0.008799699997432686
0.8280373889057376
0.13868700215361196
0.023071995485788754
0.8269875418313337
0.12403465534717473
0.029589717487892964
0.8321763597660982
0.11918772487325979
0.026954783098619872
0.8408304618996282
0.123468672190298
0.016026510729672205
0.8525863104188638
0.13442284788506864
0.9997544051314008
0.865945544076689
0.1477843696404788
0.9835681299889019
0.8767613164984502
0.15945982458554164
0.9728477110049023
0.8808082846757435
0.16802339496904173
0.9704690039675039
0.8756810425377846
0.17309237407431288
0.9772421146011541
0.8607732923891973
0.17178267738767206
0.9916770168191279
0.8406885217824527
0.158730750447575
0.00884188251495166
0.8280223421391542
0.13863952382430123
0.023099080634497504
0.8269953879518188
0.12401049003322084
0.029593713000697797
0.8321947728341839
0.11918873595502921
0.026935800207783966
0.8408569752312832
0.12349054415132787
0.015989096354073196
0.8526198982104749
0.1344567931948344
0.9997098252449834
0.8659784683750185
0.14781807073912212
0.9835319646636447
0.8767811878758314
0.15948600925255008
0.9728308464070718
0.8808065394686806
0.16804124301212564
0.9704756765339424
0.875653586421933
0.1730990240045629
0.9772720566904787
0.8607227974769092
0.17176503760063078
0.9917213704368977
0.8406398422339691
0.1586809305920278
0.0088855482493293
0.8280069003442632
0.13859041867821986
0.02312701319546151
0.8270036233612268
0.12398562088685194
0.029597673542893554
0.8322139401451022
0.11918998020205951
0.026915931688470174
0.8408845409522782
0.12351340262401189
0.015950145783093728
0.8526547798903245
0.13449212007398925
0.9996635242168168
0.8660125927235065
0.14785307769263856
0.9834944948856306
0.876801682578745
0.15951317893911643
0.9728134850237478
0.8808045280525736
0.1680597377961459
0.9704828002892318
0.8756248336824741
0.17310583939097857
0.9773033581501963
0.8606701435471142
0.1717465186131708
0.9917675834695068
0.8405892592205666
0.15862899108600237
0.008930952937811432
0.8279909816866151
0.1385394017589734
0.023155951869225477
0.8270123010626758
0.12395990872329588
0.02960161526002225
0.8322339776382363
0.11919147205717362
0.02689505347537957
0.8409133247268226
0.12353738790368851
0.015909424596868504
0.8526911630842963
0.13452903880108646
0.9996152290496232
0.8660481163126321
0.14788959538943391
0.9834555044980322
0.8768229155294254
0.15954149140134888
0.9727955317373145
0.8808022303987841
0.16807898569949487
0.9704904254123443
0.875594605643744
0.17311285481765903
0.9773362106621432
0.8606150148886056
0.1717269991825514
0.9918159304740214
0.8405364831393574
0.1585746188088626
0.008978361517947508
0.8279745036599264
0.13848617855968381
0.023186059621136845
0.827021477438585
0.12393321130219848
0.029605552670327162
0.8322550066522864
0.11919322883403627
0.026873034490107806
0.8409434995673299
0.12356264765808689
0.015866687624160436
0.8527292640867611
0.13456776885282729
0.9995646557451856
0.8660852456293018
0.14792783674205712
0.9834147699324192
0.8768450045096512
0.15957111019488668
0.9727768896449864
0.880799623236491
0.16809909670609446
0.9704986065110255
0.8755627136378759
0.17312010484339657
0.9773708159118801
0.8605570810649934
0.17170635013747848
0.9918666982199016
0.8404812139825439
0.15851748584351721
0.00902804945047464
0.8279573829080302
0.13843044362784207
0.023217504360802055
0.827031212659781
0.12390538279206265
0.029609498545122515
0.8322771546329132
0.11919527099600158
0.026849735777372485
0.8409752468161212
0.1235893378344124
0.015821677551246527
0.8527693090302926
0.13460854008225365
0.9995115078463424
0.8661241954638217
0.1479680237378984
0.9833720591908003
0.8768680706052367
0.15960220544989
0.972757459757732
0.8807966797109321
0.1681201848974001
0.9705074031239416
0.8755289577878131
0.1731276240177433
0.9774073868131423
0.8604959950899906
0.17168443337276074
0.9919201872071646
0.8404231400630515
0.15845724762713864
0.009080304046841903
0.8279395351021472
0.13837187918325888
0.023250459591239725
0.8270415711274253
0.12387627327552675
0.029613463741543722
0.8323005558680917
0.11919762248369192
0.02682500958634826
0.8410087571595661
0.12361762361252193
0.015774123483617508
0.8528115350819907
0.1346515939236852
0.9994554749613143
0.8661651899161682
0.1480103884936872
0.983327130844772
0.8768922386189786
0.15963495464110888
0.9727371407402674
0.8807933689864944
0.16814236893397982
0.9705168802796307
0.875493125718551
0.17313544686108262
0.9774461487908228
0.8604313915500361
0.17166110075589147
0.991976713215496
0.8403619367802917
0.1583935410422579
0.009135425795784524
0.8279208748815098
0.13831015375761657
0.023285105020563135
0.8270526219498961
0.12384572830314688
0.029617456982117485
0.8323253522515057
0.11920031109601181
0.02679869839421478
0.8410442316744113
0.12364768040534058
0.015723739461454667
0.8528561916641868
0.13469718462130986
0.9993962312759888
0.8662084633961067
0.14805517430832893
0.9832797330597987
0.8769176374453309
0.15966954334811545
0.9727158286994442
0.8807896557889205
0.1681657725224701
0.970527109117301
0.8754549911934513
0.17314360780288185
0.9774873411234226
0.8603628846782827
0.17163619293758892
0.992036608879207
0.8402972654414935
0.15832598245166274
0.009193729680267104
0.8279013158672246
0.1382449208678631
0.02332162712663255
0.827064439456528
0.12381358850557644
0.029621484574740675
0.8323516940733101
0.11920336892972783
0.02677063386979328
0.8410818829045476
0.12367969490642006
0.015670222932202327
0.8529035416951188
0.13474558047586926
0.9993334340631211
0.8662542616091176
0.14810263670595303
0.9832296026557605
0.8769444003981324
0.1597061659986645
0.9726934170302018
0.8807854998803664
0.16819052486211294
0.970538167574672
0.8754143126738496
0.17315214107106858
0.9775312183440512
0.8602900663878477
0.1716095380583713
0.9921002252794113
0.8402287721592394
0.1582541656843155
0.00925554647227722
0.8278807707612484
0.1381758177403114
0.02336021966224866
0.8270771037497021
0.12377968927671201
0.029625550065729866
0.8323797408362456
0.11920683288315859
0.02674063577627228
0.8411219359644779
0.12371386618294355
0.01561325318656892
0.8529538628423364
0.13479706510080014
0.9992667222015923
0.8663028425168986
0.14815304445771105
0.9831764642186744
0.8769726654803933
0.15974502658554446
0.9726697963303821
0.8807808554605563
0.1682167610632166
0.9705501411480508
0.8753708318020017
0.17316108052415746
0.9775780516967185
0.8602125042768889
0.17158095034351195
0.9921679335406239
0.8401560868518354
0.15817765998422528
0.00932122398838442
0.8278591515445155
0.13810246410771132
0.023401084085200363
0.8270907012961464
0.12374386054330033
0.02962965381777849
0.8324096620933503
0.11921074522967601
0.026708510813737485
0.8411646296631492
0.12375040681015825
0.015552489768305033
0.8530074487780126
0.13485193867518097
0.9991957147241141
0.8663544772572822
0.1482066805667661
0.9831200292830358
0.8770025755825155
0.15978633934408748
0.9726448543981026
0.8807756704870202
0.16824462252757044
0.9705631237294963
0.875324271810205
0.1731704594162231
0.9776281306412729
0.8601297396245053
0.17155022857957825
0.9922401264133186
0.8400788223807347
0.15809600794066148
0.009391128283069206
0.8278363697906902
0.1380244611084378
0.023444429893446417
0.8271053255573301
0.12370592664009772
0.02963379250375997
0.8324416383012108
0.11921515426682383
0.026674051404466104
0.8412102176385226
0.12378954404030029
0.015487570873139234
0.8530646104208369
0.1349105191759299
0.9991200094181991
0.8664094510036282
0.14826384319593178
0.9830599956096842
0.8770342785921845
0.1598303293736869
0.9726184763281293
0.8807698859072497
0.16827425727812173
0.9705772185253237
0.8752743358624802
0.17318031008315238
0.9776817643961243
0.8600412854042023
0.17151715446715476
0.9923172198172681
0.8399965738679165
0.15800872342599348
0.00946564474990197
0.8278123371145288
0.13794139032490094
0.023490474841194153
0.8271210776574591
0.12366570631357199
0.029637958506665285
0.8324758616797308
0.11922011504650065
0.026637034427203554
0.8412589694889505
0.1238315209950458
0.01541811175885166
0.8531256771434435
0.1349731435653525
0.9990391815133115
0.8664680637379063
0.1483248465112066
0.9829960465906464
0.8770679273956619
0.15987723318200375
0.9725905447266976
0.8807634347959628
0.16830582022194918
0.9705925390589116
0.8752207053402914
0.17319066353682055
0.977739283502096
0.8599466243518812
0.17148149084676678
0.9923996543117559
0.8399089182467863
0.15791528957783552
0.009545179091941636
0.8277869657765051
0.13785281300812535
0.023539445006217408
0.8271380670856455
0.1236230128817346
0.029642139215412255
0.8325125370655888
0.11922569019101559
0.026597219910829306
0.8413111718820615
0.12387659786546212
0.015343703196655456
0.8531909979172552
0.13504016890246806
0.9989527824968989
0.8665306309045837
0.14839002140706015
0.9829278508202286
0.8771036797460376
0.15992729912493608
0.9725609400676931
0.8807562413912637
0.16833947332667698
0.9706092102590324
0.875163038090145
0.17320154895188367
0.9778010413835869
0.8598452071376808
0.1714429797985053
0.992487896448303
0.8398154141123653
0.15781515687488223
0.009630158112482023
0.8277601694680066
0.137758269546854
0.023591574672681803
0.8271564124262442
0.12357765458268899
0.029646316206101808
0.8325518827418033
0.11923195079850135
0.026554349703438174
0.8413671296150985
0.12392505309684498
0.015263910004370995
0.8532609423579176
0.13511197333697744
0.998860339113913
0.8665974839040884
0.14845971607039665
0.9828550618806513
0.8771416979695834
0.15998078770888036
0.9725295412165917
0.8807482200250547
0.16837538568599797
0.9706273696319919
0.8751009666595522
0.17321299302797843
0.977867415873805
0.859736450706651
0.1714013406210091
0.992582439948522
0.8397156019509637
0.15770774137192545
0.00972103026482296
0.8277318643039314
0.13765727925316318
0.023647105986755568
0.8271762421078622
0.12352943515005332
0.02965046429863083
0.8325941312197577
0.11923897743911338
0.02650814614014485
0.8414271665922098
0.12397718452749507
0.015178269714719583
0.853335901623731
0.1351889569330833
0.9987613526188821
0.8666689703744652
0.14853429632941584
0.9827773184013117
0.8771821484761424
0.16003797171391732
0.9724962261525381
0.8807392739452256
0.16841373344461275
0.9706471685120033
0.8750340965587187
0.17322501920813993
0.97793881065914
0.8596197368723395
0.17135626770262657
0.992683806633984
0.8396090048460021
0.15759242317929711
0.00981826588505963
0.827701970051724
0.1375493405524062
0.02370628833444055
0.8271976951570728
0.12347815465947143
0.029654550479535358
0.832639529942617
0.11924686124038342
0.026458310742201174
0.8414916266738481
0.12403331044011345
0.015086291447708344
0.8534162891065704
0.13527154225642413
0.998655298366622
0.8667454541981883
0.14861414572115184
0.9826942444628377
0.8772252010341575
0.16009913608755388
0.9724608729227009
0.8807292940308016
0.16845469954694892
0.9706687733785926
0.8749620045992916
0.17323764673261577
0.9780156565830537
0.8594944112705365
0.17130742830739454
0.9927925470162078
0.8394951297751034
0.15746854529597565
0.009922357014815475
0.8276704116273524
0.13743393168325735
0.02376937738267948
0.827220921936995
0.12342361069652608
0.02965853268407881
0.8326883418698862
0.11925570505556404
0.026404522991883006
0.8415608743407696
0.1240937704715055
0.014987455075247347
0.8535025408391673
0.13536017464056105
0.9985416258479272
0.8668273151573951
0.14869966519683953
0.9826054504310098
0.8772710277651443
0.16016457754821545
0.972423360866794
0.8807181574063208
0.1684984732671886
0.9706923672224017
0.8748842373789945
0.17325088950592837
0.9780984127317834
0.8593597828083486
0.17125446031165792
0.9929092404324937
0.8393734696341157
0.15733541293466846
0.010033816700977027
0.8276371208892723
0.13731051203419975
0.02383663371556377
0.8272460848436105
0.1233655999027965
0.029662358433838687
0.8327408458917906
0.11926562470278457
0.026346439242212805
0.8416352950999514
0.12415892631065395
0.014881210788853405
0.8535951155242947
0.13545532202999855
0.9984197592997659
0.8669149481454164
0.1487912723677871
0.9825105343207626
0.8773198018067441
0.1602346038260416
0.9723835721528169
0.8807057259689066
0.16854524947069205
0.9707181509308622
0.874800310002571
0.17326475475455805
0.9781875672022564
0.8592151237765293
0.1711969699444742
0.9930344945875188
0.8392435061453396
0.15719229351130393
0.010153177637382882
0.8276020387601428
0.13717852426492572
0.02390832098842477
0.8272733589234782
0.1233039199624173
0.029665963331340972
0.8327973370089461
0.11927675025447337
0.026283691838690615
0.8417152955417658
0.12422916209626855
0.014766979208185038
0.8536944940700636
0.13555747427411946
0.9982890990459266
0.8670087618253086
0.1488894001759773
0.982409083806808
0.8773716955881594
0.16030953245575486
0.9723413936672299
0.8806918448512935
0.1685952275490057
0.9707463446523766
0.8747097051558179
0.1732792414532578
0.9782836374263899
0.8590596708311118
0.17113452960736986
0.9931689443310279
0.8391047138294698
0.1570384175112043
0.010280989988898481
0.8275651177025934
0.13703739738496434
0.023984703513641348
0.8273029323653651
0.12323837209633481
0.029669269420689703
0.8328581261973281
0.11928922734573622
0.02621588855192325
0.8418013029368611
0.1243048844027328
0.014644152199048577
0.8538011784913128
0.13566714172117056
0.998149023753121
0.8671091766076997
0.14899449485377758
0.982300679014078
0.8774268786574786
0.16038968902291373
0.9722967193032903
0.8806763408569673
0.16864860996256503
0.9707771890813705
0.8746118726809304
0.17329433850048126
0.9783871698953327
0.8588926270933264
0.17106667587746482
0.9933132494693018
0.8389565652416964
0.15687298048915554
0.010417818212526964
0.8275263245684656
0.13688655098570468
0.02406604318452077
0.8273350068048999
0.12316876413416367
0.029672183433570476
0.8329235398608789
0.11930321845650038
0.026142612445721136
0.8418937642375384
0.12438652167782038
0.014512094604212766
0.8539156900103512
0.1357848529339818
0.9979988938184361
0.8672166218013464
0.14910701301662233
0.9821848962372022
0.8774855149979262
0.16047540475129551
0.972249452689192
0.880659020920364
0.16870560031757353
0.9708109465862593
0.8745062298382842
0.17331002262837458
0.9784987390921027
0.8587131656640268
0.17099290783352483
0.9934680913729788
0.8387985376900511
0.15669514651003613
0.010564236664126536
0.8274856438298349
0.13672540084455864
0.024152595638437635
0.8273697973657272
0.123094914233282
0.02967459495387703
0.8329939187544467
0.11931890410497692
0.026063422334777098
0.8419931443223514
0.12447452296708494
0.014370147128007105
0.8540385661618839
0.1359111513205562
0.9978380561352214
0.8673315317715855
0.14922741771276238
0.9820613127519331
0.8775477597704788
0.1605670133066912
0.9721995103920098
0.8806396706659072
0.16876640089720674
0.9708479020779703
0.8743921624812747
0.17332625604122054
0.9786189454027271
0.8585204348977356
0.17091268588747877
0.9936341681086769
0.8386301216644241
0.15650405338799
0.01072082375566441
0.8274430811832058
0.1365533661379219
0.02424460555970498
0.8274075323430489
0.12301665530964367
0.029676374552275675
0.8330696162389881
0.11933648386904316
0.025977854018741198
0.8420999232954833
0.12456935572953753
0.014217630654201452
0.854170356678694
0.13604659044528455
0.9976658505130127
0.8674543409266793
0.14935617323734096
0.9819295128901622
0.8776137554254073
0.1606648466826126
0.9721468256224486
0.880618053165616
0.16883120956349362
0.9708883634874941
0.874269027416759
0.1733429837893503
0.9787484117350953
0.8583135658297443
0.17082543135526418
0.9938121877887154
0.8384508312038603
0.15629882013264496
0.010888154409242734
0.827398667494464
0.13636987850980375
0.02434230102819912
0.8274484524162654
0.12293384023311527
0.029677371964766497
0.8331509957099864
0.11935617712749425
0.02588542251438497
0.8422145926255155
0.12467150251865888
0.014053852313584692
0.854311617908707
0.136191727762907
0.9974816180496529
0.8675854773421501
0.1494937385069921
0.9817890955511379
0.8776836271363604
0.1607692300285013
0.9720913524480604
0.8805939080252243
0.16890021594651383
0.9709326616882739
0.874136156270636