1
0.3793103448275863
0.6710600750646576
0.07479071520462455
0.4208667188518753
0.706212455379682
0.11409364230398511
0.4383192449586705
0.7144262294533892
0.11468985672432641
0.4309389154390109
0.6936566553048598
0.07580275901648337
0.3995735239029197
0.6482293939760344
0.9990535609321989
0.35063487468013044
0.5995083002007154
0.9229022769793735
0.30559032326008073
0.5686425049317092
0.8849219910829473
0.28544912123307187
0.5617975428642397
0.8863510708952649
0.29429165401965984
0.5798069613388024
0.9265256775868769
0.3299581093816917
0.6217995684393477
0.001844141292743906
0.3804134341244237
0.6720648806129691
0.07607755736124244
0.42151961059326015
0.706690976630807
0.11450123798826373
0.4384103720065514
0.714268390792578
0.11425500207697992
0.43048875732352326
0.6928646571870002
0.07444779524053069
0.39862102914445874
0.6470654519186196
0.9971197793175078
0.3494781574948238
0.598584461790775
0.9216108052456993
0.30484356175687766
0.5682373227023553
0.8845637535838309
0.2853524962758327
0.5619454780571624
0.886853083664865
0.29484383406668857
0.5805313986920915
0.9279299381680108
0.33103419140610835
0.622964545983769
0.0037677741199426684
0.38155706450066357
0.6730993079058756
0.07738963509350172
0.42217933160066684
0.7071637582551606
0.1148881956134562
0.43847890447544385
0.7140692743373693
0.11375267659567978
0.42998632007545445
0.6919981582478593
0.07297192700706057
0.39759210490955005
0.645823342082386
0.9950625978062724
0.34825114174652416
0.5976163155435142
0.9202695431383463
0.30407250376281336
0.5678294973196579
0.8842222578278027
0.2852815673734135
0.5621326275961028
0.887436799899029
0.295469705606912
0.5813395890656579
0.9294851842534155
0.33221505368395055
0.624234557734568
0.005851654301600062
0.3827884820694503
0.6742055321276279
0.07877909938817629
0.42287158685124576
0.707648278641285
0.1152674833517231
0.43852545144181126
0.7138175726123643
0.1131574969602176
0.4294078626389729
0.6910180758543325
0.07130850694239843
0.39644169978703026
0.6444516651269871
0.9927978320774009
0.3469037670932602
0.596566106711971
0.9188278803578516
0.3032484750235618
0.567405027157368
0.8838879585787903
0.2852369947150051
0.5623699462673044
0.8881315262974495
0.29619857700461294
0.5822682166851971
0.9312604790345498
0.333550541459519
0.6256618107123109
0.00817830879566106
0.3841550387760868
0.6754250641304915
0.08029553888106733
0.4236201504787049
0.7081595171750015
0.1156483169200957
0.4385479267358027
0.7134983456696586
0.11243875844636575
0.4287261383595934
0.689881261871711
0.06938420306485926
0.3951213975791389
0.642897603316184
0.9902398632628753
0.345385339494483
0.5953972291675319
0.9172384064956169
0.3023450381622852
0.5669522419070039
0.8835553887693295
0.28522279213406065
0.5626716163430078
0.8889720223822446
0.2970637304501522
0.5833579248794233
0.9333311333083465
0.33509326741628276
0.6273003232624241
0.010830821142142177
0.38570334834969944
0.6767979260734152
0.08198471842836197
0.4244461556896389
0.7087092949071159
0.11603543165662011
0.4385411618752407
0.7130926877944489
0.11156002664272502
0.42791031966915316
0.6885407863933474
0.06711936452532297
0.39357998671287014
0.6411083526277515
0.9873043205732346
0.3436460642313426
0.5940756365088466
0.915459065118037
0.30133928128423326
0.5664625928351772
0.883224035102898
0.28524679166802436
0.5630551849836419
0.8899983881697185
0.29810192795198387
0.5846525843135851
0.9357770242678254
0.3368968096985807
0.6292037250864169
0.013888578827672138
0.3874766658523122
0.6783602652871402
0.08388538664144018
0.42536644075060404
0.7093049830007743
0.11642791315183953
0.4384965270029064
0.712577859958683
0.11047970241218419
0.426926877261239
0.6869478773318549
0.06443113489475394
0.391765937493037
0.6390349131922034
0.9839147457185897
0.3416408858881952
0.5925729412727939
0.9134575174802333
0.30021434283083237
0.5659319898603893
0.8828994763416878
0.2853209356760744
0.5635410741964724
0.891254394446716
0.29935132295106404
0.5861966193105008
0.9386772264706236
0.3390111842318744
0.6314201820053891
0.01741838780850191
0.38950968448163137
0.6801397880422309
0.08602362067709612
0.4263907739666209
0.7099476068342241
0.1168178476106827
0.438401892507369
0.7119285402649638
0.10915364995519394
0.4257422608080942
0.6850567200363696
0.06124134101634349
0.38963298747661135
0.6366392764679312
0.9800148501783157
0.3393365602794325
0.5908716438473907
0.9112180503600715
0.29896330622005296
0.5653625714038137
0.8825943463564963
0.285460895687377
0.5641508175860306
0.8927829897496511
0.3008467206288836
0.5880292084523329
0.942098890810856
0.34147441699586545
0.6339834025542121
0.021459720759346546
0.3918202351286501
0.6821487020524735
0.08840470436773384
0.4275180915389253
0.7106296815988077
0.11718942079782702
0.4382424796360002
0.7111200681645276
0.10754127890149201
0.4243283525582269
0.6828333228309188
0.057491241533838444
0.3871498998319317
0.6339054900220968
0.9755868840960707
0.33672227164464363
0.5889723496250436
0.908750457574299
0.29759405951773266
0.5647644622429986
0.8823283169100973
0.2856843220530738
0.5649033182568769
0.8946177609879179
0.3026113506764463
0.5901744954280335
0.9460790506912337
0.34429986602158547
0.6368997049868481
0.02600486222226417
0.3943985744612767
0.6843749194688841
0.09100391239944194
0.4287325755914712
0.7113336243937078
0.11751950598694116
0.4380032318059689
0.7101343731027856
0.10561604253889101
0.4226711324669586
0.680268575239751
0.05316349538867926
0.3843141501506685
0.6308531753162288
0.9706732639334921
0.33382219976393057
0.5869014229510793
0.906098463395099
0.2961336692816994
0.5641566122373124
0.8821260696417408
0.2860071613819608
0.5658089229347603
0.8967703829502666
0.30464568630200284
0.5926286108125322
0.9506012638648558
0.3474614342245641
0.640133809850039
0.030979178725310197
0.3971974061970666
0.6867743108239384
0.0937598215764468
0.4300014003339343
0.7120320896065438
0.11778084221896568
0.4376729379868399
0.7089681136672161
0.10337924131698917
0.4207811683281968
0.6773926835361024
0.04830682475279757
0.381166146723873
0.6275486251934893
0.9653928505534282
0.33070514019626307
0.5847154553004319
0.9033428973036505
0.2946295647276136
0.5635654953760824
0.8820126076627536
0.28643832474198727
0.5668625398478857
0.8992171847677316
0.30691671374293117
0.5953476681509067
0.9555751696932727
0.35088282565698004
0.643599950750147
0.03623237290512926
0.4001286224908802
0.6892690000287651
0.09657566936989959
0.4312766201623517
0.7126914982732129
0.11794803373963259
0.43724919071231505
0.7076402662891097
0.10087216899651175
0.4187015759156072
0.6742839971514687
0.04305169857290925
0.37779652653972506
0.6241054937697884
0.959938664172518
0.3274835391738118
0.5824977179172115
0.9005940677659002
0.2931445511249935
0.5630208401363324
0.8820065903057407
0.2869744957675613
0.5680389515852963
0.9018917034882515
0.3093540043114944
0.5982442163608905
0.9608326730885439
0.3544396687679947
0.6471668829277533
0.041552879048324165
0.40307294758751766
0.6917565527049705
0.09933306040465895
0.432502733610574
0.7132787645012898
0.11800473533958944
0.43674186860022557
0.706194451192686
0.09817857047584555
0.4165072762047487
0.6710636076893027
0.037602194007715584
0.3743381032760265
0.6206687352609918
0.9545478308709883
0.32429640566384976
0.580344075626325
0.8979715975438138
0.2917449582682179
0.5625490486271664
0.8821141566101125
0.287597932597883
0.5692940380754153
0.9046904962877909
0.31185828506630475
0.6011985760802638
0.9661516149923919
0.35797969048666567
0.6506806696590466
0.046708018845005084
0.40590302812066587
0.694130009363934
0.10191610312583066
0.43362837979153235
0.7137690581778675
0.11794878633533923
0.4361726918279327
0.7046925169071916
0.0954118753223856
0.41429227201421753
0.6678728080948515
0.032198408819554825
0.37094063536904054
0.6173844389911015
0.9494504566485488
0.32127962208206995
0.5783422172821168
0.8955781080248231
0.2904857985881719
0.5621668757454914
0.8823264009270724
0.28827920916136596
0.5705730393621988
0.9074932216226591
0.31432169243757846
0.6040835662458016
0.9713025995660001
0.3613553536530809
0.6539980116057005
0.05149519415455961
0.40851125265666866
0.6963011313257326
0.10423625700933137
0.4346173098467867
0.7141510966614077
0.11779255198949934
0.4355704331129867
0.7032010122846741
0.09269065746146943
0.41214911421492617
0.6648418059251534
0.027063100300137588
0.3677380989618995
0.6143686419590904
0.9448204943419107
0.3185368855369872
0.576553622339826
0.8934788833233575
0.289399849685275
0.561878453759073
0.8826220682830479
0.288984043842095
0.5718225686555479
0.9101887007360392
0.31665091110266985
0.6067917750887185
0.9760980436508769
0.36445407983740963
0.6570147519795017
0.05578009846895826
0.41082933014169876
0.6982160803368795
0.10624650052606333
0.4354536294744523
0.7144275798613982
0.11755841248535326
0.4349640732987668
0.7017769179373037
0.09011376126862314
0.4101501941323622
0.6620645213903774
0.022357930398971826
0.3648237663125337
0.6116893167747707
0.9407509317011614
0.3161245418593088
0.5750062052700491
0.891696157505979
0.2884953342363814
0.5616768322821268
0.8829740430043108
0.28968099511411927
0.5730008900496413
0.9126951522798799
0.31878283226049065
0.6092531310182756
0.9804215029369628
0.36721319879897796
0.6596778751458618
0.059507419240932835
0.4128325054561649
0.6998579592306722
0.10794052695805822
0.4361399919729733
0.7146112933705329
0.11727197063104167
0.43437704725639525
0.7004586982419547
0.0877455191733687
0.4083383642563304
0.6595889891048214
0.018166241502131752
0.36224203700307217
0.6093660383398506
0.9372579592141597
0.3140534848170391
0.5736982052357236
0.8902169420073349
0.2877612211225433
0.5615484681861714
0.8833563359329599
0.2903468822405346
0.5740828959807278
0.9149681028557171
0.32068843864313745
0.6114381913916096
0.9842304779471933
0.36961775016631315
0.6619807875390977
0.06268773486204227
0.41453119267730804
0.7012389483611625
0.10934159339036453
0.43669143749438377
0.7147195335593683
0.11695607259347529
0.4338243413007507
0.6992643845423422
0.08561355742929999
0.40672755520450105
0.6574221299983694
0.014500788557334499
0.3599948595470712
0.6073815162251412
0.9343025436876558
0.31230159892263165
0.5726080101920106
0.8890068002948197
0.28717556799379684
0.5614780197686358
0.8837488908296113
0.2909687710989439
0.5750598353669781
0.9169974122310398
0.3223676817812633
0.6133509991065185
0.9875411094761049
0.3716881556458458
0.6639497349902154
0.06537430717613169
0.4159577618005114
0.7023887286308137
0.11048883740784143
0.4371286618724213
0.71476939393209
0.11662733281379545
0.4333123040356318
0.6981945889083716
0.08371504675876018
0.4053092519056096
0.6555415346097582
0.011323886718427323
0.358054770890357
0.605696265658632
0.9318148882942833
0.3108281898374492
0.5717041757231036
0.8880225208375581
0.28671285224478926
0.561451710179103
0.8841394899115604
0.29154326076194836
0.5759360208154531
0.91879884359628
0.32384075948088364
0.615018186923882
0.9904073694207132
0.37346601087793974
0.6656294606933784
0.0676414686146436
0.41715471382090796
0.7033444095657218
0.11142637024242052
0.4374730292509725
0.7147749868606211
0.11629513358915133
0.43284003970105406
0.6972373603892699
0.08202578741046374
0.40406026982355325
0.6539075388931136
0.008568256986460465
0.3563776801384935
0.6042607151059108
0.9297133399240542
0.30958528206388536
0.5709526730037413
0.8872205952004764
0.2863486524853194
0.5614589463103441
0.8845235246100849
0.29207449455273427
0.5767248151439445
0.9204050401914636
0.32513989823655476
0.6164791359573465
0.9929031794418779
0.3750027981217925
0.667072368056626
0.06956963920848924
0.4181667267084616
0.7041439213062355
0.11219666690288577
0.43774379387063067
0.7147463989457841
0.11596217057724978
0.43240125473425006
0.6963727161131994
0.08050836999506705
0.4029491641096323
0.6524722936479116
0.0061527339433746775
0.3549122130275602
0.603023002391742
0.9279158454150316
0.3085245398885301
0.570320986251231
0.8865615749715812
0.2860618838994884
0.5614926900223042
0.8849027866810306
0.2925720460915726
0.5774452620674523
0.9218584484853636
0.3263034089434582
0.6177790825540674
0.9951103734751003
0.3763527502903692
0.6683319694513512
0.07123704060419822
0.41903640892833743
0.70482260169063
0.11283751398439068
0.4379570005135614
0.7146896902638682
0.11562557165807386
0.4319858640339507
0.6955759268269391
0.07911793572746251
0.4019404676739663
0.6511852853107591
0.003991838789360713
0.3536052560506166
0.6019330056401584
0.926345414955175
0.30760061724661236
0.5697798626760725
0.8860116104690681
0.28583544714320896
0.5615492114431826
0.8852841471203352
0.2930492770072044
0.5781198247406634
0.923206817763983
0.32737217026408283
0.618965171937481
0.9971120942842802
0.3775692144266891
0.669459737475897
0.07271623115147063
0.4198026365090057
0.7054119454394621
0.11338117750938137
0.4381253438606357
0.7146073111289373
0.11527795167079335
0.43158108316990507
0.6948194532087104
0.07780547993149978
0.40099696403314444
0.6499960181927766
0.0020004429222177933
0.3524045554518476
0.6009438277730009
0.9249317814230553
0.3067722220396023
0.5693036744635032
0.8855424694264626
0.285656087897159
0.5616276773753902
0.8856785693191149
0.29352233713961984
0.5787731861137688
0.9245009520098176
0.3283880228901064
0.6200847346602401
0.9989900937526581
0.3787033724211837
0.6705041467293332
0.07407349240872607
0.4205003675370179
0.7059395426904883
0.1138546749144369
0.43825843642068146
0.7144985442381317
0.11490810545726537
0.43117198376649146
0.6940737751922412
0.0765192016091385
0.4000805172979049
0.6488548117483981
9.518744544267932e-05
0.35125941319067283
0.6000118264101764
0.9236110363395998
0.306001958737276
0.5688701142412862
0.8851309326611262
0.28551399319904425
0.5617298195160663
0.8861006022761151
0.2940097596879523
0.5794318810113745
0.9257941180879056
0.32939345217399163
0.6211849999384081
0.0008244321970936053
0.37980432164770145
0.6715109177491303
0.0753696213221271
0.42116114728773135
0.7064295325044352
0.11428043236267849
0.4383631540115618
0.7143597814367054
0.11450125771827091
0.4307415947882577
0.6933074273160436
0.07520448353106035
0.3991519648470411
0.6477125085696904
0.9981940501034803
0.35012032055083986
0.5990959555848641
0.9223244192716873
0.3052556588159079
0.5684596737670442
0.8847580872781944
0.2854024144285707
0.561859784518442
0.8865683440075041
0.29453252666479157
0.5801245106543659
0.9271425463477492
0.33043203797140364
0.6223136173523754
0.0026944282058183333
0.38091979946019305
0.6725237826922456
0.07666120242323182
0.4218138128512936
0.7069031612593257
0.1146769195324131
0.438443886314373
0.7141845677593897
0.114038895467925
0.430270661231423
0.6924865234417226
0.07380300751947777
0.39817047513150283
0.6465196773411364
0.9962150796345663
0.34893813281872466
0.5981569194942671
0.9210169906390229
0.30450164068382835
0.5680551674983538
0.8844087953675406
0.28531745863877855
0.5620241888590909
0.8871037960388364
0.29511446116757156
0.5808823153158427
0.9286065496435003
0.3315492616784492
0.6235195086355694
0.004680011666479356
0.3820970449003006
0.6735853079091061
0.07800176470057818
0.42248508988234057
0.7073791993182282
0.11505903738007328
0.43850261172857125
0.7139634140352049
0.11349826411765518
0.42973718222495544
0.691574027492739
0.07225144521771298
0.3970927035839134
0.6452257681756867
0.9940750922563611
0.3476632477864774
0.5971564953954847
0.9196366846356299
0.30371019724754045
0.5676414632704236
0.8840714881132814
0.285258108351111
0.5622323542777714
0.8877334813971514
0.2957827808089273
0.5817398799544374
0.9302518072030246
0.3327932962355322
0.6248536265303475
0.006862749038317961
0.3833833735041851
0.674737396994948
0.07944236480889488
0.4231998530084584
0.707874046088356
0.11543812530567887
0.43853876794657837
0.7136834321755776
0.11285166864814
0.42911588466643336
0.6905290601163441
0.07048020817824785
0.39587209611695146
0.6437786759490458
0.9916891137980337
0.3462452393961257
0.5960573558183178
0.9181341809112664
0.3028535676830435
0.5672055438542701
0.8837383712974956
0.28522647647394583
0.562496649524975
0.8884891141371895
0.2965685768362034
0.5827356777019675
0.9321502399495658
0.33421532889521455
0.6263691283517631
0.009325714549860864
0.3848259975587907
0.6760210721512969
0.0810311292606225
0.4239808275200498
0.7084013787307664
0.1158215037877226
0.43854893560056846
0.7133279242055921
0.11206584050160084
0.4283778803778329
0.6893066629746929
0.0684129543435088
0.3944588202673518
0.6421252954979318
0.9889715561725625
0.3446335130110332
0.5948237828075745
0.9164640905196199
0.3019066727334341
0.5667370119821817
0.8834060749111932
0.2852282377823476
0.5628327778661707
0.8894079365090707
0.29750682999901756
0.583911983934841
0.9343795943533253
0.33586876349893924
0.6281202742411512
0.012151095180586768
0.3864704809792254
0.6774750255044567
0.08281120098701966
0.4248474850716081
0.708971216556236
0.11621153288799424
0.4385264266003511
0.7128761960458463
0.11110186002085864
0.4274909331792821
0.6878586977907302
0.06596797325398018
0.3928010588350958
0.6402138835959661
0.9858404804085077
0.34277975559252005
0.5934237704494162
0.9145880359455282
0.30084892586346434
0.566229126819726
0.8830766802739309
0.28527306206184844
0.5632596986577858
0.890532041986885
0.29863531917900854
0.5853134077632383
0.9370203471744311
0.33780634583635827
0.6301590802666052
0.015414054997622273
0.3883570541239108
0.6791323231930912
0.08481648904263794
0.4258138963788745
0.7095883408827272
0.11660431089506784
0.4384610040796809
0.7123040948644996
0.1099164888267894
0.4264210280802121
0.686136908422581
0.06306316912901755
0.3908487274785083
0.637999258901221
0.9822266022576698
0.340643128667224
0.591833046137311
0.912480151445884
0.29966737864299997
0.565680365247521
0.8827588549236245
0.2853746802389432
0.5637986556256085
0.8919056073099512
0.29999147616380983
0.586982961400639
0.9401480013718736
0.3400740083233149
0.6325285810632594
0.019171296479463473
0.3905140374792488
0.681014716334049
0.08706484594812247
0.42688546424661494
0.7102502103331372
0.11698842213335037
0.4383391645763706
0.7115860430936889
0.1084661774537361
0.42513618749909354
0.684099428134735
0.05962681961148153
0.3885608453737961
0.6354517480452846
0.978088370418086
0.33819897279587097
0.5900412735409495
0.9101350371638022
0.29836115017174225
0.5650962675860884
0.8824684957102851
0.2855499780276105
0.5644705998743486
0.893568695109596
0.3016061344305907
0.5889545147363089
0.9438188286787323
0.34270047134357684
0.6352519506522576
0.02344371227658648
0.39294825363525837
0.6831246074719786
0.08954916439339833
0.42805493064808575
0.7109449161748216
0.11734455827389434
0.43814560222478016
0.7106994447671233
0.10671509012413272
0.4236133881272418
0.6817216425170012
0.05561573526627006
0.38591723362782077
0.6325697071019601
0.97343245840815
0.3354506723707922
0.5880597755239049
0.9075768795485101
0.2969463265092389
0.5644909219585845
0.882227932331255
0.28581641581835426
0.565291428625111
0.8955467644609578
0.30349376732365485
0.591241306411024
0.9480488041715516
0.3456831316965514
0.6383184405246277
0.028195589561582857
0.3956340710670636
0.6854362325743242
0.09222870222669943
0.42929891920832675
0.7116502751717784
0.11764715938638348
0.4378663906868684
0.7096317836256072
0.10464742753786638
0.4218483824739514
0.6790104619411313
0.051039415425957246
0.38293311362954663