0
0.26666666666666666
0.4541917955028426
0.6191277486209121
0.8382194911308712
1.1249735228339535
1.3554671466476624
1.5232256618352447
1.7025558341983646
1.9579538020727547
2.234131175932512
2.431126307921226
2.5947494015673267
2.8029979812690278
3.0864526208884207
3.3287755617169976
3.5010713604427415
3.673902835344243
3.917387622601113
4.200348555389938
4.407573142085338
4.571138452062669
4.769100381392987
5.046067404652551
5.300321013283861
5.478941702244837
5.647063937361912
5.878691906529569
6.165269337806694
6.383282640986588
6.548029389202111
6.736427986374005
7.004114890404527
7.2697445784455486
7.456408382345521
7.62154787021193
7.841723475185138
8.128622889095976
8.357986337080789
8.525397435593153
8.705453425529072
8.961990099547915
9.23735157553335
9.433386747881537
9.597079246720005
9.806356930354381
10.09027498626887
10.331437275062434
10.503214339021982
10.676598463236676
10.921245895198636
11.20368300424388
11.40988869911227
11.573407675656245
11.772342886305305
12.050072706773065
12.303177164605763
12.481104895547174
12.649607252156633
12.882373514016153
13.168743169584728
13.385683467783448
13.550255062669168
13.73953870650802
14.008227977929142
14.272805092699306
14.458620266726603
14.62397788714086
14.845242747949774
15.132256290800976
15.36049393987999
15.527573812907399
15.708371724439234
15.966040536866446
16.2405605308103
16.43564297575817
16.599416699830655
16.80972862460657
17.09407965362366
17.334082854679774
17.505358087670952
17.67931185845938
17.925122307477892
18.207005673528798
18.412197588903094
18.57568154082337
18.775596205305593
19.054061425706312
19.306012748316235
19.483264201127618
19.65216316716725
19.88607143300595
20.172202188657067
20.38807491051209
20.55248511817867
20.74266481512584
21.01233748198066
21.275847584133974
21.460827355401698
21.626417961100227
21.848777421665602
22.13587381285075
22.36299023145033
22.529754942693103
22.711310609203096
22.97010402707408
23.243757680758872
23.437895063564344
23.60176205562237
23.813113397139254
24.097866821663576
24.33671284625233
24.507503109768205
24.68204353868233
24.929016917555757
25.210316846482957
25.414500130974115
25.577960257697306
25.778860279878828
26.058033013764877
26.30882796926627
26.485419944423946
26.65473208413099
26.889785815957467
27.1756466070538
27.390457160666948
27.5547194580647
27.745805642607397
28.01644166585065
28.27887147067654
28.46302957307871
28.628868256510884
28.8523275909112
29.13947553007118
29.365475461053812
29.531940929884662
29.714269872837924
29.974179351070998
30.246942593900343
30.440143048115374
30.604115594424396
30.816511574367745
31.101636698311307
31.339327784633042
31.50964989382446
31.68479399418785
31.932929718607898
32.213616772591
32.416796640209654
32.58024406551192
32.78213512310722
33.0619870474356
33.31162310275747
33.48757249061073
33.657314436225754
33.89351683378867
34.17907666427124
34.39283042496924
34.55695799995685
34.74896054129647
35.02053885698285
35.281876224550246
35.46522686855267
35.63132894498049
35.85589333677439
36.143061511298974
36.367949853764884
36.53413183733402
36.71724922507693
36.9782651644637
37.25011477404271
37.442386932767995
37.60647758023931
37.81992346975624
38.10538949246627
38.34192818804892
38.51179890781921
38.68756367912605
38.93686062623136
39.21690565892572
39.41908742188099
39.58253322879128
39.78542081471916
40.06592321864623
40.31439848760748
40.48972224114963
40.65991068621196
40.89726467380267
41.18249262590097
41.39519492703759
41.55920068240174
41.75212889764352
42.02462746536616
42.284861381889854
42.46741922021505
42.63380020969038
42.859474731328895
43.14663182380678
43.370413613897604
43.53632768861375
43.720248296166986
43.98236000736088
44.253273667794836
44.44462669015779
44.60884825959814
44.823349378526366
45.109125407077556
45.34451455311754
45.51395059385346
45.69035300278519
45.940809466016766
46.220183661865
46.42137276661846
46.584828032952785
46.78871749480039
47.069841324411314
47.3171545183729
47.491869629627544
47.66252132357608
47.901029536102385
48.18589478098718
48.39755090819962
48.561447469712625
48.75531014319704
49.028705999617
49.28782655069218
49.46960664081487
49.6362822495916
49.8630718422546
50.15018653790327
50.372866928819434
50.53852847170055
50.723266642502296
50.9864623170269
51.25641867370993
51.44686226589839
51.61122786125054
51.826789573453716
52.11284463362801
52.347087350750414
52.51610536323801
52.69316232110995
52.944775961739474
53.223450879482286
53.423652945529525
53.58712877950601
53.79202535643939
54.07374125528712
54.319891636988444
54.49401511699645
54.665146860706706
54.90481162850388
55.18928343816362
55.399898627433586
55.563698355940495
55.758503764194785
56.032773080441864
56.2907714169838
56.47178918139406
56.63877528331786
56.86668473746322
57.15372573156981
57.37530997307387
57.540734143501766
57.726303754063096
57.990570443225685
58.259549152890735
58.44909358318372
58.61361659672155
58.83024430186084
59.11654734810628
59.34964702300886
59.51826359214406
59.695991928726116
59.94875972461094
60.22670734491568
60.42592820566334
60.5894357810463
60.79534463760881
61.077622983079436
61.322610324083406
61.4961591863399
61.667787828161906
61.90861116001074
62.19265892066647
62.40223836046243
62.565953367896356
62.761709309567415
63.03682745127891
63.293695749154615
63.47396693434991
63.64127955273293
63.87031348958858
64.15724949499315
64.37774291272156
64.54294463515582
64.72935906356057
64.99468266597654
65.26266444082479
65.45132054819692
65.61601466173418
65.83371378387196
66.12023370849293
66.3521939809526
66.5204256179344
66.69884205173354
66.95276024402885
67.22995302100013
67.42819876601162
67.59174935624118
67.79867561258747
68.08148654822834
68.32531109021974
68.49830233729072
68.67044476910353
68.91242833295016
69.19602156034937
69.4045703980462
69.56821256718541
69.76492639722322
70.04086798601611
70.29659940046173
70.47614003560045
70.64379532603431
70.87395818019216
71.16075793484555
71.3801659097928
71.54515985800049
71.73243195711292
71.99879721532771
72.26576386015411
72.45354305619
72.61842223845852
72.8371982119408
73.12390385372727
73.35472860348777
73.52259173627588
73.7017128415159
73.9567768802322
74.23318779640444
74.43046481420966
74.59406982499054
74.80201858320682
75.08533204724553
75.32799446726095
75.50044508021092
75.67311823297628
75.91626333388834
76.19937169083613
76.40689504352845
76.57047605123138
76.76815471851941
77.04489369375185
77.29948230974004
77.4783086658351
77.64632290032088
77.87761890350109
78.16425117813422
78.3825791267127
78.54737971005362
78.73552178618608
79.00291229262601
79.26884673401283
79.45576099805163
79.6208394984988
79.84069775159216
80.12755790404997
80.35725123717904
80.52476219910486
80.70460436978348
80.9608088592072
81.23641148345526
81.43272650406554
81.59639750391533
81.80537387017257
82.08915962052166
82.33066100004298
82.50258793023018
82.67580876851203
82.92011632346127
83.20270963995544
83.40921260970222
83.57274395328905
83.77139404086763
84.04890372063574
84.30234450038944
84.48047305084309
84.64886260352708
84.88129576947908
85.16772937543132
85.38498273054378
85.54960408281514
85.73862788046142
86.0070260926724
86.27191239952656
86.457974267152
86.62326660649452
86.84421254326415
87.13119596256597
87.3597621969607
87.52693721349372
87.70751662503443
87.96485527012739
88.23962381777254
88.43498395401132
88.59873270230403
88.80874180467936
89.0929694407633
89.33331123848315
89.50473140122685
89.67851691614347
89.92398742527602
90.20603572161147
90.41152341507168
90.57501644146217
90.77464420846005
91.05289734888913
91.30518607773415
91.48263346091801
91.65141479561666
91.88498890601079
92.17119270328492
92.3873768968743
92.55183286816595
92.74174956122897
93.01113682608292
93.27496022103915
93.46018276623018
93.62570372417738
93.84774270508385
94.1348181178246
94.36226176765133
94.52911694143928
94.71044951057743
94.96891506553027
95.2428244597759
95.4372372465309
95.60107571861558
95.81212272049622
96.09676170226005
96.33594573022847
96.50687599982324
96.68124319991645
96.92787671405782
97.20935022725227
97.41382777959436
97.57729371676248
97.77790514114103
98.0568739931629
98.30800722487477
98.48479020934596
98.65397986893028
98.88869845997992
99.17464136562135
99.38976181318165
99.55406596512499
99.74488615487107
100.01524274115523
100.27798960264055
100.46238641408806
100.62815101470942
100.85128833637802
101.1384244471929
101.36475020616342
101.53130150057457
101.71340284422435
101.97298706436203
102.24601299806879
102.43948642859188
102.60342683761931
102.8155169466816
103.10053661114833
103.33856501393048
103.50902221947223
103.68398811901744
103.93178420326947
104.21265341713246
104.41612602001649
104.57957601028176
104.7811768315121
105.06083319447022
105.31080819719456
105.4869436500095
105.6565582476037
105.89242459705699
106.17807559399382
106.39213768152648
106.55630328623903
106.74803700601242
107.01934214458771
107.28099999962029
107.46458515188029
107.63060864713864
107.85484952172541
108.14201502081274
108.36722774430622
108.53349096580183
108.71637635974035
108.97706995796798
109.24918895467327
109.4417315130916