1
1.3275862068965516
1.584864759215698
1.8825933219812798
2.2338439977662836
2.50592685366742
2.780972451512004
3.134093416920454
3.4278231738922127
3.6866888657012664
4.018918396747455
4.3417109893939445
4.597776371314884
4.89971220483021
5.2485388415906264
5.517791360406403
5.795921043961068
6.1503387105167056
6.44027745156651
6.701050799918822
7.037667527924973
7.355625824880372
7.610897855682125
7.917239571741589
8.263121691152067
8.52969664364483
8.81103390883098
9.166168572382272
9.45251198487327
9.715462139345147
10.056123360988279
10.369300876895009
10.62423018168993
10.935156427197983
11.277614901526857
11.541690764370623
11.826374430472757
12.181647513698607
12.46456987335849
12.729923125183953
13.074221529729341
13.382739760026961
13.637790083903806
13.953445688521235
14.29204792710306
14.553833789961654
14.842026208979615
15.196859830650158
15.476510661351451
15.744459413729942
16.09193742206732
16.395960958571564
16.65159144130513
16.972065937447
17.306435865060667
17.566179114772336
17.85806658619327
18.211881216056632
18.488389917015876
18.759098723657743
19.109254996101715
19.408974251506297
19.665621619902282
19.990922354748978
20.320759451697956
20.578755198171358
20.874541102837856
21.22675878778423
21.500245966324748
21.773856127978682
22.126151470201275
22.421771412701805
22.679833124818906
23.009863120386566
23.334964711768954
23.591561649087218
23.891455536708662
24.241511145150447
24.512102447829033
24.788739144368037
25.142607600516058
25.43433775411012
25.694160267596395
26.028712427596027
26.348986120409503
26.604583622970555
26.90879005123113
27.25614578068368
27.523983361169783
27.803767289130036
28.158630664761574
28.446673904496325
28.708550185652534
29.047320393162536
29.36277746341964
29.61781354053368
29.92652209995329
30.270678333139674
30.53592781270539
30.818989016305355
31.174267842752343
31.458809568759367
31.722985225480667
32.06559473937239
32.37632753718843
32.63126187254908
32.944635765894894
33.28513684614318
33.54799189277352
33.83448088672753
34.189597315338844
34.470798837902045
34.73748155956044
35.08349571803504
35.38965084682043
35.644946994794374
35.96310543366349
36.29954637788881
36.56023486828168
36.85032693535636
37.204702309626505
37.482701600583994
37.75206871105638
38.101006570843694
38.40276373815791
38.658871392814916
38.98186447315644
39.31390570649211
39.57269877703374
39.86659032064703
40.21964498638846
40.49456517228414
40.766768472415016
41.118107973386344
41.415666393511245
41.67300373555766
42.00078641587314
42.328175889852105
42.5853962977542
42.883295363745056
43.23445625846004
43.506418896866464
43.781590113695884
44.13477638863527
44.42834471859085
44.687283583389366
45.0197009679154
45.34229300519449
45.59831683978961
45.900431682973434
46.24914619907462
46.51828438869997
46.796544675583206
47.15100363481239
47.44078938832742
47.701648056899366
48.03843997500293
48.35619822624776
48.61144691866941
48.91797553161333
49.26372478609209
49.53019227622007
49.81166552191285
50.166817423989016
50.45301555573022
50.71606120647469
51.05688186586812
51.36986321730373
51.62478829286268
51.93590823864491
52.278214926945594
52.54219135495083
52.82701724075369
53.18228358585479
53.465067358443356
53.730524713117426
54.074964500074856
54.38329268718817
54.63835805126385
54.954212348531186
55.292645967543
55.55434183676275
55.842683757019415
56.1974866260745
56.47700458069696
56.74506478784747
57.09266421079307
57.39650518503354
57.652169402714115
57.97284471827442
58.30703189236731
58.56669638567706
58.85874152689698
59.21250133322437
59.48888224426437
59.75970879728541
60.10996480333071
60.40950978095923
60.666208266837785
60.9917079789947
61.32135182622483
61.57928220809384
61.87523443751161
62.22737348949581
62.50073789965991
62.77447125833215
63.12684328072125
63.42229762360659
63.6804258984895
64.01064843385579
64.33555072364726
64.59209791964103
64.89216679320549
65.24212080968347
65.51259485231223
65.78935975024429
66.1432810350557
66.43485422191223
66.69475650281176
67.02949036785351
67.34956328026468
67.60512855964919
67.9095182077642
68.25675079704648
68.52447749036112
68.80439473790342
69.15928686900187
69.44718124982226
69.70914837087118
70.04808589213361
70.36334459115785
70.6183672158785
70.92726638801737
71.27127966417694
71.5364257042287
71.81962601039427
72.1749095852284
72.45930964890066
72.72358545614992
73.06634525962706
73.37688486533388
73.63182503226352
73.94539551212455
74.28573575127655
74.54849608121165
74.83513095912276
75.19022815620326
75.47129417252428
75.73808496817495
76.08423033672005
76.39019918962994
76.64552023196333
76.96387890303471
77.30014347515582
77.56074757329301
77.8509933061407
78.20532538854268
78.48319449698246
78.75267645988907
79.10172464230544
79.40330348791969
79.65945413787034
79.98264763061565
80.31450012909926
80.57322113401264
80.86727482433226
81.22026220115433
81.49505718252274
81.76738115241841
82.11880852073962
82.4161971591517
82.67359393249897
83.00157281867311
83.32876530831078
83.58592822081859
83.88399815024492
84.23506831000189
84.5069109588762
84.78220800138203
85.13545859487728
85.42886585696696
85.68787844256785
86.02048322931842
86.342874651126
86.59885766661063
86.90115186186878
87.24975336246655
87.51877748707001
87.7971685887068
88.15166784099046
88.44130094417315
88.70224539181001
89.03921190103837
89.35677020860584
89.6119963429905
89.91871216060223
90.26432772741856
90.53068806396952
90.81229752958117
91.16746567393812
91.45351882385104
91.71666035661225
92.05763974621037
92.3704251499579
92.62534679788502
92.93666069345805
93.27881485280433
93.54269220742206
93.82766059437722
94.18291920636902
94.46556464701288
94.73112643298424
95.07570681014218
95.38384524229963
95.6389264390237
95.95497958230693
96.29324393570072
96.55485023903526
96.84334198405035
97.19811310168332
97.47749840030025
97.74567034327214
98.09339031357204
98.39704905640549
98.6527477615336
98.97362390569349
99.30762781141385
99.567214059449
99.85941722328798
100.21312120923437
100.48937453590685
100.76031907624517
101.11067388308558
101.41004493806544
101.66679522444554
101.99249373971195
102.32194399388561
102.57980961609837
102.87592853285292
103.22798797766018
103.50122983505243
103.77508660385136
104.12753432792074
104.42282343367319
104.68101886451961
105.01143357318878
105.33613641126897
105.59263455900154
105.89287877149197
106.24273027051704
106.51308729852654
106.78998060386111
107.14395371937968
107.43537028967133
107.69535283790972
108.03026787451414
108.3501400362117
108.60567385158448
108.91024704622583
109.25735563705743
109.52497172977435
109.80502252039936
110.15994240863779
110.44768824930523
110.70974662880879
111.04885080417154
111.36391129984405
111.61892126742106
111.92801133348412
112.27188087024437
112.53692380570277
112.82026347482883
113.17555080327405
113.45980948052923
113.72418579259056
114.06709513218834
114.37744180430694
114.63238860343007
114.94615587491154
115.28633457725353
115.54900058438434
115.83578165051473
116.19085861929412
116.47178936427828
116.73868853678536
117.0849642832913
117.39074717347569
117.64609388569703
117.96465287325928
118.30074049038551
118.5612606654431
118.85166040503883
119.20594819604287
119.4836873314353
119.75328440587862
120.10244200778348
120.40384287720615
120.6600372421082
120.98343106429749
121.31509439794114
121.57374389678986
121.86796009428357
122.22087919386341
122.49554917855367
122.76799404257689
123.11950831850197
123.41672753644194
123.67418437890414
124.00235919533017
124.3293544572893
124.58646052711316
124.88470167977916
125.23568015272869
125.50740304128864
125.7828261158594
126.13614003614053
126.4293865890046
126.6884734393207
127.02126517008108
127.34345592382907
127.5993988511757
127.90187273982409
128.25036033288453
128.5192706583508
128.79779278690054
129.1523313326333
129.44181212136985
129.70284280353076
130.03998329969176
130.35734177136075
130.6125461295489
130.91944945774463
131.264930517316
131.53118401107787
131.8129299375736
132.1681133281328
132.4540217933378
132.71725959120073
133.05839699959716
133.37098667617934
133.62590569830107
133.93741379004953
134.27941468108295
134.54319332620042
134.82830449760476
135.1835543814108
135.46606174351035
135.73172828710358
136.0764484589996
136.38439742667225
136.63949524745456
136.95574738510962
137.2938418314926
137.55535899982183
137.84400089465592
138.19873926191738
138.47799212353226
138.74627608155558
139.09411572899282
139.3975925726107
139.6533265153607
139.9744034903208
140.30822361917407
140.56773213683644
140.86009367692748
141.21374084609158
141.48986679388355
141.76092956101988
142.1113822334787
142.41057972159578
142.66738248807417
142.9932796241865
143.32253594976908
143.58033742117286
143.87662338781598
144.22860225275002
144.50172177387742
144.77570216515144
145.1282246110858
145.4233488420849
145.68161201816247
146.01221852600986
146.33672177024047
146.59317156604595
146.89359146967433
147.2433395282623
147.51357978861907
147.790601707606
148.1446256555751
148.4358859585236
148.69594927033611
149.03104493896308
149.3507163863225
149.60621949896438
149.91097656534726
150.25796030246548
150.525466083022
150.80565064144335
151.16059728866813
151.44819490631534
151.71034495983403