0
0.8787878787878789
0.8454393462168353
0.9172000226798864
0.05225279971247154
0.14625027786775857
0.13903216250153783
0.03420460326333741
0.9022235209653032
0.8436352316368654
0.8909639233507209
0.018856300672138282
0.13169890401942697
0.15080126072940736
0.06652090608100547
0.9305597824474405
0.848405022420424
0.870002323708615
0.9844135207669329
0.1112739791498294
0.1561924087262443
0.09527044296814258
0.9626029597056512
0.8595785651721983
0.8548735256291997
0.9508361287639839
0.08550729302123461
0.15501630232546226
0.1192108121843507
0.9967073816608061
0.8768378579144238
0.8459543367918236
0.9199469609772082
0.05531554738457256
0.1473172532072573
0.13758779297760593
0.03099483935252234
0.8997624525317556
0.8435228689477197
0.8932501263885801
0.022116531706897202
0.13334660090969286
0.14994943032182562
0.06356880126199194
0.9276745540126969
0.8476696644795942
0.8717567267709019
0.9876912731860741
0.1134629879124609
0.15596011671907628
0.09272026241229092
0.9594294412561967
0.8582447024288804
0.8560538670603528
0.9539497526697547
0.08817394659743316
0.15541244773421514
0.11715866929182006
0.9934164401755696
0.8749395570096703
0.8465284906847579
0.9227324365949117
0.058350657814781215
0.14832711577490731
0.13608864380165242
0.027769356457792327
0.8973471311821762
0.8434705455404816
0.8955840009657261
0.025365520617977033
0.13494042198575817
0.1490397420829941
0.06058523170772778
0.9248246576586885
0.8469928991606241
0.8735639373957305
0.9909752909529193
0.11560254337532871
0.1556679786872064
0.09012680521903027
0.9562764148143181
0.8569665569534997
0.8572904511762183
0.9570865599849034
0.09079894458232118
0.15574894761978997
0.11505617168539328
0.9901288511602431
0.8730933877546647
0.8471616127490142
0.925555319106304
0.061356705768401465
0.14927958732395896
0.1345350383797932
0.024529776682403304
0.894978293942339
0.8434782811924828
0.897964880266197
0.028601624983917162
0.13648003125172403
0.14807246090574555
0.05757156306009481
0.9220113002590813
0.8463749472409781
0.8754235736278593
0.994263903638567
0.11769211734888163
0.15531610211488367
0.08749098469668315
0.9531454333665994
0.8557444319529004
0.8585829780882788
0.9602450143360812
0.09338133960058581
0.15602567929723854
0.1129038257758217
0.9868462877342624
0.8712997439637689
0.8478534926514949
0.9284144338010214
0.06433229942167618
0.15017439688817413
0.13292730691662968
0.021277734453425845
0.8926566369138496
0.8435460729772242
0.9003920578023754
0.03182321337797234
0.13796510035692355
0.14704785972665824
0.0545291959559937
0.9192356452146282
0.8458160152635932
0.8773352372620531
0.9975554373582602
0.11973121067307879
0.15490461485136664
0.0848137600799661
0.9500380272311983
0.8545786261461399
0.8599311434443828
0.9634235572608432
0.0959202301093196
0.1562425406590482
0.11070216761236185
0.9835704192217445
0.8695590037467036
0.8486039061582233
0.9313085628088595
0.06727608248182992
0.15101128182473778
0.13126578758495544
0.01801487474536989
0.8903828169866895
0.843673895286146
0.9028647857546679
0.03502866717223174
0.13939530748507822
0.14596621851424607
0.05145956388165729
0.9164988113938392
0.8453162942593229
0.879298511651373
0.0008482160579861286
0.12171935083051943
0.15443366420560123
0.08209613671479454
0.9469557017841973
0.8534694335331603
0.8613346383794902
0.9666206104216419
0.09841475985554027
0.15639945091275442
0.10845176520896516
0.980302909794062
0.8678715315384611
0.8494126164353342
0.9342364464618178
0.07018673618815097
0.15178998896154727
0.129550827916884
0.014742851410612046
0.8881574537385372
0.8438617000188455
0.9053822735286496
0.03821638244831682
0.14077033647713177
0.14482782339355094
0.04836413094687653
0.9138018723343789
0.8448759585157168
0.8813129594182814
0.004140562765773126
0.12365608954798524
0.15390341592429269
0.07933916595546586
0.9438999351652271
0.8524171429555623
0.8627931492326695
0.9698345777498363
0.10086411705789322
0.15649635117149785
0.1061532207859397
0.977045417037557
0.8662376799718721
0.8502793753394524
0.937196784872329
0.07306298116394672
0.1525102758222152
0.1277827864022718
0.011463325612032227
0.8859811314936875
0.8441094169388177
0.9079436865508086
0.04138477200955526
0.14208987619294566
0.14363296593073915
0.045244389609825575
0.9111458557184438
0.844495164414865
0.8833781200983948
0.0074308008277208515
0.12554100041869787
0.1533140530708419
0.07654394477633808
0.9408721759891007
0.8514220374666184
0.8643063570252183
0.9730638475039015
0.10326753332467753
0.1565332048881849
0.1038071728958696
0.9737995904329221
0.8646577915703788
0.8512039246706185
0.9401882397024566
0.07590357909067258
0.153171911901675
0.12596203427674757
0.008177964349403322
0.8838544015124316
0.8444169541891906
0.9105481453206381
0.0445322674851063
0.14335362011287
0.14238194259906134
0.042101858382119106
0.908531743130986
0.844174049361083
0.8854935077480632
0.010717255149336857
0.12737367657694776
0.1526657748248863
0.07371161510467394
0.9378738410923101
0.8504843935306217
0.8658739366989112
0.9763067942302315
0.10562428232422372
0.15650999812647504
0.10141429840383509
0.9705670697360017
0.8631322002416577
0.85218599736063
0.9432094360963743
0.078707334177742
0.15377467996532967
0.12408895747832194
0.004888439067542327
0.8817777842802357
0.8447841989603804
0.9131947247331829
0.0476573215122551
0.14456126617605758
0.1410750544447883
0.03893807954193207
0.9059604701050973
0.8439127308170242
0.8876586085478282
0.013998253462591759
0.12915372845564765
0.1519587952242527
0.0708433628857823
0.9349063133446341
0.849604480074134
0.8674955561175435
0.979561780619298
0.10793367822718025
0.15642673966442278
0.09897531429375861
0.967349483253502
0.8616612325561941
0.8532253185698337
0.9462589647465705
0.0814730944043962
0.15431837734530118
0.1221639587486767
0.0015964243312529547
0.8797517718649721
0.8452110182989652
0.915882453682046
0.05075840997902148
0.14571251684833264
0.13971260696860077
0.03575461688056558
0.903432926454307
0.8437113054644594
0.8898728784342098
0.01727212763813535
0.13088078165577355
0.1511933418729725
0.06794041689591923
0.9319709395568098
0.8487825574136898
0.8691708748390483
0.9828271592542974
0.1101950739433768
0.15628346092917766
0.09649097927490136
0.9641484460111833
0.860245208798661
0.8543216066661619
0.949335384063122
0.08419975251336309
0.15480281720831668
0.12018745985267154
0.9983035965496866
0.8777768303098918
0.8456972600445862
0.9186103149486196
0.05383403430555678
0.14680707940852566
0.13829491023433826
0.03255305350474891
0.9009499568870494
0.8435698485035101
0.8921357407922519
0.02053721506055961
0.13255447495468076
0.150369654640494
0.06500404732230636
0.9290690285150189
0.848018876085908
0.8708995426694734
0.9861012742538011
0.11240785917871499
0.15608021576374842
0.09396209516514586
0.9609655578163487
0.8588844437838816
0.8554745740614984
0.9524372224151034
0.08688624673999046
0.15522782977124372
0.11815990388750253
0.9950116327309206
0.8758534020298105
0.8462427538791744
0.9213772453788309
0.056882723739628105
0.14784466643860683
0.1368222792132101
0.02933498971338322
0.898512361894201
0.8434884131015838
0.8944465842407276
0.023791860082263305
0.13417445847781528
0.14948798437836675
0.06203556413319422
0.9262018491720756
0.8473136756068564
0.8726811980138838
0.9893824628140049
0.11457145833978055
0.1558170800294172
0.09138950803078183
0.9578024012209075
0.8575792474332777
0.8566839278823066
0.9555629804136241
0.08953156126467032
0.15559326344200208
0.11608175765129158
0.9917222092465396
0.8739819081783535
0.8468473124704394
0.9241821363441056
0.05990303763882743
0.14882499649965997
0.1352950343675352
0.02610204096348978
0.8961208988965303
0.8434670300007046
0.8968047605409533
0.027034415568633285
0.13574039205552735
0.14854859168135448
0.0590363152638671
0.9233706290234976
0.8466671831878116
0.8745154660427783
0.9926690566600069
0.11668532831577849
0.15549415104999276
0.08877410906593086
0.9546605393956223
0.8563299251118495
0.8579493704538181
0.9587111332072695
0.09213472638087516
0.15589898586563455
0.11395351403965681
0.9884370005855978
0.872162750954834
0.8475107326893312
0.9270238344787298
0.0628935677102418
0.14974779497293156
0.1337135024739342
0.022855835935839952
0.8937762836350723
0.8435057072893346
0.8992095826587421
0.030263244543846657
0.1372519437834665
0.1475517457201183
0.056007684646833145
0.9205765526942769
0.8460796124343566
0.8764019566958139
0.9959593834189124
0.11874895616875625
0.1551115469066564
0.08611683519855218
0.9515415139304211
0.8551367777298822
0.8592705995799383
0.9618801327626783
0.09469481837566462
0.15614488485754086
0.11177569443807123
0.9851576780777428
0.8703963158205736
0.8482327968791477
0.9299011426813133
0.06585294017705934
0.15061279504282
0.13207801768174887
0.01959801470640299
0.8914791917840486
0.8436044303422023
0.9016603230071474
0.0334767219427885
0.13870878880152326
0.14649772317229615
0.05295109011612009
0.9178207607591664
0.8455511620550595
0.8783402625474408
0.9992517679304078
0.12076185676405693
0.1546694055947464
0.08341866941408194
0.9484468425796029
0.8540001016175967
0.8606473086042832
0.9650684101056122
0.09721095912406597
0.15633086920824724
0.10954885107751
0.9818859085663847
0.8686829735961796
0.8490132741522514
0.9328128213638889
0.06877981784115494
0.15141973879683657
0.13038892279834546
0.016330227025309174
0.8892302607628908
0.8437631619290626
0.9041562118953517
0.03667323647044274
0.1401106083024677
0.14538680727789566
0.04986798121645819
0.915104348815755
0.8450820146048417
0.8803299565615019
0.0025445335127374236
0.1227235703734193
0.15416788405632165
0.08068064079207704
0.9453780169743297
0.852920188184775
0.8620791862413941
0.9682743775011184
0.09968231540323247
0.1564568693465851
0.10727356932105514
0.9786233530145696
0.8670230824133787
0.849851921688902
0.9357575899282959
0.07167290201104004
0.15216837841630482
0.12864657078903496
0.013054130700759004
0.8870300917213109
0.8439818424907144
0.9066964362062957
0.03985119256579006
0.14145708877745822
0.14421928704349996
0.046759836948270905
0.912428366825626
0.844672335286613
0.8823705897638174
0.005836003203583573
0.12463366028319278
0.15360715710483586
0.07790382425575926
0.9423365003278551
0.8518973233809168
0.8635659161710512
0.9714964305550551
0.10210809793654008
0.15652283785068488
0.10495046984976097
0.9753716650286761
0.8654169894975716
0.8507484860117196
0.9387341284461117
0.07453093426566593
0.15285847743082948
0.1268513264756077
0.00977139008124972
0.8848792516691759
0.8442603905780186
0.9092801383224929
0.043009012462812635
0.14274792150145288
0.14299545661779778
0.0436281634787159
0.9097938187346345
0.844322270832941
0.8844616888633399
0.00912450099624973
0.12649171043967788
0.1529874162605689
0.07508934003892787
0.9393237251614139
0.8509317869746558
0.8651071763926759
0.9747329502232891
0.10448756018179228
0.15652874979875087
0.10258021071715007
0.9721324892880644
0.8638650327602164
0.8517027042087297
0.9417410795155619
0.07735269802643252
0.15348981200938083
0.12500356841402493
0.0064836746257839195
0.8827782757212117
0.8445987034470772
0.9119064153159484
0.04614513833687761
0.1439828022573959
0.14171561485842865
0.04047449184755658
0.9072016623788169
0.8440319484874181
0.8866027538535717
0.01240835309174404
0.12829732316275333
0.15230886851765568
0.07223835287921876
0.9363410910804213
0.8500238516738516
0.8667026383409762
0.9779823047192175
0.10681999688144295
0.15647460295419746
0.10016348924324925
0.9689074598723003
0.8623675421834165
0.8527143050778707
0.944777050266667
0.08013701991231459
0.15406217226120078
0.12310369092872708
0.003192657548473754
0.8807276694252546
0.844996657801131
0.9145743184141957
0.049258034520568206
0.14516143129394043
0.14038006510720535
0.037300375694533816
0.9046528096779133
0.8438014751031278
0.8887932556265525
0.01568588918674685
0.13005011695756097
0.15157173506549593
0.06935207095111462
0.9333899626317068
0.8491737821100269
0.8683519657681285
0.9812428513146136
0.10910474239603074
0.15636041778228504
0.09770104372106525
0.9656981984815163
0.8609248409827257
0.8537830101663277
0.9478406144844151
0.08288277085615059
0.15457536352053292
0.12115210627826656
0.9999000145212354
0.8787279111419546
0.8454541106672062
0.9172828527503332
0.05234618976918526
0.14628351350748647
0.13898911518737433
0.034107389032065116
0.9021481271138964
0.843630936373188
0.8910326336319287
0.01895544381621983
0.13174972445227917
0.15077624998901484
0.06643174455620549
0.9304716672727018
0.8483818337124769
0.8700548134018606
0.9845129380332205
0.11134116884500189
0.15618623729801895
0.09519365491081544
0.9625063125496323
0.8595372465380069
0.8549085346790739
0.9509303148190531
0.08558886696380963
0.15502920759043626
0.11914924692468709
0.9966074224161978
0.8767794544434495
0.8459709003929898
0.9200309774004973
0.055408119552666335
0.1473487588355593
0.13754307763291695
0.03089712408381029
0.8996884364875232
0.8435203962058648
0.893320293613294
0.02221535776737671
0.1333957904877161
0.1499226589735414
0.06347866459198448
0.9275874934830228
0.8476482514985548
0.8718108253926977
0.987790905240723
0.11352868408155636
0.1559521267476296
0.09264214730009401
0.9593333932545681
0.8582050710862568
0.8560905882325949
0.9540446650526873
0.08825427010200748
0.15542354392253155
0.11709556787716213
0.993316558068003
0.8748827304986255
0.8465468477470237
0.9228176057077342
0.058442368347782825
0.14835688284511206
0.13604227015590808
0.027671189205790814
0.8972745159416665
0.8434698962541884
0.8956556054532934
0.02546397957921176
0.13498797038187038
0.14901121804099282
0.06049416082368797
0.9247386890475184
0.8469732688071789
0.8736196335672874
0.9910750871387293
0.11566672953026513
0.15565817312856955
0.09004739011139806
0.9561810134339503
0.8569286221744126
0.8573288754318804
0.9571821523922541
0.09087798820489557
0.15575823071144357
0.11499154907898568
0.9900290970354827
0.8730381504131164
0.8471817571029652
0.925641605886617
0.061447511902188445
0.14930760749630134
0.1344870163538936
0.024431206902655767
0.8949071012362572
0.8434794556074254
0.89803790115775
0.028699667138591956
0.1365259283895328
0.14804219234447347
0.05747959998637442
0.9219264595378385
0.8463571060026784
0.8754808555080948
0.9943638131739871
0.11775477791782141
0.1553044845555387
0.08741029804206657
0.9530507254191507
0.8557082028743441
0.8586230962514072
0.9603412397605611
0.09345907529407338
0.15603314588483896
0.11283769780601927
0.986746712342202
0.8712461074932012
0.8478754176865655
0.9285018018984819
0.06442215944030627
0.15020066205967675
0.13287764665505186
0.021178811947340392
0.8925868872560593
0.8435490706491833
0.900466473007443
0.03192078938029219
0.1380093363736381
0.14701585504834758
0.054436383746450545
0.9191519670168748
0.8457999691756135
0.8773940924827484
0.9976554093771586
0.119792330928437
0.1548911894826266
0.08473183172567023
0.9499440588046262
0.8545441117663115
0.8599729462038805
0.9635203680593898
0.09599663121121882
0.1562481879722739
0.11063455104420172
0.9834710731761462
0.8695069794042365
0.8486276048620991
0.9313969745827713
0.06736495578020385
0.15103578416264263
0.13121449949479835
0.017915649607970208
0.8903145297292688
0.8436787150843128
0.9029405719040458
0.03512572809438108
0.1394378727013954
0.1459324863202005
0.05136594655309512
0.9164163289871148
0.8453020488662752
0.8793589272489561
0.0009481996480640298
0.12177891681614428
0.15441843579421421
0.08201299790808814
0.9468625181732656
0.853436642701106
0.8613781162840044
0.9667179583816443
0.09848980106710048
0.15640327683850086
0.10838267781363209
0.980203843530238
0.8678211301961416
0.8494380814334264
0.934325863025997
0.07027458333059311
0.1518127209395037
0.12949792271342941
0.014643373981470642
0.8880906471320875
0.8438683401342102
0.9054594059342282
0.03831287984010645
0.14081122137432645
0.1447923724599529
0.04826975341053208
0.9137206176001764
0.8448635188352349
0.8813749217631204
0.004240507006220362
0.12371408800649308
0.1538863897797662
0.07925484933597193
0.9438075808017932
0.8523860843547602
0.8628382926782745
0.9699324141529604
0.10093777441506724
0.15649835426940428
0.10608268140718202
0.9769466807675653
0.8661889121708313
0.8503065989336285
0.9372871661461417
0.07314976393779293
0.15253123025840498
0.12772827516058616
0.01136364642920129
0.8859158227520443
0.8441178748975056
0.9080221391729306
0.04148065796101097
0.14212907139724384
0.14359580518966486
0.04514929760183506
0.9110658591406765
0.8444845349036241
0.8834416148225246
0.00753065482672044
0.12559741871993513
0.15329523501005649
0.07645848435983815
0.9407806943730294
0.8513927195930746
0.8643531562358124
0.9731621231871082
0.10333978416130662
0.1565333844012915
0.10373520151241422
0.9737012340978899
0.8646106675692025
0.8512328988763742
0.9402795444672418
0.0759892605540351
0.15319108199804732
0.12590592848872184
0.008078134106016321
0.8837906068808626
0.8444272268705495
0.9106278907434915
0.04462749469166649
0.1433911163870818
0.1423430811253037
0.042006098393820634
0.9084530337931246
0.844165233883847
0.8855585196723168
0.01081696808206356
0.12742850264853267
0.1526451711346266
0.07362504625858923
0.9377832747239052
0.8504568246661195
0.8659223816993591
0.9764054596437086
0.10569510522799153
0.15650835398684926
0.10134091618693342
0.9704691429553385
0.8630867300584448
0.8522167139418735
0.943301622056367
0.07879187870069071
0.15379205934713913
0.12403126911447382
0.004788508570675365
0.8817155191061713
0.8447962826195194
0.9132757341485762
0.04775184334207827
0.14459705441830772
0.14103450144901708
0.03884169875082977
0.9058830756960483
0.8439057326192523
0.8877251216093456
0.014097774610293268
0.12920695071648836
0.15193641262235635
0.07075572229675808
0.9348167036595404
0.8495786682553668
0.8675456366997207
0.9796607858811375
0.10800305298897772
0.15642327249366428
0.09890054365903311
0.967252035270864
0.8616174260038774
0.8532577690704772
0.9463519885934077
0.08155646770286884
0.154333960100145
0.12210470032394483
0.0014964444625633622
0.8796910506703101
0.8452249085933934
0.9159646968818118
0.05085218054180185
0.14574658809760144
0.13967037179726627
0.035657663082676816
0.9033568732829547
0.8437061271489272
0.8899408756153169
0.0173714064288788
0.1309323889534173
0.1511691874688299
0.0678517425300269
0.9318823268643095
0.8487585103980404
0.8692225805210798
0.9829264542019165
0.11026298150081537
0.15627817203379646
0.09641484392774391
0.9640515256371783
0.8602030755132803
0.8543557824377395
0.9494292015429964
0.08428192167527637
0.15481659792393265
0.12012664449535748
0.998203618227247
0.8777176668638669
0.8457129520645021
0.9186937603257572
0.053927008522153486
0.14683942485661672
0.13825100237662546
0.03245557504894947
0.9008752699052381
0.8435664920113219
0.8922052040516877
0.020636201112147923
0.13260445650727837
0.1503437358956914
0.06491437837851977
0.9289814519406548
0.8479966013146827
0.8709528626485636
0.9862008084922096
0.11247428155459893
0.15607310712548772
0.093884620139006
0.960869213368108
0.8588439932456224
0.8555104662860784
0.9525317883976212
0.0869671802430978
0.15523980357135825
0.11809754541047468
0.9949117068716677
0.8757958094214637
0.8462602421808973
0.9214618599373432
0.056974857411694835
0.14787527744803164
0.13677670831522803
0.02923703543827405
0.8984390647278329
0.843486879697882
0.8945174944481722
0.023890503247749884
0.1342228038213984
0.149460309068276
0.06194494099088255
0.9261153466054857
0.8472931801667958
0.8727361211132547
0.9894821857611538
0.11463637857640929
0.15580815429066885
0.09131071971777738
0.957706680458782