0
0.01694915254237288
-0.025311662722613964
0.020645358310011495
-0.005453896479877273
-0.012468249287701565
0.02411164731606478
-0.02337677436287771
0.01065963979674018
0.0074152019832531835
-0.021773054225377633
0.025006898728823626
-0.015377610848000184
-0.0020241853384236896
0.018413697859824486
-0.025452677290063157
0.019386071594705654
-0.0034587722933252067
-0.014198866021504374
0.024691174471485673
-0.022491654180863616
0.008784544531643672
0.009330446133344997
-0.02276151082401803
0.024540528944148796
-0.013709334977810805
-0.004035841482922815
0.019761583414859837
-0.025428948358815432
0.018003651440554626
-0.0014422274300867378
-0.01584037937919002
0.02511130975682175
-0.021462381819498146
0.006854797549841897
0.0111876023558693
-0.02360396217748836
0.023915821234172772
-0.011955109276012382
-0.0060224955357622255
0.020983822499594556
-0.02524064330282298
0.0165072873483143
0.0005832431984923274
-0.017382147577009344
0.025369105581249163
-0.020295984584500576
0.004882494021190592
0.012974923839437533
-0.02429459382998201
0.023137129834890607
-0.010126165754930229
-0.007971788127730417
0.022072182824269152
-0.024889088935502856
0.014906823031964559
0.002605104646094026
-0.018814072858798648
0.025462747209669515
-0.019000351554038123
0.0028799274442726543
0.014681010452689628
-0.024828604856228724
0.022209846305433684
-0.00823411250657969
-0.009871532448376425
0.02301926255646111
-0.024376755687524513
0.01321267877760526
0.00461083813023953
-0.02012667862799538
0.025391574298318474
-0.017584158793256886
0.0008595296257706136
0.01629487897834067
-0.02520226116826523
0.02114034095449316
-0.006290865369392974
-0.01170977579262824
0.023818562865718193
-0.02370722855338476
0.01143577531408925
0.006587997503906935
-0.021311187421687486
0.02515608880227562
-0.016056792128742226
-0.0011661872162425438
0.01780603642894963
-0.025412938306334294
0.019935896611861452
-0.004308582908825027
-0.013474864139852202
0.02446455504468502
-0.022885165857785453
0.009587460112532267
0.008524266922166422
-0.022359598333942122
0.024757948961159525
-0.0144282691613563
-0.003184687033988779
0.019204555891887843
-0.025459152225314922
0.018604636708047437
-0.0022996044823536017
-0.015155510031847286
0.024952740240356347
-0.02191624728433697
0.007679436711078486
0.010407520531042293
-0.02326476224048649
0.024199949586589924
-0.012709161947836476
-0.005183466130113178
0.020481154029780645
-0.02534057696717664
0.017155449602189267
-0.0002763909043596441
-0.016740863731886466
0.0252796999045516
-0.020807112900327166
0.005723697342742539
0.012225884844369341
-0.02402045298347163
0.023485989375889218
-0.010910521490636812
-0.007150109881619463
0.021627269050942245
-0.025058048568314954
0.015597910975118829
0.0017485329832121858
-0.018220587339351644
0.02544313526682387
-0.019565295087490695
0.0037324588393751017
0.013967804257145174
-0.024621432565762276
0.022621026424732675
-0.009043804861337192
-0.009072350909777517
0.022635137678570505
-0.02461355505641708
0.013942205900274118
0.0037626346804992272
-0.01958493121483406
0.02544189444063985
-0.018199145346456884
0.0017181015049254067
0.015622109883047883
-0.025063508398091693
0.0216110234762372
-0.007120805461536799
-0.010938129483134471
0.023497869407782684
-0.02401021290797108
0.012199051942568161
0.0057534302699858465
-0.020824811750605167
0.025275986178417954
-0.01671775788911304
-0.00030688959205546484
0.0171780916115815
-0.025343580751905986
0.02046288470310338
-0.005153586609420113
-0.012735656762051038
0.024209516168215914
-0.023252230826807406
0.010379624335873791
0.007708541467974193
-0.021931889215231468
0.024946579766576084
-0.015130891784280814
-0.002329981650927397
0.018625572968120563
-0.025459678798544903
0.019184385961378406
-0.0031544183414262753
-0.014453481262095186
0.024765135428599035
-0.022344862131105748
0.008495483972052627
0.00961575436339623
-0.022898644126425168
0.02445599106449525
-0.01344889319881162
-0.0043386503741327485
0.01995498803908524
-0.025410983953142573
0.01778410047896983
-0.0011357170478812316
-0.016080558642547645
0.025160844805982217
-0.02129434737249884
0.006558508613462622
0.011463080585724837
-0.023718450383884766
0.02380765520377231
-0.011682619000903137
-0.006320436346018345
0.021157459406903098
-0.02519783966984438
0.016271321859224017
0.00089001266893627
-0.017606324627175166
0.02539386638605605
-0.020107849036981554
0.0045808274289087375
0.013238821448710015
-0.02438564324632873
0.023006086938869397
-0.0098433626859805
-0.00826300248489031
0.022224875740370943
-0.024821747324892514
0.014655986107330009
0.0029102347036557286
-0.019020770548529735
0.02546255922182071
-0.01879338028503027
0.0025747586611777756
0.014931635372796011
-0.024895580185059097
0.022056830043727684
-0.007942783265421988
-0.010154193412583511
0.023149967424158594
-0.024285348340719545
0.012948594146767804
0.004912437626965995
-0.020314520685631388
0.02536643884409291
-0.01735972968056884
0.0005527499740320269
0.016530608608740362
-0.025244692705888864
0.020966397454923954
-0.005992837438837776
-0.011982097432886949
0.023926378408089626
-0.02359239320953169
0.011160136006735221
0.006884191280498112
-0.02147891025095596
0.025106183066613212
-0.015816383747708322
-0.0014726791899804942
0.018025328979894083
-0.025430527409247325
0.01974220405428829
-0.004005715063307172
-0.013735111599806844
0.02454873233484304
-0.022747698532253773
0.009302017549477702
0.008813204699858204
-0.022506062592239272
0.024683623869931587
-0.014173448999748879
-0.00348899407005291
0.01940596204192017
-0.025451774851140297
0.018392494057596447
-0.001993777649036483
-0.015402010101029314
0.025012690983627264
-0.021757093566399956
0.0073859902852086955
0.010687386172608268
-0.023388963927354997
0.024101725665504475
-0.012441574828999519
-0.005483700789076333
0.020663328738033317
-0.025308285160493653
0.01692626493690507
3.0500638050011408e-05
-0.016972015893326652
0.025315003160694256
-0.020627358050902
0.005424084505122873
0.012494906067349387
-0.024121533748518224
0.023364550736588257
-0.010631878350375854
-0.007444403240655411
0.02178898331887156
-0.025001069836165048
0.015353189667114207
0.0020545901878885747
-0.018434875216537645
0.0254535423794839
-0.019366153234122822
0.0034285456612807297
0.014224262845394946
-0.02469868893730272
0.022477213089908046
-0.008755871975535724
-0.009358861550390618
0.02277529001597073
-0.02453228965674996
0.01368353887287968
0.004065962235431812
-0.01978093429223895
0.02542733199684314
-0.01798194807147662
0.0014117736470414463
0.01586435240017271
-0.025116399642776916
0.021445822302041225
-0.006825394172997035
-0.011215052875329066
0.02361549672701917
-0.023905229151063207
0.011928104182501707
0.006052145164084661
-0.02100121719436257
0.02523655688914596
-0.016483942490004802
-0.0006137356048805664
0.017404540573544867
-0.02537173510256128
0.020277419186292618
-0.004852543555815943
-0.013001235118067493
0.024303803812015405
-0.023124258559158624
0.010098123792089637
0.008000781758991757
-0.02208750357642834
0.02488256123563629
-0.014881989455715072
-0.002635446975371821
0.018834738383981687
-0.02546289783190372
0.018979905229752184
-0.0028496161431768967
-0.014706013894049469
0.024835426033455607
-0.022194784628670618
0.00820521092419628
0.009899688270265938
-0.02303240467189513
0.02436783249147921
-0.01318651734689126
-0.0046408423548005215
0.020145479180162823
-0.02538924495881329
0.017561967757658392
-0.0008290453769733697
-0.01631841281452507
0.025206645717343337
-0.02112319191176184
0.0062612855447476135
0.011736916002000317
-0.023829435771680806
0.02369597214211125
-0.011408453855286584
-0.006617477125935134
0.021327996617761632
-0.025151295922898876
0.016033002684504593
0.0011966557487626643
-0.017827946845293725
0.025414855373593417
-0.019916776436354273
0.0042785093924641825
0.013500815939686193
-0.02447308324858585
0.0228716542964295
-0.009559152327557798
-0.008553037855214714
0.02237430206246848
-0.02475072625191773
0.014403036527026895
0.0032149512565567764
-0.019224698183869623
0.025458588292222795
-0.0185836737150824
0.002269224087177075
0.015180106678475667
-0.02495886416252523
0.021900573566521146
-0.007650321138478775
-0.010435402017617421
0.023277259767898604
-0.0241903476473713
0.01268264910534184
0.005213338366813428
-0.020499393776544333
0.0253375360122039
-0.017132783031035048
0.0002458918289983958
0.016763945629917756
-0.025283376557704882
0.02078938397119964
-0.005693956369034459
-0.012252700418011332
0.024030657984795777
-0.023474075110845365
0.01088289806711646
0.007179404237031027
-0.02164348328532587
0.025052552019188278
-0.01557368981461359
-0.0017789620084943635
0.018242003176962042
-0.025444338758772396
0.01954563077502563
-0.0037022777580188113
-0.013993382753852191
0.02462927405007528
-0.022606882289979664
0.009015246055273717
0.009100884159862727
-0.022649216029517926
0.02460564153453951
-0.013916587720624481
-0.00379280523894095
0.019604539127257983
-0.025440616282205456
0.018177677230478372
-0.0016876676163447048
-0.015646286502703607
0.02506893149981691
-0.021594746586284363
0.007091491018326717
0.010965722004910236
-0.023509715187877228
0.023999937774448157
-0.012172201751430564
-0.0057831551087713165
0.020842480494903212
-0.025272235385235438
0.016694628135934392
0.00033738784930714
-0.01720070902546249
0.02534654736159114
-0.020444585824437523
0.005123699846879517
0.012762133509551226
-0.02421904737713004
0.023239665546489454
-0.01035171347213176
-0.007737635367833746
0.021947499334998143
-0.024940382750991717
0.015106251971985694
0.002360355550242832
-0.01864648246376545
0.02546016801107011
-0.01916418842285808
0.003124145221414451
0.014478672792317893
-0.024772285642816787
0.02233009347685082
-0.008466689045861047
-0.00964403503969194
0.022912089081308692
-0.024447391321584674
0.013422903154388766
0.004368711746048491
-0.019974050688968972
0.025408992317143976
-0.01776213902819712
0.0011052452864284482
0.01610430219075768
-0.025165563926431517
0.02127747649611613
-0.006529010496340082
-0.011490369630834111
0.02372963761595936
-0.02379671280301721
0.01165544566601642
0.006349998432799816
-0.0211745472426773
0.025193381229137234
-0.016247741492077698
-0.0009204944637076599
0.017628465226273846
-0.0253961212183608
0.02008899043581912
-0.004550810293088504
-0.013264945322180349
0.024394495153821808
-0.0229928778397101
0.009815179023399293
0.008291880818025666
-0.022239872910163508
0.02481485345035045
-0.014630940894670763
-0.00294053787874185
0.019041162182377308
-0.02546233386865801
0.01877266069389004
-0.0025444090632467248
-0.014956426441764823
0.024902034973976903
-0.02204144525859212
0.007913767213291817
0.010182206724884617
-0.023162771306876342
0.024276067358851662
-0.01292224607830117
-0.0049423743309308515
0.02033302746139116
-0.025363734895355695
0.01733728691768625
-0.0005222559742726098
-0.0165539062366754
0.025248705091878258
-0.02094894208709703
0.0059631709152261556
0.012009068614125644
-0.023936900656174563
0.023580789841327464
-0.01113265386746718
-0.006913575323328029
0.02149540757093736
-0.025101019580325824
0.015792365541174275
0.0015031288839917958
-0.01804698065698753
0.02543206914561299
-0.019722796239973507
0.003975583018984187
0.013760868701272005
-0.024556899815825237
0.022733853162212294
-0.009273575839392829
-0.008841852439324224
0.022520438301623483
-0.02467603714462979
0.014148011817298387
0.0035192109489670075
-0.01942582454562555
0.025450835064159374
-0.01837126384174195
0.0019633671624131703
0.015426387390259401
-0.025018446591349476
0.0217411013666036
-0.007356768187967065
-0.01071511743812719
0.023401119410905634
-0.024091768812502794
0.012414882729883968
0.005513497390653446
-0.02068126930745842
0.025304870479729822
-0.016903353110983992
-6.100123332005228e-05
0.01699485495573659
-0.02531830646939752
0.02060932798825553
-0.005394264906887464
-0.012521545129323016
0.024131384947253854
-0.02335229306765239
0.01060410187338472
0.007473594015981789
-0.02180488082226242
0.02499520431493581
-0.015328746594339773
-0.002084992154748718
0.018456026095883014
-0.025454370118018484
0.01934620699034967
-0.0033983142164203776
-0.014249639434275622
0.02470616725545032
-0.022462739341831725
0.008727187072401978
0.009387263760025799
-0.022789036086627003
0.024524014485709664
-0.013657723322631467
-0.004096077278441593
0.019800256657015777
-0.02542567832591594
0.017960218905200526
-0.0013813178835767465
-0.015888302775238304
0.02512145271636263
-0.021429231724106344
0.006795981191610505
0.011242487525592742
-0.02362699683999835
0.023894602175453205
-0.01190108219137315
-0.006081786281899957
0.021018581512524937
-0.025232433471381908
0.01646057406844834
0.0006442271504255616
-0.01742690863674511
0.02537432740382557
-0.020258824519341138
0.004822586273059325
0.013027527944437161
-0.024312978272251196
0.023111353617098648
-0.010070067564241395
-0.008029764117993578
0.022102792276463876
-0.0248759970958444
0.014857134680516845
0.002665785606392239
-0.018855376829402328
0.025463011088282212
-0.018959431606557272
0.002819300842955858
0.014730996394735211
-0.024842210845726832
0.022179690733446986
-0.008176297778854168
-0.009927830111343895
0.023045513264631372
-0.024358873672317625
0.01316033719461433
0.0046708400603186866
-0.020164250664826237
0.02538687837126493
-0.01753975155355076
0.0007985599653075603
0.016341923332904268
-0.025210993310080913
0.021106012305066063
-0.0062316969139143905
-0.011764039589847668
0.023840273904539383
-0.023684681167768222
0.011381116248693354
0.006646947437820107
-0.021344774934845226
0.025146466175497477
-0.016009190345025598
-0.0012271226026945234
0.017849831695193073
-0.025416735151853852
0.01989762754165903
-0.004248429867394397
-0.013526748560512452
0.024481575662685384
-0.022858109463446054
0.009530831048944269
0.008581796730223745
-0.022388973293841236
0.0247434673123494
-0.014377783396055957
-0.003245210966591021
0.019244812806844855
-0.025457987000170733
0.018562684020796028
-0.0022388405080553883
-0.015204681687983734
0.024964951523333074
-0.021884868086035385
0.007621194791517325
0.010463268755596767
-0.023289723389466752
0.024180710365733108
-0.012656118273020937
-0.005243203277384433
0.02051760391551114
-0.025334457891847496
0.017110091931898365
-0.0002153924087496678
-0.016787003548900913
0.025287016132005166
-0.020771624990394193
0.0056642073908618334
0.012279498624692117
-0.024040827895843407
0.02346212663135061
-0.010855259252288703
-0.007208688486239484
0.021659666154359727
-0.025047018759470907
0.015549446437255587
0.001809388538064921
-0.018263392827122367
0.02544550491455988
-0.019525938307273817
0.0036720914788846842
0.01401894135303423
-0.02463707949691273
0.02259270529633436
-0.008986674532331543
-0.00912940457087601
0.0226632614556487
-0.02459769201268504
0.013890949755603964
0.0038229704722568154
-0.019624118795003764
0.025439300793565354
-0.01815618302364978
0.0016572313601817441
0.015670440798417347
-0.02507431786484731
0.021578438406201404
-0.007062166593542203
-0.01099329901628339
0.02352152669757654
-0.02398962759911015
0.012145334309797917
0.005812871817115602
-0.0208601191061338
0.02526844753099431
-0.016671474506716473
-0.0003678856333377348
0.017223301810115256
-0.025349476791490605
0.020426257421748036
-0.005093805884642658
-0.012788592151924894
0.024228543198268
-0.02322706641921087
0.010323787979850906
0.007766718369337965
-0.02196307761947717
0.024934149203467808
-0.015081590631196386
-0.00239072613764902
0.01866736516348207
-0.02546061986210769
0.019143963306879664
-0.0030938677165016325
-0.014503843715124483
0.02477939959245041
-0.022315292394115595
0.008437882184591121
0.009672302100977637
-0.02292550070144602
0.024438755829576678
-0.013396894044429584
-0.004398766982240565
0.019993084532495937
-0.025406963401523652
0.01774015210950649
-0.0010747719746345141
-0.0161280227382384
0.025170246156094894
-0.021260574818502846
0.0064995031942859105
0.011517642410076967
-0.02374079023200948
0.023785735680679446
-0.01162825582717733
-0.006379551587923721
0.021191604435545137
-0.02518888585325882
0.016224137911832713
0.0009509749673241724
-0.01765058055744667
0.025398338791627152
-0.020070102853245328
0.004520786765065059
0.013291050360013802
-0.024403311395989356
0.02297963527962297
-0.00978698150096851
-0.008320747464896576
0.02225483779153997
-0.02480792324356296
0.014605874851436478
0.002970836926951829
-0.019061526424768382
0.025462071150542095
-0.018751914116626883
0.0025140558949273972
0.01498119620245292
-0.02490845329198589
0.02202602849269672
-0.007884740012576538
-0.010210205651685202
0.02317554146300835
-0.02426675089905662
0.01289587967230105
0.004972304090881865
-0.020351504883527043
0.02536099373935998
-0.017314819321855697
0.0004917612419870418
0.016577180197542042
-0.02525268045438469
0.02093145642290218
-0.005933496006850288
-0.01203602278074864
0.02394738796184189
-0.02356915209110562
0.011105155977622579
0.006942949636704825
-0.021511873754009626
0.025095819306192098
-0.015768324795061774
-0.001533576469392492
0.018068606439361548
-0.025433573565446163
0.019703360001402923
-0.003945445392358277
-0.013786606244634023
0.024565031374143946
-0.0227199747354764
0.009245121043708095
0.008870487709200632
-0.02253478128665288
0.02466841430762582
-0.014122554511346301
-0.0035494228875761966
0.01944565907571888
-0.025449857930624036
0.018350007244183605
-0.0019329539212421878
-0.015450742679775534
0.025024165542821716
-0.021725077650698716
0.007327535732984124
0.010742833553461058
-0.023413240794466442
0.02408177677277906
-0.012388173029015587
-0.005543286242550228
0.020699179990819373
-0.025301418685777902
0.01688041709870088
9.150174303032207e-05
-0.017017669695603678
0.02532157264344579
-0.020591268149664353
0.005364437727253486
0.012548166435022653
-0.024141200896714777
0.023340001375287186
-0.010576310405653145
-0.007502774267809622
0.021820746710976235
-0.024989302174478253
0.015304281665672614
0.0021153911963239062
-0.018477150466042036
0.02545516050434267
-0.019326232893602358
0.003368078001250857
0.014274995751024817
-0.02471360941405249
0.0224482329591422
-0.008698489863124208
-0.009415652721675428
0.02280274901455073
-0.02451570344414725
0.01363188836470777
0.00412618656956475
-0.019819550479818964
0.025423987348679154
-0.01793846397430086
0.0013508601824273499
0.015912230468996383
-0.025126468969521185
0.02141261011125932
-0.006766558647339979
-0.011269906267155936
0.023638462498352174
-0.02388394032408864
0.011874043341664722
0.006111418847311392
-0.021035915427421108
0.025228273056113894
-0.01643718211831143
-0.0006747177923563941
0.017449251733211317
-0.025376882480897756
0.02024020061202062
-0.004792622215145759
-0.013053802280346895
0.024322117196175684
-0.023098415028897402
0.010041997111581553
0.008058735163534926
-0.022118048900680656
0.024869396526569866
-0.01483225874286545
-0.002696120496539521
0.018875988163919243
-0.02546308697862388
0.018938930715375592
-0.002788981586201479
-0.014755957918097506
0.024848959282253273
-0.02216456464317517
0.008147373111680158
0.009955957931320324
-0.023058588314179774
0.024349879244220034
-0.013134138358842879
-0.004700831204527651
0.020182993053368098
-0.02538447453945758
0.01751751021413775
-0.0007680734335376374
-0.01636541049863434
0.02521530393953901
-0.02108880216080626
0.006202099518735141
0.011791146517017077
-0.023851077247226085
0.023673355648112425
-0.011353762533704792
-0.006676408397844016
0.021361522347105772
-0.025141599567775463
0.015985355145524866
0.0012575877352923141
-0.017871690945871457
0.025418577638109136
-0.019878449956910623
0.004218344375966469
0.013552661964552015
-0.024490032273526807
0.022844531379973512
-0.009502496317178352
-0.008610543506232388
0.022403612005264258
-0.024736172153987476
0.014352509805417697
0.003275466121556228
-0.019264899730371515
0.025457348350121006
-0.018541667656794658
0.0022084537876498195
0.015229235024215412
-0.02497100231308812
0.021869130867177535
-0.0075920577115484895
-0.010491120704993955
0.023302153085664936
-0.024171037756903335
0.012629569489348968
0.0052730608196968655
-0.020535784418838736
0.025331342611026743
-0.017087376338590428
0.00018489268639211576
0.016810037454560126
-0.02529061862163913
0.020753835985124924
-0.005634450450233697
-0.012306279425629292
0.024050962700568307
-0.0234501439561565
0.010827605085886538
0.007237962587723183
-0.02167581763306039
0.02504144879798035
-0.015525180878795931
-0.001839812529219026
0.01828475625770109
-0.025446633732320784
0.019506217714108855
-0.0036419000444329608
-0.014044480017353604
0.024644848893887558
-0.0225784954658685
0.008958090333269692
0.009157912102113815
-0.022677273935084875
0.02458970650346571
-0.01386529204264448
-0.0038531303380080137
0.019643670188350552
-0.025437947976824173
0.01813466275823967
-0.0016267927791515577
-0.015694572734547253
0.02507966748459773
-0.021562098961151334
0.007032832228747586
0.011020860477589975
-0.023533303918335975
0.023979282398218532
-0.012118449656532089
-0.005842580353043136
0.020877727557251376
-0.02526462262174424
0.01664829703585615
0.00039838290137003685
-0.01724586993185391
0.025352369036922492
-0.020407899523041617
0.00506390476486919
0.012815032650780267
-0.024238003616620103
0.023214433464701187
-0.010295847899082979
-0.007795790431178583
0.0219786240445545
-0.024927879133926835
0.01505690779817423
0.0024210933704977566
-0.018688221035805527
0.025461034350934806
-0.019123710644033478