0
0.3986206896551724
0.7499107358976602
0.1807782411698653
0.5394770794149859
0.9177126776796043
1.3352832195913225
1.684430281006002
2.10649633601
2.479199793008366
2.8415327273548385
3.270641395609415
3.6208409195447535
4.025820711500325
4.41794670798479
4.77083952374289
5.202628610681368
5.558339222653177
5.942570598990247
6.354897586182025
6.704314663304191
7.130053174262162
7.497764008107984
7.864356882785522
8.290853862374316
8.640380725233221
9.051344249889972
9.437078639382454
9.792165512652247
10.224053387994992
10.577418953669346
10.96798537301633
11.37445137374994
11.724453970753347
12.153011137200645
12.516315400513097
12.887763083578953
13.310792104507847
13.659978575896172
14.076348788338409
14.455991999627054
14.813910537771024
15.245076294574783
15.59670265741472
15.993759738673742
16.393936151215595
16.74491976015428
17.1754403036548
17.53495712545335
17.911812313213073
18.330539401276987
18.67966254896619
19.10071754405197
19.47470829863898
19.836106360008287
20.265716851328367
20.61613757306922
21.019609126139954
21.413300903118206
21.765755531530445
22.197398020414347
22.5537699605123
22.93651834828717
23.35017259784046
23.699498083623517
24.124428315707043
24.493291261524845
24.85880083136404
25.286006342230426
25.635662179856872
26.045228396199217
26.432483564923437
26.786983972168308
27.218922944411066
27.57279668010215
27.961812815117707
28.369739866687983
28.71956847882396
29.147524309933985
29.511835960541877
29.882060138001016
30.306003412664175
30.655245208573117
31.07037282103606
31.451449417876212
31.808625473003097
32.24004102608134
32.592034850190174
32.987523947842334
33.3892446848721
33.739950414653535
34.17007502741926
34.530447305669966
34.90595054729775
35.325789077917534
35.67490354986105
36.0949001613885
36.47020889499454
36.83070890763043
37.26077173954127
37.61143929042693
38.01338384516896
38.40864436170822
38.76069438878618
39.192142303096375
39.54921335304007
39.93050082235215
40.345443984937745
40.69469520086936
41.11876756863676
41.488816239197554
41.85327763017324
42.28114169319406
42.63094679673886
43.039084415605096
43.42787565689126
43.78182642389364
44.21376886451064
44.568186920874595
44.95566497438478
45.36502495649024
45.714701249041255
46.14200580789406
46.5073604823531
46.876394086239294
47.301202423625604
47.65051603097516
48.06436048420882
48.44689462611142
48.80336605835494
49.23498319165704
49.58737681239292
49.98129701799488
50.38454720604701
50.735002258278506
51.16468172067385
51.525946654497275
51.90012752435094
52.321031258701026
52.6701521983312
53.08904403701945
53.46570047404511
53.825339592693
54.25580551039193
54.60674689271717
55.00714907488764
55.403977921558244
55.755655848846956
56.18686100535287
56.54466902320797
56.92451948251122
57.340711265014434
57.68990479379749
58.1130700473229
58.48433746553425
58.84778625090359
59.276258918985185
59.62623477323501
60.03291525766054
60.42325518213214
60.77669255506069
61.20859083984812
61.56358996650767
61.949544853914055
62.360306866372994
62.70985129908454
63.13645460689426
63.50288749776658
63.87076405832016
64.29638791466044
64.64579053869512
65.05831318744806
65.4423272250236
65.79813183420627
66.22990254334182
66.58272939514333
66.97508318397115
67.37984455037186
67.73007475597043
68.15925961697765
68.52145408134794
68.89434312899634
69.31626486908112
69.66540749035781
70.08314927591213
70.46118205148402
70.81999771277407
71.25081771000502
71.60206128600014
72.0009091876607
72.39930249796342
72.75063964866798
73.18155362822739
73.54013644330351
73.9185754418618
74.3359738105992
74.68512564074581
75.10733498972334
75.47985352525596
75.84232570332154
76.271357124437
76.6215264817464
77.02672423147096
77.41862256753319
77.77158208096401
78.20338853114275
78.55900594386704
78.94345508431032
79.35558564132137
79.70501755745322
80.13086966575443
80.49841549777162
80.86516909176207
81.29155868317939
81.64106838324129
82.05223270144766
82.4377469704417
82.79292238157271
83.22479883542677
83.57809334577597
83.9688864575283
84.37513744036413
84.72516726692218
85.15380787404654
85.51696838059651
85.88859701347603
86.31148876776525
86.66066851924052
87.07721626418541
87.45665277473826
87.81468263590678
88.24580796468673
88.59738342418018
88.99466864724948
89.39461904819265
89.74564548988577
90.17621961992249
90.53561494025533
90.91266948310141
91.33123086300259
91.68035654185718
92.10156179306115
92.4753630837217
92.83689505420956
93.26643552425067
93.61682245944765
94.02051497921207
94.41397839058232
94.76649473964248
95.19816156598856
95.5544348159706
95.93739791836286
96.35086115000558
96.70019888159739
97.12524995585181
97.49394295703935
97.85960816776613
98.28671356982917
98.6363493830043
99.04612116920462
99.43315377807313
99.78773731797001
100.2196718111372
100.57346928295846
100.96271057102263
101.37042645819287
101.72027903859104
102.14832557788988
102.51248824447009
102.88288862784532
103.30670176522254
103.65593449075185
104.07124569196557
104.45211192940279
104.80939379338436
105.24077596200615
105.59271426954714
105.98843192917666
106.389928532708
106.74067301869991
107.17085836771564
107.53110370113218
107.9068020786609
108.32648154675778
108.67559633979876
109.09575004742733
109.47086490407163
109.83149343969832
110.2614934454006
110.61212339046995
111.01429143650009
111.40932336339198
111.76143028337093
112.19290953638784
112.54987638477947
112.93137523430627
113.34613309153607
113.69539407916847
114.11959449461087
114.48946835921674
114.85408024555626
115.28185148036937
115.63163353115885
116.03998111136973
116.42854772690494
116.78257629468736
117.21452119306939
117.56885767870777
117.95655893391044
118.36571202565858
118.71540920718958
119.14281175322127
119.50801227922064
119.87721725286411
120.30190264390855
120.65120473773003
121.06523857413289
121.4475589448606
121.80413067166043
122.23572143066717
122.58805475347854
122.98220344044279
123.38523187549109
123.73572180640078
124.16546919033745
124.52660177926755
124.90097341293296
125.32172488459436
125.67084393876152
126.08989956678685
126.46635786105146
126.82612007115851
127.25653032299641
127.60743008068624
128.00805777969023
128.40465830980204
128.756388466435
129.18763199509067
129.54533029565604
129.92538854551677
130.34140100567043
130.6906019309014
131.11390238132492
131.48499022178873
131.84858429323373
132.2769714048664
132.62692099913272
133.03381542365102
133.42392906002834
133.77743899457073
134.20934667703008
134.56425884712414
134.95043460249528
135.3609943917503
135.710556804647
136.13726538049366
136.50353902456172
136.87158203509017
137.29709018009532
137.64647873409527
138.0591962688721
138.44299339963447
138.79889280474413
139.23064412105663
139.58340573974863
139.97598744299245
140.3805299259965
140.7307913324756
141.16005133240807
141.52210810172858
141.89518340674803
142.3169598131402
142.66609832185938
143.0840104171925
143.46184095178515
143.82077423543544
144.25154569006733
144.60274342600405
145.00181836143298
145.39998413592497
145.75136902930674
146.18232845020137
146.54079604251038
146.91943901477475
147.33666428522508
147.68582121378316
148.1081728336848
148.48050711935542
148.84311931368634
149.27207243273588
149.62221213429098
150.02762736411916
150.41929818145871
150.7723251290935
151.20414792838517
151.55967293901625
151.94434026221032
152.35627362743162
152.7057207714198
153.1316854192767
153.49906697593934
153.8659820232438
154.29226316681098
154.64175610790318
155.05312049346017
155.438415026639
155.79367976802956
156.22554378805467
156.57876799251974
156.9697879848748
157.37582342507537
157.72588097204365
158.15460396257413
158.5176214789211
158.88943174438919
159.31218519971375
159.66135856725566
160.07808294233047
160.45731330407975
160.8154552907041
161.24653916236224
161.59806437578456
161.99557763705846
162.39530179527523
162.7463716800107
163.17699835811595
163.53627297311215
163.91352747170765
164.33192218974006
164.68105072345068
165.10240522356474
165.47601770438254
165.83768436446488
166.2671537623677
166.61750745073155
167.02142052857698
167.41465564757587
167.76723443342647
168.198924579691
168.5550999411533
168.9382782208623
169.3515496267379
169.70089997404406
170.12607083711129
170.49459460883364
170.86041620453176
171.28742043699833
171.6370366526546
172.047013336164
172.4338237180357
172.78849117391144
173.22042017718303
173.57414215048908
173.96360884217256
174.37111297676844
174.72098998896726
175.14912617680034
175.51314061702726
175.88371790338138
176.3073998605953
176.65662386341887
177.07211778670035
177.45277418304124
177.81016265954284
178.241510419772
178.59339389357436
178.9893400854073
179.39061225032628
179.74139607407227
180.17164111549084
180.53176029454696
180.90765443261466
181.32717385984392
181.67628929515445
182.09659911096543
182.4715207248289
182.8322785710852
183.26221470448587
183.6128076125782
184.0151988128718
184.4100021521422
184.76216665844237
185.19367622832698
185.55053967870958
185.93225041077926
186.3468221129141
186.69609322602585
187.1204206425229
187.49012040401408
187.85488353936032
188.28256088565723
188.63232033572552
189.040877262567
189.42921952889762
189.7833266688969
190.2152730145002
190.5695287078923
190.95745347357698
191.3663990271927
191.71611753538173
192.14361700782734