1
0.27272727272727293
0.41942656525158784
0.5043854701533251
0.5928523072313977
0.7514582979159709
0.037382898300239775
0.2936754127784977
0.4274081372141908
0.5050600798984688
0.5867594045576252
0.7344794251155287
0.008918461591064908
0.27622646215595076
0.4179352985787849
0.49686310488330143
0.5732815575707635
0.7062756156475133
0.9618188413443705
0.24761485063284594
0.40610120303962516
0.49375121119906445
0.5764034725765212
0.7178577418280244
0.9840482530240836
0.2629788065297278
0.4150085305636123
0.5022309627381513
0.5912381066550092
0.7493030586797031
0.034690744414251684
0.2925450684629032
0.427597646482773
0.506705591594306
0.5911764230021236
0.7446635993006875
0.025403165837176722
0.28590638015781655
0.4223122038078386
0.49900662034061677
0.5749063383058136
0.7085431494411821
0.9652087931476008
0.24948626135015095
0.4064404384005146
0.49278394199857184
0.5733565768657354
0.7105585760452255
0.9711947835558374
0.254749561060994
0.41103707515290866
0.4998029514302499
0.5884111888920645
0.7441664491357817
0.027160145916035106
0.2885310342066607
0.42629108766034307
0.5071694612582777
0.593781464254794
0.7511517941820541
0.03584274441294033
0.29210126824218297
0.42546474108829546
0.5013558640552144
0.5783316651459572
0.7154733221625732
0.9769546125512233
0.256807855983479
0.40945360965482924
0.49350711354081184
0.5723677489667497
0.707148147838799
0.9646652360484798
0.2502184841619053
0.4084478977737629
0.4974085991055577
0.5842962713220212
0.7355118945007303
0.013524287047196104
0.2807302661738799
0.4229783348712073
0.5059861865085707
0.5937818582889859
0.7523361190672657
0.03820061849168921
0.2937972125158862
0.4268604575319637
0.5034498997747439
0.582799045710976
0.7254396455327464
0.9938911713624008
0.26722856021523955
0.41398726469116276
0.4952367569047771
0.5726762234784609
0.7062570533578372
0.9623830214791933
0.24832316555941691
0.40694642185893737
0.49529619772408756
0.579883479574375
0.7257278417601084
0.9974183615475519
0.2711741015280684
0.41873103378066634
0.5040615394073811
0.5926409238998849
0.751218265447035
0.0371158313581017
0.2935891399149173
0.4274839732132998
0.5053524979647291
0.5875022139580235
0.7361800235788785
0.011702074590084877
0.27787089868778597
0.4186630629588851
0.49718136603043883
0.5734448797975443
0.70640101974932
0.9619335055320727
0.24762966272339404
0.4060159860078457
0.4935093263388414
0.5758115669758057
0.7164954084928393
0.9816923132364709
0.261503089023678
0.4143223246820288
0.5018623403424181
0.5908921942772322
0.7487472031713873
0.0339222219759574
0.2921644683765434
0.42752489271209526
0.506888406372377
0.5917609247913995
0.7460422679560071
0.027608200594273047
0.28719817382966023
0.42292601831726917
0.49937660179526955
0.5753284679847339
0.70931821031803
0.9664950164599209
0.2502782652262976
0.40673775412578456
0.49278461783395683
0.5730611529239645
0.7097552784799671
0.9697244087650058
0.2537682009463771
0.4105237238168835
0.4994097846903251
0.5878236743982816
0.7429847920785067
0.025346198139569953
0.28751624814046123
0.42588334975284314
0.5070771290562986
0.5939307459689258
0.7516419441202282
0.036670321067132416
0.29262131595398727
0.4257866912904472
0.5017096624269286
0.5790003372006334
0.7169277805413813
0.9794401077370127
0.2583546400717467
0.4101206042137066
0.4937444650906877
0.5723651864626679
0.7069038295652628
0.9641270255430587
0.2498062207492051
0.40816155585626723
0.49705608390621825
0.5835956133784579
0.7339787465057177
0.011041270063240516
0.279277861121772
0.4223387905107088
0.5057070989901229
0.5936401082609057
0.7522374024179725
0.03814606988195157
0.2938292216078475
0.4269859849643658
0.5037589665230322
0.5835388417293728
0.7271230214538084
0.9967180813424437
0.2689384900887004
0.41473530820992366
0.4955367849269121
0.5727681575627886
0.7062068957418888
0.9621798759444682
0.24812500593479347
0.40675501702281486
0.4949839096530111
0.5792005943189263
0.7241948708332961
0.9948431640032671
0.269616204156069
0.4180311626682283
0.5037318225777981
0.5924176669915571
0.7509522067102675
0.036808422129628315
0.29347970520360894
0.4275488631679343
0.5056383333156024
0.5882375266558256
0.737865663242818
0.014447873696790348
0.27948765352739396
0.4193825810199976
0.49750634958413187
0.5736352794361845
0.7065931819273741
0.9621689289505877
0.24772533718332967
0.40597079463004593
0.49329324134108077
0.5752518689328456
0.7151938232769841
0.9794270918266661
0.2600728914263959
0.41364965613174776
0.5014857605828733
0.5905104562362319
0.7481031808140111
0.03301081740550704
0.29169874406556595
0.4274078190856985
0.5070358838686646
0.5922908225373829
0.7473095915042203
0.029634123551031788
0.2883881050367371
0.42350388890841517
0.4997519409136374
0.5758015457301154
0.71022562676684
0.9680183110513156
0.2512245058935363
0.40711051468377446
0.49283254901540086
0.5728225605363928
0.709058986296247
0.9684298793886296
0.25289156901098386
0.4100503174973743
0.49901947051773377
0.5872042049145414
0.741713642581165
0.023374502951751586
0.2864029126953905
0.42542339401556756
0.5069420112625109
0.5940124767070053
0.7519948380561134
0.037291152739730826
0.2930267675228817
0.42606298974588047
0.5020543345221486
0.5796891012800541
0.7184445799138058
0.9820296214277998
0.2599604381541769
0.41081656178560144
0.4940015512102741
0.5723889176192869
0.7067112611923738
0.9636768606383974
0.2494493676052416
0.40789868211255614
0.49671103653564863
0.5828924074564567
0.7324300292866196
0.008516535776953438
0.27779306470748727
0.4216821003447193
0.5054149855952145
0.5934790235933026
0.7521001112882374
0.03803406890388117
0.2938295577370519
0.42709873132118414
0.5040650081397227
0.5842829379056096
0.7288196131835893
0.9995544291028988
0.2706457012742509
0.4154827880638282
0.4958394512794251
0.5728680546025755
0.706175721288868
0.9620108515414172
0.2479495342924678
0.40657482925773736
0.4946789408720108
0.5785269981752531
0.7226785849683293
0.9922826709521044
0.2680582011040007
0.41732847314271015
0.5033958299907374
0.5921796447083775
0.7506528699955878
0.036448978501786744
0.2933401276453914
0.427599071795345
0.5059144073227795
0.5889601797728814
0.7395257282050967
0.01713959838421575
0.2810682778188458
0.4200912164791915
0.4978393292295183
0.573858958459271
0.7068676344597589
0.9625531148655837
0.24792046265849654
0.40597472441577376
0.4931085863888113
0.5747310400660223
0.713965560970522
0.9772745152201596
0.25870214165890326
0.41299608959977885
0.5011021654409221
0.590089966587259
0.7473621123215366
0.03194072443383078
0.2911379390120859
0.42724086068339034
0.507142890451717
0.5927573144573106
0.7484474555652365
0.03145549321329377
0.28946264455726134
0.4240397528113589
0.5001295823763257
0.5763230778308994
0.7112615275732074
0.9697709222438785
0.2523184382339383
0.4075555087516828
0.4929259429351881
0.5726389946744582
0.7084666767139695
0.967307420962149
0.252118688863064
0.40961728381555207
0.4986339794482536
0.5865578720569644
0.7403645494021245
0.021261915316588276
0.2852002986187449
0.4249161539796299
0.5067683857635158
0.5940336941794209
0.7522249956451739
0.037727809558086634
0.29333025497109083
0.42629837133539655
0.5023900210337134
0.5803936156970928
0.7200117478098153
0.9847003378295527
0.26160981487724655
0.4115339459544607
0.49427376596469724
0.5724335870213193
0.7065604854873434
0.9632981800896976
0.2491377893376756
0.40765531249371223
0.49637296169457046
0.5821892314071224
0.7308731832250689
0.005962751639858155
0.27628323459876686
0.42101201181106973
0.5051127075788051
0.5933028659665615
0.7519327219517362
0.037877144406094354
0.29380508460714655
0.4272013871911179
0.5043684636313388
0.5850298721749453
0.7305250154100629
0.00239207981700007
0.27234555241811137
0.4162279477691782
0.49614465477029535
0.5729773872183551
0.7061676275106553
0.9618835707194451
0.24780199449977092
0.40640860581435645
0.4943833539126825
0.5778657177566074
0.7211851654734633
0.9897475033888974
0.2665061671019684
0.416625013257795
0.5030530260292766
0.5919233098344613
0.7503112903620468
0.03602298182271757
0.29316171630123344
0.4276299342993575
0.5061767237875878
0.5896636519671449
0.7411468239861413
0.019757014045023613
0.2826021556532316
0.4207853750791918
0.49818113976840567
0.5741218479456663
0.7072395937684359
0.963113468713121
0.24823309609489397
0.40603661523722784
0.49296086058728955
0.5742556301620835
0.712823044473005
0.9752565177735724
0.25740513230483786
0.41236758536232976
0.5007131563579862
0.5896292505308276
0.7465183189676156
0.03070087692558454
0.2904747680606177
0.4270198254622081
0.5072053755079554
0.5931532570593222
0.7494411024744092
0.03305211730131852
0.29041109131079623
0.42452842570875965
0.50050600800082
0.5768883960115583
0.7124166078801141
0.9717352122274885
0.25354697410788773
0.40806639977144243
0.4930612318963871
0.5725068078843667
0.7079720695892653
0.966347708905493
0.2514450237659034
0.4092236320685686
0.4982550604071264
0.5858905650378168
0.738951455251129
0.019029626896723162
0.28392034459103416
0.4243679257860444
0.5065615524966948
0.5940029343059792
0.7523498715223768
0.03800688542564412
0.29354655974857113
0.42649854995764963
0.502717395170452
0.5811100508985513
0.7216181872685574
0.9874311266380064
0.2632887162415747
0.4122659126168928
0.49455692369786586
0.57249432253903
0.7064424373651967
0.9629758575406427
0.24886216464487454
0.4074277711205686
0.49604133296956465
0.5814882877308839
0.7293146854828707
0.003391165297490284
0.27475491814884917
0.4203317634032483
0.504802540076317
0.593114765779376
0.7517412858613716
0.03768414005361498
0.29376058549272904
0.4272957231585923
0.5046693551808282
0.5857779354887459
0.7322345868767597
0.005222801799241283
0.2740335251518899
0.4169692306285932
0.49645269624285615
0.573098553805393
0.706188823315783
0.961809405821179
0.24769010411127024
0.4062602575656613
0.4940998351944493
0.5772203620668255
0.7197217639303785
0.9872499628949283
0.2649672848412499
0.41592326019414705
0.502702907553934
0.5916447770161324
0.7499175549567308
0.0355142702876563
0.29293476318458245
0.42763622718168487
0.5064207854647431
0.5903405788742241
0.7427138505545456
0.022277675379051676
0.2840775009170462
0.4214608437298132
0.4985320908510957
0.5744290273024849
0.7077224660506007
0.9638740118781932
0.2486788119537875
0.4061640445457903
0.4928547129225355
0.5738310716926757
0.7117765264242246
0.9733915727217146
0.256194334868165
0.41176956415511
0.5003206732030899
0.5891283206399671
0.7455697476512784
0.029285803948494005
0.2897052051504395
0.4267423296279238
0.507220968952371
0.5934744017282331
0.750281806325864
0.03441296580588826
0.2912277702513675
0.4249666707153735
0.5008779494387399
0.5774915841509962
0.7136779430371969
0.9738868807404987
0.2548927107695791
0.40863474589791093
0.4932335382412559
0.5724207917651425
0.7075659282449025
0.9655362363718725
0.25086259012636636
0.4088668594338484
0.4978838841187608
0.5852080659771347
0.7374886313581905
0.016699940050828754
0.2825757988489664
0.42378544806237156
0.5063271841243342
0.5939293342849422
0.7523881273767252
0.03815654162569415
0.29369130228097884
0.42666971821350463
0.5030376114896826
0.5818354464252622
0.7232546879742661
0.9902043362612126
0.2649855688135969
0.4130068291546959
0.49484755708452655
0.5725670506534392
0.7063495047524468
0.962697149300744
0.24861459632377114
0.40721291267878734
0.49571562682262726
0.5807912563714481
0.7277596150480564
0.0008107971939417258
0.27321334439033096
0.4196438392217111
0.5044860201252284
0.5929165419415745
0.7515290993676765
0.0374597349134842
0.2936985065777142
0.4273824960288749
0.5049672884752207
0.5865252665892261
0.733943707184295
0.008038718130094269
0.2757054886030943
0.41770539915033567
0.4967643381894645
0.5732349260914655
0.7062476968690009
0.9618035742123954
0.24762409893655235
0.4061348561195569
0.4938316418556159
0.5765949763823084
0.7182961624604276
0.984803469867118
0.263449537039363
0.4152260055255278
0.5023449992263875
0.5913399244314774
0.7494610760759406
0.034905452241804635
0.29264878976166264
0.42761232539653005
0.5066417771841366
0.5909831086154117
0.7442107735544472
0.024678169512906356
0.2854820458907521
0.4221130347553541
0.49889193635719215
0.5747843942060784
0.7083269798465128
0.9648537457974611
0.24926954568351944
0.40636273208506646
0.4927935238118795
0.5734611043913144
0.7108329328606613
0.9716926235999461
0.2550790060940762
0.4112062617932695
0.4999266671565783
0.5885884062472255
0.7445175824962305
0.027695179454997998
0.2888282814956038
0.4264077738115766
0.507189117097868
0.5937197984588017
0.7509677882710722
0.03553737859603712
0.29191271848063605
0.42535365570285466
0.5012429573360422
0.57812661473005
0.71503150803138
0.976199478876002
0.2563369786971399
0.40925143701231
0.49343743924037053
0.5723748804449564
0.7072372105346623
0.964855163627307
0.2503610439346686
0.4085432973804984
0.49752088796466243
0.584515269121904
0.7359887336449704
0.014293076340127886
0.28117832182808217
0.4231749326164339
0.5060705891296058
0.5938215394505693
0.7523574679830269
0.03820338333316098
0.2937792448225617
0.4268178522539384
0.5033521108665157
0.5825678599082605
0.724914516361266
0.9930068419173885
0.2666918939226839
0.41375259656295027
0.49514317859740403
0.572648906533858
0.7062763825108636
0.962453192537705
0.2483895994929226
0.4070085698184718
0.4953955248490569
0.580099413590357
0.7262117666643507
0.9982285082565105
0.2716624139808439
0.4189499250907368
0.5041638436162525
0.5927084570494312
0.7512961507153878
0.037203576560889795
0.2936184535346912
0.42746120003537197
0.5052612786164816
0.587269613526377
0.7356473128479651
0.010831583886405927
0.2773572754697618
0.41843537169470313
0.4970807913682105
0.5733909750805781
0.7063551687036784
0.961885779912039
0.2476171547779531
0.4060388451519931
0.49358274369567484
0.575994228145279
0.7169171368514756
0.9824231724428666
0.2619621037072415
0.41453654046578536
0.5019789511518316
0.5910044819649628
0.7489307256885516
0.03417805035064658
0.2922926059761378
0.42755222049454616
0.5068345595489164
0.5915828659300484
0.7456205334307566
0.026933954533875815
0.28680291354357074
0.42273689174051493
0.4992597469269713
0.5751904017902052
0.7090606003665635
0.9660655947806124
0.2500128875647558
0.4066362262928109
0.49277928234069457
0.5731477457647439
0.7099958936671824
0.9701670628771738
0.25406506594736666
0.4106806435408765
0.4995330062453672
0.5880117744822339
0.7433658692274667
0.025933321016939903
0.2878458005775316
0.42601716927303956
0.5071108913945549
0.5938914341692996
0.751503426627557
0.036433692869123124
0.292470909105195
0.4256907215155273
0.501599560928583
0.5787880275418792
0.7164638591095757
0.9786474773066545
0.25786191539986203
0.40990771218753963
0.49366759705704394
0.5723628960745243
0.7069744706692317
0.964285702361678
0.249929188618643
0.40824873300428055
0.49716593004601717
0.5838159909429039
0.7344621308210665
0.011825938793222468
0.2797376990610384
0.4225416117740045
0.5057962721998118
0.5936869254040584
0.7522730164223175
0.03817007704353248
0.2938229655511495
0.4269481048690414
0.5036622932896133
0.583306057790806
0.7265929015437832
0.9958291765863596
0.2684017284604545
0.41450043214354804
0.4954422903951381
0.5727384792969515
0.7062207288733567
0.9622402267920694
0.24818494843093997
0.40681399526748524
0.4950812423537543
0.5794141097118601
0.7246746095872763
0.9956505101564112
0.27010556949140696
0.41825127464489753
0.5038359884023863
0.5924891957714791
0.7510389350602366
0.03690991603909177
0.2935169372943437
0.4275298731332082
0.5055494766427322
0.5880077619105428
0.7373386420491004
0.013590786169499713
0.27898351047370434
0.41915771254418405
0.49740351178595976
0.573572212597257
0.7065247324612662
0.9620803352324192
0.2476854766914096
0.4059801270946857
0.4933579673266554
0.5754237237015468
0.7155951730484014
0.9801272010649029
0.2605161884826197
0.4138590638567812
0.5016048039467143
0.5906343654388619
0.7483154602806136
0.03331337780966148
0.29185477244864416
0.4274497053333863
0.5069937133837487
0.5921308916953889
0.7469248357702024
0.029018967941807583
0.2880263427337645
0.4233267087177228
0.49963369486296844
0.5756476371573073
0.7099266044693675
0.9675147947988958
0.2509110754550177
0.4069854877964365
0.4928124832596473
0.5728914196286062
0.7092661856425001
0.9688174858810403
0.25315550383969954
0.4101945916894427
0.4991415834080797
0.587401845182781
0.7421217251848296
0.024009599587259345
0.286762565435564
0.4255731567336927
0.5069888053685789
0.5939937016402291
0.7518980183840754
0.03711723570459702
0.2929111026066949
0.4259808973984941
0.5019471086521821
0.5794709679709273
0.7179623965342529
0.9812068338658919
0.25945089043049085
0.41059541052556325
0.4939189980358247
0.5723789675399914
0.7067667633000102
0.9638097359853746
0.24955606230391725
0.4079789294663906
0.49681859058022443
0.5831132936499569
0.7329174651973299
0.0093128889872085
0.2782622524531825
0.4218898817636254
0.505507914312872
0.5935313988161659
0.7521468075034888
0.038074587706266705
0.293832406262018
0.42706452924855576
0.5039692156737285
0.5840489454839424
0.7282857979780053
0.9986634167502221
0.27011028955371685
0.41524828398063796
0.4957441579255788
0.5728357639431658
0.7061832601872562
0.9620598596586246
0.248001915296304
0.4066300501797329
0.494773787586479
0.5787373064019231
0.7231524814545893
0.9930843616430577
0.2685470116953588
0.4175492746165391
0.5035020248053932
0.5922561687671671
0.7507509502881445
0.036568268983802055
0.2933876957677632
0.4275851582086563
0.505829013366879
0.5887350367703674
0.7390080657419171
0.016301509508775514
0.28057653618298006
0.41987011176185585
0.4977338673644646
0.5737847781148444
0.7067716615162178
0.9624147731928732
0.24784736507128446
0.4059676484016034
0.49316283067178623
0.5748899597172701
0.7143425033851373
0.977936825667046
0.25912520865547073
0.41319885875685447
0.5012232652580004
0.5902262743303827
0.7476056406395621
0.03229455320217012
0.2913247494228704
0.42729893781972306
0.5071139286138082
0.5926181674107133
0.7481051553699595
0.030907074158989634
0.2891384484150845
0.42387638478115286
0.5000109838101477
0.5761543698872538
0.7109229348917379
0.9691968832725619
0.25195976824588273
0.40740835133447817
0.49289190922927834
0.5726908847349065
0.708641750558179
0.9676417407544325
0.25235036446390113
0.40974891730939744
0.49875437177187426
0.5867633338251649
0.7407956795718075
0.021939115766897554
0.28558679133395803
0.42508013349152296
0.5068267368242368
0.5940330550667878
0.7521649417434368
0.037609003427904186
0.2932450918869121
0.42622854849104086
0.5022855685973091
0.5801709807355497
0.7195150055716767
0.9838544438975794
0.26108818422960844
0.41130684672108153
0.49418693850004636
0.5724176149926716
0.7066038916104407
0.9634103203293747
0.24923131910693774
0.4077298484271714
0.49647838151381274
0.5824098496986863
0.7313624187956744
0.006766930081776534
0.27675952822856803
0.42122362233379834
0.505208552691413
0.5933595814531447
0.7519880997716732
0.03793063887462389
0.2938151080817183
0.42717011920691633
0.504273462351207
0.5847951645840026
0.729988930860111
0.001501554028501939
0.2718129517945728
0.4159943524441816
0.4960485522927067
0.5729419187288707
0.7061673478227348
0.9619184189865588
0.24784488708293861
0.40645907345847476
0.49447499235481857
0.5780717928446951
0.7216511470224987
0.9905399787529118
0.26699237196414694
0.4168458061643342
0.5031614149128831
0.5920059892755981