0
0.06060606060606061
0.0738905876281104
0.030163441790423205
0.9624497411585737
0.9244983220722205
0.9447080795911496
0.008266945812467563
0.06521522893321638
0.07143909651385677
0.022411584549759736
0.9555140000198201
0.9237436090322789
0.9506708354187832
0.01643257761768968
0.06907160219473056
0.06817167372596704
0.01438684533886865
0.9491082088320537
0.9238527318821275
0.9572173904639605
0.024397430664013342
0.0721358783409653
0.06412127058553817
0.006186156722065933
0.9433033635107213
0.9248246131362912
0.9642747100307968
0.03206563480624869
0.07437724720128445
0.05932933669288396
0.9979096206433256
0.9381621599984876
0.9266496421287445
0.9717620325100195
0.03934646134716546
0.0757733810733422
0.05384584963630568
0.9896587273900019
0.9337388031543522
0.9293096969122092
0.9795916662434344
0.04615559676039371
0.07631045073208398
0.047729312827663496
0.9815344963815981
0.930078962883176
0.9327781676476053
0.9876701096238781
0.052416100066204674
0.07598315082749044
0.041046648157341555
0.9736356435329172
0.9272197957339697
0.9370199607786508
0.9958994703026398
0.05805904067033185
0.07479471361671478
0.03387289809243635
0.9660568776678276
0.9251899713468259
0.9419914770329157
0.004179123076897939
0.06302385484310666
0.07275690031163612
0.0262906611481128
0.9588874166125918
0.9240096748744755
0.9476405841920348
0.012407520324988708
0.06725849148059494
0.0698899767570622
0.018389213451159805
0.9522097907017679
0.92369058658877
0.9539066380700073
0.020484054457403422
0.07071943228443262
0.06622269317973875
0.010263309294606636
0.9460989674256033
0.924235857626772
0.9607206298818737
0.028310867361141634
0.07337166437950554
0.0617922868730922
0.002011694779415381
0.9406217897152102
0.92564010154723
0.9680055451034306
0.035794506393032055
0.07518865851676221
0.05664450878691486
0.9937354025484832
0.9358366802412849
0.9278894082494369
0.9756770042285294
0.042847340979423
0.07615237349821136
0.050833644834334175
0.985535918404323
0.9317935354673904
0.9309613693866509
0.9836442232332727
0.049388679693991744
0.07625327965751558
0.04442247102694548
0.9775133223512165
0.9285337240988268
0.9348250941869417
0.9918112901556528
0.0553455640690812
0.07549038064395489
0.03748206054946669
0.9697645087897938
0.9260901168243229
0.9394411997822745
7.871421519656252e-05
0.06065325727852848
0.07387121613726078
0.030091359364949846
0.9623815836482628
0.9244871021743979
0.9447617818784088
0.008345172618974495
0.06525548401973214
0.07141184339265862
0.022336466776165603
0.9554505189750961
0.9237405757816659
0.9507304033046067
0.01650936031318384
0.06910450219416331
0.0681368121604696
0.014309593171644583
0.9490501168202476
0.9238579152247485
0.9572821680824851
0.024471838733302276
0.07216109056765699
0.06407915439570139
0.0061077091338572476
0.9432512957923018
0.9248379618836998
0.9643439653318615
0.03213677969119444
0.0743945195699913
0.05928040059671179
0.9978309383849137
0.938116671748388
0.9266710240949279
0.9718349633323253
0.039413509931635504
0.07578254214479938
0.05379060947691251
0.9895807755283464
0.9337003684900532
0.9293388991641537
0.9796674094424603
0.046217781994500884
0.07631140994514776
0.04766836518030059
0.9814582265940159
0.9300479748796447
0.932814896662713
0.9877477532197165
0.05247272850183049
0.07597589871357781
0.04098066853022859
0.9735619771560576
0.9271965667243599
0.9370638423510173
0.9959780682300226
0.05810949708168689
0.07477932182649635
0.03380263692003742
0.9659866904346752
0.9251747330778345
0.942042055979702
0.00425771182147372
0.06306760447323076
0.07273352143345105
0.02621693696624009
0.9588215258473133
0.9240025783987206
0.9476973242172577
0.012485136541364739
0.06729508068817494
0.06985884406933701
0.01831290298758924
0.9521489454689441
0.9236917020164889
0.9539689224339939
0.020559752577639312
0.07074848839934145
0.06618412054777532
0.010185334611549461
0.9460438417626198
0.9242451739472948
0.9607877636861112
0.028383736203184684
0.07339289541066585
0.06174666890922668
0.0019330079705792286
0.9405729786740757
0.9256575266600016
0.9680767599624912
0.035863683867188856
0.07520185306359378
0.05659232115080827
0.9936569687646547
0.9357946981239439
0.9279147691807188
0.9757514658639559
0.04291202618158918
0.07615740091171574
0.05077544423636055
0.9854586981428044
0.9317588154514757
0.9309944125198755
0.9837210421555399
0.049448141974544946
0.07625009029049265
0.0443588942296411
0.9774382540081753
0.928506618469987
0.9348654853033406
0.9918895351988625
0.0553991490503114
0.07547900598422183
0.03741382154681556
0.9696924924523715
0.9260708972373581
0.9394885238417501
0.00015742834307119757
0.06070039019047281
0.07385176872051805
0.030019244010508213
0.962313466990499
0.9244759596726005
0.9448155427406529
0.008423390177358048
0.06529567103527457
0.07138451656224497
0.022261324409454532
0.9553870859032583
0.9237376205933487
0.9507900239042362
0.01658612476907595
0.06913733058161259
0.0681018798680618
0.014232325178906574
0.9489920791876238
0.9238631765250278
0.9573469918100093
0.02454621989900896
0.07218622840787871
0.06403697122845395
0.006029254773768346
0.9431992881079585
0.9248513877135255
0.9644132594376664
0.03220788947610531
0.07441171554341046
0.05923140204285161
0.997752258532619
0.9380712484194151
0.9266924814998164
0.97190792502775
0.039480515802223115
0.0757916255794222
0.05373531215009606
0.9895028352064831
0.9336620028628518
0.9293681744448977
0.9797431750572184
0.04627991756966865
0.07631229104956785
0.04760736641716667
0.9813819772693978
0.9300170592605423
0.9328516955309419
0.9878254103769788
0.05252930105927778
0.07596856879025869
0.04091464457387867
0.9734883398004759
0.9271734126804592
0.9371077898328944
0.9960566706181196
0.0581598921528621
0.07476385329629956
0.03373233888895773
0.965916540281978
0.9251595715899511
0.9420926961215991
0.0043362958439723265
0.06311128807076376
0.07271006765253973
0.026143184000723185
0.9587556796145071
0.9239955597515759
0.9477541199537606
0.012562738939747797
0.06733159994148907
0.06982763908198726
0.018236572311060587
0.9520881515347537
0.9236928955500774
0.9540312562687878
0.02063542803489038
0.07077747140615434
0.06614547898538557
0.010107348646920963
0.9459887734284839
0.9242545678799082
0.9608549399961112
0.02845657393817924
0.07341405094564768
0.06170098615286332
0.001854319017444886
0.9405242302301516
0.9256750281214099
0.9681480096955245
0.0359328223192914
0.07521497049240523
0.05654007363123142
0.9935785420133044
0.9357527831015486
0.9279402044299807
0.9758259541618508
0.0429766650765222
0.0761623503539019
0.05071718943153981
0.9853814939614272
0.931724166258095
0.9310275271747683
0.9837978790649166
0.0495075513637675
0.07624682286949597
0.044295269652773944
0.9773632105024934
0.928479586624152
0.9349059443785086
0.9919677892306191
0.05545267530063547
0.07546755395874354
0.037345541904491256
0.9696205092739326
0.9260517536282465
0.9395359115275688
0.00023614229630064543
0.06074745929730587
0.07383224539534118
0.029947095803871615
0.9622453912561235
0.9244648945767825
0.944869362125769
0.008501598401122301
0.0653357899425811
0.07135711604735123
0.02218615753112025
0.9553237008686188
0.9237347434699622
0.9508496971583614
0.01666287090125973
0.06917008732711093
0.06806687688075694
0.014155041445583605
0.9489340959914923
0.9238685157782728
0.9574118615803274
0.024620574080845836
0.07221129183893818
0.06399472112311361
0.005950793728688938
0.943147340507755
0.9248648906137618
0.964482592275659
0.03227896408573194
0.07442883510612991
0.0591823410779506
0.9976735811737073
0.9380258900543066
0.9267140143241142
0.9719809175182212
0.039547478889676135
0.07580063136910152
0.053679957709801884
0.9894249065104471
0.9336237063081663
0.9293975227278715
0.9798189630052194
0.04634200342331751
0.07631309404455824
0.04754631659934839
0.9813057484910129
0.9299862160539989
0.932888564218439
0.9879030810100972
0.052585817683050706
0.0759611610640733
0.04084857635616082
0.973414731545293
0.9271503336231237
0.9371518031831165
0.9961352773797955
0.05821022583564006
0.07474830803997234
0.03366200407323129
0.9658464272835506
0.9251444868967472
0.9421433974101118
0.0044148750572885476
0.06315490559481804
0.07268653899003456
0.026069402330863183
0.9586898779817945
0.923988618939304
0.9478109713457741
0.012640327434660037
0.06736804920696071
0.06979636182341903
0.018160221504974698
0.9520274089600176
0.9236941671884721
0.9540936395115474
0.020711080746811605
0.07080638127857702
0.06610676852826494
0.010029351486832143
0.945933762476866
0.9242640394162256
0.9609221587423797
0.02852938048824427
0.07343513096543139
0.0616552386470178
0.001775628007292973
0.9404755444298063
0.9256926059157666
0.9682192942270711
0.036001921677015325
0.07522801079146745
0.056487766278525205
0.9935001223812757
0.9357109352131388
0.9279657139742546
0.9759004690417585
0.04304125759827082
0.07616722182035553
0.05065888047745299
0.9853043059450148
0.9316895879189842
0.9310607133210853
0.9838747338771792
0.04956690780261952
0.07624347739743911
0.04423159736091441
0.9772881919155061
0.9284526285857797
0.934946471374905
0.9920460521643667
0.05550614276821775
0.07545602457775227
0.037277221693569736
0.9695485593310486
0.9260326860141697
0.939583362794864
0.0003148559875618684
0.06079446455450902
0.07381264617925773
0.02987491482186326
0.9621773565159185
0.9244539068968295
0.9449232399815757
0.008579797203786876
0.06537584070445779
0.07132964187278082
0.02211096622269494
0.9552603639354262
0.923731944414072
0.9509094230076051
0.01673959862565888
0.0692027724007603
0.06803180323063795
0.0140777420566306
0.9488761672890949
0.9238739329797215
0.9574767773271704
0.02469490119856732
0.07223628083821208
0.06395240411906808
0.005872326085520532
0.9430954530416862
0.9248784705723329
0.9645519637732294
0.03235000344487715
0.07444587824280652
0.0591332177487258
0.9975949063954413
0.9379805966957312
0.9267356225484558
0.9720539407256179
0.039614399124801025
0.07580955950579706
0.05362454621004567
0.9893469895262569
0.933585478861347
0.9294269439864354
0.9798947732039364
0.04640403949293237
0.0763138189294025
0.04748521578800017
0.9812295403420991
0.9299554452880765
0.932925502691281
0.9879807650334799
0.0526422783177205
0.07595367554163134
0.04078246394500734
0.9733411524695859
0.9271273295731411
0.9371958823604472
0.9962138884279048
0.05826049808187195
0.07473268607143306
0.03359163254694914
0.9657763515131546
0.9251294790117249
0.9421941597966736
0.004493449374323166
0.0631984570045748
0.072662935467138
0.025995592036008125
0.9586241210167354
0.923981755968097
0.9478678783374582
0.012717901940644927
0.06740442845108256
0.06976501232210913
0.01808385065276704
0.9519667178054912
0.9236955169305386
0.9541560720993629
0.02078671063109283
0.07083521799038466
0.0660679892121803
0.009951343217414775
0.9458788089613688
0.9242735885477895
0.9609894198553599
0.028602155775545368
0.07345613545106666
0.061609426434777216
0.0016969350274095713
0.9404269213193392
0.9257102600273125
0.9682906134816169
0.03607098186809177
0.07524097394912074
0.05643539914310167
0.993421709955402
0.9356691544976848
0.9279912977905022
0.9759750104231794
0.04310580368094574
0.07617201530673201
0.05060051743175077
0.9852271341783664
0.9316550804658112
0.9310939709285132
0.9839516065080735
0.04962621123212618
0.07624005387730479
0.04416787741869908
0.9772131983285112
0.9284257443792605
0.9349870662549192
0.9921243239135327
0.05555955140129054
0.07544441785154984
0.037208860985186984
0.9694766427002415
0.9260136944122409
0.939630877598699
0.00039356932953116264
0.060841405917632804
0.0737929710898649
0.02980270114135753
0.9621093628406082
0.9244429966425571
0.9449771762558209
0.008657986498886272
0.0654158232837804
0.07130209406340729
0.022035750565750814
0.9551970751678639
0.9237292234281739
0.950969201392522
0.016816307858226853
0.0692353857727315
0.06799665894985665
0.014000427097028117
0.9488182931376059
0.9238794281245423
0.9575417389842059
0.02476920117197068
0.07226119538314635
0.06391002025577452
0.005793851931175341
0.9430436257596773
0.9248921275770933
0.9646213738577111
0.03242100747839771
0.0744628449381671
0.059084032101963835
0.9975162342850783
0.9379353683862867
0.9267573061534063
0.9721269945717725
0.039681276438467306
0.07581840998153949
0.05356907770491146
0.9892690843399093
0.9335473205576731
0.9294564381938804
0.9799706055708074
0.046466025716065396
0.07631446570345497
0.047424064044342934
0.9811533529058591
0.9299247469907661
0.9329625109154751
0.9880584623615143
0.05269868290792834
0.07594611222961253
0.0407163074084117
0.9732676026523848
0.9271044005512291
0.9372400273235808
0.9962925036752973
0.05831070884347955
0.07471698740466859
0.03352122438425487
0.9657063130444941
0.9251145479483172
0.9422449832326507
0.00457201870798718
0.06324194225928521
0.07263925710512012
0.025921753195548396
0.9585584087868269
0.9239749708440792
0.9479248408729074
0.012795462372270583
0.06744073764041605
0.06973359060660117
0.01800745983790309
0.9519060781318626
0.9236969447750749
0.9542185539692624
0.02086231760546209
0.0708639815154208
0.06602914107296541
0.00987332392481656
0.9458239129355249
0.9242832152660752
0.9610567232654379
0.028674899722297864
0.07347706438367155
0.06156354955929565
0.0016182401650815179
0.9403783609449798
0.9257279904402211
0.9683619673835985
0.03614000282031138
0.07525385995377457
0.0563829722754396
0.9933433048225018
0.9356274409940875
0.9280169558556175
0.9760495782255741
0.04317030325872362
0.07617673080875625
0.05054210035214929
0.9851499787462514
0.9316206439301736
0.9311272999666703
0.9840284968733188
0.04968546159338305
0.07623655231214552
0.044104109890826367
0.9771382298227639
0.928398934028914
0.9350277289808723
0.9922026043915332
0.05561290114815742
0.07543273379050695
0.037140459850534775
0.9694047594579803
0.9259947788395031
0.9396784558940686
0.00047228223488837706
0.060888283342299364
0.0737732201448286
0.029730454839276152
0.9620414103008549
0.9244321638237114
0.9450311708961858
0.008736166199973194
0.06545573764349513
0.07127447264417214
0.021960510641896434
0.9551338346300489
0.9237265805146937
0.9510290322536012
0.016892998514948854
0.06926792741326537
0.06796144407063359
0.013923096651780674
0.9487604735941298
0.923885001207834
0.9576067464850404
0.024843473920897807
0.07228603545125663
0.06386756957275863
0.005715371352574473
0.9429918587115825
0.9249058616158287
0.9646908224563827
0.03249197611120436
0.07447973517700748
0.059034784184519726
0.9974375649298701
0.9378902051685011
0.926779065119463
0.972200078978471
0.03974811076160489
0.07582718278842784
0.05351355224855103
0.9891911910373816
0.9335092314323546
0.9294860053234293
0.9800464600232365
0.04652796203033516
0.07631503436613873
0.04736286142966232
0.9810771862654617
0.9298941211899905
0.9329995888569607
0.9881361729085673
0.05275503139838489
0.07593847113476565
0.040650106814427524
0.9731940821726732
0.9270815465780362
0.9372842380311431
0.996371123034816
0.05836085807245506
0.07470121205373559
0.03345077965934647
0.9656363119512177
0.9250996937198865
0.9422958676693387
0.004650582971200468
0.06328536131827159
0.07261550392532139
0.025847885888919196
0.958492741359502
0.9239682635733028
0.9479818588961458
0.01287300864412888
0.06747697674159417
0.0697020967055102
0.017931049143881397
0.9518454899997514
0.9236984507208068
0.9542810850582063
0.020937901587684937
0.07089267182759988
0.06599022414652495
0.009795293695203544
0.945769074452797
0.924292919562486
0.9611240689029381
0.028747612250766386
0.0734979177444353
0.06151760806379845
0.001539543507598766
0.9403298633528864
0.9257457971385951
0.9684333558573989
0.0362089844615221
0.07526666879390885
0.056330485726088626
0.9932649070693821
0.9355857947411764
0.9280426881464243
0.9761241723683618
0.04323475626584439
0.07618136832222348
0.050483629296433866
0.9850728397334136
0.9315862783435991
0.9311607004051048
0.9841054048886044
0.049744658827552524
0.07623297270508414
0.04404029484206056
0.9770632864794802
0.9283721975589908
0.9350684595150146
0.992280893511768
0.0556661919571908
0.07542097240506482
0.03707201836086522
0.969332909680684
0.9259759393129299
0.9397260976358969
0.0005509946163122503
0.06093509678420001
0.07375339336188508
0.029658175992592746
0.9619734989672631
0.9244214084499685
0.9450852238502806
0.008814336220614782
0.06549558374661747
0.07124677764008722
0.02188524653278081
0.9550706423860342
0.9237240156759876
0.951088915531264
0.016969670511839396
0.06930039729267187
0.06792615862525946
0.013845750805919432
0.9487027087157041
0.9238906522246253
0.9576717997632146
0.024917719365231905
0.07231080102012755
0.06382505210961696
0.005636884436651564
0.942940151947188
0.9249196726762546
0.9647603094964645
0.03256290926826
0.07449654894419326
0.05898547404331975
0.9973588984170653
0.9378451070848332
0.9268008994270521
0.9722731938674506
0.039814902025204324
0.07583587791863178
0.05345796989518666
0.9891133097046324
0.9334712115205326
0.9295156453482345
0.9801223364785897
0.046589848373424836
0.07631552491694729
0.04730160800531263
0.9810010405040435
0.9298635679136028
0.9330367364816058
0.9882138965889814
0.05281132373386743
0.0759307522639097
0.040583862231173065
0.9731205911093913
0.927058767674142
0.9373285144416885
0.9964497464192954
0.05841094572085881
0.07468536003276013
0.033380298446477934
0.9655663483069203
0.9250849163397272
0.9423468130579634
0.004729142076889348
0.06332871414092386
0.07259167594915104
0.02577399019560172
0.9584271188021338
0.9239616341617521
0.9480389323511299
0.012950540670833899
0.06751314572131722
0.06967053064751896
0.017854618654232768
0.9517849534697124
0.9237000347663922
0.9543436653030906
0.02101346249556224
0.07092128890090407
0.06595123846883273
0.009717252614761009
0.9457142935665804
0.9243027014283574
0.9611914566981247
0.028820293283261744
0.07351869551461443
0.06147160199158038
0.001460845142255883
0.9402814285891495
0.9257636801064686
0.9685047788273485
0.03627792671962782
0.0752794004580719
0.05627793954566783
0.9931865167828389
0.9355442157777139
0.9280684946396777
0.9761987927709178
0.043299162636609934
0.07618592784299746
0.05042510432245805
0.9849957172245716
0.931551983737548
0.931194172213296
0.9841823304695896
0.04980380287586228
0.07622931505931174
0.04397643233723089
0.9769883683798384
0.9283455349936739
0.9351092578195275
0.9923591911876213
0.05571942377683081
0.07540913370573304
0.03700353658748902
0.9692610934447221
0.925957175849427
0.9397738027790384
0.0006297063864817432
0.06098184619909388
0.07373349075883817
0.029585864678330465
0.9619056289103796
0.9244107305309364
0.9451393350656467
0.008892496474393274
0.06553536155623098
0.07121900907623266
0.02180995832009191
0.9550074984998094
0.923721528914343
0.9511488511658635
0.017046323764942528
0.0693327953813291
0.06789080264609361
0.013768389644501083
0.9486449985592986
0.9238963811698764
0.9577368987522076
0.024991937424899024
0.07233549206741202
0.06378246790601474
0.005558391270350481
0.9428885055162105
0.9249335607460183
0.9648298349051212
0.032633806874580396
0.07451328622465811
0.058936101725358674
0.9972802348339074
0.9378000741776726
0.9268228090565327
0.9723463391604024
0.03988165016031675
0.07584449536438881
0.05340233069910755
0.9890354404275996
0.9334332608572791
0.9295453582413813
0.9801982348542
0.04665168468308423
0.07631593735544231
0.04724030383271198
0.9809249157047062
0.929833087189388
0.9330739537552113
0.9882916333170797
0.05286755985922298
0.07592295562393184
0.04051757372682536
0.9730471295414316
0.9270360638600574
0.9373728565137041
0.9965283737415653
0.0584609717408211
0.07466943135593618
0.03330978081995547
0.9654964221851401
0.9250702158210644
0.9423978193496825
0.004807695937990797
0.06337200068670246
0.07256777319808641