0
0.3513793103448276
0.6387868755845901
0.9871215217354194
0.3418883822833707
0.6299764018040004
0.9760658238551314
1.3340772789938873
1.6233593608338452
1.9683281794697085
2.3290285955691665
2.619762053295196
2.9648832501749305
3.3274206990197337
3.6196117686671485
3.9661356999973094
4.329464307319603
4.622930004039359
4.971928877820207
5.334890654885514
5.629328943360355
5.981546512142174
6.342970165250872
6.638011737599794
6.993730354451108
7.352582983351505
7.64782365018568
8.00679823158798
8.362374730734976
8.657399386599085
9.018907846165371
9.370984605418844
9.665389996784725
10.028390118827918
10.377270341867485
10.670689180049328
11.03400764132585
11.38045137905237
11.672585328380075
12.035067065727507
12.380156791748135
12.67082916448274
13.031434586368512
13.376424704370155
13.665651009451917
14.02353811060431
14.369699013113973
14.657747519362275
15.012375328554391
15.36082170676049
15.648215293159428
15.999459857535246
16.350974492624996
16.63839720206628
16.986621475630823
17.341527136395698
17.62965554273995
17.975675394910137
18.33381025534284
18.623148543589284
18.96809822028141
19.32889218842255
19.619686731970052
19.964841516627313
20.327432913540367
20.619680786542713
20.966286729600625
21.32962352926345
21.623135571125317
21.97225436174658
22.33517580937711
22.62964637175378
22.982005233647083
23.34334232118611
23.63840012939909
23.994260446011076
24.35298991762568
24.64822988557512
25.0073251857568
25.362759186029994
25.657766246345293
26.01935773773659
26.371294206562407
26.665666080911546
27.02870256045828
27.37746542634836
27.67083689865169
28.034143265325863
28.38050864476926
28.672585167289533
29.035009440178133
29.38006981909806
29.670681123381005
30.031190125308445
30.376203695892745
30.665374672721885
31.02313649579137
31.369370772645134
31.657380655331202
32.01186919436474
32.360428635693616
32.64780941491166
32.998919846453234
33.35057035062214
33.63800936281526
33.98612465126154
34.34116882900826
34.629338479310455
34.97529068834525
35.33354798114189
35.62294288662299
35.96787558251641
36.32876164438937
36.619617259077714
36.964807741163085
37.32745131245576
37.6197556615809
37.96644541686813
38.32978845027352
38.62334631797106
38.9725862636392
39.33546540082742
39.62996761068366
39.98246821353886
40.34371699248891
40.63879035445234
40.99479191625267
41.35339705520907
41.64863562545314
42.00785038223575
42.36314153936907
42.658130326692415
43.01980306032586
43.37159979311541
43.66593753392529
44.02900838090763
44.37765521032925
44.67097881561626
45.03427114453107
45.38056001778247
45.672578817696035
46.03494388384153
46.37997704583015
46.67052731410662
47.030938487052275
47.375977658745875
47.665093774712275
48.02272942055623
48.36903894842438
48.65701111314608
49.01136019578449
49.36003400250954
49.64740315198873
49.9983800980918
50.35016698116461
50.637623447344716
50.985631165727845
51.34081354537485
51.62902528010707
51.97491178839537
52.33329051674661
52.62274243151745
52.96766031100097
53.32863699244311
53.61955364828309
53.96478192975247
54.327475891683655
54.61983637964004
54.96661172960913
55.32995903352765
55.62356220198539
55.97292451261791
56.335759362245525
56.630292590026535
56.98293534575816
57.34409408976657
57.63918232193774
57.99532463788711
58.35380429868688
58.64904077253313
59.00837369577442
59.36352170251822
59.65849154109163
60.02024371300181
60.37190129919899
60.6662042934201
61.02930751559231
61.377839655909206
61.67111489939551
62.0343912530396
62.38060548853529
62.672566280944224
63.03487040895068
63.37987849015815
63.670367770970884
64.03067972293071
64.37574663908204
64.66480838047654
65.02231697526375
65.36870361307913
65.65663898103831
66.01084845383093
66.35963789904902
66.64699660149095
66.99784074369957
67.34976448093865
67.63723954452782
67.98514113506913
68.34046136994709
68.62871601268688
68.9745387777362
69.33303792131105
69.6225472187103
69.96745244894012
70.32851826021673
70.61949591211541
70.96476408680412
71.32750664578629
71.61992292542887
71.96678563405658
72.33013524089405
72.623783179406
72.97326903623899
73.3360576255248
73.63062123862419
73.98340652301985
74.3444735229758
74.6395759404465
74.99585848321628
75.35421155068687
75.64944522963506
76.00889500172983
76.36389958794783
76.658849803763
77.0206795961666
77.37219866001885
77.66646629816424
78.0295999015103
78.37801872635966
78.67124511976795
79.03450356651702
79.38064504861357
79.67254755973566
80.03478902930836
80.37977417143412
80.67020252961166
81.03041388590343
81.37551068419204
81.6645185562125
82.02189925177957
82.36836484021698
82.65626434792301
83.01033409041395
83.35924041767356
83.64658986051188
83.99730191439058
84.34936294645809
84.63685774257466
84.9846546742319
85.34011238635156
85.62841074356258
85.97417173747417
86.33279025277712
86.62235728749309
86.96725203791932
87.32840547400001
87.6194440619682
87.96475421516577
88.32754356797057
88.62001528250482
88.96696709486511
89.33031703293526
89.6240092053006
89.97361976050074
90.33636012145637
90.63095348429577
90.98388163683806
91.34485520144835
91.63997111800852
91.99639332417476
92.35461871391001
92.64984889971626
93.00941417610602
93.36427510885576
93.65920502971906
94.02111061157659
94.37249181187491
94.66672348811169
95.02988547724502
95.37819238612525
95.67136944784197
96.03460806219613
96.38067869074558
96.67252265812986
97.03469976029034
97.37966411014995
97.6700316269907
98.03014103056074
98.37526984250354
98.66422436924995
99.0214763434565
99.36802270441363
99.6558873033743
100.00981722830022
100.35884165124051
100.64618302610873
100.99676374109991
101.34896247403486
101.63647812901054
101.98417189703986
102.3397666773681
102.62810953819387
102.97381074713816
103.33254756786532
103.62217267601112
103.96705911790713
104.3282986587379
104.61939810809984
104.96475231612561
105.32758665008893
105.62011343327264
105.96715607510947
106.33050436891236
106.6242402335681
106.97397660984905
107.33666677974239
107.63128925384954
107.98436057755056
108.34523903391583
108.64036776211695
108.99692903237009
109.35502569115941
109.65025168590012
110.00993109559033
110.36464817918782
110.65955713478539
111.02153666235878
111.37278069216794
111.66697580441092
112.03016418296578
112.3783606008224
112.67148785605751
113.03470471887441
113.38070640880017
113.67249158154362
114.03460261884702
114.3795483279376
114.66985510138962
115.02986121312377
115.37502416357862
115.66392588803728
116.0210483451195
116.36767728120003
116.65550793760016
117.00929799107683
117.35844169307781
117.64577619527334
117.9962263545401
118.34856315975011
118.6361007906551
118.9836929161653
119.33942432490913
119.62781246097961
119.97345588467232
120.33230992206593
120.62199342126338
120.96687372725806
121.32819783802897
121.61935805963405
121.96475838941328
122.3276358826402
122.62021735898301
122.96735253628314
123.33069720678992
123.62447621694072
123.97433950718457
124.33697752901082
124.63162847309634
124.98484323434565
125.34562492853622
125.64076577975482
125.99746547912528
126.35543238537065
126.65065349150647
127.01044563759149
127.36501871365954
127.65990603562295
128.0219576530294
128.3730652394079
128.66722318941513
129.03043596042994
129.37852333723902
129.67160031818867
130.03479351691274
130.3807281977857
130.6724543367509
131.03449762350547
131.37942684756953
131.6696729924054
132.02957449144384
132.37477369811057
132.66362318212697
133.0206153530489
133.36732864704817
133.6551263414159
134.0087765031127
134.35804063695724
134.6453694649019
134.99568988515597
135.34816509942397
135.63572581360071
135.98321784309968
136.33908540999806
136.62751957524935
136.97310722642828
137.33207736962993
137.62181955910214
137.96669590271495
138.32810303412356
138.61932392455992
138.96477243320052
139.32769125477037
139.62032703973105
139.96755643829673
140.33089550324067
140.62471710698568
140.97470837386953
141.33729229682976
141.63197106686263
141.98532949528865
142.3460127929198
142.6411650774208
142.99800253552038
143.35583869964103
143.6510542200808
144.01095768027554
144.36538662777625
144.66025164974855
145.02237348950965
145.37334539322038
145.66746558669092
146.03070075298362
146.37868056333357
146.67170680934595
147.03487443823437
147.3807440538494
147.67241093188287
148.03438479437241
148.3792996929598
148.66948534094666
149.02928092500292
149.3745184979216
149.6633163221618
150.02017746496435
150.36697687935765
150.65474260621858
151.00825288952117
151.35763857706866
151.644962931766
151.9951544630812
152.34776838858662
152.6353532831924
152.98274678812663
153.33875001274933
153.62723094325622
153.97276484715906
154.3318499635608
154.62165112423295
154.9665256794116
155.3280142679223
155.61929570973183
155.96479444410133
156.3277527542732
156.62044245445438
156.96776773947602
157.3310992136503
157.62496285410734
157.97508312973542
158.3376110097226
158.63231695900467
158.98581924735
159.34640253415606
159.64156556115634
159.99854007243522
160.35624453725956
160.65145377542422
161.01146710260275
161.3657518378539
161.66059389555625
162.02278407914292
162.3736210943542
162.6677029410282
163.03095850556386
163.37883224823508
163.671807305979
164.03494746632435
164.38075397427704
164.67236137642817
165.03426415313731
165.37916688916502
165.66929218922928