1
1.4965517241379311
1.9913794452331346
2.4905153364405805
2.98491170238199
3.486840921669001
3.9821980956657947
4.486437673440416
4.983904291892692
5.489405052845263
5.9896122520385
6.495009638407228
6.997912252819388
7.501858710884841
8.006734503267017
8.508244048761751
9.013873775567138
9.512575396670716
10.017558175654067
10.51377966403862
11.016882379824368
11.511559726742561
12.012011856529874
12.506463758188135
13.004146650562092
13.499756452216143
13.995244480025793
14.493109914026371
14.98753138103876
15.488180782236942
15.982926004867542
16.486191859385066
16.98256230165615
17.487634159570593
17.986529316238247
18.492151775975127
18.993851713856046
19.498625030254704
20.00271087033249
20.505441340782824
21.01089195163065
21.510900836711798
22.01635587969244
22.513647369847927
23.017754185708306
23.513002308406083
24.014744356028505
24.509124766339042
25.00806506078392
25.50297455045882
25.999371228779673
26.496082291892872
26.990834698768573
27.490167223776
27.984586487644016
28.486700466215595
28.982172414244978
29.486539526405437
29.984184422319302
30.48972409881265
30.99012939372201
31.4954668285718
31.998537984162905
32.50234013739161
33.0073123171564
33.508629624511016
34.014259630192385
34.51276935595905
35.017656911990066
35.513734111063464
36.016669846083346
36.51128588929372
37.01154014915978
37.506029389183254
38.00353260274521
38.49926965996268
38.994641548443084
39.49269215656062
39.987090126767455
40.48793595736697
40.982755541388336
41.486180494145465
41.98270437342747
42.48785905495258
42.98694914980964
43.49255735923144
43.994445604432855
44.49911048369911
45.0033306071304
45.505885548542075
46.01138259355363
46.511193192339704
47.01659577483167
47.513715499077286
48.01768448785716
48.512829416642475
49.01438210897503
49.50875352974889
50.00749950910799
50.502497121399664
50.998743243164974
51.49561773681753
51.99030137573705
52.48983132604881
52.98428039784543
53.48657649776662
53.98216880122957
54.48665806400759
54.98448416935437
55.49005590722901
55.99065883308459
56.495929661334465
56.99916554209978
57.50281864990363
58.00788100898855
58.50900447374543
59.014627773867275
59.51294747976634
60.01773378731912
60.513671537582844
61.01643665294188
61.51099804297928
62.01105407907335
62.505587518273984
63.002914142748125
63.49878377726306
63.99404530632808
64.49228348764252
64.98666492421718
65.48770610015748
65.98260643725605
66.4861862541859
66.98286786681516
67.48809901267397
67.98738520865058
68.49297219819904
68.9950464286592
69.49959704492537
70.00394618386947
70.50632243303971
71.01185906735485
71.51147165340812
72.01681510088565
72.51376663063967
73.01759289548208
73.51264061555509
74.01400200068204
74.50837141324244
75.00692460261317
75.50201658292706
75.99811682772562
76.49515863669059
76.98978013730381
77.48950805831923
77.9839938073406
78.48646916856018
78.9821872610087
79.4867931406902
79.9848031665014
80.490400068158
80.99119991396694
81.49639756111634
81.99979414262424
82.50329365279131
83.00843987180946
83.5093681324615
84.01497775499787
84.51310954912103
85.01778870821047
85.51359202038326
86.01618308479922
86.51069654280818
87.01055424680578
87.50513869431649
88.00229204259568
88.49829940919044
88.9934564965603
89.49188441398566
89.98625629665813
90.48749149355731
90.98247887389755
91.48620913243977
91.98305258281968
92.48835373726328
92.98783695577411
93.49339577834932
93.99565343765768
94.50008410799026
95.00455683231601
95.50675145176277
96.01232078474035
96.51173587659902
97.0170135904873
97.51380070179457
98.01747951992004
98.51243613729926
99.01360449771782
99.50797888998339
100.00634105633725
100.50153353326537
100.9974927649615
101.49470556232576
101.98927162907111
102.48919781983042
102.98372706634657
103.48637861036846
103.98222777115627
104.48694459054327
104.98514102339503
105.49075615617733
105.9917519651912
106.49686994586479
107.00042300035555
107.50376455491754
108.00898821142611
108.50972015074268
109.01530914466868
109.51325536485695
110.01782160792955
110.51349565705853
111.01590945112348
111.51038176081909
112.01004127048924
112.50468347502074
113.00166707910338
113.49781715887643
113.99287585230459
114.4914954301646
114.98586474646869
115.48729240162818
115.98237300646298
116.48624910083835
116.98325829649069
117.48862291492006
117.98830383432329
118.49382757406921
118.99626587444446
119.50057106630697
120.00516179071029
120.50717207219411
121.01276717619515
121.51198553630837
122.01719100182098
122.51381767073914
123.0173444990311
123.51221623340612
124.01319008847182
124.50757644626894
125.00574959657516
125.50104857385614
125.99687183427226
126.49425907684996
126.98877648028967
127.48890099353348
127.98348050056795
128.4863049343496
128.98229028245322
129.48711222749063
129.9854973262252
130.49112373088903
130.99231430139193
131.49734622779283
132.00105132957432
132.5042307703916
133.00952534727722
133.51006009330368
134.01562153711606
134.51338474783932
135.0178324465055
135.51338256590074
136.0156160861247
136.5100540856416
137.00951578510862
137.50422242624907
138.00104003285773
138.49733762673853
138.9923040960725
139.49111701800777
139.98549075456407
140.4871090692417
140.98228896366774
141.486306110342
141.98348475715912
142.4889062138791
142.9887852682211
143.494267049314
143.99688297491153
144.50105731342308
145.0057603047576
145.50758377247553
146.013197691652
146.51222032502528
147.0173471188732
147.51381751665517
148.01718799705907
148.51198117449536
149.01275928260353
149.5071645809355
150.00515095995394
150.50056230858914
150.99625481093398
151.49381973499433
151.9882953030976
152.48861794563464
152.98325441085117
153.48624823092308
153.98237471893685
154.4872958454999
154.9858716381897
155.49150233744936
155.9928862238699
156.49782581412651
157.00167834525786
157.50469171931348
158.01005061327882
158.5103875400135
159.01591455017106
159.5134975391669
160.01782121077122
160.51325288576743
161.01530334839902
161.50971392203553
162.00897844173062
162.50375612130216
163.00041168718954
163.4968614097117
163.9917419388021
164.49074964600808
164.98513477985367
165.48694172179933
165.98222684766196
166.48638009099494
166.98373168869767
167.4892032847974
167.98928066284932
168.49471365827569
168.99750396882195
169.5015422437981
170.00635162860527
170.50798604205474
171.01361180113125
171.51243995368816
172.01748175165466
172.51380023973147
173.01701020446293
173.51173124996325
174.01231261045916
174.50674380474408
175.0045458924863
175.5000753430279
175.99564246508206
176.49338808239725
176.98782869178578
177.48834902516424
177.98304907286808
178.4862085696691
178.9824809779782
179.4874952188169
179.9862634999784
180.49189150712004
180.9934670214702
181.49830810786085
182.0023032641148
182.50514682850942
183.01056335864592
183.51070208639794
184.01618782567255
184.51359360035062
185.01778791437613
185.5131067759256
186.01497162054383
186.5093616904093
187.00842990670745
187.50328514019472
187.99978282714378
188.49638910048725
188.99119007896084
189.4903937687544
189.98479725873025
190.48679056497636
190.9821867339276
191.48647095200343
191.98399878980962
192.48951376116352
192.98978940575523
193.49516684606579
193.99812808081646
194.50202525357963
195.00693502580427
195.50837838231593
196.01400899535145
196.51264415201842
197.01759473639532
197.51376586116456
198.01681133772297
198.5114667676498
199.01185062246205
199.5063146397508
200.0039351486104
200.49958828363444
200.9950355607053
201.4929646549216
201.98737722209123
202.4880945635675
202.982864736827
203.4861859992502
203.98260893038483
204.48771010222214
204.9866724302851
205.4922907578382
205.99405597148163
206.49879250852297
207.00292530561782
207.50559553225781
208.01106294869055
208.51100334412223
209.01644102985304
209.51367281347
210.0177325977734
210.51294441587248
211.0146213087436
211.50899782631626
212.00787086085344
212.50281006891856
212.999154238443
213.49592128675562
213.99064920166634
214.4900498263798
214.98447860458592
215.48665578448785
215.9821686712018
216.4865785818371
216.98428573434586
217.48983725972883
217.99031086738674
218.49562604941244
218.99875453143008
219.5025057413768
220.00750977025342
220.50876030719252
221.01438878631055
221.5128326688308
222.0176859357109
222.5137144231343
223.0165916391167
223.51118805348116
224.01137388847113
224.5058776186586
225.00331949021128
225.49910173699092
225.99443485465045
226.49254997798684
226.98694145051917
227.48785487431832
227.98270162721343
228.4861805473575
228.9827584205322
229.48794023131117
229.98709792634997
230.4926995948051
230.99465234055583
231.49927841293922
232.0035436930283
232.5060372730015
233.0115487655903
233.51129094145006
234.0166738536924
234.5137350813046
235.01765532817853
235.51276600513265
236.0142528423261
236.5086227799313
237.0073019985989
237.50233149869834
237.99852670645237
238.49545855045952
238.99011997783376
239.48971824403264
239.98417920736057
240.48653754587951
240.98217268142892
241.48670284835464
241.9845921716523
242.49017338096186
242.9908444018551
243.49609069737065
243.9993825381171
244.50298310903054
245.00807514712628
245.5091313437627
246.01475070783783
246.51300527232107
247.0177552387426
247.5136459887572
248.0163513764682
248.51089545109022
249.01088299711154
249.5054332841538
250.00269968562966
250.49861630902163
250.99384109563994