0
0.3728813559322033
0.65454060648042
0.041300014041984134
0.3953889718761039
0.6716862911932717
0.06020206913351345
0.4016965078020529
0.669454037623344
0.048575327708130445
0.38943686902477403
0.6487924561423697
0.010584505651192622
0.3639151910640832
0.6211670741797239
0.9662564607608417
0.3381388912538119
0.6017277340711742
0.9412695009191161
0.32673657881298546
0.5993946354321338
0.9464994941532472
0.3356032307266803
0.6153603307801978
0.9795342871691732
0.36003573007275147
0.642450602568396
0.024208247626937407
0.3866738855323286
0.6659478000052952
0.0551988230987579
0.4011707732853915
0.6730633392160532
0.05769061724672886
0.39716946326131986
0.6599891367336472
0.030307323639539252
0.3765259211329377
0.6335802030851927
0.9853866595682006
0.348867368746161
0.6088108526930958
0.9491784181513379
0.3295158189420726
0.5980922996938645
0.940267886961798
0.32911522171670704
0.6060484543475331
0.9616804918545685
0.34767281144905926
0.6295746290536073
0.004058334605254288
0.3752957242986794
0.656668924622785
0.04409395069548294
0.3966933564812243
0.6723298205624886
0.06042704955382128
0.40133572536241346
0.6682723835995183
0.04611148496440842
0.3875753270266713
0.6463947079066763
0.0064997389860668164
0.36140642414999546
0.6189293281795027
0.962985120319616
0.336386588720722
0.6007637953455753
0.9404736196974428
0.3267020224533361
0.6001085879736068
0.9484245583853916
0.33728251452771074
0.6174881459119954
0.9833773775671555
0.36254054364749244
0.6449068831177982
0.027833208599276738
0.3886062917927009
0.6673640581928382
0.05666550081647248
0.40158624614166616
0.6726981888660739
0.05640876996144151
0.395931215304973
0.6580058868221694
0.026720513528121437
0.3741590109020718
0.6310914005101143
0.9814344635084149
0.34659629481741305
0.6071740420926435
0.9471564800908199
0.32864126775239955
0.5980316364796405
0.9409815052296391
0.3300714967182792
0.6076142226748029
0.9648366099124395
0.3499614067277381
0.6320608159665515
0.008096161741084629
0.3776573711798126
0.6587026645948089
0.04669144533743097
0.39786057828686383
0.6728127089417342
0.06040621784277356
0.40082665251611926
0.666943972321514
0.043437826043144945
0.38561123737987213
0.6439512236841147
0.002380448291085635
0.35890538526707205
0.6167696669293043
0.9598915208965579
0.3347616041999215
0.5999416491561811
0.939923066327125
0.3268327767024055
0.6009691708430769
0.9505705767766666
0.3390828759118998
0.6197006560145775
0.9873029567066607
0.36505212073470483
0.6473217566521525
0.03132472505543715
0.3904293935325507
0.6686396967386057
0.057896497938113356
0.40185090288667613
0.6721691284621378
0.05488778608972744
0.3945614668227577
0.6559204869971464
0.022998825348185647
0.3717420713042523
0.6286297137937551
0.9775786734390666
0.3444054220828203
0.6056583749325479
0.9453645832949695
0.32792570674336474
0.5981220583824958
0.9419369418220287
0.3311787251821805
0.6093030166881781
0.9681562464832847
0.35231484938663904
0.634565573619639
0.012093216968675158
0.37995559350536423
0.6606328321316206
0.04908366129963326
0.398887064934478
0.6731328548009565
0.06013919461831785
0.4001709426816511
0.6654742276159986
0.04056322561810921
0.3835518182524802
0.6414740290123278
0.9982484796874147
0.35642411832853416
0.6146963961181808
0.9569871733448834
0.3332708562793312
0.5992637778044041
0.9396185500070076
0.3271279916917802
0.601973947014391
0.9529308215889141
0.34099651537235154
0.6219883109853093
0.9912920525275697
0.36755867683923915
0.6496841438837131
0.03466812668174413
0.39213641412761935
0.6697695392158258
0.0588885589320336
0.40196435445200707
0.6714780321329492
0.05313136010932862
0.3930647107965548
0.6537427683335975
0.01915938030736708
0.36928548176814235
0.6262060544536963
0.9738379146749596
0.34230531300208167
0.6042689824592484
0.9438074864282553
0.32737183332619857
0.5983637034584401
0.943131746288959
0.3324324800871876
0.611108861779414
0.9716261253448983
0.35472243806559867
0.6370771472917134
0.016029712914387595
0.38218017803177795
0.6624509614415399
0.05126275910576128
0.39976977530596747
0.673288722603143
0.05962607526476704
0.39937061638579907
0.6638692554126939
0.03749773438974113
0.38140478889917095
0.6389752210271138
0.9941258411866978
0.3539747215405784
0.6127173117667113
0.9542823147397206
0.3319205564687904
0.5987322600388978
0.9395602422540075
0.32758622004785964
0.6031199554460105
0.9554976023794093
0.34301505166311985
0.624340979463275
0.9953249698012341
0.37004844648309687
0.6519832902540086
0.03784995417079884
0.393721275353341
0.6707490616419676
0.05963913350897165
0.4019266719851957
0.6706274892433439
0.05114410673097858
0.39144599447087347
0.6514832028514161
0.015220614941949595
0.3668000873238353
0.6238308756947628
0.9702295159560732
0.34030590096140134
0.6030104420535496
0.9424890209870258
0.32698163093201593
0.5987562549316832
0.9445627759370341
0.3338276858878113
0.6130250893748572
0.9752317608562158
0.357173139992792
0.6395837496900061
0.019886554798897116
0.3843214815511995
0.6641491615333464
0.05322186615988933
0.40050619266367504
0.6732793692068133
0.05886748234785255
0.39842809186985106
0.6621358650544766
0.03425266371272606
0.3791783767036563
0.6364668586031144
0.9900344216125982
0.35156923873370793
0.6108397081826451
0.9517859937028232
0.33071623141274564
0.5983488038489484
0.9397478339092447
0.3282054453278209
0.604403705510046
0.9582622365896831
0.3451295680396629
0.6267480274280848
0.999381501975817
0.3725097736974834
0.6542088068618388
0.04085793644388325
0.3951785631920788
0.6715743633172542
0.060146290766538435
0.40173835007282177
0.6696207921533983
0.048931601686608595
0.38971091165041183
0.6491528154239601
0.011202134632255945
0.36429714377589595
0.6215141320373958
0.9667694110546796
0.3384164238763052
0.6018867809287591
0.9414121434315539
0.3267563663265989
0.5992989089617187
0.9462261139986572
0.33535859817262725
0.6150443148024034
0.9789574628202133
0.3596556386514713
0.6420736478681233
0.023645527619988727
0.38637049830007286
0.6657201595067421
0.054955049244509446
0.40109432380736965
0.6731044804166999
0.05786464326205287
0.3973462268619907
0.6602815927099477
0.03084066851270162
0.3768813278742327
0.6339608605669713
0.9859957129663983
0.3492195434784411
0.6090703783289177
0.9495061463850367
0.3296627363036686
0.5981147625806957
0.9401805584880141
0.3289830948188488
0.605821161220264
0.9612150121372169
0.3473306571403185
0.6291984053238442
0.003441163021743243
0.3749312047907736
0.6563507069090158
0.043680946702318035
0.39650348683241354
0.6722421351706052
0.060408640594920016
0.4014002715295888
0.6684619193853172
0.0465004173561363
0.38786558699067464
0.6467630764692449
0.007124517781970319
0.36178824823107303
0.619265256877584
0.9634720990666186
0.3366453864958716
0.6009014958171248
0.9405790045080404
0.32669660194536077
0.599990352318962
0.9481170011478248
0.33701879923527445
0.6171584349948771
0.9827863825233758
0.3621583915479585
0.6445352436286815
0.02728944594351379
0.3883189094415693
0.6671573345017932
0.056457281452579
0.4015326976743927
0.6727644089422089
0.05661947959206781
0.396128362784238
0.6583147166505516
0.027275811500002245
0.3745229152179086
0.6314689123139201
0.982030544962508
0.3469372187001061
0.607415605096361
0.9474496563337138
0.328764255639431
0.5980311315743858
0.9408571778389268
0.3299160341423075
0.6073677134515882
0.964345140425493
0.34960846172803217
0.6316807396250137
0.00748342968197635
0.37730158172417805
0.6583994419181567
0.04630895036349125
0.39769183920876405
0.6727496348230584
0.060425276094523195
0.4009136819166266
0.6671555223853158
0.04385816376481788
0.38591665942574505
0.6443257838825338
0.003009081986405704
0.35928525791555743
0.6170931563015829
0.9603506582057355
0.3350005500405264
0.6000575872110061
0.9399910334106176
0.32680222286162053
0.6008287511755765
0.9502297841710226
0.3388012117565795
0.6193586491009817
0.9867006045849662
0.3646696986272211
0.6469571450187905
0.03080225979987805
0.39015911073125187
0.6684547366927229
0.057724395893187896
0.40182035712635433
0.6722602050110018
0.055134694281087526
0.39477836246599995
0.6562442541631792
0.023573591081568424
0.37211293611274776
0.6290023815433625
0.9781588420442073
0.34473343699237313
0.6058811458054525
0.9456223989949295
0.3280242925257255
0.5980985270879746
0.9417759333736158
0.33100054599786777
0.6090381424131484
0.9676407041445567
0.3519527115957102
0.6341834260849104
0.011487985075512519
0.3796101344262506
0.6603459411370267
0.04873295574881631
0.3987399658266546
0.6730946758944949
0.06019574807608663
0.4002801803922269
0.6657069224375178
0.04101354335997964
0.3838712709624057
0.6418529421945667
0.9988776242390112
0.35680019944985997
0.6150062145652706
0.957416800741117
0.3334889428938652
0.5993576024804819
0.9396490278617058
0.327072473363891
0.6018117482188619
0.9525578795604557
0.34069812870691907
0.6216355016403197
0.9906812839020971
0.3671777801929039
0.6493282273690546
0.03416911443218318
0.3918842170321968
0.6696070883379897
0.058753022317695525
0.40195684007528176
0.671593633429054
0.05341384604777755
0.39330063462570064
0.6540799325648512
0.01975091885586533
0.3696616953365923
0.6265722449274227
0.9743994147027004
0.34261884911844476
0.6044722154755888
0.9440292778810813
0.32744565209350185
0.5983171532115978
0.9429344724697171
0.3322322996098981
0.610826576267667
0.9710886095105493
0.35435275950102607
0.6366947228523481
0.015434954700329406
0.38184656964035235
0.6621816553122923
0.050944973657103265
0.3996447453416796
0.6732756353088647
0.0597200770253159
0.39950172998318445
0.6641221204004975
0.037976422454089054
0.38173706426138576
0.6393566449214874
0.9947521460187481
0.35434516958931717
0.6130123046491012
0.9546809521271604
0.3321168826768002
0.5988036793696241
0.939553236852821
0.3275059949145147
0.6029364623647508
0.95509374523771
0.3427012544687216
0.6239789449670106
0.9947088223222234
0.3696708621125211
0.6516376838645219
0.037376366895890634
0.39348804569520546
0.6706097678010803
0.05954050858173421
0.40194214989300536
0.6707671752169977
0.05146140657773168
0.3917001423159783
0.6518321313797546
0.015826039168720385
0.36717997015558623
0.6241890285086873
0.9707697969237343
0.3406034892289904
0.6031934759664022
0.9426742627071352
0.32703042700561635
0.5986867647047285
0.9443297633560253
0.3336063198305905
0.612726453966856
0.9746745556494241
0.35679762028869133
0.6392028418571813
0.019305125415820523
0.3840011526265117
0.6638986029846388
0.05293798601359834
0.40040358129810105
0.6732914775163181
0.05899880070178076
0.3985806858563672
0.6624078169349974
0.03475791485905466
0.37952218866196774
0.6368489635388115
0.9906545723977846
0.35193222776522814
0.6111187970119871
0.9521523367085061
0.33088999917007733
0.5983975808176949
0.9397034219976019
0.3281008564597263
0.6041994843539165
0.9578288518899443
0.3448017508638994
0.626378416138559
0.9987630765747528
0.37213726578962447
0.6538750675084857
0.0404115676374035
0.3949650841355212
0.6714587815596769
0.06008483487914784
0.40177671909295665
0.66978401675274
0.04928280295531762
0.38998239700916226
0.6495117978383083
0.011818390948264756
0.36467895797897354
0.6218627646342081
0.9672861388976566
0.3386967042981439
0.6020490374007537
0.9415604391408539
0.32677999275532343
0.5992066336164013
0.9459580119638504
0.3351169648275545
0.6147305005757535
0.9783830339182504
0.3592760171870748
0.64169603649686
0.0230801375640155
0.3860647768612109
0.6654894146377088
0.05470591845280026
0.40101440077131545
0.673141790026297
0.0580330487549241
0.39751983591640005
0.6605714362196422
0.03137046608966365
0.3772353107115778
0.6343418444387514
0.9866064733489373
0.3495732811799126
0.6093325613056073
0.9498390557476653
0.32981324943868673
0.5981407139065922
0.9400988864440314
0.32885456989338957
0.6055968627462773
0.9607536470225491
0.34699028249634445
0.6288229230375044
0.002823587704201991
0.37456550070129935
0.656030327975478
0.04326341891263752
0.3963104493170013
0.6721507323278018
0.06038453313587766
0.401461373346397
0.6686480331050935
0.04688445339744485
0.38815344365403304
0.647130341964826
0.007748418720225025
0.36217020892131324
0.6196029668178651
0.9639631585134472
0.33690711201553114
0.6010424753951611
0.9406900754822858
0.326695017616367
0.5998755252703896
0.9478145910097278
0.3367579189845449
0.6168307216716644
0.9821973672432525
0.3617764379557258
0.6441626831957261
0.02674264095858181
0.3880290165479183
0.666947368473416
0.056243608649075405
0.40147565349047576
0.6728268217473756
0.05682463123470338
0.39632244524193627
0.658621143159932
0.02782792159467018
0.37488562284402516
0.6318470142421113
0.9826287958076763
0.34727996483576984
0.6076599589756617
0.9477481498803857
0.3288909205636248
0.598034129462578
0.9407384662421181
0.3297640874016645
0.6071240779248972
0.9638575092950494
0.3492570581798953
0.6313011354704607
0.006869822331372344
0.37694435778097257
0.6580938476052272
0.04592172316951437
0.39751984755980696
0.6726827925414061
0.06043862540722067
0.40099730402843137
0.6673637737545239
0.044273806793206916
0.38621984378493046
0.6446995195989991
0.003637343775863222
0.35966554623494695
0.617418621309211
0.9608141476459457
0.33524258655601447
0.6001768633565008
0.940064704995577
0.32677548760230124
0.6006916854513458
0.9498939860569955
0.33852220385239695
0.6190184204075857
0.9860997949093382
0.3642872017169081
0.6465913543867852
0.03027640773247997
0.3898861577670061
0.6682664119602204
0.05754676240931378
0.4017863049913388
0.672347515209057
0.05537612689705318
0.3949922953019376
0.656565843677823
0.024145561237321367
0.3724828432456342
0.6293758940586662
0.9787416165289988
0.34506352130661533
0.6061068285024638
0.9458856456323312
0.3281266204202673
0.5980785033915685
0.9416204863304689
0.3308257822871248
0.6087760057502603
0.9671286966036214
0.35159186829435285
0.6338014782930994
0.01088141662329889
0.37926300202315444
0.6600564801767095
0.048377332781456506
0.39858954178443384
0.6730526911418386
0.060246592977736935
0.40038605627809964
0.6659364576728861
0.04145939502863705
0.38418866319193534
0.6422313115302405
0.9995069075891803
0.3571769769456976
0.6153181911891794
0.9578510218492777
0.33371026663131165
0.599454814749816
0.9396852158727991
0.3270207420564657
0.6016528365666216
0.9521897571894726
0.34040220584474934
0.621284237383384
0.9900716028839927
0.3667965355537164
0.6489708811880646
0.03366639905480984
0.39162920647320787
0.6694411656615689
0.05861189293137059
0.4019458194724572
0.671705525926749
0.05369096002275153
0.3935337107438386
0.6544151599872148
0.02034008514090324
0.37003720123310346
0.6269395243273577
0.9749639273932067
0.3429346874466024
0.6046784684139075
0.9442565922289679
0.32752326150799416
0.5982741049406672
0.9427426899143554
0.33203541928583213
0.6105468762781567
0.9705542968679164
0.35398412061455886
0.6363122246469322
0.014838414046165038
0.38151106206200547
0.6619095940575566
0.050622108105726316
0.39951633023701394
0.6732587180866707
0.05980838255509724
0.3996295362888427
0.6643719811303004
0.038450901990061404
0.38206746808927217
0.6397378050782874
0.9953790985780375
0.3547165938651857
0.6133096266113858
0.9550843969721479
0.33231657652184143
0.5988785271361321
0.9395519360244005
0.3274295119941404
0.6027561773983714
0.9546945100422057
0.3423897160507039
0.6236182104607055
0.9940932949311305
0.36929265876968076
0.6512904054943778
0.03689878789371637
0.3932518748258669
0.6704669096220477
0.05943624420283067
0.4019541316739468
0.6709032263118804
0.051773460240068125
0.3919515702806593
0.6521793771447633
0.016429542243209916
0.36755940509000373
0.6245485029269295
0.9713134651367583
0.34090359652618263
0.6033796250744188
0.942865098746865
0.32708304560278156
0.5986207596196949
0.9441021541967669
0.3333881231174072
0.6124302354007434
0.9741201939456963
0.3564228786701378
0.6388215877224519
0.018721487570993567
0.3836787132518098
0.6636451183563681
0.05264888496930897
0.4002975367249426
0.6732997462583288
0.05912444884859758
0.39873003711109223
0.6626769366748277
0.035259245931298366
0.3798643300284199
0.6372310819297808
0.9912758715849066
0.3522964693567978
0.6114003742297391
0.9525236749065911
0.33106724950427635
0.5984498188508014
0.9396646985169175
0.3279999521156043
0.6039983797358104
0.9573998677193767
0.34447597591629675
0.6260098497801125
0.9981447963998653
0.37176387228959085
0.6535394230596621
0.03996094523095195
0.39474855071720216
0.6713395567395097
0.060017705617599226
0.4018116111856185
0.6699436963575516
0.04962890679356313
0.390251302691897
0.6498693622889089
0.012433200616527529
0.36506059226059917
0.6222129394503844
0.9678065952509076
0.3389797036027473
0.6022144919173384
0.9417143816098241
0.3268074571553452
0.5991178148068157
0.9456952061543522
0.3348783543584153
0.6144189177834147
0.9778110616498297
0.35889690673496455
0.6413178091569618
0.022512136514819314
0.385756749534929
0.6652555877818516
0.05445144714026062
0.40093100859163666
0.6731752657775281
0.058195825842660476
0.397690277874051
0.6608586369145486
0.03189666457310025
0.37758783611081825
0.6347231138459799
0.9872188683222853
0.3499285414636901
0.6095973802096828
0.9501771234754568
0.3299673445785207
0.5981701507000947
0.9400228759265996
0.32872965885669103
0.6053755760790445
0.9602964362487798
0.34665172297180646
0.6284482227804822
0.002205681020298833
0.3741986509274835
0.6557078208585576
0.04284140115792656
0.39611425794047905
0.6720556208827126
0.06035472968601496
0.4015190258849657
0.6688307073342916
0.047263564636105926
0.38843887281513223
0.6474964623218789
0.008371365579056267
0.36255226401769525
0.6199424273420755
0.9644582545856528
0.3371717389873998
0.6011867242022939
0.9408068285965052
0.32669727086510125
0.5997641140864602
0.9475173492983415
0.3364998997393309
0.616505038043466
0.9816103965123688
0.3613947243733926
0.6437892416922921
0.026192848561796378
0.38773663888105636
0.6667341801043967
0.05602449586548097
0.40141511620785675
0.6728854225124064
0.05702421412220682
0.39651344823645673
0.6589251334115538
0.028376786931146203
0.375247098405038
0.6322256666820463
0.9832291471935966
0.347624494463596
0.6079070841994589
0.9480519414690278
0.3290212511849431
0.5980406285532738
0.940625377467065
0.3296156705119033
0.6068833354659151
0.9633737603246595
0.3489072329430476
0.6309220447633788
0.006255410964919328
0.3765857367403944
0.6577859129437313
0.0455297939739534
0.3973446154341638
0.6726121889873622
0.06044626668921582
0.40107751267688374
0.6675687066360205
0.044684722726028525
0.3865207644913311
0.6450723882130192
0.004265156147218008
0.3600462075654771
0.6177460331222939
0.9612819498612304
0.33548769001433243
0.6002994692468391
0.9401440791522242
0.32675257452658
0.6005579827774221
0.9495632070927313
0.33824588033239955
0.6186800042684366
0.9855005955151823
0.3639046716653338
0.6462244236013359
0.02974721949040493
0.38961055787805465
0.6680747401750617
0.057363608239489494
0.4017487473873811
0.6724310517484369
0.055612070047916795
0.3952032489347501
0.6568852201567521
0.024714674013508464
0.37285175557245664
0.6297502132100143
0.9793269322639349
0.345395638266937
0.6063354054315291
0.9461543073261398
0.3282326815782941
0.5980619872130795
0.941470609940944
0.3306544502813127
0.6085166284356689
0.9666202718839514
0.35123235761947846
0.6334197718516303
0.010273580979410113
0.3789142318724861
0.659764478628516
0.04801681912990885
0.3984358030403967
0.6730069054215089
0.06029172853056153
0.4004885628515762
0.6661628111063076
0.04190074399435151
0.3845039672045627