1
0.2952542372881357
0.05583320763091015
-0.3750203958354064
-0.412036091334526
-0.1566148074906616
0.5626783715487208
0.4957190546211465
0.41377823554194015
0.0446075220637252
0.521346561465535
0.07257476105428706
0.37850327908156167
0.2993083010469221
-0.31040849492687983
-0.4027284828794361
-0.17540081829901577
0.5488904828788471
0.44161992150831075
0.13457052031780492
0.41067311320391814
0.3902893278321028
0.015614261137734509
-0.41362309377052786
-0.5551654467802779
-0.8859438781367379
-1.5826164817973443
-2.5556345772955478
-3.7194322333758842
-5.430029597727511
-6.9035436228501625
-8.6943645927499
-11.008538448210501
-13.292842068389021
-15.040163564873708
-16.64839985603717
-18.70397822037078
-21.293472035798423
-23.346574312126886
-24.942077342742547
-26.73586392041399
-29.08449701118782
-31.15108921670874
-32.76479451610272
-34.933137162738795
-37.32867639024075
-39.23386084640517
-40.584864590626424
-42.21901789982596
-43.30665016757473
-43.872156593255895
-44.838525246305835
-46.27796578262468
-47.1689413885019
-47.573572854923654
-48.22663554188397
-48.328647616697836
-47.940257147631826
-47.75609054471473
-48.12855841447944
-48.098430449056785
-47.74534136062133
-47.949055953967004
-48.328045482179206
-48.21563642593279
-47.559118886806544
-47.104791833495426
-46.30962561002251
-44.996053609540034
-43.69629256031911
-42.922157035470896
-42.409738455884316
-41.598069187451586
-41.108329997731694
-40.268041802377134
-38.87428660740733
-37.87618139449458
-37.269029943020435
-36.10881337228961
-34.5967346083429
-33.40276268016394
-31.889241130276194
-30.732834179315873
-30.1302326535707
-29.121007782285186
-27.727897632005917
-26.886466910444565
-26.409548069359616
-25.63281672087464
-25.268836412890185
-24.35171059691708
-22.987473177536526
-21.66703438196519
-20.829650583515154
-20.480994661817352
-20.065978033415874
-19.426595845713845
-18.53931105624003
-17.788220215455528
-17.57818655011119
-17.630930776238657
-18.091964467629218
-18.248737560292426
-17.848485876282787
-17.901985368153248
-18.277259092197973
-18.10364091262304
-17.592378594117644
-17.386589968653244
-16.816615258751323
-16.75559716912217
-17.251276943142653
-17.18993234545051
-16.61075013015342
-16.38865903763942
-15.807892162750917
-15.74772043288127
-16.244533867119202
-16.184633500704365
-15.614015781508355
-15.40918576187118
-14.90347527415604
-14.715268317837783
-15.070892368377756
-15.186517048956068
-14.788828112591265
-14.931686361568786
-15.306367943472988
-15.158580286359863
-14.543147458123162
-14.076887645324458
-13.351867179868153
-12.180062204047527
-10.50413762539088
-8.842693104371719
-7.646457230896296
-6.8934786452049694
-6.486106924158225
-6.030171169087376
-5.469267675645628
-4.801468242381703
-4.6618370069655075
-4.995945847814634
-5.344242686827773
-5.23033602513358
-4.563633336493473
-4.113760804173055
-3.298774092846358
-1.9526985089055586
-0.7697516300456104
-0.1395628856315868
0.9188575156510613
0.2491322310295887
0.022372925486153106
0.7175660221991519
0.9582744590446626
0.34335508108747836
0.26450546571517863
0.630925511162808
0.4056224857528137
0.8690195930973443
0.740824314121852
0.16874583964905865
0.1106572970302433
0.6957270654618871
0.805763746596071
0.43899930015070243
0.863921485578296
0.7091739744749468
0.09324200777088354
0.16931382445908794
0.7584072715830681
0.9037660086852148
0.3657916528018532
0.41181121519894415
0.16472420744216887
0.43865956459567923
0.5031792296873345
0.5788254586814885
0.9192191833664554
0.530361665870553
0.2471266056199859
0.40694002588936407
0.2592883020739205
0.5555426245181344
0.04227410469748305
0.38277989326411127
0.34911438434504855
-0.13702275755598242
-0.20066831812915492
0.26618298424304204
0.1788691253489359
-0.41077370673264996
-0.7042282837023108
-1.5318472224699553
-2.470189067684342
-3.304801683504536
-3.6150691973217497
-4.293897029205471
-4.436736494348686
-4.363938706863719
-3.8708501713155217
-3.7817852753345242
-4.238690684708972
-4.139959542291299
-3.6121102046702047
-3.4449924087486212
-3.089158263954193
-2.437337545610978
-1.5718207697610473
-0.9492316098511715
-0.5013337099996762
-0.05810374051352174
0.5840019269060679
0.5066528477388998
0.45258195516382016
0.23499234759663157
0.4628351338391802
0.5617798241628942
0.8715644546817907
0.5836475890203476
0.5752038671368116
0.8202876144550821
0.5689688711723218
0.5515567728691733
0.7114539212163478
0.41213584582556395
0.8206780069115251
0.7322321561210274
0.1973609480479901
0.13563802076428377
0.65459810135417
0.6334849280021957
0.026689698454330113
0.3269177411238142
0.13390064342079455
0.5255944590595565
0.006483267394986836
0.4646869149717783
0.8003063780147963
0.6653722036537255
0.010569571437452296
0.3188006256647804
0.121231724706786
0.5392099693529362
0.09303906887697977
0.33946403987004414
0.1145601730174528
0.5224337451390437
0.008565678314202074
0.4647322084019778
0.7984691997527869
0.6636160219616132
0.0057487090298282695
0.32776528930350635
0.15792219201793944
0.5216894024967447
0.961134766090959
0.5352605244004947
0.23179100806077546
0.3749209896167458
0.12396709067658485
0.4816894008063502
0.77546589899184
0.6191691366392811
0.8420690260663819
0.5313754139640938
0.3297858445159143
0.6396957321387133
0.3781344886747666
0.7305182066028006
0.6357761703658147
0.9606692716000125
0.4218230834090919
0.6202287341010759
0.20053927563581642
0.25049089076485886
0.7434028547148599
0.7928786350353358
0.37930248829900304
0.5826286898807509
0.062337482124163124
0.3294010400496079
0.10731823879233637
0.5374455386037984
0.09742642522166589
0.337315780619011
0.10191192506566815
0.5336968459212628
0.08254156160624504
0.3552684940540808
0.18842225310243765
-0.49429057947879873
-1.1570247259645865
-1.3550941684150757
-1.1132159294990243
-0.5076659323630943
0.07106367490145371
0.4092529814984259
0.4467598432392983
0.3013820809312358
-0.3722596324015008
-0.645289614879391
-1.359089908883677
-1.6416583629415984
-2.35711170089228
-2.6369838497237748
-3.339258816996779
-3.569822509134456
-4.037001035238543
-4.3758393791626435
-4.322872160533154
-3.770240009992623
-3.770151802688391
-4.322646609182526
-4.375128027810259
-4.034038038191629
-3.5747210163530974
-3.3674255020850605
-2.747948742951693
-2.685468019692006
-3.134863788984532
-3.1667313880293024
-2.71607298108666
-2.809848354762841
-3.421743711430601
-3.7706459829715806
-4.671910188018377
-6.0644998876033895
-7.237468933615076
-7.855121395936016
-8.912663080854683
-10.26077174322537
-11.053113439291808
-11.662989495992537
-12.74871510717229
-14.391464866133536
-15.683107928810436
-17.48331306389253
-19.225220869357667
-20.41682408838851
-21.33038345241045
-21.75645089691799
-22.739103134277745
-24.277492549426047
-25.267129916176863
-25.702948344256235
-26.671643208777226
-28.131222572973712
-29.18181840424316
-29.72571041252448
-30.8201700897837
-32.41840294993332
-33.74339395814243
-35.62494749151797
-37.90025943991471
-40.50225758339188
-43.112157003766434
-45.36120008578516
-47.183724246711414
-48.496809983785795
-49.798731411671184
-51.6317867596143
-53.875163713942555
-56.512023676935925
-59.19092649036533
-61.35071952971314
-63.061340732859264
-64.56254527922289
-66.27706709052406
-67.44258286246695
-68.41146951702305
-69.08623328203709
-69.47373261412507
-69.76971290320657
-70.61846808865334
-71.84461886192554
-73.53223698927367
-75.33191465301255
-76.6467160408355
-78.40532274604088
-79.85176015577078
-81.74520569002556
-84.19544080645052
-86.12104493293653
-87.66266957059429
-89.6795606789124
-92.19982212263437
-94.1904975720952
-95.6626096309772
-97.60987870318603
-99.91189268534937
-102.5067707198068
-105.12533912629219
-107.34918074452234
-109.12068624077429
-110.50912272421266
-111.92947126089014
-113.58867002294411
-115.54240632131831
-117.64281479049036
-120.1786440301515
-122.21248529863179
-123.70468740359667
-125.73150744044827
-128.3116137977836
-130.3759011866789
-132.04853681296692
-133.55391461497024
-135.24440514468387
-136.37819752606322
-137.12609395077686
-137.47740392302597
-137.74989304849893
-138.5794243490193
-139.675545509302
-141.26885887288012
-142.30903601597208
-142.83005580229283
-143.83912135753002
-145.3201539080451
-146.29738910904857
-146.7420931767819
-147.74315226700924
-149.30073813920276
-150.32934933764398
-150.86872762272415
-151.81720776795257
-153.27379813720714
-154.17956196951002
-154.58195353186682
-155.25867352918965
-155.37917821922974
-155.11626962342052
-154.48166084609872
-153.7830069770814
-153.62945903890525
-153.88067902231487
-154.5114847845374
-155.1824524162117
-155.3457984273247
-155.05000210276845
-154.58206324120695
-154.38878694013408
-153.8371774830303
-153.76111349054702
-154.2407342908416
-154.1642565307794
-153.60963887632803
-153.40911855753552
-152.9075198461443
-152.7116920096795
-153.05684819809161
-153.2072396262208
-152.8205729592908
-152.93707613154507
-153.268120017699
-153.0457279373578
-152.66548102569308
-152.76555865894468
-153.4200189928855
-153.80618040625967
-154.71503833657326
-156.16755243962163
-157.13611113573967
-157.68426461428606
-158.74261858839938
-160.35741587424081
-161.53729637454083
-162.8465227137472
-164.61345125617987
-166.7446750498666
-169.4326293929165
-171.89176565848794
-174.70119067602255
-178.04166735303028
-181.23796855324184
-183.87881836695345
-186.90399414528605
-190.2451795994283
-193.0295782292597
-195.71104795537858
-198.93295992714545
-202.38263472206557
-205.45776196845102
-208.38678535532262
-210.95214039026547
-213.68249089903256
-216.92051847703726
-220.4253116018138
-223.67818503550563
-227.4323479880192
-230.95679523526536
-234.63060873567773
-238.7119441026556
-243.33447314347669
-247.47659642270102
-251.53710206707626
-255.7262919659775
-260.46635529338505
-265.0895372448983
-269.4156097751266
-273.45996378737357
-277.36566425397945
-280.8550622359008
-284.78447644339394
-289.257914363396
-293.17499857207633
-296.5957567254189
-300.3318061045758
-303.58279230117694
-307.1106581254887
-310.2816800343243
-312.9066586823004
-315.83992310795315
-319.24365805184664
-322.09079288177054
-324.6371101517897
-327.60611828904086
-330.91962580422853
-334.5026374375784
-338.09487967996193
-341.37436609401516
-344.2583984109209
-346.58616380126387
-349.20098524510627
-351.28497253558186
-352.82531194655076
-354.86148305605667
-357.3235353745658
-359.2869531764693
-360.70827621158605
-362.6676090120618
-365.1109952347883
-367.19663234579593
-368.75625138737996
-370.8724830796992
-373.3887827076328
-375.5467378377696
-377.865934356177
-380.60080462963913
-383.66537031505703
-387.21006419109216
-390.2151604455363
-392.6765075573773
-395.63655615016893
-399.01803016067964
-402.33653350405405
-405.1783215023073
-407.51861188435805
-409.923895490122
-412.58550933025197
-415.5322137240331
-418.5908978893392
-421.95070887701206
-425.480294065247
-428.94108457186957
-432.6034018593263
-436.60269743809
-440.93700483187126
-445.48608321594617
-449.98651490374317
-454.5340879759897
-459.20005887493596
-463.33618742333823
-466.9949751442092
-470.6713469387148
-474.83811223871373
-479.4787110377406
-484.04502046809046
-488.4558512582857
-492.7141355130218
-497.5153786330277
-502.37036324906137
-506.82015287435615
-511.77374139274866
-517.2781859996612
-522.2343009386684
-526.6360813552876
-531.4581986000607
-536.1356872419518
-540.3937455037782
-544.3069298894368
-547.6983304054137
-551.6176747484537
-555.9123676772969
-560.4985091909458
-565.0794329492077
-569.393740418411
-573.3631600342466
-576.9105053024497
-580.7548340161509
-585.155948109011
-589.0944863146129
-592.7214089376432
-596.8964096882653
-601.4089137000271
-605.6197363215751
-610.2112073684665
-614.2621012467071
-617.7575622423227
-621.809436847552
-626.3799586278058
-630.5690531694262
-634.9923220951734
-639.4424532657395
-643.6955309940374
-648.4733457298939
-653.1583060000148
-657.3761433979982
-661.2029323137259
-664.4968611422604
-667.7798046808748
-671.6100514546652
-675.7955090984981
-680.5153910917893
-685.2890579832001
-689.5223725924552
-693.8337336453433
-698.6268054104781
-703.8182082885346
-709.5162761725396
-715.2712114159713
-720.4740442147588
-725.5864339276249
-730.9866895210862
-736.4334775025144
-741.6541570291993
-747.3338905977942
-752.5321895508414
-757.8423853951028
-763.6183813967217
-769.7715497562889
-776.4766619564999
-783.1003834216734
-789.3955989074414
-795.3510579552569
-800.8580467323776
-806.7985692550901
-813.2703964962266
-819.1897495257981
-824.59150108364
-830.2961534149184
-835.4670218532144
-840.5232909593327
-845.6607877709172
-851.2700825660181
-856.3267637985167
-860.8899497449714
-865.8083433271488
-871.246768161958
-876.1282655383221
-880.6078762065458
-885.4368001192529
-890.0502921214901
-894.4906764925228
-898.898447248603
-903.6380203097034
-908.8023520932247
-914.4938608977349
-920.1638881722508
-925.3564382932352
-930.1119419694303
-934.5071629853948
-938.9274459874275
-943.5929634694713
-948.5656643857936
-953.7617256440867
-959.5133180973727
-965.3114695099817
-970.5936115091253
-976.1848264836844
-981.2650548044768
-985.7907310822238
-990.8553071178924
-996.3593732790567
-1001.4328360976037
-1006.2781406429486
-1010.5750875753662
-1015.1251994877902
-1019.2809296143434
-1022.8901031943186
-1026.8540705314624
-1031.2601739899283
-1035.110372912721
-1038.6044950155972
-1042.4386340017502
-1046.0632743918197
-1049.4722423988396
-1052.784550571528
-1056.6408266340213
-1060.9281495757712
-1065.4584935301198
-1069.8452059847764
-1074.6922316875734
-1080.0600065993387
-1085.2226990877791
-1089.8365246385392
-1094.9270815854852
-1100.264017528634
-1105.0460703072752
-1109.669119446978
-1114.7788162786549
-1120.4364498448165
-1125.8775214573682
-1131.7061919999308
-1138.0709356837688
-1144.1955431953336
-1149.7953993693698
-1155.9297880920783
-1162.3020247706443
-1168.1467154616112
-1173.5476020603924
-1179.1126229449096
-1184.3155466941444
-1189.0080052241067
-1193.6724572822027
-1198.8291342012803
-1204.4754036356135
-1210.0359280660184
-1215.4717695640825
-1220.8093218406964
-1226.6656680106842
-1233.0026698308286
-1239.3303276813228
-1245.1703991926454
-1250.5216592570252
-1255.9484929422476
-1261.55247091273
-1267.3367882674684
-1272.6448521594862
-1278.3927484840244
-1283.793037360625
-1289.7301261768578
-1296.2199200248458
-1302.1625908421736
-1307.6301389707849
-1313.5040862681685
-1319.392333932901
-1324.9318415661082
-1330.7026784826116
-1337.0061158881565
-1343.2881529528788
-1349.0290768976754
-1354.668796892496
-1360.794614243801
-1367.455730906533
-1373.9638959490826
-1380.5973441670485
-1387.5506482487342
-1394.678244258282
-1402.3072201403709
-1409.4147687013235
-1416.2380631508022
-1422.5058813066028
-1428.7942793509576
-1435.6182998047595
-1442.8192824167186
-1450.5253562075243
-1458.3198017704492
-1465.609925374116
-1473.2549198137947
-1480.3431380745824
-1486.967006129412
-1493.70552737196
-1500.9794848433282
-1508.3250466894121
-1515.1743544204942
-1521.528363712023
-1527.981121337948
-1534.499799440532
-1541.0177755851626
-1547.4736664456598
-1553.8378098284356
-1560.676342353333
-1568.0133184785711
-1575.3037343149606
-1582.0685557775314
-1588.6007835664732
-1595.4626473427093
-1602.194973682666
-1608.403220842827
-1614.2932331833551
-1619.6466290747387
-1625.4436462637932
-1631.0475210165619
-1636.487532565267
-1641.8839527067582
-1647.651493087791
-1653.8727419332336
-1660.493427766395
-1667.0911173189384
-1673.3870342205587
-1679.3199430029665
-1684.748739935998
-1690.734561711595
-1697.2748071488702
-1703.2647632143673
-1708.70007177404
-1714.6652366177805
-1721.1102922194864
-1727.1994882378435
-1732.7594617852099
-1738.8754935403313
-1745.3841903418668
-1751.5223875689983
-1757.7386831402746
-1764.51061338796
-1771.319662967569
-1777.624184479524
-1784.3205709074577
-1790.5137844151782
-1796.7551830813857
-1803.553328685755
-1810.534651561888
-1817.636298997776
-1825.1587827282358
-1832.2132366863802
-1838.7254433553796
-1845.7880748212976
-1853.391884270396
-1860.6457278528926
-1868.3412779649052
-1875.5689135306136
-1883.0302799388203
-1890.3863047592085
-1897.377388737259
-1903.980540292223
-1910.651631249792
-1917.7767110517648
-1925.4510064263052
-1932.9565197716329
-1940.6123279619894
-1948.629448110633
-1957.0513099020786
-1965.2966817671277
-1973.008801454847
-1980.6901317496574
-1988.8895564509326
-1997.4452480591247
-2005.8130654249148
-2014.6947621994045
-2024.1002868450287
-2033.1775785547854
-2041.7545100208326
-2050.8882601495206
-2060.3817531169125
-2069.498420317603
-2078.6095587206833
-2088.074577845873
-2097.288022443902
-2105.960245649119
-2114.770166715996
-2124.13266420289
-2133.082769315126
-2141.7560646116435
-2150.9859978460313
-2160.2648754228135
-2168.989142008994
-2177.751382090726
-2187.070643469943
-2196.1506919154217
-2204.7786644942894
-2213.954669219995
-2223.287195217693
-2232.0778220059583
-2240.60679660574
-2249.482133092247
-2258.295066667255
-2266.573141183556
-2275.0982937348786
-2283.300875151428
-2290.97463239069
-2298.736800802712
-2307.0540969774065
-2315.18567855098
-2322.8050934276307
-2330.948507836137
-2339.2690171066256
-2347.0364559005407
-2354.67741190279
-2362.8184715244665
-2371.46581258732
-2379.994415770366
-2388.5425597471753
-2397.237893868034
-2405.377796405344
-2413.130791746762
-2420.475828801282
-2427.7365915008345
-2435.5524207995486
-2443.5484235234853
-2451.711305812398
-2460.4148483194326
-2468.8343764014307
-2477.7344815505203
-2487.188983118484
-2496.1268806027488
-2504.666263050076
-2513.6873504013543
-2523.222877134556
-2532.2094309015683
-2540.656941675785
-2549.5689567784393
-2558.714840113037
-2568.4042280179056
-2577.778280676864
-2587.7006045280386
-2598.15335709902
-2608.1486473584287
-2617.696079891725
-2627.7688910399497
-2638.3948250879666
-2648.678860460237
-2659.4652116973043
-2670.130771124874
-2680.388421414907
-2690.286759991784
-2699.642848617857
-2709.4344318477756
-2719.0029633312524
-2728.561123754598
-2738.327996925915
-2747.6033914981117
-2757.2157354847827
-2766.283896816018
-2774.8076020125127
-2783.8522627912002
-2793.3428797443985
-2802.3686476757503
-2810.985123889238
-2819.653590710319
-2828.7799858877233
-2838.45356586851
-2847.9669222202883
-2857.5952191376978
-2867.537254332031
-2877.608492233875
-2888.0307202507115
-2898.346093800408
-2908.202911171988
-2917.526890026717
-2926.9445368485212
-2936.552399415795
-2946.3403645866147
-2955.65868836408
-2965.4448627340334
-2975.041893795575
-2984.4939839839326
-2993.925023129917
-3003.6088820545824
-3013.644789499138
-3024.1203947638232
-3034.213672311079
-3043.764355536005
-3053.8698166141326
-3064.381783160973
-3074.5170013901866
-3084.7116113799916
-3095.4471380538203
-3106.001030979432
-3116.5513155022695
-3127.2781085422557
-3137.4565242184594
-3147.484660036382
-3157.4591890714564
-3167.292440048635
-3176.588336411858
-3186.1777786012362
-3195.2665532236747
-3203.801295718958
-3212.864397985924
-3222.346734273138
-3231.3717908005983
-3239.9950971868047
-3248.6355607053065
-3257.695163027915
-3267.2790687469414
-3276.3151975380474
-3284.8403731559406
-3293.8351740376793
-3303.309134278596
-3312.264061927667
-3320.664120102649
-3329.54207301261
-3338.5655723577033
-3347.8121369367973
-3357.573826440844
-3367.584741244556
-3377.878433749398
-3388.5574255364627
-3399.4330739445963
-3410.081323766609
-3420.4571656535204
-3430.6848906774085
-3441.423691768656
-3451.905529787412
-3462.698936673295
-3474.0209604029315
-3485.269834606607
-3495.965986700298