1
0.16000000000000014
0.11843155559874322
0.915162455639529
0.8332082301460322
0.9580961039448188
0.14511612355807202
0.1433938199268441
0.9545221417353154
0.8329427091152486
0.918403957431995
0.12096753963352613
0.15905260557915593
0.9963342527882193
0.8391140346588257
0.8841712201159166
0.08803535469642876
0.16647815487618806
0.038314148109537594
0.8532324205996519
0.8583996831451131
0.04903422854066064
0.16727550533157193
0.07831333123403728
0.8765644147699456
0.8419573668201061
0.007330344815145384
0.1617116926980272
0.11316052382887157
0.9088129922208451
0.8338844492812885
0.9652896664592748
0.1483486248434298
0.13973535397835557
0.9474288879260886
0.8325529186790901
0.925008108314851
0.1258347091932781
0.15696898369814263
0.9890073685524713
0.8375215936427371
0.8895717381419872
0.09429007149476809
0.16570296698463638
0.031094087164112993
0.850140221529311
0.8622012312804574
0.05608652541841974
0.16757255797436044
0.0716341889937588
0.8718359112854399
0.8441693859688115
0.01465142260694452
0.16318735342919619
0.10763362720933611
0.9026578344314894
0.8347606681398774
0.972533036674439
0.15130163647715755
0.1357905035914731
0.94042160181061
0.8323476625448277
0.9317573425104868
0.13042305643026575
0.1546265419772177
0.9816945000500982
0.836160207784734
0.8952215952441087
0.10034097993997815
0.1647235065803842
0.023830440617372828
0.8473251300978205
0.8662893858949922
0.06304457664122465
0.16768667899920414
0.06481968757271067
0.8673889058876384
0.846644150013803
0.021953601491407015
0.1644369794565706
0.10186452096663282
0.8967157071232472
0.8358456997214916
0.979814072585089
0.15398022243438625
0.13155927703510895
0.9335171708068427
0.8323243049472235
0.9386323860328267
0.13472782536452743
0.1520176879946134
0.9744055871866331
0.8350198433458573
0.9011059687675976
0.10616998826373591
0.16353048488313707
0.0165347682495057
0.8447814915243148
0.8706632012199825
0.06989085387750293
0.16761934959419444
0.05788870556703381
0.8632269923347986
0.8493887243587224
0.029226559285631115
0.16547053569429976
0.09586910495226547
0.8910039285270844
0.8371491902528965
0.9871217489120576
0.15639061111261254
0.12704362353132498
0.926733712390273
0.8324825413283548
0.945614842966407
0.1387465240696255
0.1491359042061639
0.9671514007634731
0.8340907159486037
0.9072079910983574
0.11176068324986499
0.16211401571691253
0.009217615597556378
0.8425025203589851
0.8753196590450376
0.07660671713431277
0.16736969314703337
0.0508590822705908
0.8593516251385839
0.8524090613704003
0.03645901799168372
0.16629750987282563
0.08966508946965801
0.8855378888498329
0.8386811516109645
0.9944459375670535
0.15854012632065073
0.12224769305765468
0.9200903085119261
0.832824416408132
0.9526874901548295
0.14247866942829246
0.14597581994931919
0.9599437772675273
0.8333637527263886
0.9135092456474141
0.11709879820851854
0.16046407034001992
0.0018887634935977615
0.8404803779079706
0.8802534201183886
0.08317273583395601
0.16693452723648483
0.043747380335566244
0.8557623813813822
0.855709931562116
0.04363853819651764
0.16692644217733987
0.08327145423112366
0.8803306512975997
0.840451527838813
0.0017771270089004254
0.16043709105832502
0.11717806364073233
0.9136066334641622
0.8333542031725939
0.9598344545072957
0.14592552780553358
0.14253328763912979
0.9527957966695382
0.8328310609650771
0.9199903351386755
0.12217253105297221
0.15857088217495005
0.9945575390570438
0.8387062963897056
0.8854566291014163
0.0895691073479068
0.16630855120043636
0.03656876902356376
0.8524572091645324
0.8592948305989129
0.05075136908383149
0.16736446873304828
0.07670786989855581
0.8753927219374928
0.8424698252400628
0.009106084455411168
0.16209066814408687
0.11184389240760878
0.9073024934355309
0.8340781526685979
0.9670412712410071
0.14908988496445952
0.1388054998984889
0.9457219024201067
0.8324863620276548
0.9266314553236379
0.12697268480222323
0.15642527726853073
0.9872331736476612
0.8371707786135145
0.8909188197070146
0.09577615491085845
0.16548465358562814
0.02933701996931612
0.8494326332077295
0.8631658334560011
0.05778236290149352
0.16761692035469478
0.06999414109580618
0.8707319954701889
0.8447448244151432
0.016423487010893467
0.1635106173987837
0.10625694237764555
0.9011972961406458
0.8350041361449
0.9742948403631025
0.15197586910003325
0.13479116561327362
0.9387379463139918
0.832325350626483
0.9334129262479695
0.1314926430363752
0.15401891844302112
0.9799251719059272
0.835863884619188
0.8966269663994479
0.10177488394359502
0.164454312252218
0.022064591572816455
0.8466839016043209
0.8673233896417321
0.0647149776449425
0.16768701345366221
0.0631497074271365
0.8663538481897795
0.8472843792995082
0.023719563233158603
0.16470696644296443
0.10043144466073026
0.8953094774537116
0.8361412119766732
0.9815833076473507
0.15458883288680947
0.1304907393528169
0.9318611319699885
0.83234594685898
0.9403156539042201
0.13572822037571464
0.15134446583232475
0.9726436502683014
0.8347756004420681
0.9025657118008654
0.107547560574351
0.16320805035419295
0.014762778118336067
0.844205079455325
0.8717660752036732
0.07153139198074454
0.16757566049706998
0.05619322360176973
0.8622613318664261
0.8500952920317351
0.03098378125707879
0.16568960694497722
0.09438378298129457
0.8896559325669062
0.83749915723827
0.9888958876729312
0.15693527690201625
0.12590668048559328
0.9251098393733508
0.8325484192898734
0.9473215038474615
0.1396774360032036
0.1483956738262866
0.9653996185587838
0.8338962708241329
0.9087177633575879
0.11307825377504699
0.16173590679853775
0.007441914511660097
0.8419891177581531
0.8764903308565496
0.07821274078814744
0.16728141589189177
0.04914223673413988
0.8584554218504155
0.8531832351051784
0.038204598319074856
0.1664678403196838
0.08813202759021974
0.8842515183762205
0.8390880051643236
0.9962226299491641
0.1590227778782658
0.121043708763821
0.9185033318785647
0.8329353690160911
0.9544135685255213
0.14334025406149076
0.14516746017867072
0.9582052004128143
0.8332170665398125
0.9150644133698888
0.11835327164031817
0.1600278817316138
0.00011164084651796302
0.8400279387053783
0.8814902223994346
0.08473946156931156
0.16680056165285326
0.042012977889921754
0.8549352787747165
0.8565526802465518
0.04536926874665803
0.16704990692179522
0.08169537879611959
0.8791086925168123
0.8409176247598162
0.003554123307471624
0.16085987997824858
0.11590901740405574
0.912061361007064
0.8335115759934427
0.9615763151391373
0.14671832859968004
0.1416559892794688
0.951073797718326
0.8327304484721572
0.9215861142360909
0.12336143738503247
0.15807432505826913
0.992781227022807
0.8383125761346784
0.8867572654899003
0.09109173384920477
0.16612732591584284
0.03482027411695435
0.8516984889644011
0.860206794478559
0.052463708090166206
0.16744253918889163
0.07509358911490127
0.874237326793363
0.8429973695331744
0.01088114732885459
0.16245591637809523
0.11051239842558266
0.9058036872673834
0.8342837203165588
0.9687956170109717
0.14981478470127407
0.13785880281951543
0.9440201945904354
0.8324305869177147
0.9282630453633136
0.12809418732003452
0.15586624657905845
0.9854599372727361
0.8368333959025417
0.8922803623569273
0.0972499935184652
0.1652542157641966
0.02757756820814941
0.8487412565273468
0.8641472796279249
0.059472426459646455
0.1676505796406787
0.06834641779673732
0.8696446922850899
0.8453358107221871
0.018194302009157504
0.1638207451670488
0.10486623255187075
0.8997495362620116
0.8352600027858992
0.9760586894040262
0.1526340561443873
0.13377501012793383
0.9370605800382261
0.8323136974794854
0.9350756294857479
0.13254551172519213
0.1533955389983684
0.9781573953464142
0.8355804034267289
0.8980458945165887
0.10319549870795997
0.1641724345324323
0.020297020576517832
0.8460585357782837
0.8683741549544941
0.06637855660514047
0.16767669867435553
0.06147314936697605
0.8653355812497572
0.8479405564130217
0.025483657959094463
0.16496440049060512
0.0989853081124219
0.8939170211460991
0.8364496994372455
0.9833539554772682
0.15518177998165772
0.1294055274532413
0.930212463562359
0.832378263394799
0.9420049746129144
0.13671178231305658
0.1506551205306365
0.970883910765369
0.8345436300757163
0.9040379933957294
0.10891090563172634
0.16287234513419638
0.012989672007132136
0.8436441155475193
0.872885502770224
0.07316399808247143
0.1675212368368234
0.05449219560262995
0.8613125182316919
0.8508181411009333
0.03273845894240779
0.16589667392155832
0.09288646502691628
0.8883225845178205
0.8378626908480917
0.9906708559639992
0.15746472495699715
0.12475333950447193
0.9234944703646876
0.8326251254089989
0.9490332235457803
0.14059151395133274
0.14763902135629664
0.9636507452887247
0.8337135773444624
0.9102389723861297
0.11438079134740597
0.16134393788148352
0.005665662305219865
0.8414906881051085
0.8776772084462163
0.0798096810836908
0.16718218461909
0.0474207991565402
0.8575760149568749
0.85397395341955
0.03994688617030384
0.16662665270843557
0.08658810046598805
0.882980528572681
0.8395090067869583
0.9979996005698849
0.15949071449445684
0.11982374853721348
0.9169260218989665
0.833057431909381
0.9561437930114391
0.14418510290869868
0.14434245237642526
0.9564703193775294
0.8330816871090905
0.9166298667776642
0.11959205503199888
0.15957726473439135
0.9983345099914998
0.8395899446657034
0.8827427323131172
0.08629593708549188
0.1666553013951446
0.04027485440240619
0.8541248298632532
0.857412160317011
0.04709587966597795
0.16716225092935338
0.0801096011332619
0.8779026944324726
0.8413984205111602
0.005330857868059313
0.16126850351065705
0.11462457055096173
0.910526918682585
0.8336804533336142
0.9633214922392926
0.14749457795926335
0.14076189757493854
0.9493563630499846
0.8326407986662057
0.9231910121416761
0.12453415085036101
0.1575628103432279
0.9910054493569684
0.8379327336018211
0.8880729570907789
0.09260295808272945
0.16593436379189386
0.03306884746587491
0.8509561988428743
0.8611355907434751
0.05417101730006357
0.1675097747275458
0.07347076921353404
0.8730983189386725
0.8435401170520249
0.012655397834743898
0.16280758001676843
0.10916623204145484
0.9043168434546036
0.8345012763695214
0.9705525287561001
0.1505233939646735
0.1368952589478859
0.9423240025486432
0.8323855511206322
0.9299026019750457
0.12919914471726113
0.15529178133508226
0.9836877991574476
0.8365093019258398
0.8936561588588601
0.09871132605612476
0.16501152212715797
0.025815898389886766
0.8480660131177555
0.8651455605085069
0.06115646858657664
0.1676735616333959
0.0666912902157425
0.8685740569400662
0.8459424477283783
0.019963722651143545
0.1641178798042356
0.1034617208212189
0.8983148055258443
0.8355284050050571
0.9778244251401782
0.15327628420382244
0.13274206045426043
0.9353897592039631
0.8323126941150918
0.9367451877446427
0.13358162325041767
0.15275630856135483
0.9763913215178247
0.8353096232324317
0.8994781421611211
0.10460258597948058
0.16387773262659575
0.018527879181009344
0.8454489380183472
0.869441643529981
0.06803504948505235
0.16765572670342627
0.0597902701167672
0.8643341292719023
0.8486127684418381
0.027245727467301917
0.16520941882460494
0.09752636134621825
0.8925385622092974
0.836771305091949
0.9851258707735826
0.15575916609271
0.1283036955486799
0.9285714363341158
0.8324212793402729
0.9437001001001436
0.13767850106159574
0.14994957321193106
0.9691265346892722
0.8343238004668804
0.9055225528741722
0.11025981519925265
0.16252322562696114
0.011215589933560421
0.8430984899501444
0.874021412937378
0.07478839600871012
0.16745603736982417
0.05278586026870913
0.8603805484071112
0.851557342000047
0.034490417863433986
0.1660918612580576
0.09137742037088134
0.8870040756073534
0.8382399337981649
0.9924465179663557
0.15797907221387275
0.12358368909979453
0.9218878855037798
0.8327127167741424
0.9507497731927298
0.1414887731575991
0.1468658850966513
0.9619049644631924
0.8335425196897142
0.9117713423949945
0.11566812266259618
0.1609379684959414
0.0038889917920510164
0.8410071078942503
0.8788801851559385
0.08139725552663912
0.16707192723984443
0.0456949883237171
0.8567133778512438
0.8547812689017169
0.041685688535691545
0.16677405244762297
0.08503358830822644
0.8817250742399061
0.8399442934774208
0.9997767183393745
0.1599440655824016
0.11858793761112604
0.9153586616733472
0.833190691119357
0.9578779549584202
0.14501325316917546
0.143500753550018
0.9547393370273594
0.8329575209256374
0.9182053232644435
0.12081501234295455
0.15911208689316014
0.9965575016295233
0.839166261287258
0.8840108058556062
0.08784188054906683
0.16649864773747214
0.03853320852565631
0.8533309875206665
0.8582884045706138
0.048818158011932455
0.1672635544635407
0.07851440430778361
0.8767127743660594
0.8418940420927159
0.007107199030857769
0.16166310026545846
0.11332488577486532
0.9090035850793146
0.8338609452035519
0.9650697968751495
0.14825433238706998
0.1398509906356625
0.9476437157414586
0.8325620456993268
0.9248047471534002
0.1256905725467483
0.15703621723672184
0.9892303399951003
0.8375666272112315
0.8894035229124662
0.09410250676124221
0.1657295450726842
0.03131466868899213
0.8502302733578558
0.8620812295663758
0.05587306363485878
0.16756622581140998
0.07183968884128258
0.8719757793704875
0.8440981817848375
0.014428698514241
0.16314580232337073
0.10780559182312893
0.9028422278868379
0.8347309486968646
0.9723118356612962
0.15121578679885284
0.13591487071435088
0.9406335690315082
0.8323512203077921
0.9315498511151464
0.13028749321939248
0.15470177481360245
0.9819169014332795
0.836198353156709
0.895045994122047
0.10015989611618314
0.1647564383783629
0.024052173130106214
0.8474068205948697
0.8661606601277103
0.062834237452835
0.16768588401644702
0.0650290264044619
0.8675201367945001
0.8465648345447386
0.021731601097250364
0.16440216356755816
0.102043637434206
0.8968933488476167
0.8358094818223207
0.9795918924582526
0.15390264378105512
0.13169234705708255
0.9337257439460962
0.832322339758691
0.9384213401777011
0.13460094577549175
0.15210113589820118
0.9746271048862233
0.835051404669237
0.900923465563313
0.10599591420271182
0.16357006447317218
0.016757315794919486
0.844855009923093
0.8705258094650021
0.06968418884373051
0.16762408139492435
0.05810132230073163
0.8633495095107965
0.8493010985206294
0.029005609857993164
0.16544215624331482
0.0960548598016363
0.8911743171800097
0.837106172416647
0.986898910924499
0.15632109726043675
0.12718530587888427
0.9269383238366395
0.8324750275208606
0.9454007867715526
0.1386283729929778
0.14922774906008426
0.9673716920795536
0.8341159830884974
0.907019125126943
0.1115940891508358
0.16216054848435482
0.009440669737310586
0.8425680893215443
0.8751737263120436
0.07640430747120108
0.16738001308009268
0.051074451578625196
0.8594654133336964
0.8523129609697107
0.03623947922841908
0.16627528952047566
0.08985692171183271
0.8857005884679083
0.8386310278777209
0.9942227394729919
0.15847843886665247
0.12239782651374725
0.9202903662817034
0.8328112578646131
0.9524709287890137
0.142369234476329
0.14607620771137106
0.9601624641453409
0.8333829868935385
0.913314595193631
0.11694008333431127
0.16051785971109747
0.0021120347860287547
0.840538250663968
0.88009914536303
0.08297518110251101
0.16695056476192338
0.043965018104427406
0.8558674787017527
0.8556052295557265
0.04342080766434786
0.1669101393548183
0.08346877273745246
0.8804853010970737
0.8403940001558382
0.001553852524807997
0.16038296313429415
0.11733641031007946
0.9138015339287369
0.8333352389979298
0.9596158505870269
0.14582474693065617
0.1426423255673349
0.953012461094855
0.8328444807438526
0.919790499766245
0.12202201662920831
0.15863221829343438
0.9947807467590133
0.838756751944469
0.8852942899342058
0.08937701144696164
0.1663304962986206
0.036788234156899746
0.8525537000136099
0.8591814406123168
0.050535885925076185
0.1673538909339019
0.07691007094393904
0.8755390406581292
0.8424046135795794
0.00888301419379256
0.16204381044393767
0.11201013470869686
0.9074916364762466
0.8340531665368672
0.96682104468676
0.14899765276737353
0.1389232521454896
0.9459360837475004
0.832494131074253
0.9264270388475722
0.12683061232758375
0.15649442817875997
0.9874560344305197
0.8372141143976299
0.8907487733319804
0.09559010992123951
0.16551274586101733
0.029557913067597835
0.8495206428604174
0.8630437151245652
0.057569609277383416
0.1676119351607528
0.07020062459736832
0.8708697806429082
0.8446716742476506
0.01620090978003308
0.16347072687371378
0.10643068449989734
0.9013801021144082
0.8349728684960323
0.9740733709674577
0.15189204132029088
0.13491764699434333
0.9389491412681521
0.8323275681708956
0.9332045214817153
0.13135917711649392
0.1540961239442714
0.9801473888768515
0.8359004064863576
0.896449645519227
0.10159545261821767
0.16448882771946036
0.022286551314445513
0.8467635926123289
0.8671925556081567
0.06450547709096344
0.16768755629383422
0.06335989106173842
0.8664829715674819
0.8472030664931147
0.02349778640314426
0.16467373751988168
0.1006122194132067
0.8954854048880561
0.8361033739395631
0.9813609396013859
0.15451322923684918
0.13062590776949234
0.9320687980786562
0.832342641852529
0.9401038298096972
0.1356034546519862
0.15142993367476634
0.97286490342702
0.8348056103729316
0.9023816150542225
0.10737525891104416
0.16324928712638442
0.014985475896199113
0.8442766493514822
0.8716265990448642
0.07132570411731587
0.16758173847152297
0.05640655425291584
0.8623817324963468
0.8500056257802916
0.030763139367726566
0.16566274471765424
0.09457106386212058
0.8898244947950071
0.8374544450115555
0.9886729357668685
0.1568676831131004
0.1260504289035828
0.9253134020994516
0.832539548686831
0.9471067956349243
0.13956140074437018
0.1484895773803073
0.9656195571477498
0.8339200530640458
0.9085274411034312
0.11291353572577911
0.16178417094293432
0.007665047348050291
0.8420527969342546
0.876342354926159
0.07801145242816343
0.16729310735041572
0.049358198705195394
0.8585670981269803
0.8530850599805156
0.037985459809935396
0.16644707482114696
0.0883252446715646
0.8844122969599189
0.8390361136438029
0.9959993875971105
0.15896294822987023
0.12119585784441822
0.9187021951462101
0.8329208203269653
0.9541964712399416
0.14323292418005784
0.1452699363282134
0.958423437049679
0.8332348732077135
0.9148684506751236
0.11819651799297337
0.16008347440606263
0.00033492240997140543
0.8400839871697168
0.8813339644040511
0.08454317470247585
0.16681801156104697
0.04223109746030897
0.8550382806213352
0.8564458786746271
0.04515204099474279
0.1670350073216692
0.08189393631614313
0.8792613457569222
0.8408582594300467
0.0033308724332987705
0.16080754151051288
0.11606931006597485
0.9122549205658733
0.8334911739044656
0.9613572809434957
0.1466196310258694
0.14176713531080348
0.9512899042139399
0.8327424858786148
0.9213851132042867
0.12321295000243748
0.15813753175731118
0.9930043769908752
0.8383612781365183
0.8865930224205273
0.09090105106172275
0.16615073738964634
0.03504012051933636
0.8517929111178364
0.860091290675667
0.05224884063615853
0.16743332664273375
0.07529688281094783
0.8743815927652052
0.842930255963451
0.010658169509448534
0.16241077555382402
0.11068049779575595
0.905991346352927
0.8342572368163973
0.968575055778857
0.1497246042754703
0.13797867156211602
0.9442336998461524
0.8324370038478267
0.9280576084607023
0.1279541886598614
0.15593732896644422
0.9856826699972506
0.8368750519286836
0.8921085103027789
0.09706550141681225
0.1652838385098794
0.027798751676437028
0.8488272335641539
0.8640230453847473
0.05926041177776975
0.16764693760430194
0.0685538506870157
0.8697803870435441
0.8452607013903368
0.01797188965881613
0.16378249720859006
0.10504172467800243
0.8999307228639516
0.8352271698926093
0.975836971819109
0.15255223966247233
0.13390360333149695
0.9372709708216338