1
0.06779661016949157
-0.09458344634897065
0.05493381213778831
0.015977698569647952
-0.07880647409719366
0.09109838528406491
-0.04071370303170607
-0.03157692280351418
0.0873554329684276
-0.08433447111093359
0.02552578254034968
0.046428318180019176
-0.09287328832606669
0.07474518667037548
-0.009733285889468549
-0.06016648899774391
0.09500293485734632
-0.06294035505892298
-0.006289680499576955
0.07236914615461582
-0.09362538554099717
0.049493462831674606
0.022163751791004577
-0.08248860349026328
0.08881582936024855
-0.03485029991393308
-0.03751280165102436
0.08990720658096688
-0.08087670692570517
0.019381394028691185
0.05197215242070535
-0.09412394290907711
0.0703434549936765
-0.0034533560105904915
-0.0651643693752133
0.09488065159147771
-0.057832969866352224
-0.01255642140890223
0.0766220256845899
-0.09213654294328122
0.043869795331877154
0.028268821992986803
-0.08575361321412157
0.08604869868773594
-0.02885971900449881
-0.043311755703696164
0.09196318215465615
-0.0770187099822141
0.013166192169593749
0.0573219639568339
-0.09483968180561148
0.06563864548887346
0.0028391651465222434
-0.06989686617107436
0.09421751497809695
-0.05250342332287149
-0.01877732211151452
0.08051704499203825
-0.0901301589799371
0.03808536692369845
0.034270658105879495
-0.08856657718515315
0.08282635366989965
-0.022763754961500238
-0.04895209258201641
0.09350323425002222
-0.07279906431032099
0.00690291931296394
0.0624522594938592
-0.0950148777205098
0.060665269507069144
0.009121334877895917
-0.07432979830361085
0.0930187057200816
-0.046977480279283154
-0.024929619017690016
0.08401554740052941
-0.08762572300083232
0.032161906094735626
0.04014743003908225
-0.09089756733324425
0.07918330950748484
-0.016584616917268896
-0.054411376340020606
0.09451354224279185
-0.0682561077123591
0.0006144682219876574
0.06733441072224618
-0.09464821280505363
0.05545427045194708
0.015370223726452761
-0.07842602369258908
0.09129435871627209
-0.041278557931587495
-0.030990840443551465
0.08708066563289212
-0.08464922753301564
0.026121056797854245
0.04587752903356579
-0.09272286869500773
0.07515733078866532
-0.01034489826684415
-0.059665473014260756
0.09498582424233998
-0.06342605958323796
-0.005676222985188412
0.07193618265363921
-0.0937424727214082
0.050033086964734574
0.021562976324864036
-0.08214687458438094
0.08906045715324135
-0.03542872918372639
-0.036938931092187474
0.08967952265636749
-0.08123255194101235
0.019984790653580956
0.05143903372943806
-0.09402526766896471
0.07078715698078772
-0.004067426836326382
-0.06468756633339719
0.09491646225926086
-0.05834186053202596
-0.0119462135641311
0.07622193039467602
-0.0923049651561275
0.044426303091171584
0.02767694051715354
-0.0854542144803166
0.08633944056892436
-0.029449611069091344
-0.042752204573541855
0.09178489816451783
-0.0774119470056019
0.01377550456955999
0.056808867963735396
-0.09479355582063119
0.06611036431351401
0.002224875598135348
-0.06944742408722047
0.09430597673252185
-0.05303282388581114
-0.018172595978799097
0.08015360174505205
-0.09034835835377757
0.03865660686278967
0.03368982387949428
-0.08831272547642008
0.0831600908273751
-0.023362964939350167
-0.04840899772757573
0.09337602866515268
-0.07322590216498231
0.007515918080294504
0.061961801337745405
-0.09502165199497487
0.06116178763255084
0.008509066557887468
-0.07391120146063876
0.09315910865498467
-0.047524994451999564
-0.024332586948195872
0.08369248914315368
-0.08789150827043953
0.03274577005703681
0.03957975905958766
-0.09069192356889744
0.07955649374227991
-0.017190957582220223
-0.05388698667903989
0.09443850563293717
-0.06871287114813922
0.001228915088261992
0.0668695412563709
-0.09470783687543438
0.05597272740621051
0.01476221359415078
-0.07804199454015609
0.09148546952589123
-0.04184197460289707
-0.030403679311678894
0.0868014489929194
-0.08495978431475233
0.026715421113059454
0.045325133608100546
-0.09256745959291533
0.07556619475430822
-0.010956150690598562
-0.05916224814296237
0.09496354707644417
-0.06390934427744718
-0.005062568117332328
0.07150020854560066
-0.09385448647061956
0.050570943306328525
0.02096144949545317
-0.08180120152904247
0.08930043630138204
-0.036005925817475914
-0.03636377529736322
0.08944712930908134
-0.08158454461731766
0.02058749093786473
0.050904089592914675
-0.09392149685653164
0.07122793828617782
-0.00468135627057778
-0.06420826638579702
0.09494711126833116
-0.0588486104957322
-0.011335589923278322
0.075818460346347
-0.09246843399540915
0.04498125854301045
0.02708409510174016
-0.08515053328465366
0.08662580900628691
-0.030038477745909398
-0.04219116224467416
0.09160170692936977
-0.07780170044414302
0.014384337344789291
0.05629370675616796
-0.09474227693850085
0.06657949515193606
0.0016105087201001012
-0.06899516203463861
0.09438932147561392
-0.053560331343935993
-0.017567236734116018
0.07978641295293784
-0.09056178380785782
0.03922650141852449
0.03310781738015495
-0.08805429966194249
0.08348978096785171
-0.02396136086422411
-0.04786419962650844
0.09324377910795308
-0.07364962455901052
0.008128655459501158
0.061469008702191685
-0.09502325720656446
0.0616560161369713
0.007896502260686805
-0.07348943176516329
0.09329448544459398
-0.04807083969861223
-0.023734707090651147
0.08336532945122861
-0.08815276186690628
0.03332849446500387
0.03901071017566264
-0.09048147329942012
0.0799259907066877
-0.01779669939835342
-0.05336066652775624
0.0943583420838447
-0.06916686796342526
0.0018433192432222717
0.06640203333512944
-0.09476231422849608
0.05648915886024029
0.014153689397035582
-0.0776544229308692
0.09167170020715164
-0.04240393287303988
-0.029815459742970687
0.08651781157508802
-0.08526610951116849
0.027308854850555994
0.04477115256948666
-0.09240707433749035
0.07597174254845596
-0.011567021848592096
-0.058656840651530415
0.09493610492673406
-0.06439018001160111
-0.0044487372455659785
0.07106125833807717
-0.09396141795512805
0.05110701000913634
0.020359192269125054
-0.08145161916140867
0.08953574313304977
-0.036581869735932276
-0.03578735432425975
0.08921004924321922
-0.0819326497395554
0.021189473863245142
0.050367342157967065
-0.09381263853448818
0.07166576480209647
-0.005295122961310544
-0.06372649921482539
0.09497259645228133
-0.059353193995184475
-0.010724571784469464
0.07541165170639919
-0.09262693523355581
0.045534641168959944
0.026490306313788098
-0.08484260087611152
0.08690777464326936
-0.030626298635214946
-0.04162864896445535
0.09141362499315835
-0.07818793397835595
0.01499266924526492
0.0557765049191484
-0.09468584884935174
0.06704600697348093
0.0009960858675618078
-0.06854011301515078
0.09446754294910692
-0.054085922707142464
-0.0169612655062297
0.07941551452575521
-0.09077041505302594
0.039795030533362113
0.03252465878166402
-0.08779132574187075
0.08381539041743687
-0.024558921913671525
-0.047317719492649915
0.09310649641365325
-0.07407019614342443
0.00874111011209723
0.06097390936288158
-0.09501969324297285
0.06214792745193162
0.0072836633222286284
-0.0730645246762448
0.09342482493030105
-0.04861499489024351
-0.02313600024342316
0.08303410178948521
-0.08840945743866653
0.033910059125818334
0.03844030345253675
-0.09026623643797009
0.08029176441324622
-0.018401821222077827
-0.052832439020207816
0.09427305758552709
-0.06961806534113515
0.0024576593315064066
0.06593191819451899
-0.09481164093020766
0.05700354040175726
0.013544672375721961
-0.07726334517960792
0.09185303384890006
-0.04296441252557148
-0.029226202112056288
0.08622978242190106
-0.08556817160147638
0.02790133741704444
0.04421560648998396
-0.09224172680552017
0.07637393805534254
-0.012177490436991234
-0.05814927649415146
0.09490349972902654
-0.06486853731486153
-0.003834751721080415
0.07061936629564816
-0.0940632588196651
0.051641265043987056
0.019756225644747022
-0.08109816255826063
0.08976635457228646
-0.03715654087444359
-0.03520968824257703
0.08896830576093279
-0.0822768323192884
0.021790718442998736
0.04982881338375321
-0.09369870123827652
0.0721006021704748
-0.005908705557909913
-0.06324229416215466
0.09499291601536808
-0.059855584958039665
-0.010113180454812132
0.07500154055599687
-0.09278045520648148
0.046086430362304004
0.02589559476258707
-0.08453044893819509
0.08718530863140905
-0.03121305337750288
-0.04106468493186455
0.09122066949189259
-0.07857061130001236
0.015600479036380815
0.05525728676100039
-0.09462427563714673
0.06750986841762252
0.00038162839599023557
-0.06808230973164182
0.09454063532516098
-0.054609574751901105
-0.01635470344747074
0.07904094249416908
-0.0909742324054094
0.04036217413626279
0.03194036828891815
-0.08752383028056687
0.08413688584266166
-0.02515562730421067
-0.04676957840479451
0.09296419193978317
-0.07448758139492034
0.009353260703836075
0.060476530762325245
-0.09501096035357402
0.0626374936747461
0.006670571082432089
-0.07263651547283768
0.0935501164725437
-0.04915743875946456
-0.022536487243452905
0.08269883995574724
-0.08866156920151562
0.03449044387677787
0.037868558944151504
-0.09004623350315419
0.08065377900314921
-0.019006301933982367
-0.05230232706036676
0.09418265856144024
-0.07006643016828003
0.003071913998128381
0.0654592267392247
-0.09485581343816683
0.05751584733894392
0.012935183785695123
-0.07686879760484415
0.09202945413036621
-0.04352339329284459
-0.028635926834165812
0.08593739107902669
-0.0858659395055991
0.028492848261515755
0.0436585158567849
-0.09207143143988036
0.07677274508054402
-0.012787535161367242
-0.05763958131714003
0.09486573379108426
-0.06534438637586493
-0.00322063289636762
0.07017456642824557
-0.09416000117834988
0.05217368619048865
0.019152570652179374
-0.08074086701504954
0.08999224814246057
-0.037729919178696475
-0.03463079713814357
0.0887219227584215
-0.08261705761558821
0.02239120372347775
0.04928852505114022
-0.09357969398494144
0.07253241579484758
-0.006522082711534774
-0.0627556802286043
0.0950080685295273
-0.06035575699644692
-0.009501437249323355
0.07458816287259594
-0.09292898080642804
0.046636605419442465
0.02529998109941621
-0.0842141095721723
0.0874583826427958
-0.031798721652359044
-0.04049929030474683
0.09102285815763553
-0.07894969613256078
0.016207745500418452
0.054736076321061734
-0.09455756178581057
0.06797104779829502
-0.00023284233895645712
-0.06762178458057193
0.0946085931986095
-0.055131264012523926
-0.015747571732114177
0.07866273298825065
-0.09117321678543668
0.040927912136654795
0.031354966140266546
-0.08725184039768909
0.08445423426953257
-0.02575145629229371
-0.04621979731588553
0.09281687757462435
-0.07490174463157383
0.009965085905452628
0.05997690001317166
-0.09499705914984782
0.06312468656591316
0.006057246884565021
-0.07220543923896258
0.09367034994211587
-0.04969814989099261
-0.021936188965117065
0.08235957806129948
-0.08890907194632663
0.035069628582512696
0.03729549669877173
-0.0898214856189244
0.0810119987675229
-0.019610120440465353
-0.05177035333110666
0.09408715187662794
-0.0705119290444852
0.0036860618886399577
0.06498398953930047
-0.09489482859611963
0.05802605469317075
0.01232524489591437
-0.0764708165086387
0.09220094531631702
-0.04408085484840148
-0.02804465436591501
0.08564066758175905
-0.08615938260004079
0.029083366875225627
0.043099901080354414
-0.09189620325609352
0.07716812736970838
-0.013397134737872768
-0.057127780464990376
0.09482280979638788
-0.06581769704376142
-0.002606402124937679
0.06972689248022867
-0.09425163760593794
0.052704251027713034
0.01854824835070612
-0.08037976802479087
0.09021340196906984
-0.038301984600136355
-0.0340507011167296
0.0884709247210665
-0.08295329115569795
0.022990908785549005
0.04874649877210761
-0.093455626282036
0.07296117085298646
-0.00713523307553017
-0.06226668607468283
0.09501805293197951
-0.06085368340206038
-0.008889363489939295
0.07417155451238588
-0.0930724994744303
0.04718514553111597
0.024703486017101567
-0.08389361527971217
0.08772696888172263
-0.03238328317703937
-0.03993248520679825
0.09082020932183961
-0.07932515225179869
0.016814447438062333
0.05421289737768433
-0.09448571218579604
0.06842951310894999
-0.0008473049815465317
-0.06715856964524503
0.09467141157952993
-0.05565096677262199
-0.015139891554785317
0.0782809222163923
-0.09136734971609664
0.041492224418093054
0.030768472609575992
-0.08697538375841804
0.08476740310210445
-0.026346388175122554
-0.04566839706210192
0.09266456574542979
-0.07531265002913957
0.010576564393477192
0.05947504390206444
-0.09497799060641733
0.06360947754717429
0.005443712074682153
-0.07177133084953374
0.09378551571135552
-0.050237106712329394
-0.021335126318981934
0.08201635051088493
-0.08915194104588636
0.035647593131888006
0.03672113676428093
-0.08959201451365831
0.08136638816870137
-0.020213255675359837
-0.05123654030330327
0.0939865448460977
-0.07095452829125853
0.004300081649324716
0.06450623682756243
-0.09492868362898005
0.05853413719207115
0.01171487698747714
-0.07606943815698614
0.09236749225163776
-0.0446367767991272
-0.027452405205839775
0.0853396424407265
-0.08644847073307269
0.02967287279145031
0.042539782502558854
-0.09171605784840514
0.07756004862772015
-0.014006267894492053
-0.05661389898683277
0.09477473080845869
-0.0662884388299454
-0.0019920807610776525
0.06927637792019152
-0.09433816112920963
0.0532329369249616
0.017943279827431782
-0.08001490125685216
0.09042979478169368
-0.03887271709106725
-0.03346942030753787
0.08821533671768442
-0.08328549875542865
0.0235898127459572
0.04820275599914324
-0.09332650813651129
0.07338683231023034
-0.0077481353059072194
-0.06177534002176055
0.095022868523433
-0.06134933714154511
-0.008276980504597159
0.07375175119326904
-0.09321099919244663
0.04773202977348556
0.024106130249390817
-0.08356899894495264
0.08799104009551133
-0.032966717704774676
-0.03936428973426022
0.09061274191798503
-0.07969694350676228
0.017420563669966818
0.05368777345648257
-0.09440873214105483
0.06888523202836672
-0.0014617381760961556
-0.06669269668981821
0.09472908588618055
-0.0561686590567982
-0.014531684128884989
0.07789554644437373
-0.09155661332047248
0.04205509083163399
0.030180908007995735
-0.08669448856283406
0.08507636014054328
-0.02694040229131299
-0.045115398371814316
0.09250726942636857
-0.07572026163793559
0.011187674851131993
0.0589709888940168
-0.09495375606270037
0.06409183770018873
0.004829988001132324
-0.07133422495686578
0.09389560464526531
-0.0507742874843676
-0.020733320250464177
0.08166919198238237
-0.08939015246085383
0.036224317434587705
0.03614549919316218
-0.08935784251841261
0.08171691186145685
-0.020815686601539263
-0.05070091024505079
0.0938808452433942
-0.07139419396200118
0.004913951927423291
0.06402599849769547
-0.09495737613837785
0.05904006926298688
0.011104101352357343
-0.07566469876055494
0.0925290803553792
-0.0451911386771688
-0.026859199894701577
0.08503434662687995
-0.08673317423920049
0.0302613455850044
0.041978180404575446
-0.09153101139533722
0.07794847253826091
-0.01461491337235489
-0.0560979616432754
0.09472150027571372
-0.06675658091048381
-0.001377690159656192
0.06882305593151809
-0.0944195652185413
0.05375972103262937
0.017337686195664684
-0.07964630253568666
0.09064140591510944
-0.03944209659942782
-0.03288697486638251
0.08795518439390544
-0.08361364653924168
0.02418789475859108
0.04765731803461819
-0.09319235006354988
0.07380936493349192
-0.00836076806188342
-0.0612816700538667
0.09502251496689701
-0.06184269085259031
-0.007664309626405158
0.0733287884784192
-0.09334446847520053
0.04827723709907242
0.023507934570176636
-0.08324029381604933
0.08825056958449251
-0.033549005022775996
-0.038794723962334215
0.09040047548350061
-0.08006503384077687
0.01802607303834236
0.0531607278388251
-0.09432662737638196
0.06933817192720111
-0.002076120567080883
-0.066224197154066
0.0947816119383327
-0.05668431662258158
-0.013922970685064734
0.07750664197463591
-0.09174099031857111
0.042616491188916084
0.029592292685448246
-0.08640918353446664
0.0853810735986281
-0.027533478021379454
-0.04456082187440005
0.09234500214614694
-0.07612454340027167
0.011798395969301212
0.05846476113728356
-0.09492435722515968
0.06457173776583347
0.0042160960141340575
-0.07089415597787259
0.09400060809260545
-0.05130967029198376
-0.02013079173841255
0.08131813740620547
-0.08962368274483734
0.036799781417375055
0.03556860404715981
-0.08911899256432877
0.08206353471413157
-0.02141739221249113
-0.05016348523096292
0.09377006130932047
-0.07183089185275277
0.005527651371402348
0.0635433041030495
-0.09498090409874992
0.05954382502681223
0.010492939292213913
-0.07525663445585007
0.09268569561430895
-0.04574391993164134
-0.026265059015567582
0.08472481155578554
-0.08701346395288556
0.03084876487151439
0.04141511501456112
-0.09134108066467618
0.07833336278372914
-0.015223049927115942
-0.05557999291359756
0.09466312203682664
-0.06722209212926022
-0.0007632516759558949
0.06836695940368037
-0.09449584377970058
0.05428458027320199
0.016731488593287963
-0.0792740078195529
0.09084821530959122
-0.04001010306325553
-0.03230338497854854
0.08769049396466974
-0.08393770095997308
0.024785134015647775
0.04711020604010614
-0.09305316309528937
0.07422873330592773
-0.008973110006499793
-0.060785703820077724
0.09501699228710639
-0.062333716840462544
-0.0070513721928837925
0.07290270176043209
-0.09347289636178008
0.0488207463275909
0.022908919792565846
-0.0829075334862352
0.08850553121112889
-0.03413012494994799
-0.03822380795128889
0.09018343016092771
-0.08042938731263245
0.018630954408572417
0.052631783570522395
-0.09423940404509301
0.06978829987529028
-0.0026904307992671184
-0.06575310214887505
0.09482898595103172
-0.05719791495264677
-0.013313772469739124
0.07711424512579208
-0.09192046402348684
0.04317640525497475
0.029002647031836068
-0.08611949790802644
0.08568151212066209
-0.028125594788040234
-0.0440046881088874
0.09217777799525916
-0.07652545916840307
0.012408706447584503
0.05795638646870118
-0.09488979617014587
0.06504914814415821
0.003602057465404568
-0.0704511580819694
0.0941005178770105
-0.05184323303465001
-0.019527561793617657
0.08096322194446932
-0.08985250904859927
0.037373965020036995
0.03499047140161367
-0.08887548817917786
0.08240622182963282
-0.022018351533854577
-0.049624287151529764
0.0936542017607661
-0.07226458751366897
0.006141158631277052
0.06305818285611274
-0.094999265853998
0.06004537829226746
0.009881412117270852
-0.07484528128683564
0.0928373245760153
-0.04629509992014062
-0.025670003193676807
0.08441106907125606
-0.08728931122149708
0.03143511030643953
0.04085060651506693
-0.09114628301785906
0.07871468306548372
-0.01583065633039428
-0.05506001700327109
0.09459960032657291
-0.06768494100184433
-0.0001487866655311143
0.06790812092428873
-0.09456699114590787
0.05480749133240788
0.01612470818113597
-0.07889805317927287
0.09105020351041279
-0.04057671640483726
-0.031718670861346526
0.08742129220585414
-0.0842576288181542
0.025381509748672745
0.04656144104563585
-0.09290895878939519
0.07464490184224791
-0.00958513980730695
-0.06028746863748914
0.09500630087056554
-0.06282238707511274
-0.00643818954529192
0.07247352624610594
-0.09359627240704364
0.04936253613668386
0.0223091067678257
-0.08257075187444606
0.08875589940827049
-0.034710057334289376
-0.03765156175227247
0.08996162669831403
-0.08078996811783196
0.01923518667083296
0.052100963470703865
-0.09414706873700415
0.07023558264970203
-0.003304647517850645
-0.06527944245248145
0.09487120452881755
-0.057709429247330954
-0.012704110743661637
0.07671839221243239
-0.09209501833692947
0.043734812740784626
0.0284119914779946
-0.08582546141635151
0.08597764479774926
-0.028716732056314823
-0.04344701753242543
0.09200561163282849
-0.07692297272296796
0.013018584995418622
0.057445890419481914
-0.09485007534731899
0.06552403889499672
0.0029878937078544054
-0.07000526517970199
0.09419532628817215
-0.05237495341707574
-0.018923651457277868
0.0806044809699798
-0.0900766091233895
0.03794684819099703
0.0344111213494791
-0.08862735348303938
0.08274493856623133
-0.02261854362489299
-0.049083337722516565
0.09353327579959685
-0.07269524626120978
0.006754452358980631
0.06257066362865342
-0.09501246011472526
0.06054470255061521
0.009269541145281737
-0.07443067518705497
0.09298395434160024
-0.04684465790006796
-0.02507405309611617
0.08409315142835982
-0.08756068791746557
0.03202036158381977
0.0402846750501934
-0.09094663641372133
0.07909239712436317
-0.016437711371261515
-0.05453805785178427
0.09453093978212813
-0.06814509572009207
0.0004656835159165401
0.06744657277189181
-0.09463300207020015
0.05532843065055182
0.015517366141383715
-0.07851847477707094
0.09124735166657538
-0.04114191652455709
-0.031132852766359326
0.08714760644502913
-0.08457339728088602
0.0259770012294699
0.04601104395884345
-0.09275974923742861
0.07505783480464681
-0.010196836137134374
-0.05978699149473471
0.09499044146620461
-0.06330867318886829
-0.0058247830280162005
0.07204129694185554
-0.09371458667287666
0.04990258505259823
0.02170851638419785
-0.08222998320553837