0
0.2033898305084746
-0.1265449140895608
-0.05878642012896801
0.2100778454335221
-0.06066737487691348
-0.12418167341557862
0.20416196370555462
-0.0015928751283716958
-0.20177274408510476
0.12971052218171297
0.05582166250205661
-0.20946182359757853
0.06432496257233983
0.11905387287403602
-0.20511824866288814
0.0057491524183601594
0.1964988958575095
-0.13861554479800495
-0.047626413054811606
0.20757845278089762
-0.07458835526639959
-0.10514781873941373
0.20611652484252
-0.018620415455425393
-0.1783344772261776
0.16346884338699172
0.02855256867984432
-0.2057625000165181
0.09558505105734669
0.08213690808169896
-0.2061980784656783
0.041545858194113855
0.14552510205166874
-0.19176945816012875
-0.00889140794784099
0.20509038479627784
-0.11594019826816598
-0.06613015451155846
0.20853267180334512
-0.05504619857671256
-0.12978159070608156
0.2010257063423103
0.0009559405316744429
-0.20245959702258295
0.12650040797424109
0.05787626260881898
-0.2088796757626384
0.06291767275088381
0.12019431964998975
-0.20434622926489834
0.005394527905095342
0.19625805243733624
-0.13846394733272843
-0.047424322928156015
0.20715502161316174
-0.0752450487962808
-0.10398931647205423
0.20587961769107538
-0.020026397450381594
-0.17602483821338344
0.16592317807191787
0.026764774935344904
-0.20562942718012317
0.09751100604784868
0.08031767537671913
-0.2062066288132378
0.043356122011941556
0.14304233655328025
-0.1931884941581728
-0.007490529209624341
0.2044146104111753
-0.11802922232224033
-0.06420868868021673
0.20829549210296722
-0.05722757749568769
-0.12674242086128637
0.201919704534569
-0.0012345665369499492
-0.20006789806214118
0.13095086804149683
0.05363233450047547
-0.20786680246779063
0.06827067946194335
0.11272155411379403
-0.20518690436694964
0.012010978681149531
0.18721032855061243
-0.15184146623831674
-0.036478468806717956
0.20544424479402038
-0.08798895253869418
-0.08891057101949265
0.2054196101719594
-0.03558228941970501
-0.15308106260904797
0.18633052443796777
0.012682396706868548
-0.2053071579240926
0.11192642534696029
0.06891884308304325
-0.20783645923226052
0.05301706007232326
0.13172369031764455
-0.19974196093948368
-0.0017086829159212724
0.20230487042965362
-0.12589750032477243
-0.057996557388074466
0.20842962059890996
-0.06329287106237874
-0.11928334818493422
0.20421555158561158
-0.0064372688676749
-0.1945657907952493
0.14089933480301223
0.045156452337568403
-0.20652204324330423
0.07818540959033418
0.10011849070451609
-0.20570510021270136
0.02407876959971003
0.16990807690843082
-0.17224742864509016
-0.02252236379058739
0.20576813910206562
-0.1016093929648593
-0.07702540152570639
0.20674611516559752
-0.04607937203243964
-0.13987081386152736
0.19525786031345124
0.005971119446916723
-0.2042096370330432
0.11975545305588028
0.06302323280564029
-0.20857060634160404
0.058111438896697926
0.12589261782145586
-0.20241750151232166
0.0016045451150787648
0.20001077897246897
-0.13137335410344622
-0.053415844867093026
0.20800700010063036
-0.06833495438691825
-0.11278573985631932
0.2052934003440505
-0.011837250773512359
-0.18757571060463718
0.1514271579817017
0.0368554777853356
-0.20556058565650456
0.0874916301244473
0.08951502136472525
-0.20550521105487515
0.03488938764641572
0.1541468221430803
-0.18562954785242003
-0.013306688704098901
0.20553533902938603
-0.11106655221011896
-0.06972803778649656
0.2079259313101161
-0.052110829966831085
-0.13300108372161165
0.19929275014352246
0.0025780350437125954
-0.2031594081270797
0.12419434114205044
0.059658644186781046
-0.2088266836490633
0.06119385703097305
0.12227418484293529
-0.2037303894185727
0.003932498344232371
0.19783304235645133
-0.13565239833781184
-0.04978772199294057
0.20750572965211456
-0.072505393659683
-0.10743483692115874
0.2057443051184441
-0.0167216955453513
-0.1807693780268841
0.1603505372065871
0.03048782817171114
-0.20543086240477088
0.09399341417139528
0.08323356190090264
-0.2057449699906812
0.04092227958584155
0.14593452000311644
-0.19120011518498062
-0.008878385038322195
0.2045015784633079
-0.11655334674693912
-0.06516905978817067
0.2079863209328685
-0.05660421738685906
-0.12723025945473884
0.20151284381034398
-0.0011350352361769456
-0.1998103246307571
0.13108757465426946
0.053322877247400646
-0.20759989264522405
0.06886877169674838
0.11174880158368428
-0.205137926225813
0.013034029877550535
0.18563785755914589
-0.15386898817196012
-0.034893612610766706
0.2052333605981341
-0.08979116459303224
-0.08695489532204123
0.20530674918344485
-0.03765434774085705
-0.15005127244836194
0.1883139475688793
0.010955727150060407
-0.20471726238033414
0.11425702379354283
0.0668072351933652
-0.20766143555196168
0.05531799564558895
0.1285592677523301
-0.20079735932659007
0.0004804629545347716
0.20007666744899472
-0.13018869704048947
-0.05393588354682061
0.20749986551808092
-0.06836354486759338
-0.11224480616057353
0.20496432467766984
-0.01271589933790973
-0.18593781031959364
0.15336311720172494
0.03518971475686608
-0.20514662463997477
0.08958418746834243
0.08706661360339327
-0.20521035617660469
0.03764181714399403
0.14997245401753262
-0.18829692138192683
-0.010865382174213012
0.204565461454263
-0.11450159243013916
-0.06650028109250658
0.20753841926828817
-0.05575763070145254
-0.12786953701832865
0.20094428214492505
-0.0010325755334815168
-0.19939544419838878
0.13136271364771518
0.05280448851551284
-0.20719736214071677
0.06981959672420751
0.1102309497933083
-0.2050522734908475
0.014639721942045797
0.1831649161985451
-0.15695331333148707
-0.032544733902184125
0.2049782582468546
-0.09240171860172294
-0.08424032510841303
0.2051868539742682
-0.04049225946391763
-0.14597247144755787
0.1907749744023186
0.008605226408486155
-0.20366814165572383
0.11766346147597795
0.06367566923788731
-0.2072787506677733
0.05886125789801039
0.12365125055351281
-0.20209505678917325
0.004157309338065712
0.19586074740385503
-0.13755902030531394
-0.04726637132890418
0.20603744847583047
-0.07658460023782818
-0.10138574035485917
0.20514571477899426
-0.023389095950324595
-0.17035640988712222
0.17141589717767494
0.02268026539523174
-0.2051678968564639
0.1020717933984844
0.07605173484824093
-0.2061345497611892
0.04769762140943182
0.13707592164654223
-0.19615860520701053
-0.0039230209612449995
0.20204174629541413
-0.1239368124780921
-0.05866700686260648
0.20731875515177314
-0.06382702841489304
-0.1175183616339475
0.20373427458314455
-0.008684448852946308
-0.1907226825996302
0.14608970425235257
0.04042505410851971
-0.20521083809962604
0.08428288123194627
0.09238226013623363
-0.2050027835886437
0.0325390948262958
0.1569858861578749
-0.18315703995972
-0.0146677819987735
0.2050860713524596
-0.11016824719869667
-0.0698969099546865
0.20722497845642301
-0.0526976170100531
-0.13153027886741012
0.1993510121104298
0.0011599146013136774
-0.20109084807444008
0.12760446339296025
0.05601869491851727
-0.20760918255378827
0.06616293335477072
0.11497730739675055
-0.2045274209323767
0.010428238656184086
0.1889111735082898
-0.14911573208798085
-0.038312054827985775
0.20529252227630482
-0.08631183996534805
-0.09041623255204875
0.2051865721235114
-0.03431664161483158
-0.1546401083419094
0.18504610177535857
0.01344010278054103
-0.20515036654630311
0.11132995775113577
0.06916396981536924
-0.20752821472336855
0.053104933814930894
0.13130057004738943
-0.19967261772120298
-0.0012222994152149558
0.20150602478995264
-0.12714947374222793
-0.05663299157324839
0.2079423907874788
-0.06518800683235179
-0.11648647969062095
0.20448019362383632
-0.008966910332765504
-0.1910464291947547
0.14613593740024314
0.04074298524112799
-0.2056979856754022
0.0834616624836253
0.09371127374888077
-0.20540252774118656
0.03079921943697661
0.15987525489231527
-0.18114098927708464
-0.01644292347499307
0.20570304946524345
-0.10775646634438393
-0.07222928732895303
0.20751138893260687
-0.05005773539580835
-0.13529914982962568
0.1979947029793704
0.0037206873192483225
-0.20357454782306691
0.12264107530348253
0.06084940078374093
-0.2087644231320038
0.06007183327729185
0.12361340164208282
-0.20328685723333437
0.003033300934094957
0.1987375485423139
-0.13395484510792538
-0.05123174148481119
0.2077217988255155
-0.07082826626179267
-0.10958144670002523
0.20560751914332415
-0.014717044140129976
-0.18360532869613463
0.15677631373198234
0.03297332979806408
-0.20541248744236673
0.0915268835813201
0.08548970224221014
-0.2055790115097203
0.03883832440038387
0.1486666565396523
-0.18940289812077724
-0.010320590505735722
0.20485847348808475
-0.11474825894318827
-0.06663768703620007
0.20794973686856735
-0.055175334188515585
-0.12903177941450017
0.20085086296562937
4.2111585839998966e-05
-0.20091403034266955
0.1288883738887646
0.05529766127642596
-0.2079642944213336
0.06649954837575375
0.11492834603647656
-0.20483338248640087
0.010166103206983468
0.18960841854525456
-0.1483680043381172
-0.03906879330884072
0.20560202255389917
-0.08523539370011576
-0.09180637253458149
0.2054195980746593
-0.032686500393816736
-0.15719238594292026
0.18328980988495439
0.014950520144247609
-0.2056386675248269
0.1093156792609748
0.07104665038303881
-0.20770893368956034
0.05102726474869057
0.134212081087846
-0.1986178752610877
-0.003183929230476723
0.20339302581719904
-0.12335782274379326
-0.06030535936726561
0.20880137964518813
-0.06057508628581171
-0.1230204911867194
0.20349311839761766
-0.003422099143276819
-0.19836089256061937
0.1346781678169752
0.050619395916680826
-0.207635386572
0.07153395721301678
0.10867943509230663
-0.20567373652513457
0.015550383835797349
0.18243471585297066
-0.1582770588408402
-0.03192115243455412
0.20541124022484958
-0.09258034836280343
-0.08450799705618478
0.20563839651884636
-0.0397584833885935
-0.14744348677811947
0.19021090296274012
0.009669179616768608
-0.20469385792226005
0.11556738102923933
0.06596268519680967
-0.20795840027913023
0.05584092687400452
0.1281823085970154
-0.20116124923334133
0.0005157502022501426
0.20038762708929272
-0.1299368761356535
-0.054346289254765395
0.20778133894019704
-0.0676493090858318
-0.11337287015108605
0.20499122631704508
-0.011560313307704517
-0.1876863252836343
0.1510768530755807
0.03697832155637906
-0.20538303167920827
0.08755228822773978
0.08927778052893012
-0.20533758685116885
0.035299689354466174
0.1533985169714326
-0.18604766597154612
-0.012820513137873107
0.20522992338014615
-0.11186779898328755
-0.06888088892143265
0.2077331562695038
-0.053166838356504625
-0.13142461828571406
0.19978091428406464
0.0014451929041907619
-0.20194863412956437
0.12650405181653945
0.057363654870712766
-0.20823070880748346
0.06414339622640047
0.11804404974474897
-0.20435792900888589
0.007532982747929184
0.1930682979168588
-0.14317803529793377
-0.04321179028055572
0.20614439669145637
-0.08052725014291448
-0.09722608257633333
0.205592490457687
-0.027087981121878685
-0.1654175831780414
0.17646486765852903
0.019712423971398663
-0.2058572396634538
0.10432660528274931
0.07496064704040475
-0.20717449289544984
0.04768790335449227
0.13812892610554584
-0.19643462075777174
-0.005208233095019943
0.2042437170972881
-0.12048401356771399
-0.06265690709727556
0.2088483267408816
-0.058171681806815645
-0.12609388753103618
0.2025702037633887
-0.001255042796564132
-0.20068768509362972
0.13039720726038057
0.05446532899725154
-0.20839612245497552
0.0668608074895386
0.11492764303053757
-0.2051942012122027
0.009797391847910814
0.19051976681930333
-0.1473496142820922
-0.04007704329536027
0.2059874783225107
-0.08382614367909241
-0.09362620088419982
0.2056894959813862
-0.030587260762358737
-0.16046640838882384
0.18085349281291377
0.01688180588049873
-0.20606546561175584
0.10693986657282908
0.07319075279193263
-0.20779187616127207
0.04879343874067851
0.1372644019382484
-0.1973069291463394
-0.005087969442467477
0.20493585020241198
-0.11990185055566174
-0.06366834643041805
0.2095081793583279
-0.056426424145570614
-0.12897998577913716
0.20208062406682747
0.001157538734438912
-0.20381689645090964
0.12496283965438956
0.059946165339914564
-0.20995625535950904
0.059645020199736914
0.12534103859245047
-0.20369445384811877
0.0009014498035816165
0.2023422960121791
-0.1284714368399187
-0.05689978709792656
0.20960577785719733
-0.06308565829274707
-0.12071391034529949
0.20479715399839032
-0.004417478574270717
-0.19817292124049402
0.13583938646503152
0.050071081485215274
-0.208069352642553
0.07161188660589018
0.1090236255379288
-0.20599701325067563
0.014869602164217649
0.18376829068528225
-0.15683377909639892
-0.033140065250780754
0.20570751349695485
-0.09105468896283178
-0.0862285155585997
0.2058477973994324
-0.037820348271520726
-0.15035957591815113
0.1884964705769862
0.011387967559315093
-0.20554441995071476
0.11297587516544155
0.06846125010312587
-0.20834638323901272
0.052919347783637716
0.13236141703575544
-0.19987572622782385
-0.0024687304096987495
0.2035784753510946
-0.12388913017696604
-0.06022718222423204
0.20923480479820214
-0.06017273038776769
-0.12395733634989223
0.20355755099331965
-0.0024213090378623903
-0.19992591434198592
0.1322680049620244
0.05300302935306106
-0.20836242662697518
0.06836000774687251
0.11311154837943221
-0.2055318590250318
0.011265293661106679
0.18866683364174835
-0.15012060964932256
-0.038003370409274206
0.2058652760334505
-0.08602728709025748
-0.09127337496946764
0.20571214560031015
-0.032916568661475853
-0.1571568725255969
0.18352245087694624
0.015049446352848606
-0.20601816119454666
0.10882168536967615
0.07177678286051545
-0.20805718344335525
0.0499194301623109
0.13602872091588342
-0.19807790811706
-0.004523267050749846
0.20486067753504078
-0.1205433330227213
-0.0632416188644837
0.20962671468788546
-0.05672034767363204
-0.12872194599736006
0.20226764893635432
0.0010797931268279604
-0.20388730963332577
0.12497022027730678
0.06001306981743701
-0.21004755979860437
0.059474975850350414
0.12564621922534622
-0.20366698546244513
0.0006236195655137944
0.20273156169933154
-0.1278153822985753
-0.05756821199602957
0.2098027102427097
-0.0621960217510088
-0.12200721979965601
0.2045940169005958
-0.003330780749995488
-0.19959869672778838
0.13347638033828582
0.052253511274635206
-0.2085886478204426
0.0688613262365311
0.11274632334935358
-0.2057938512024156
0.011358691900062612
0.1887895538034442
-0.150129870813363
-0.03812558102570318
0.20604567793491663
-0.08571678625005097
-0.09176514385765361
0.20586248634810478
-0.03226841990491941
-0.15823203366633554
0.18278613962067064
0.015702828478610265
-0.20625125748977335
0.10792413054464212
0.07265563348803927
-0.2081666447925502
0.04892132895954904
0.13746826106423618
-0.1974909422806462
-0.0054508502597691855
0.2056634882286649
-0.11878960290985183
-0.06502019208596602
0.21004225155398257
-0.05447385477495173
-0.13203227829329323
0.20131158858468612
0.0034761898176619566
-0.20652490597680428
0.11986264978492756
0.06527908658524884
-0.21142877630429135
0.05262702343290249
0.13582656423729014
-0.20072500601470974
-0.006719228560899987
0.21079686337901724
-0.11191567319470816
-0.07441574895208122
0.21415238769980224
-0.04025153459342609
-0.1552721307136104
0.1909608260177818
0.01804043265387595
-0.21788634916991606
0.09192800248377436
0.09758867099766505
-0.21730677087786532
0.013128767270236985
0.19766571552126877
-0.14499448907548812
-0.047516749732374186
0.2138099204755214
-0.06756651115025514
-0.11949989297938446
0.2086105714980186
-0.0015908330728512388
-0.2062244146033558
0.12524596910010136
0.06221969265824176
-0.21307071752972254
0.05375287625372491
0.1359977520974235
-0.20190213074726202
-0.008003920504777468
0.2138962047668215
-0.10697477212843706
-0.08099569840711504
0.21638915885627455
-0.03089280585400453
-0.17072763904528454
0.1787992109217712
0.026102895164840545
-0.21754452057830803
0.08430816850941858
0.10469013811820665
-0.21548546488819637
0.00833397412286302
0.20299783196316426
-0.13526518415124908
-0.05507139147498977
0.2140488307095366
-0.05972194253582555
-0.1293369399810286
0.2055222692884641
0.004950175756682856
-0.21294473962477864
0.11117278588266097
0.0770650895831285
-0.2163530794835042
0.03486908946606779
0.1650234386206684
-0.18433368546158105
-0.023393327756535992
0.21912917838402482
-0.08494456302886008
-0.10562772945511048
0.21683761192281023
-0.005690717747411395
-0.20830577905280903
0.1271157357732083
0.06344764082383778
-0.21645178782289562
0.04836151164748745
0.14650233167819202
-0.19870972127572437
-0.015555971686909281
0.22195703041304174
-0.08894760737177135
-0.10449053271058148
0.21997099702881254
-0.002723993208181924
-0.21588547268282632
0.1152476088575638
0.07735238394904015
-0.22074282629516312
0.028818723313248362
0.1780650276777579
-0.1737948830211828
-0.031255570318549364
0.21997642566395892
-0.0759516616994384
-0.11602459641935559
0.21496346362444874
0.0023525150836910536
-0.218491936424161
0.1068255731819788
0.0857017976598535
-0.22109104931532594
0.019994339097392094
0.19128347168664347
-0.15698904083657175
-0.04066574425605027
0.216444021080773
-0.07115325336917663
-0.11792747818676516
0.2112999989435729
-0.00012784343581137558
-0.2111082338379743
0.11840470324991706
0.07068525757441305
-0.21637919776701572
0.04121585975402034
0.1561623983509907
-0.19188439776110397
-0.019614794362830396
0.22113293003195453
-0.08602404111430303
-0.10654427836166816
0.21860526859793752
-0.002485022827874578
-0.21487808775274006
0.1162625261604929
0.07572146036097879
-0.21995880257167047
0.031509447679232666
0.1734136622491269
-0.17846519730795252
-0.028627719567929644
0.22086734777267752
-0.0773738436187803
-0.11534864085610408
0.21596967812010054
0.002930822493242169
-0.22036533211402512
0.10375221916583663
0.08991586341178978
-0.22215000531507675
0.014319754920520927
0.2007379668332481
-0.14341498842223102
-0.05084007496296308
0.21666432081436057
-0.06069916634963127
-0.13072845217313403
0.2070496734292501
0.007946567288452416
-0.21895796959760908
0.1006179212435154
0.09102535415573157
-0.2200692614548108
0.01605704539235578
0.19607898448076258
-0.1492766360342581
-0.04546835749057568
0.21532325607171163
-0.06775773381712927
-0.12078597143776523
0.2095081477226268
0.0006911654578418969
-0.21054488830573825
0.11823196630106603
0.07022150576261893
-0.21566728648095662
0.04257553429498889
0.1535749206808829
-0.19332258066830227
-0.01812748553843241
0.22037671842342127
-0.08854015975891577
-0.10330538628094488
0.21863875170109687
-0.005679903929811436
-0.21012311541182885
0.12508246573192325
0.06619561916711622
-0.21775362118199762
0.04394498229516661
0.15378307061968868
-0.19469020749467816
-0.019421374555496723
0.22365369436757507
-0.08269861671726095
-0.11245586965367552
0.21943944918513444
0.004530239467961689
-0.2262326673587409
0.0938470139592121
0.10416830736308033
-0.22462082206344677
-0.0034349347300155764
0.2297722908571432
-0.08956988551709069
-0.11170601142808648
0.22581026692992331
0.012705853665691186
-0.24482182485162876
0.05439799365184314
0.16691026348753357
-0.2034159793846525
-0.04039123295375924
0.26249017630824023
0.010043763663524552
-0.27753249369609073
-0.016380750031929292
0.30200244965282474
0.09281458218299976
-0.4231218763785356
-0.6803271948651588
-1.4420459858377594
-2.0053786727841434
-2.5498895882359736
-3.2661684724381153
-3.4282770420761186
-3.3477661136341608
-2.8120473795787655
-2.791572780215718
-3.3092446805326166
-3.308024403340335
-2.7863738301770695
-2.8072810141118922
-3.3495405209426927
-3.4401999566365378
-3.3264493086081766
-2.7186937863401814
-2.65723873560919
-3.0608610730183807
-3.256623358400379
-2.8958256368391697
-2.874155153085666
-3.248458387716695
-3.0657454530565214
-2.659412278583731
-2.7223000609976697
-3.3338146623712164
-3.4637610109192822
-3.4679640454489875
-3.3607968699060606
-2.8262044012200933
-2.786012310116225
-3.288663246021134
-3.250627903528616
-2.655554595355201
-2.5222884047767398
-2.466776896506645
-2.29582718305043
-1.5907682050973246
-1.1864540916735333
-0.26891198163696606
0.20174434389386553
0.14076720429461753
0.648874968045152
0.6053137097562624
0.9040345207029012
0.518648623589061
0.19838365752347675
0.3501154423018624
0.05142815114891386
0.5758584328554908
0.3558539780231338
0.6975380164478708
0.5662747045563266
0.6603269591011696
0.22531776808342752
0.2399515034862505
0.6986528175378555
0.6856568220228743
0.1847976128726705
0.17299199038107593
0.6680881219800155
0.6480653104897542
0.07468585205179545
0.24939465064531374
0.8670651777168014
0.8977642157062111
0.26218274456423263
0.07119013096083648
0.6392580880213798
0.6348746635259488
0.04804460284996681
0.2956007587521805
0.00882314219647462
0.6911803433330571
0.8929689169243153