0
-0.6767676767676767
-1.4676168240617775
-2.2327378153705473
-2.8712830313242614
-3.601937770987739
-4.408680227098026
-5.146309995715945
-5.782695194192724
-6.543727153146446
-7.339302391965953
-8.027076456431866
-8.693293694457246
-9.478838324537014
-10.247503452718293
-10.88886029070995
-11.612076913712981
-12.417726164714121
-13.160448885451647
-13.795476443798986
-14.552665505098847
-15.351222256245045
-16.0473495356633
-16.706153505021447
-17.487480104454402
-18.25880111426155
-18.90299279722929
-19.620073526762404
-20.424356370505592
-21.170377039985954
-21.804677878539692
-22.558862423662426
-23.359070699117883
-24.060701969647287
-24.71494048408657
-25.493426184809724
-26.26665432863096
-26.913254980563174
-27.625866487985284
-28.428998449940007
-29.177194603290324
-29.81115802968543
-30.56316010503261
-31.364374413836593
-32.06975138757184
-32.721096485240245
-33.497671679351384
-34.27238428338249
-34.921030149918614
-35.630291337677065
-36.432527085663665
-37.18238694771878
-37.81624058785484
-38.56654867275511
-39.368557827015216
-40.07696584596527
-40.72617317896716
-41.5012802999119
-42.27741164973946
-42.928102851914154
-43.634375346003864
-44.4358237401385
-45.187311161969724
-45.82122448320008
-46.569923469664815
-47.37277895562513
-48.084355204941126
-48.73156282067026
-49.50524100964877
-50.28311124860701
-50.936403049034205
-51.639229214082164
-52.439765969262936
-53.19325762437224
-53.82743195564609
-54.57415628347137
-55.37808226205908
-56.09373697379509
-56.738662951427024
-57.51058999231798
-58.2909827769302
-58.94824959851246
-59.646191064021544
-60.44531937691694
-61.20155872143274
-61.83632626576941
-62.580142990505394
-63.38539871616878
-64.10669312910294
-64.74888396068235
-65.5183956163552
-66.30259101962905
-66.9663506997196
-67.65682971598514
-68.45343168681009
-69.21330831786237
-69.84922960438367
-70.58851918742643
-71.39502918523785
-72.12351988325501
-72.76282011131978
-73.52903144735208
-74.31833935873033
-74.99188173984318
-75.67191591309304
-76.46425521458254
-77.22823848331839
-77.86608613961951
-78.59886406244496
-79.40574403379865
-80.14155040770149
-80.77846604229272
-81.54067450951955
-82.33506952554005
-83.0198997864603
-83.68885166627517
-84.47584510267973
-85.24358872048772
-85.88411167674164
-86.60936723339178
-87.41539144864143
-88.15687224265179
-88.7922112878134
-89.55042234240037
-90.34829986099471
-91.04237657561458
-91.70295118005227
-92.4853267737599
-93.25598040876109
-93.89939996668798
-94.61804648424128
-95.42270646803252
-96.16793380302906
-96.80239200449128
-97.55733749267584
-98.35716715913246
-99.05746307230393
-99.712780806804
-100.49195677448809
-101.2647009003951
-101.91066384569224
-102.62440138250538
-103.42783128571135
-104.17548451822441
-104.80951582925448
-105.56207199934434
-106.3630364247145
-107.06746220892245
-107.71951991347652
-108.49657377893001
-109.2708868792342
-109.91897089760407
-110.6291138589855
-111.43158526834745
-112.18099495976914
-112.81486183955631
-113.56562471959094
-114.3674123202809
-115.0749799717612
-115.72475803421204
-116.50026205522151
-117.27597572031345
-117.92605747160377
-118.63318804696482
-119.43486094839407
-120.18586533698566
-120.81974437251979
-121.56891649056047
-122.37151495058777
-123.08213207855968
-123.72992128844828
-124.504022557813
-125.28134153082486
-125.93379734951941
-126.6377011465173
-127.43852726808001
-128.19138888896566
-128.82546317643516
-129.57281523569105
-130.37640845203137
-131.09077029252418
-131.7363890440591
-132.5088664293294
-133.28843328965758
-133.94437059186967
-134.64391076552485
-135.4435201684804
-136.19888812427536
-136.8334416270437
-137.57821756588993
-138.38307889990097
-139.1025927232723
-139.7455993626839
-140.51588128858634
-141.29884717172212
-141.9604389626244
-142.65335467594923
-143.45083209727002
-144.20959788494434
-144.8451202294005
-145.58589565004107
-146.39209994608967
-147.1184463549948
-147.75854370455542
-148.52578159647922
-149.3135546794293
-149.98402123397747
-150.6672493374106
-151.46097554875266
-152.22379409039792
-152.86101077177986
-153.5958148390782
-154.4027237945334
-155.13656735773318
-155.77407924809307
-156.53746064851245
-157.33053462354098
-158.0122404413256
-158.68416355680404
-159.47267145460577
-160.2394237933721
-160.87913319938718
-161.6065060511671
-162.41286515573603
-163.15294692887545
-163.78865346647373
-164.54794732084588
-165.34502144079124
-166.0367980335172
-166.69939778357354
-167.4829400676158
-168.2528605262147
-168.89547759492905
-169.61583016330962
-170.4208805975752
-171.165210523551
-171.7998617346039
-172.55563935762524
-173.35502733031396
-174.05382304441696
-174.7103763781023
-175.49032808632535
-176.26254702523724
-176.9078374641217
-177.6228058583218
-178.42655617394848
-179.17361461821102
-179.80773404004105
-180.56089158449842
-181.36158264325604
-182.06498079794613
-182.7178266112768
-183.49540366869044
-184.2693041721664
-184.91681614779068
-185.6278865090273
-186.43060646173274
-187.17955389820435
-187.8134475813244
-188.56468107784787
-189.3662467591279
-190.07296785367532
-190.72333827949205
-191.49925027967495
-192.274562505816
-192.92406407049998
-193.63203563301732
-194.43392953107565
-195.1844721966375
-195.81833104906227
-196.56795819914763
-197.37031485045867
-198.08002893892035
-198.72838395803197
-199.50289040014482
-200.27970903526776
-200.93141556514615
-201.63630719407962
-202.43739427189274
-203.18967844851522
-203.82367474452315
-204.57159489886612
-205.37487870114035
-206.0880622809565
-206.7343361546175
-207.50731783332523
-208.28615171616394
-208.94093226059067
-209.6418896434924
-210.4419084853542
-211.1964791610768
-211.8308575177332
-212.57647859846773
-213.38095498796378
-214.09883062363303
-214.742625966137
-215.5136086248233
-216.29546492218012
-216.95515711887558
-217.6502508449536
-218.44846964037384
-219.20618064010512
-219.84136310642867
-220.5834604962554
-221.38930794404595
-222.11357022678098
-222.75449304475882
-223.522689083981
-224.3089749706391
-224.97657862485934
-225.6628518229675
-226.45783333477178
-227.21947477629683
-227.85612693520423
-228.59282967230482
-229.39965644959608
-230.1314219082217
-230.7695972225026
-231.5341324844155
-232.3257648988128
-233.00422995362538
-233.67931144391076
-234.46936347686278
-235.2350573731376
-235.87398807196067
-236.60352101168974
-237.41015344118483
-238.14866595966257
-238.78480214975963
-239.545230352957
-240.34135773496206
-241.0305678599946
-241.69547376656183
-242.48030418852485
-243.24941814848938
-243.89120900485136
-244.6134116263815
-245.41885774703795
-246.16216590032664
-246.79705242852214
-247.55373910492858
-248.3526048077562
-249.04970186256432
-249.70768055698997
-250.48850855251035
-251.2601513756744
-251.9047291505464
-252.62105271156855
-253.42514752102664
-254.1715436433382
-254.8057752663742
-255.5595920394706
-256.3599762830177
-257.06224364039093
-257.7159757692876
-258.49413342914914
-259.2675988950575
-259.9145180277013
-260.62658191174086
-261.42956782988614
-262.1780292137762
-262.81196455045006
-263.563695142768
-264.3650324552782
-265.0708798325428
-265.72187926125525
-266.498220372751
-267.27313781211524
-267.92207443118383
-268.63089039374563
-269.4330076827783
-270.18309976528985
-270.8169517533168
-271.56702701089694
-272.3691528060097
-273.07800079459037
-273.72691633629415
-274.50181896648223
-275.27817673817725
-275.9292007092603
-276.6350144733047
-277.4363430017284
-278.1880929156336
-278.8220301315129
-279.5704726418762
-280.37346894314635
-281.0855716954673
-281.7324680348787
-282.50591660504205
-283.2840973690891
-283.937865028699
-284.64008753427623
-285.4404594552157
-286.1943022497269
-286.8285386182831
-287.5749083280784
-288.37901654978464
-289.09539367108164
-289.7399438549999
-290.5115639204462
-291.2924269845972
-291.9504633834004
-292.6474923186188
-293.44633657712365
-294.20305894089665
-294.8379552281802
-295.5812223042526
-296.38668323654707
-297.10895810871193
-297.75071760511435
-298.51979976176415
-299.3046809013123
-299.9696791488485
-300.6587876120967
-301.4548764276588
-302.2153480704625
-302.85150168573
-303.5899518343167
-304.3965930321241
-305.1262073663037
-305.76510967650097
-306.5307625856814
-307.3208726112214
-307.99607544026117
-308.67441759892284
-309.46599394896873
-310.23057198463835
-310.8687735181956
-311.60045912515744
-312.4072807150528
-313.1440519910835
-313.7806842213673
-314.5422814251506
-315.3373072951098
-316.02369117677495
-316.69119203312147
-317.4774234380532
-318.24565410451174
-318.8866082812722
-319.6107939056322
-320.4166272331266
-321.1587712649806
-321.7939420363723
-322.55161462412707
-323.34985891086734
-324.04502965104183
-324.7046553619825
-325.4864722550842
-326.25747997845536
-326.901304339354
-327.6191211529832
-328.42358336341675
-329.1692342253298
-329.8036066775861
-330.55814877146236
-331.3581818165021
-332.05918932727224
-332.7139293652301
-333.49273733310145
-334.26573718369116
-334.912035007666
-335.62517630763483
-336.42844891861654
-337.176389450403
-337.8103831998397
-338.56264657299147
-339.3637430260149
-340.06867035544775
-340.72035014111566
-341.49715080918844
-342.2716722463584
-342.92004835647174
-343.62972934654385
-344.4320771507785
-345.18172119590787
-345.8155795512978
-346.5661051464839
-347.36800735866
-348.07601045999394
-348.7254906042821
-349.5007879342414
-350.2767156090188
-350.9271089048408
-351.63379779748317
-352.4353550545228
-353.1866066795737
-353.8205016477645
-354.5694313294166
-355.3721609302021
-356.08326728817894
-356.7307574318244
-357.5046420568491
-358.2822398008373
-358.93511697884003
-359.63847469684106
-360.43915490257854
-361.1923360968799
-361.82645926964153
-362.57349415973044
-363.3772569734838
-364.09227390237504
-364.73753832471704
-365.5097366061311
-366.28971931464594
-366.94632253377677
-367.64505824955376
-368.4444281806646
-369.2002385284819
-369.8348977682513
-370.57919169622363
-371.38425696083493
-372.10467641334293
-372.74726282410245
-373.51715436001837
-374.3007428275147
-374.96342397375133
-375.65510905458774
-376.4521503183005
-377.21148591694777
-377.84720743036877
-378.5872334083401
-379.3936040311282
-380.12105749180375
-380.76073693374605
-381.5274507054007
-382.31601632048705
-382.9880550712944
-383.6696407964211
-384.4626626312157
-385.22608780478834
-385.86362339536015
-386.59739080394286
-387.4042986668541
-388.1391765004845
-388.7763707871189
-389.53914524609206
-390.33292111128134
-391.0162666786058
-391.68662154783544
-392.4743376868921
-393.24161281807073
-393.8817407496822
-394.6080075712733
-395.41419925424293
-396.1550272053901
-396.79053575533294
-397.5492608555118
-398.3467684245831
-399.0397705102
-399.70128627276597
-400.48420833790067
-401.25451779232856
-401.89755458588814
-402.61700433118864
-403.4218509863693
-404.1666606030694
-404.80120686620404
-405.55654357357935
-406.3561695408268
-407.05576601426856
-407.7116569554727
-408.49119470013375
-409.2636917979617
-409.90933580257786
-410.62365143858864
-411.4272326218653
-412.1746069990947
-412.8086779828654
-413.5615170306508
-414.36235340546045
-415.066295762375
-415.7187220121927
-416.49602135234966
-417.2701381058923
-417.9179487873352
-418.62853111067597
-419.43112024164634
-420.1803097056508
-420.8141877364093
-421.56517446343656
-422.3668556917045
-423.07401803470754
-423.7240775577501
-424.49977591313376
-425.27529499908366
-425.925094834143
-426.6326309263929
-427.434410234715
-428.18519044340326
-428.81905808022697
-429.5684506959736
-430.37093118222396
-431.0811080363199
-431.7291708166403
-432.50346871065454
-433.2805413535115
-433.93262717414865
-434.63701588798006
-435.43797052436395
-436.19054837151776
-436.82458260751207
-437.5722145211029
-438.3756560451885
-439.08943781668603
-439.735376160219
-440.5081013557842
-441.2873048375411
-441.9426659810956
-442.64290870229485
-443.44272301177665
-444.19769844249805
-444.8321632145273
-445.57735882886317
-446.3820332843833
-447.1007413362034
-447.7441312560589
-448.51475857761784
-449.2971758473127
-449.9578217719965
-450.6518166943327
-451.4496663914624
-452.20791708503214
-452.8432688895811
-453.5847000416701
-454.39073769542233
-455.11607159957856
-455.756563520372
-456.52427113963734
-457.31132049725244
-457.98037999207014
-458.6650957680398
-459.45944360274507
-460.22169631834146
-460.8586331586433
-461.5943681715236
-462.4012512415196
-463.13410729379586
-463.77193002406557
-464.53586992122246
-465.32826343679875
-466.00841949886035
-466.68184310303974
-467.4710929306831
-468.2373440416447
-468.8766735454138
-469.60508302067245
-470.4115827144678
-471.1509312415963
-471.7868363954809
-472.54667038861015
-473.34330790355614
-474.03388333562464
-474.69755640122554
-475.4817034038891
-476.25124534943063
-476.8934672383035
-477.614692138533
-478.41993297894777
-479.16378805713714
-479.7985467726088
-480.55475196934435
-481.35389987149813
-482.0519050993718
-482.70911842912136
-483.4894783160043
-484.26142698567446
-484.9063797332053
-485.6219835609265
-486.4258965971358
-487.17264578059655
-487.806815904348
-488.5602828089325
-489.36083107247117
-490.0636996749729
-490.71695821804707
-491.49480666626533
-492.2685011847446
-492.9157310586687
-493.62727001432194
-494.43011551461666
-495.1788327426481
-495.81274450228193
-496.5642132650936
-497.36567022872424
-498.0719755146519
-498.72264311106596
-499.4987583557303
-500.27388029505477
-500.92310883405145
-501.63148515924723
-502.4334859291158
-503.1838109274922
-503.81766482551365
-504.5675078681638
-505.3697522830663
-506.0790459829894
-506.72767080720735
-507.50236853950764
-508.27896103347246
-508.9303317499147
-509.6356741108549
-510.43687935971656
-511.1889014948116
-511.8228671375801
-512.5710436838541
-513.3741864449266
-514.0868385363854
-514.733415809996
-515.5066264240596
-516.2851366459361
-516.9394131789504
-517.6409969560933
-518.4411919852068
-519.1954038706401
-519.8297100366672
-520.5757026020129
-521.3799992865797
-522.0971363105483
-522.7412996248637
-523.5125966949014
-524.2939606028816
-524.9528267443397
-525.6488813440932
-526.4474146231626
-527.2046408425406
-527.8396791450484
-528.5823579374965
-529.3880217417957
-530.1113130845664
-530.7526384564056
-531.5212702870814
-532.3068677380824
-532.9731829052477
-533.6608503764224
-534.456384005269
-535.2174599541314
-535.8538638830162
-536.5914279720009
-537.3981774298026
-538.1289130855428
-538.7674309680436
-539.5325099382201
-540.3234163740933
-541.0003068003813
-541.6769517865162
-542.4677435724262
-543.2329065174775
-543.8714791488209
-544.6020529141359
-545.4087882334647
-546.1464834490174
-546.7828500113152
-547.5438380104407
-548.3394546406471
-549.0273349575663
-549.6934546611682
-550.478946612643
-551.2476449319581
-551.8890332360319
-552.6121753057475
-553.4178099777002
-554.1605764173419
-554.7955933043485
-555.5527453103003
-556.3513253813835
-557.0475250057224
-557.7062671333043
-558.4875565874227
-559.258901450225
-559.9031214479743
-560.6201460811916
-561.4244151131177
-562.1704637601676
-562.8047593147814
-563.5589166159449
-564.3591380671826
-565.0608166328851
-565.7150173156263
-566.4934786008284
-567.2667242264632
-567.9133482131599
-568.6259192647884
-569.4290404580586
-570.1772561620566
-570.8112173971325
-571.5631994684184
-572.3644228150445
-573.0698343233036
-573.7211538847845
-574.4977118280875
-575.2724392969213
-575.9211062052904
-576.6303349210914
-577.4325620149882
-578.182438693932
-578.8162920948448
-579.5665832754353
-580.368600821401
-581.0770405526541
-581.7262266923584
-582.5013189980951
-583.277466490229
-583.9281813611044
-584.6344210101423
-585.4358608212601
-586.187366947139
-586.8212818522829
-587.5699625550355
-588.3728280544494
-589.08444170576
-589.7316270268574
-590.5052888479449
-591.2831809687108
-591.9365061832578
-592.6392897445812
-593.4398149361809
-594.1933314313219
-594.827510007503
-595.574209372065
-596.3781483277157
-597.0938541132136
-597.7387532612173
-598.5106585940964
-599.2910844298846
-599.948405037803
-600.6462824347926
-601.445391030433
-602.2016646348272
-602.8364410731689
-603.5802192530114
-604.3854898637724
-605.1068539928646
-605.7490137400151
-606.5184949969632
-607.302738972654
-607.9665856808797
-608.6569678971742
-609.4535341083042
-610.2134534419555
-610.8493909534751
-611.5886213438883
-612.3951415425053
-613.1237134945915
-613.7629845058387
-614.5291559750735
-615.318521981958
-615.9921833578379
-616.672095533786
-617.464380471944
-618.2284070753634
-618.8662797530352
-619.598979405429
-620.405856123637
-621.1417336626952
-621.7786281839318
-622.5407923960981
-623.3352343943657
-624.020178885943
-624.6890234844067
-625.4759610918327
-626.2437406104585
-626.8842946318922
-627.6094719503682
-628.4154826704037
-629.1570128857002
-629.7923392501614
-630.5505107508493
-631.348415916332
-632.0425740724521
-632.703077714306
-633.4854117974731
-634.2560916537033
-634.8995408072662
-635.6181259874073
-636.4227715182078
-637.1680304280153
-637.8024821089126
-638.557397754392
-639.3572426894714
-640.0575915636025
-640.7128661081682
-641.492014681594
-642.264777680207
-642.910765178526
-643.624458627531
-644.427876941372
-645.1755514202246
-645.8095798346255
-646.562114393862
-647.3630885753923
-648.0675513230395
-648.7195810171622
-649.4966161675235
-650.2709444558495
-650.9190496980701
-651.6291588305248
-652.4316211810233
-653.1810479312932
-653.8149140730457
-654.5656596465119
-655.3674555391237
-656.0750547413654
-656.7248110613757
-657.5003000328796
-658.2760290305451
-658.926133051217
-659.6332318347914
-660.4348964044299
-661.1859184845885
-661.8197985446632
-662.5689532912709
-663.3715611017797
-664.0822131132717
-664.7299808292822
-665.5040665892567
-666.2814052666592
-666.9338907759108
-667.6377558868604
-668.4385717153401
-669.191455983288
-669.8255336053822
-670.5728632629233
-671.3764685452632
-672.0908767514765
-672.736470196812
-673.508927804783
-674.2885239114736
-674.9445078173701
-675.6439914361171
-676.4435841742336
-677.1989834828372
-677.8335442798827
-678.578286380564
-679.38316240699
-680.102740509285
-680.7457169562248
-681.5159712557538
-682.2989811261936
-682.9606493236497
-683.6534782996868
-684.4509253842754
-685.2097319384364
-685.8452681605435
-686.5859908197472
-687.3922076567712
-688.1186337378512
-688.7587005458945
-689.525901102196
-690.3137311966632
-690.9843097384047
-691.6674201668827
-692.461096537639
-693.2239591436409
-693.861198313352
-694.5959284342096
-695.4028383242105
-696.1367578768132
-696.7742461623726
-697.5375837632051
-698.3307097058547
-699.0125354477932
-699.6843431968316
-700.4727934212161
-701.2395842313167
-701.8793236503211
-702.6066159558275
-703.412963455615
-704.1531007822464
-704.7887924319775
-705.5480446159281
-706.345151388936
-707.0370191147528
-707.6995378674777
-708.483034141023
-709.2529834182841
-709.8956311105284
-710.6159169999535
-711.4209526120177
-712.1653183601873
-712.7999616022227
-713.5557066097689
-714.355112510466
-715.0539679422408
-715.7104716584711
-716.4903925086875
-717.2626320329779
-717.9079484310818
-718.6228684667933
-719.4266063186416
-720.1736882217001
-720.8078039265082
-721.560937903095
-722.3616397677663
-723.065078213368
-723.7178928005874
-724.4954492525543
-725.2693656026187
-725.9168993804439
-726.627933838675
-727.4306441680568
-728.179609325618