0
0.48310344827586205
0.957774481595638
0.45331145724895494
0.9258375423213019
1.4341174171138436
1.910388757691738
2.429135593271755
2.9136094217538453
3.439188389784549
3.935096011184946
4.462563594449352
4.971485106060994
5.4945879099431325
6.014985190289767
6.527900941035579
7.0546958166205815
7.554677934287373
8.081464391358207
8.569274112991586
9.09063752171705
9.569092393021576
10.081018541404353
10.554162461278462
11.053867904899112
11.52715070201564
12.013943101054245
12.493772863921311
12.970489853096137
13.461877515026869
13.934385685187154
14.438779539319015
14.913312461384596
15.429077589253584
15.910543537952947
16.43441951783455
16.926425313452047
17.45392210311981
17.95870045032799
18.48389760420441
19.001057288828918
19.517688332927253
20.043145347696516
20.547292948363484
21.074740565618097
21.566176393607638
22.089755198658487
22.57079765888163
23.086083003183184
23.560394966970964
24.06418487698194
24.536745216344634
25.027515375515993
25.504596278383705
25.98397500101058
26.471352691431736
26.94448394696702
27.44481373977331
27.91810001951676
28.430552769842965
28.909373365119343
29.43109791340657
29.919437535363347
30.446360102453365
30.94696758595939
31.473603308460845
31.98710111199817
32.50704130135734
33.03050099299095
33.53880336816435
34.066315783127095
34.56162147701173
35.08697386426045
35.57097166586161
36.089290867523026
36.56527012009083
37.0729773040288
37.545461082862325
38.04036756250097
38.51530597523013
38.99788558430192
39.4815223701238
39.95594108176382
40.45210895728367
40.92469104005632
41.43353811340807
41.91011167783871
42.42927782694795
42.91423516566979
43.44002942668555
43.93654294720546
44.46395099516315
44.97348826560398
45.49622018366291
46.01706237120867
46.529389705439826
47.05632851972363
47.555687383837544
48.08232527586331
48.569611728989464
49.09060486186585
49.5687032108767
50.080096196188
50.55311030053044
51.05218944197949
51.525639010476205
52.01185270857552
52.49214552898522
52.96851270784389
53.460521030280226
53.932991676472405
54.43798538114403
54.9127504639903
55.42898783223145
55.910885530895825
56.435048473777776
56.92762963667559
57.45516182608261
57.96057032043292
58.48549259934818
59.003171218704324
59.519264333625934
60.044966112413846
60.548482755919984
61.07586759159381
61.56673903500144
62.09001060458471
62.57063795585814
63.085436093479316
63.559538472631004
64.06272059138117
64.53534785953347
65.02550411464675
65.50296281935316
65.98190284817305
66.46987196664985
66.94286687596492
67.44381874905555
67.91725975433783
68.43023240522669
68.90942779601095
69.43150421613065
69.92038022767164
70.44742627123607
70.94866091158563
71.47512223948192
71.98919527910901
72.50866653041437
73.03246890576308
73.5401492052866
74.06769186738669
74.56239984685904
75.08751453553644
75.5710439129297
76.08892727788687
76.56462473104142
77.07175391905763
77.54420924437156
78.03848602520418
78.51370678319572
78.99577246394252
79.47995166416156
79.95413318566526
80.45093198080296
80.92358358715254
81.43299218710838
81.90987796160607
82.42945498530634
82.91490319667429
83.4409012906697
83.93802443046933
84.46535813004542
84.97550733839438
85.49785459700169
86.01912918659622
86.53086219488924
87.05792977505999
87.55666780845063
88.08314485910479
88.56991481360117
89.0905286632263
89.56827982440336
90.07913323048425
90.55203024188016
91.05048145480892
91.52411304415877
92.00975508368454
92.4905226348117
92.96655430338535
93.45918600842826
93.93163365233664
94.43722287734391
94.91223115465476
95.42893310142607
95.9112706942952
96.43571023404067
96.92887197270979
97.45642563034563
97.96246327461374
98.48709576551734
99.00528320613707
99.52082952880608
100.04676090983001
100.5496467648829
101.07695537730469
101.56726819520436
102.09022261674531
102.57044335773041
103.0847469874839
103.55865132885359
104.06122206570573
104.53393112662333
105.02347752184185
105.50132768294095
105.97984167781107
106.46840790644674
106.94128161636458
107.44285299566658
107.91646091354058
108.42994662763047
108.90952575778472
109.4319446478493
109.92136339074142
110.44852009938573
110.95038335560838
111.47665503532419
111.99129604373961
112.5102868612648
113.0344175289822
113.54147324634927
114.06903169888689
114.56314640886504
115.08801244875905
115.57108112269589
116.08852056513899
116.56394666332363
117.0704927455423
117.54293362629572
118.03658190770858
118.51209986659435
118.99366193245203
119.47839219452617
119.95235171353434
120.44978107357467
120.9225155601338
121.43247984223909
121.90968766651974
122.42966700607928
122.91561332949671
123.44180362232017
123.93953983994518
124.46678427894564
124.97754115688254
125.49949022507637
126.02118440624422
126.53231763375946
127.05949886233532
127.55761878763863
128.08392289901892
128.57018325877405
129.09040894425715
129.56782238762884
130.07812994845003
130.55092276680605
131.0487447621541
131.5225736261106
132.00765149843704
132.48890509510483
132.96461573136605
133.457873111533
133.93031214286043
134.4364923309211
134.91175467009387
135.42891341594526
135.9116989304728
136.43640454357435
136.93015186718947
137.45771290807843
137.96437829863348
138.48870620795273
139.0073919591769
139.52238305946182
140.0485288335509
140.550784438384
141.07800355671338
141.5677636772552
142.09039118312006
142.57021393300067
143.08401587788495
143.55773390333232
144.05968993442394
144.53249574574178
145.02143677434663
145.4996917947347
145.97779271258642
146.46696127913896
146.93972887453714
147.44191689152456
147.9157037309167
148.42969553869426
148.90966722668023
149.4324190477928
149.9223867109269
150.44964109659756
150.95213408515147
151.47820086675154
151.9934021295063
152.5119013826804
153.0363457828615
153.54277483785282
154.07033476003963
154.56386086785872
155.0884674737083
155.57108328217433
156.08807083297532
156.56323617950832
157.06919424958744
157.54163484525014
158.03465623713444
158.51048612376738
158.9915552797528
159.47684481491342
159.95059755785527
160.4486567635706
160.92148731471153
161.43200126875269
161.90954083913874
162.42991381450656
162.91636536390183
163.44273604561536
163.94108852763273
164.4682287058536
164.97958853444584
165.50112614181978
166.02322681540517
166.53375526116105
167.06103508904152
167.5585399180107
168.0846591699423
168.57041696924725
169.0902457340413
169.56733106811362
170.07708667337855
170.54978837445972
171.04698021098415
171.52102159159796
172.00554323311542
172.4872938184022
172.96269805949476
173.4565829844798
173.9290276532767
174.4357940292739
174.91132113413096
175.42892878265732
175.91217012963196
176.4371311322266
176.9314688421207
177.45902303391333
177.96631435265866
178.49032302493657
179.00949619037462
179.52392407738262
180.0502690050615
180.5518952573414
181.0790117842741
181.56822529815696
182.09051626257116
182.56994976271258
183.08324297259747
183.5567865804665
184.05812485915692
184.53104246068233
185.0193830678323
185.4980560810556
185.97575715897298
186.46553283807424
186.93820932919496
187.44101083153745
187.91498842414254
188.42947922733157
188.90985216826695
189.43292724156046
189.9234498551283
190.45078875485615
190.95391223917943
191.479758892631
191.99551225266265
192.51350918902773
193.0382526119788
193.54405334357367
194.07160055782705
194.56454294415585
195.08887949286208
195.57105039061193
196.08757819738014
196.56249355738836
197.06785892122326
197.54031353531744
198.03271006584575
198.50886645960017
198.9894537903777
199.4753103678765
199.94887158312443
200.44755956099243
200.92049918642633
201.43155664274292
201.90943751521564
202.4301953232341
202.9171590841601
203.44369816773067
203.94266981820817
204.46969065929716
204.98164826670353
205.50276142088282
206.02525521622957
206.53517433139814
207.06253779018778
207.5594308130954
208.08535346204653
208.5706158624243
209.09003907238588
209.56680604714833
210.07600374833478
210.5486275817333
211.04518867636324
211.51945778745258
212.0034315744907
212.4856897072213
212.96080233070975
213.4553162547874
213.9277806645317
214.4351282444318
214.9109306580793
215.42897919620108
215.91268416951095
216.43788971450564
216.9328223952941
217.46035536509544
217.96827037198975
218.49194530862746
219.011594618554
219.52545174584142
220.05198057392357
220.5529787204207
221.07997973429158
221.56865288866808
222.09059782470018
222.5696509405598
223.08242849530342
223.55580976155227
224.05652752900653
224.52957203048638
225.01731761504047
225.49642146805436
225.9737362058541
226.46412332119033
226.93672363168707
227.440135193787
227.91431519533367
228.4292977698489
228.91008053732577
229.4334690409192
229.92455247015468
230.45196254838154
230.9557169286458
231.4813282606026
231.99762512385473
232.51510938111423
233.04013698606462
233.54530814473628
234.0728286232281
234.5651923733224
235.08924840102824
235.5709824594861
236.08704278698733
236.56171909021333
237.0664872749796
237.5389703478786
238.03074447067252
238.50724178467757
238.987358741711
239.47378968415222
239.94717462569275
240.44648995832335
240.91955149128663
241.43114612664843
241.9093777198203
242.4305114321969
242.91799425849595
243.44468957885323
243.9442830087223
244.47116937277906
244.98371913291024
245.50439513653882
246.0272684291316
246.53657411439207
247.06400632798028
247.56029110315205
248.08600558079647
248.57077986826357
249.08978900996195