0
0.47368421052631576
0.9342703997279496
0.4267950776568137
0.883994333393232
0.39419524300364106
0.8553052424688165
0.3792001217307521
0.8483296192650362
0.38232600149747675
0.862701434253563
0.40352259211117625
0.8990055442157785
0.44166431062860045
0.9558039619611151
0.49175871868354726
0.023594675962664402
0.5436764614073571
0.08532340042126285
0.5863230122147407
0.12839883275445896
0.6130161366556454
0.14951083873056725
0.6217700786945894
0.14914563009807202
0.6123936740759828
0.12728271467699814
0.5851007393038538
0.08347033986702734
0.5419918938377657
0.02126664255627775
0.4899396845873056
0.9535859179996671
0.4401116399816847
0.8973948481647381
0.40250001346776143
0.8618477201968628
0.3819179131488233
0.8482165658630834
0.37941483068594684
0.8559256513113354
0.39503027896986387
0.88537327642851
0.42820165603124893
0.9363361812950299
0.47546048166354415
0.0023635808139852443
0.528084932996959
0.06777598669004625
0.574594049932514
0.11735855984696153
0.6066187635271971
0.14528956409120664
0.6209931928219852
0.15153228956004172
0.6172445215069464
0.1364188387191354
0.595434444372667
0.09935871741755542
0.5567683095215306
0.04196401215160561
0.5064199787714269
0.9740850643267531
0.4546504365333419
0.9128466138279083
0.41247403886570577
0.8705112820373265
0.38638270806755326
0.8501491797658838
0.3782513072063638
0.8512448366408034
0.38825007909974296
0.8738596431821661
0.4161407062038638
0.918405503574001
0.45970373855875346
0.9810684185719911
0.5118765827742198
0.04861752861132085
0.5614260070247576
0.10419065572649533
0.5985020937829766
0.13898001758747025
0.6184687833118954
0.15187145990835926
0.6203490648160302
0.14342829509623667
0.6041137000340201
0.1132217869572385
0.5703745471539937
0.0615791030276851
0.5227565852868823
0.995273629447187
0.4701535115536202
0.9301974655759614
0.42403449690429307
0.8813146447889395
0.3925883001696002
0.8541411895808704
0.37883488577971036
0.8486308517528482
0.3832063400002701
0.8644869361963796
0.40562881182751953
0.9023019009076898
0.4448134559632453
0.9602813644966348
0.4954030921383561
0.028226685413199615
0.5470108071711861
0.08896002083585186
0.5887094418859702
0.13055238147463966
0.6141971250532496
0.150165603753579
0.6217059207417992
0.14833940579410876
0.6110848958282264
0.12497175685251927
0.5825988344634878
0.07969617792363515
0.5385899725202152
0.016590247373693856
0.4863104127032056
0.9491942214008644
0.4370516748711559
0.8942491702818034
0.4005163514011998
0.8602181826605422
0.3811659145478039
0.8480655340421835
0.37990843618881076
0.8572434459356038
0.39676325776505617
0.8882090784428907
0.4310662269371859
0.9405240681822461
0.47903253903338827
0.007087579157153856
0.5316000008973002
0.07180881737237632
0.5773190667699721
0.11998601231728645
0.6081835285220124
0.14640253796115488
0.6213156437550655
0.1511809422241739
0.6163214190984478
0.13458120810654428
0.5932877373321526
0.09601277607556469
0.5535907255490463
0.03746055453202679
0.5027725700788683
0.9694708005487622
0.45134019227657873
0.9092569565288089
0.41012668264954644
0.868410161590595
0.3852443771125025
0.8495447834777129
0.378358237951939
0.8521016769576719
0.3896013802995626
0.8762230826143841
0.41868047238651496
0.9222242916453491
0.46312655723416674
0.9857565968950858
0.5154988354336272
0.05297824919884686
0.5644550182678936
0.10728554775638277
0.6004445752194715
0.1405577186063618
0.6191779915641733
0.1519724579517785
0.6198126655838908
0.14205908288336833
0.6023388998915383
0.11033420118709492
0.5674762717816233
0.05735480118690561
0.5191726206471028
0.9905535814034896
0.466654978753857
0.9262055732367873
0.42134546566322606
0.8787395019449609
0.3910657845741934
0.8530792126193385
0.37855521730002306
0.8490323452679244
0.38417219500620625
0.8663767589921081
0.4078158040674944
0.9056970630704659
0.4480188043335014
0.9648095695736864
0.4990525320733017
0.03282176340771947
0.5502961885678297
0.09250220817423038
0.5910174573033753
0.13260110752984589
0.6152927739039189
0.15071968379380918
0.6215562159978547
0.1474318792162086
0.6096911156546791
0.122555846305471
0.58002154724638
0.07583342812687421
0.5351470950182506
0.01189181831745234
0.4826961634375208
0.9448656255461587
0.43405420041922005
0.8912053049549545
0.39861519703325565
0.858692237987843
0.38049949941796246
0.8480145606906602
0.3804876302585507
0.8586641609689631
0.398579770494744
0.8911482908660249
0.4339976975910067
0.944783775265907
0.4826274560896171
0.011802103876566106
0.5350811064888199
0.07575897102140727
0.5799717074810575
0.1225087861663432
0.6096637293781775
0.14741359838895973
0.6215525322567624
0.15072926685083088
0.6153128250439277
0.1326391344163449
0.5910606742686982
0.09256878388411138
0.5503583048649757
0.03290893855019372
0.4991221045206013
0.9648963249772127
0.44808041842861734
0.905762716240148
0.40785826174894835
0.8664137890481785
0.38419143194556615
0.8490409712162016
0.37855071832097664
0.8530599629738205
0.39103759070897093
0.8786914428471682
0.4212949247894624
0.9261303057127583
0.46658864098167774
0.9904637312619855
0.5191041033435091
0.0572736054619718
0.5674203913896595
0.11027816761073739
0.6023042660405005
0.14203198903090652
0.6198016120009542
0.15197341119913954
0.6191906762908412
0.1405867803862706
0.6004807920312172
0.10734353860312851
0.5645121331298635
0.05306073345310569
0.5155677143204658
0.9858461459621084
0.46319218000811335
0.9222979243913376
0.4187296039548918
0.8762691431618314
0.38962795796058214
0.8521189904138897
0.3783611064933239
0.8495342424680803
0.3852235121269747
0.8683711369681764
0.4100827109764018
0.9091894668036047
0.4512775876399475
0.9693832321844127
0.5027030168145878
0.03737424488121888
0.5535296271881753
0.09594805342936974
0.5932460432637631
0.13454517386371845
0.616302996664595
0.15117327262115765
0.6213209580157726
0.1464227579175379
0.6082125288451954
0.12003506950297815
0.5773703013556977
0.07188488072817578
0.5316666711514001
0.007177535152619541
0.47910084793243596
0.9406045894310846
0.4311214748379757
0.8882641281388026
0.3967970966882868
0.8572695582358268
0.37991867420282777
0.8480636274616535
0.38115241428289304
0.8601881345529685
0.40047934691231557
0.8941902068358059
0.4369939587273195
0.9491111244081034
0.48624138091487357
0.016500893143035267
0.538524731756493
0.07962338283963266
0.5825504178783862
0.12492669630685582
0.6110591277122257
0.14832305831248815
0.6217038673687854
0.1501771036383881
0.614218803474841
0.13059240461627986
0.5887541634376283
0.08902841549698293
0.5470738859603682
0.028314620005774893
0.4954726070519638
0.9603672029091508
0.4448740253932366
0.9023656855752458
0.40566973819395935
0.8645219757446669
0.38322394767017265
0.8486375656923155
0.3788287561898911
0.8541199977815219
0.3925584946302658
0.8812645906391647
0.42398257631671177
0.9301206216276366
0.47008652581632093
0.9951835975799638
0.5226885029947597
0.06149927551072243
0.5703199414542319
0.11316772413979881
0.6040806581130376
0.1434031627227319
0.620339642349562
0.15187431999359968
0.6184830990631748
0.1390110535528133
0.5985398831632114
0.10425058719264735
0.5614843133480807
0.04870121646121062
0.5119457487079893
0.9811575487512496
0.45976858132513154
0.9184774483236838
0.41618840131565227
0.8739037035245378
0.3882750368319585
0.8512602194884562
0.3782525454342842
0.850136720006663
0.38636021667797205
0.8704702597262286
0.41242857252441345
0.9127773238771912
0.4545868980963623
0.9739967909477417
0.5063505213454782
0.04187866991178546
0.5567082818789485
0.09929587766959758
0.5953942895634304
0.13638479265502523
0.6172277288166943
0.15152653068529354
0.6210001377901446
0.14531172929886882
0.6066493729225073
0.11740960956820468
0.5746466484927337
0.06785359533357083
0.5281522169913044
0.0024536584734493605
0.4755283193165642
0.9364152964919958
0.4282556101620718
0.8854263497222079
0.3950625219719961
0.855949805386942
0.37942343763716124
0.8482127520160114
0.38190278198902616
0.8618156948888865
0.40246144217935775
0.8973339536945238
0.44005275493206497
0.9535016618095157
0.48987040336895427
0.021177765360029133
0.541927464778918
0.08339925750277422
0.5850537718650806
0.12723965454462816
0.612369527481684
0.14913121060412293
0.6217696555973821
0.1495242594377093
0.6130394404819721
0.1284408547408995
0.586369217990999
0.08539357543639037
0.5437404446767218
0.02368326026822043
0.4918280995307019
0.9558887836659782
0.44172378397110945
0.8990674326029412
0.4035619717347494
0.8627344881259009
0.38234197903159406
0.8483344235901369
0.3791923613354382
0.855282102260874
0.3941638312384408
0.8839422897780715
0.42674180947753326
0.9341920429491758
0.47361664571775886
0.9999099066866014
0.5262482143097376
0.06565121531454432
0.5731516288109454
0.11595358514636689
0.6057733146798745
0.14467158012916936
0.6207920867928649
0.15167514868631504
0.6176899449638413
0.1373315818278118
0.5965167578972738
0.10105630778926344
0.5583951413437918
0.04428083942940253
0.5083106588678867
0.9764939196374558
0.45638753851968095
0.9147468081180706
0.4137232216356439
0.8716432273427317
0.38700719812543705
0.8505026186254696
0.37822952927687803
0.8508399871018741
0.38758221026019735
0.8726742633114231
0.4148523211115338
0.9164586108688055
0.4579436931788734
0.9786444904581217
0.5099910301746169
0.04632980460163738
0.5598294531417126
0.10254422076522873
0.597461385503004
0.13812021675750885
0.6180669246138666
0.1517795839308258
0.6205937451825401
0.14409846550850114
0.6050019335454986
0.11467975910161066
0.571852273084192
0.0637429063930548
0.5246073463107419
0.9977264979949341
0.4719823620218164
0.9323016507766293
0.4254585743056003
0.8826925277893707
0.39341187647866516
0.8547326382494392
0.37901378322543167
0.8484619879569228
0.38273871686959104
0.8635471530584461
0.40452543029927956
0.9005784789807343
0.443171683735875
0.9579506650058537
0.49351056637173163
0.025826649929855394
0.5452860078012115
0.08708406229576537
0.5874804665093988
0.12944765755705778
0.6135947695665269
0.14983832386833895
0.621749899952518
0.14877050946541992
0.6117748477291632
0.12618437903603374
0.5839069612844445
0.08166640852282558
0.54036108872539
0.01902070249334864
0.4881925879001051
0.9514661813178322
0.4386323215690764
0.8958693125395811
0.4015357254558345
0.8610510560599702
0.3815455635204339
0.8481314365244131
0.3796415438016312
0.8565466098480508
0.39585328846170365
0.8867241878947797
0.42957087181123965
0.9383410962689064
0.47717534141590345
0.0046363363881662956
0.5297794910236616
0.06972566103348576
0.5759135565177679
0.11863526308754047
0.6073818636262015
0.14583758154701143
0.621158953553089
0.15137582577373765
0.6168112366102795
0.13554806546242637
0.5944120852001816
0.09776184786824382
0.5552470930500529
0.039804455457855825
0.5046664209347973
0.9718612625982406
0.4530522894055571
0.9111084081299925
0.4113353081485094
0.8694876797395497
0.38582458436375955
0.8498459326982254
0.3782920569549413
0.8516442835156209
0.3888893669288067
0.8749832207222161
0.41735277633326895
0.9202310591745066
0.46134480159431845
0.983320406401347
0.5136205500508044
0.05072265868039372
0.562890586284345
0.1056918292891571
0.5994466141412751
0.13975173160724497
0.6188205541037537
0.15193252303798488
0.6201017707400343
0.14278262898477223
0.6032705508173857
0.11184593369078488
0.5689889966619531
0.05955642697383423
0.5210357615612955
0.9930023802807438
0.46846668169474137
0.9282672760195381
0.4227321941062985
0.8800630828902362
0.39184550251568195
0.8536177190089185
0.37868970158117143
0.8488114246100391
0.3836601895180609
0.8653827955846056
0.40667059778698844
0.9039225368959323
0.44634819601044917
0.9624531533145159
0.49715787776719456
0.03044161663005074
0.5485971847521218
0.09067551908403026
0.5898293170052944
0.13155077574170582
0.6147347268898
0.1504446389823455
0.6216445995186498
0.1479155996550512
0.6104251665220299
0.12382293982410353
0.5813686320527919
0.07784930941303925
0.5369390512758763
0.014332945284588394
0.48457004962370853
0.9471042588036689
0.4356021197115094
0.8927724802401549
0.399591671663589
0.8594713807391576
0.3808347242475727
0.8480285316299199
0.38017631191892165
0.8579138607058076
0.3976264965161411
0.8896098026778188
0.4324678717516395
0.9425640284347337
0.48075886965687853
0.009356563872003232
0.5332786704923809
0.0737191286341905
0.5786039668843572
0.12121240089729923
0.608905990800811
0.1469015007791561
0.6214402526471506
0.15097624421563705
0.6158470108934782
0.1336602330891603
0.5922266245866586
0.0943685547753006
0.5520427903504479
0.03527716931374547
0.5010170399946396
0.9672654272119325
0.44976594659883906
0.9075644025334496
0.4090257885133659
0.8674369573697853
0.3847273082628524
0.8492899357597941
0.37844013133317866
0.8525498768542222
0.3902815288710686
0.8773971316447216
0.41992863985318785
0.9240921459365556
0.46478693009185834
0.9880184730019159
0.5172351223360248
0.0550524996278583
0.5658892732317196
0.10873764365531002
0.6013493462613384
0.1412796474879341
0.6194886003368172
0.15198540297669583
0.6195242078151115
0.14136387854706234
0.6014556258735828
0.10890868591699387
0.5660587817015923
0.055298050439212876
0.5174412443532703
0.9882876162820109
0.46498489565656453
0.9243155172331612
0.4200781591391649
0.8775383120614784
0.3903636876992538
0.8526047193381887
0.3784511825565384
0.8492611865874506
0.3846671548432248
0.8673228767087471
0.4088961376237874
0.9073646754157927
0.4495795977271695
0.9670039018225136
0.5008083226801927
0.03501690314043859
0.5518579480843872
0.09417159527745178
0.5920992515483255
0.1335491429192408
0.6157893000757185
0.15095036636963544
0.6214537495843719
0.14695924971798346
0.6089905723949949
0.1213565781896877
0.5787555894951935
0.07394493118552159
0.5334776837849522
0.009626114253673101
0.4809644215413852
0.9428076155810712
0.432635512913254
0.8897779034023345
0.39773039806621036
0.8579951422657079
0.380209472667818
0.8480256718877216
0.38079667006755136
0.8593841953970041
0.3994830212319287
0.8925985077056414
0.43543077514090545
0.9468568060712866
0.4843634129898864
0.014064298125825214
0.5367421829772826
0.07762841119398134
0.5812212373572393
0.12368475818208946
0.6103454335401637
0.14786365928426015
0.6216359938944219
0.1504762620126272
0.6147973218458912
0.1316678496103001
0.589961232017942
0.09087798824680915
0.5487849986417357
0.030704321684346114
0.4973665375325596
0.962712082230376
0.44653149107421974
0.9041167048240398
0.40679567998644695
0.8654908983149117
0.3837154568193524
0.8488344334201329
0.37867375879896636
0.8535570591374533
0.39175850154779845
0.8799159113345529
0.4225784903600689
0.9280390859738982
0.4682666709568022
0.9927325123374523
0.5208308348902486
0.059314863254878336
0.5688232529734013
0.11168078460711017
0.6031690340505218
0.14270429208158975
0.6200710566978822
0.15193824277980994
0.6188610548984573
0.1398418759323128
0.5995576276040413
0.10586871962076105
0.5630637346999857
0.05097194962726692
0.5138276453888697
0.9835884690512926
0.46154052386256605
0.9204494444084528
0.41749802607938036
0.8751184023591387
0.38896667127572493
0.8516933259625264
0.3782982170740452
0.8498114330423179
0.38575954909958776
0.8693676103135289
0.41120114350074877
0.9109032241603323
0.4528630530588229
0.9715974588600178
0.5044578762214851
0.039546940256169005
0.5550653847784964
0.09757049387537897
0.5942893061062793
0.13544294681564173
0.6167584136007953
0.15135568395441745
0.6211773423226252
0.14590115694739558
0.607471280242331
0.11878542553502225
0.5760693182690373
0.06995619285565047
0.5299804482107847
0.0049064319464759976
0.47737958826633614
0.9385805787931025
0.42973468889713407
0.8868863763434793
0.395952414222009
0.8566220069710495
0.37966981120113985
0.848122856268335
0.3815026162666797
0.860957948161699
0.4014223573193503
0.8956895181482228
0.43845740261555877
0.951215117800602
0.48798509012596836
0.0187533119973069
0.5401665604488575
0.08145057429103097
0.5837638759579136
0.12605219800876188
0.6116999745335108
0.148724360920526
0.6217461852687083
0.14987570314757215
0.6136622437345454
0.12957072449118678
0.5876168655256149
0.08729193213324948
0.5454766230908012
0.026091470026659902
0.49371893862203886
0.9582066916901666
0.4433517666456206
0.9007669982154431
0.40464589472184564
0.8636492912527706
0.38278909494015734
0.8484792645819568
0.37899294832088626
0.8546661426241078
0.39332004829483536
0.8825393786279705
0.42530077863696114
0.932068824869937
0.4717805100639647
0.9974562650601153
0.524403833377449
0.06350556082799086
0.5716904107047007
0.11452053922372629
0.6049052045415738
0.1440260032792402
0.6205679243287952
0.15179102547251944
0.6181123180931114
0.1382162926835575
0.5975770993636427
0.10272690416802943
0.5600061082735273
0.04658257313862646
0.5101988738022672
0.9789111220054669
0.4581369803331361
0.9166718579450943
0.4149932234193625
0.8728034437088897
0.3876546500421778
0.8508832455855411
0.3782307985685327
0.8504623565023864
0.3869372866473131
0.8715171613828612
0.4135846043149918
0.9145362830883144
0.4561955887334692
0.9762281667617074
0.5081025163539732
0.044026374349224184
0.5582167213338477
0.10087064263632595
0.5963986190314352
0.13723242020874604
0.6176420123616496
0.15166073571035144
0.6208153679788563
0.14474100075533314
0.6058675499731314
0.11610971598900077
0.5733114333362068
0.06588628562589749
0.526450908709822
0.00018018658305751778
0.47381937118401046
0.9344271977967116
0.4269016900616829
0.8840985341564497
0.3942581581855804
0.8553516344693053
0.3792157357646848
0.8483201197354893
0.38229413964785763
0.8626354398797987
0.4034439217143402
0.8988818765964333
0.4415454280715754
0.9556343795289047
0.4916199669040211
0.023417473508884568
0.543548444917559
0.08518294983409636
0.5862305164480045
0.12831467444879374
0.6129694361395728
0.14948388736790275
0.6217708316829637
0.14917435900602238
0.6124418744721479
0.12736872057960769
0.5851945906103241
0.08361240527867375
0.5421207037065962
0.021444366275265914
0.49007825905564284
0.9537544939719477
0.44022947554470804
0.8975167468966614
0.40257724526242944
0.8619118840278644
0.38194826870081755
0.8482243026348115
0.3793977100316672
0.8558774549251078
0.39496588442850156
0.8852672431352289
0.4280938228288911
0.9361780334537948
0.47532483541967396
0.0021834220905367907
0.5279503319603691
0.06762068295767687
0.5744887757905663
0.11725634666167539
0.6065574529070898
0.1452451222746105
0.6209792096478091
0.15154369813511637
0.617278013686795
0.13648681732411294
0.5955146655422807
0.09948428846532531
0.5568883020885058
0.04213463840395493
0.5065588858881989
0.9742616481373307
0.4547775650711021
0.9129852954912245
0.4125650563912715
0.8705934409437781
0.3864277837749499
0.8501742091055677
0.37824892395764076
0.8512141811679722
0.38820025634638133
0.8737716368700146
0.4160453988597963
0.9182617120507893
0.45957409949560724
0.9808901855973783
0.5117382367125196
0.048450086706613105
0.5613093275833131
0.10407068240180184
0.5984264254511645
0.13891783260836377
0.6184400585663052
0.151865630694886
0.6203678164965909
0.14347844789217334
0.6041796926230192
0.11332979957981193
0.5704836845448349
0.06173867759382978
0.522892722860089
0.995453700030035
0.4702875180593191
0.9303512417760335
0.4241384160387618
0.8814148670076097
0.3926480032408366
0.8541836844001303
0.3788472381915686
0.8486175331117245
0.38317121783888575
0.8644169707665734
0.4055470471165401
0.9021744392576443
0.44469237837213615
0.9601097430820625
0.49526406786045474
0.028050776011535605
0.546884596251361
0.0888231286136345
0.5886199133416848
0.13047222097284816
0.6141536752245318
0.1501424942815277
0.6217099342785775
0.1483719903851881
0.6111363394398386
0.1250617635822473
0.5826955854785772
0.0798416715266459
0.5387204093895155
0.0167689317752584
0.48644849262541845
0.9493604841323038
0.4371671752445323
0.8943672081161147
0.40059045028075246
0.8602783917517678
0.38119300832812386
0.8480694562214159
0.3798880534163036
0.8571913334724237
0.39669567094407054
0.8880990917422742
0.4309558040548067
0.9403631039910124
0.47889594617501485
0.006907656882747304
0.5314666234001704
0.07165660057481649
0.577216518738243
0.11988778388218635
0.6081254357339965
0.14636198700513692
0.6213049220069983
0.15119617211947123
0.6163581708146335
0.13465316279178463
0.5933710379002833
0.09614211450387988
0.5537128624903495
0.037633121304332384
0.5029116732483441
0.9696459806084685
0.45146545653303183
0.9093920399516697
0.4102147120047235
0.8684883249722971
0.3852862001194155
0.8495659750892304
0.37835259408153243
0.8520671605737615
0.38954831749724406
0.8761310758471093
0.4185822906469785
0.9220771212357065
0.46299535450180107
0.9855775194661723
0.515361059175766
0.0528132094767102
0.5643407192074748
0.10716945461975902
0.6003720513859271
0.14049948234752163
0.6191525288556778
0.1519704424539059
0.6198346794924817
0.14211315826562254
0.6024080768140914
0.110446156010926
0.5675879607750854
0.057517116567864957
0.5193096324046604
0.9907332953918233
0.4667876932183721
0.9263562000783416
0.4214466271357802
0.8788357343189513
0.39112226458221855
0.85311782278045
0.37856430847951206
0.8490152027644531
0.38413381424702964
0.8663028128030303
0.4077309757929237
0.9055658627146588
0.4478956343966378
0.9646361083530007
0.4989133883449006
0.03264736673010704
0.5501718993853513
0.0923689517737234
0.5909309368252893
0.13252493971627377
0.6152525785441998
0.15070040818881814
0.6215634902636971
0.14746833017969152
0.6097457957993405
0.12264985231467751
0.580121146171882
0.07598224881061766
0.535279031134266
0.012071229875019407
0.4828335987418274
0.9450293997136101
0.4341672766228435
0.8913194450295425
0.3986861406073132
0.8587485045438439
0.3805233309941547
0.8480146696885994
0.3804639851970344
0.8586081194375558
0.39850900793190736
0.8910343746115472
0.4338847625567319
0.9446201484609765
0.4824900621359991
0.011622657885187682
0.5349490886063539
0.07560996338374082
0.5798719473962174
0.12241455162311699
0.609608864423987
0.14737692603272823
0.621545071557911
0.15074832348015166
0.615352834241874
0.13271507415575035
0.5911470216191227
0.09270183026191492
0.5504824807710388
0.03308324225076986
0.4992612504427863
0.9650698851825812
0.4482037047745764
0.9058941285057913
0.4079432641692087
0.8664879630911806
0.3842299989418314
0.8490583325114907
0.3785418135839269
0.8530215745418277
0.39098129526403325
0.8785954388358167
0.4211939228201693
0.9259798625633765
0.4664560044785473
0.9902840449001995
0.5189670460193554
0.05711113808705459
0.5673085588877174
0.11016598815300105
0.602234907574801
0.1419776889912865
0.6197794115776116
0.15197520869132175
0.6192159524889183
0.14064479125872298
0.6005531354261524
0.10745940882385896
0.5646262934397899
0.05322563059456886
0.5157054534752599
0.9860252645881513
0.46332346825411763
0.922445284869772
0.4188279484400721
0.8763613785818507
0.38968120579587406
0.8521537278651902
0.3783669367887339
0.8495132700342864
0.38518187519456504
0.8682932018541507
0.4099948536736657
0.9090545913909562
0.4511524334523376
0.9692081389819809
0.5025639070655157
0.03720157323459894
0.5534073707812642
0.095818501326419
0.5931625675876215
0.13447299156916093
0.6162660586470505
0.15115782409933942
0.6213314933109055
0.14646308679834474
0.6082704373411418
0.1201330698029186
0.5774726916113224
0.07203691724380201
0.5317999745477888
0.007357436643083304
0.4792374905386511
0.940765710096074
0.43123204348874156
0.8883743402005887
0.3968648655454894
0.8573218949856196
0.3799392434866684
0.848059923317543
0.38112550700386016
0.8601281512025574
0.40040542785627364
0.8940723909189069
0.436878594605526
0.9489449993267632
0.4861033338194334
0.016322160833450727
0.5383942056864849
0.07947769619805323
0.582453502599787
0.12483646085498434
0.6110074988656838
0.14829025296717369
0.6216996674132886
0.15019999371288528
0.6142620673292317
0.1306723366860587
0.5888435210633378
0.08916510184973325
0.547199990092379
0.028490448775725374
0.4956116422900054
0.9605389349641709
0.4449952254291736
0.9024933625455179
0.40575167892106867
0.8645921685171003
0.38325925618699297
0.8486511028134949
0.3788165902420977
0.8540777253918925
0.39249897555385127
0.8811645962685108
0.4238788131588249
0.9299670221493571
0.4699525894974932
0.9950035409118041
0.5225523115299839
0.06133954014346621
0.5702106561136727
0.11305948551141487
0.6040144830317679
0.14335278601260315
0.6203207041639138
0.15187993112293108
0.6185116373221962
0.1390730124460302
0.598615372330886
0.10437033969648635
0.5616008591170829
0.04886852579300527
0.5120840662447836
0.9813358362840532
0.45989831321378727
0.918621435712137
0.4162838743740238
0.8739919385821336
0.3883250450021669
0.8512910954156715
0.37825511509739274
0.8501119103016368
0.38631532683080794
0.870388329384415
0.4123377247234763
0.9126388458115511
0.4544598729934928
0.973820281444193
0.5062115988967655
0.04170792738136275
0.5565881639661531
0.09917008977195696
0.5953138915222137
0.13631658699395555
0.6171940502366945
0.15151490375756227
0.6210139344889607
0.14535594832455723
0.6067104998729673
0.11751159525592714
0.5747517685312168
0.06800872605535835
0.5282867518056944
0.0026338101693323956
0.4756640235554291
0.9365736093088436
0.4283635934176864
0.885532609587226
0.3951270994265106
0.855998225315093
0.3794407447881101
0.8482052333969928
0.38187261290258134
0.8617517574774946
0.4023843888434402
0.8972122745850969
0.4399350503821362
0.9533332131889701
0.48973185310129086
0.020999980501537063
0.5417985585241438
0.08325699354020255
0.5849597534592205
0.12715341991628204
0.6123211415054322
0.14910226152734563
0.6217687161968484
0.14955099091192992
0.6130859552668955
0.12852478438363857
0.5864615452885447
0.08553382483136795
0.5438683611547404
0.02386039483172664
0.4919668710017624
0.9560584878808049
0.44184279469594023
0.8991913184891986
0.4036408198075927
0.8628007092515432
0.3823740273175067
0.8483441413641821
0.3791769337878015
0.8552359334178736
0.39410109937130255
0.8838383160949315
0.4266353492282542
0.934035414027817
0.4734815472692899
0.9997297202349597
0.5261130330181936
0.06549436096348948
0.5730449657380271
0.11584930870130172
0.6057103384024096
0.1446251137334551
0.6207764105965505
0.15168457547017145
0.617721744667215
0.13739750062556655
0.5965953690490144
0.10117990261846632
0.5585139811075962
0.044450381129397254
0.5084494039730083
0.9766711445571297
0.45651558825884875
0.9148873257063742
0.41381577352605303
0.8717274618714028
0.387053960548416
0.8505296432909665
0.37822883842587496
0.8508113315764898
0.3875340717279765
0.8725883336496787
0.4147585255391837
0.9163166117071618
0.4578149155282727
0.9784667872851925
0.5098524477495352
0.046161186313359526
0.5597115739763072
0.10242224885765694
0.5973840942406387
0.138055977444985
0.618036506907305
0.1517717744395093
0.620610803671489
0.1441465873901806
0.6050662671055604
0.11478571685760963
0.5719600562163747
0.06390099913839209
0.5247429731192343
0.9979066588857256
0.47211698503105604
0.9324570120828298
0.425563899766763
0.882794816797381
0.39347324831333363
0.8547771543389358
0.37902782855835415
0.8484506521631033
0.38270528682415916
0.8634792501313268
0.40444526810793047
0.9004529802536191
0.44305173302351775
0.9577800776543722
0.49337166447657266
0.025650041512288002
0.5451588448713315
0.08694531282610196
0.5873893924401327
0.12936542245948401
0.6135496319088167
0.14981322131084251
0.6217522210631823
0.14880109146086484
0.6118246086725203
0.1262723090996689
0.5840022133544029
0.08181013468765985
0.5404906967554097
0.0191989171137541
0.4883309433604367
0.9516336672824908
0.43874904550134763
0.8959893594419703
0.4016114534916386
0.8611133164096527
0.38157435042775756
0.8481373384341211
0.37962285428926035
0.8564965316807414
0.39578735671460263
0.8866162506228309
0.42946178379139655
0.9381815754110998
0.4770392219113737
0.004456261341994727
0.5296454612225447
0.0695718260187137
0.5758095854378621
0.11853496492770521
0.6073220992313006
0.14579501257544614
0.6211465389862518
0.1513890715916233
0.6168462966519141
0.13561795511836539
0.5944937912167111
0.0978892377045728
0.5553681297515027
0.03997603984738296
0.5048054414480373
0.972037198717489
0.45317853583690537
0.9112453689191407
0.41142489363599255
0.8695679163890674
0.385868096181174
0.8498691153086132
0.37828810555761283
0.8516117725015342
0.3888379850670649
0.8748932902343924
0.4172560801104046
0.9200856299913006
0.4612143945515277
0.9831417381389741
0.5134824592954399
0.050556350192967114
0.562775040558425
0.10557371750912492
0.5993724553368144
0.1396914472602242
0.6187933981566531
0.15192852817935965
0.6201220913422041
0.14283466669515654
0.6033380769475595
0.11195584525358315
0.5690993708984305
0.05971733889525965
0.5211723377312074
0.9931823093087366
0.46860008379319673
0.9284195528222965
0.42283479468513296
0.8801613873637527
0.39190365672711636
0.8536583439988958
0.37870048548049096
0.848796267586318
0.3836234999038506
0.8653109167626709
0.40658735561197235
0.9037932697358126
0.4462260989677329
0.9622806216484526
0.4970187769024075
0.030266407775008553
0.5484718838886491
0.09054036637738805
0.5897412303274743
0.13147253626629918
0.6146928418604678
0.1504233743062211
0.621650181247561
0.1479500423579072
0.6104781676412645
0.12391487037138482
0.5814667595043235
0.0779964163891198
0.5370702254091783
0.014512008809800303
0.4847078381408176
0.9472693459290429
0.4357164649594598
0.8928886476577537
0.3996642556281651
0.8595296921358533
0.3808602491260198
0.8480306197968731
0.38015436018188775
0.8578598602000029
0.3975573801210128
0.8894979227515428
0.4323562306527946
0.9424017638342015
0.48062187319496896
0.009176840848453605
0.5331459301382927
0.07356844064691437
0.5785027522871661
0.1211160924076029
0.608849449278388
0.14686281669968304
0.6214310993199312
0.1509933137929078
0.6158853295718302
0.133734103332801
0.5923113947874841
0.09449968444809742
0.5521659214055972
0.03545059738830547
0.5011561828801819
0.9674398547275476
0.44989027345939814
0.9076977288917778
0.40911236667396444
0.8675132012132608
0.38476756567439074
0.8493092843615788
0.37843291921145794
0.8525134996799507
0.39022691033557577
0.8773032018172311
0.4198290946886831
0.9239433876518031
0.4646550213273537
0.9878390730948544
0.5170976733558403
0.0548886764594303
0.5657761500322565
0.10862342899600064
0.6012783423643268
0.14122330591451826
0.6194647065891431
0.15198522131344938
0.6195477907050018
0.14141984507950123
0.6015263280852953
0.1090225275429364
0.5661716696189399
0.05546162800368615
0.5175786244156946
0.9884670735786902
0.4651169406983957
0.924464587107551
0.42017797290245573
0.8776326227789183
0.39041861425059254
0.8526414655003933
0.37845870539994353
0.8492422029451452
0.38462720770128755
0.8672470129888379
0.4088098480091973
0.9072316990950985
0.44945545966051337
0.9668296292684432
0.5006691761383455
0.03484331009159636
0.5517346230142005
0.09404011242179111
0.5920141911047732
0.13347489291909787
0.6157506710022358
0.15093293213930403
0.6214625921741896
0.14699756424890786
0.6090468063123099
0.12145250607507352
0.5788565382537287
0.07409531301941374
0.533610294203487
0.009805791233031602
0.4811014939475649
0.9429701335046217
0.432747393192771
0.8898901577183136
0.39779981703318756
0.8580495172004512
0.3802317352627669
0.8480239470636187
0.38077145603979545
0.8593262596442783
0.3994107379983014
0.8924827118143825
0.4353166611436494
0.9466919565801323
0.48422568631117935
0.0138851659388195
0.5366108663213495
0.0774809874368183
0.5811228386630799
0.12359244654698065
0.6102921240326744
0.14782884813573283
0.6216301014571671
0.15049716139251368
0.614838896751069
0.1317457086396221
0.5900490319417842
0.09101279426996456
0.548910116057249
0.03087938577742655
0.4975056493633256
0.9628847886867558
0.44665378722615245
0.9042463281083539
0.4068792140080568
0.8655631564856702
0.38375245693580995
0.8488499548214197
0.37866328565454
0.8535168042728438
0.39170065448977387
0.8798179870862107
0.42247615274129613
0.9278871096407936
0.46813339235950147
0.9925526179493279
0.5206941758073327
0.05915369054411235
0.5687126357897437
0.11157049744249914
0.6031012045267142
0.1426518805601873
0.6200504252434929
0.15194187424652972
0.6188879000100835
0.13990178404465015
0.5996314867027147
0.10598646153858682
0.5631790533400539
0.05113802869808515
0.5139656814329778
0.9837672171602558
0.46167107957309517
0.920595195322368
0.4175949960746488
0.8752087140504585
0.3890183618623184
0.8517262049003644
0.3783024791692471
0.849788616094558
0.3857163472393732
0.8692877543839961
0.41111184287747626
0.9107666064867712
0.45273698460706635
0.9714216571268209
0.5043188374413754
0.039375171466121905
0.5549441440024718
0.09744274517220353
0.5942073067296237
0.13537267825535793
0.61672304296678
0.15134207400306776
0.6211894461160108
0.14594335520288304
0.6075307379792232
0.11888534394824068
0.5761730293880682
0.07010973333431192
0.5301143610338364
0.005086483801492125
0.4775157975900554
0.938740367652484
0.4298440234996952
0.8869946902916341
0.39601865012282866
0.8566724583286762
0.3796888115553232
0.8481173178322396
0.38147414017030945
0.8608960646218398
0.40134692789039517
0.8955698392804676
0.4383409014706001
0.951047852790619
0.4878467822071524
0.018575006446746922
0.5400367977097954
0.08130652168439312
0.5836683476975777
0.12596388670280811
0.6116499045621135
0.14869341150108317
0.6217435534673884
0.14990043964725785
0.6137070716251996
0.12965257864771185
0.5877076567205572
0.08743034227360802
0.5456036136292564
0.026267954599255017
0.4938578660703568
0.9583774728381557
0.44347192626750553
0.9008928583587832
0.4047263516990911
0.8637175726066628
0.382822835652489
0.8484909642969076
0.3789792137802457
0.8546219978528304
0.39325898257623493
0.8824374687825158
0.42519571001484247
0.9319137519145423
0.4716459974250493
0.9972761158820084
0.524268109910768
0.06334719312362136
0.5715823774839308
0.11441420384833334
0.6048405661263379
0.14397750882770044
0.6205505550120662
0.1517984713759395
0.618142425023742
0.13828015463003918
0.5976540931947815
0.10284851003819773
0.560123769083829
0.046750979174134955
0.5103374158928385
0.9790889270773386
0.458265918626793
0.9168141880246405
0.4150872974905393
0.8728897545800856
0.38770309787449286
0.850912268058987
0.37823180010648105
0.8504356983176846
0.38689083377626465
0.8714333079590753
0.4134923332065372
0.9143961008202119
0.4560677056805853
0.9760510549924825
0.5079637384297531
0.043856629678544534
0.5580976679572456
0.10074668402919684
0.5963197117531476
0.1371661234912609
0.6176099019311491
0.15165094518563116
0.6208307333646583
0.14478709522184774
0.605930220725921
0.11621361396729268
0.5734178428165058
0.06604285806472743
0.5265859863192842
0.0003603728155250341
0.4739545730579727
0.9345841083797112
0.42700840377725124
0.8842028862774485
0.3943211955537749
0.8553981752648877
0.3792314741234899
0.8483107656960842
0.3822624020911327
0.8625695966540888
0.4033653698175703
0.8987583545746006
0.4414266311363024
0.955464878630118
0.49148122852865495
0.023240226205594627
0.5434203619731053
0.08504236527632458
0.586137908450402
0.12823036369619745
0.6129226118114818
0.1494567893962544
0.6217714603966203
0.1492029411523581
0.6124899511384758
0.1274545740010229
0.5852883304314158
0.08375433815719724
0.5422494490941822
0.021622048819016637
0.4902168493823231
0.9539231545087454
0.4403473982780519
0.8976387919638114
0.4026545959831347
0.8619761988260168
0.3819787485616044
0.8482321848467169
0.37938071370792104
0.8558294075432573
0.3949016118548383
0.885161360923145
0.42798608979304564
0.9360199958562688
0.47518922809840447
0.002003259120033629
0.5278156870292563
0.06746526412598675
0.574383399034581
0.1171539818359264
0.606496019862236
0.14520053190760285
0.6209651021560131
0.15155496114916645
0.6173113815973151
0.13655464457715571
0.5955947687448844
0.09960971485320358
0.5570082109099745
0.04230518678392303
0.5066977825062702
0.9744382810807983
0.4549047623499498
0.9131241127373426
0.4126561869885883
0.8706757522338839
0.38647298338139624
0.8501993848839983
0.37824666498498116
0.8511836726461944
0.388150557215184
0.873683783054847
0.4159502020818695
0.9181180512791636
0.4594445225442778
0.9807119894151602
0.5115998719083852
0.0482825567476044
0.561192559193592
0.10395056193641605
0.5983506377200962
0.1388554968838125
0.6184112094974916
0.15185965608818752
0.6203864438408838
0.14352845143560966
0.6042455635227166
0.11343766149357482
0.5705927231665789
0.061898144689504386
0.5230288242436179
0.9956337794521304
0.47042157110575755
0.9305051355591525
0.42424243904069847
0.8815152411044982
0.39270782895541867
0.8542263275285542
0.37885971491351933
0.8486043601153427
0.38313621991759517
0.8643471568809282
0.4054653998055664
0.902047121255012
0.4445713825975681
0.9599381957898251
0.49512505116743144
0.02787481325451302
0.546758314350688
0.08868609928570415
0.58853027092584
0.1303919081737348
0.6141101014197912
0.15011923852988174
0.6217138235365323
0.14840442782618468
0.6111876595493253
0.12515161782768125
0.5827922268904833
0.07998703625346204
0.5388507865594706
0.016947583813688327
0.48658659415945565
0.9495268383120204
0.4372827662906802
0.8944853938284862
0.4006646690019968
0.8603387513590341
0.38122022644185005
0.8480735237599459
0.37986779498438605
0.8571393705100743
0.39662820551065003
0.8879892553258413
0.43084547849228993
0.9402022443950779
0.47875938674634155
0.006727721188235725
0.5313331967497825
0.07150426381124642
0.5771138656347443
0.11978940337354382
0.6080672201027579
0.14632128797672328
0.6212940759562879
0.151211256273589
0.6163947983261553
0.13472496575373683
0.5934542216704197
0.09627131037436287
0.5538349195962955
0.037805617790342305
0.5030507717528274
0.9698212181803734
0.4515907939622785
0.9095272619156298
0.4103028559911295
0.8685666405436887
0.38532814716998054
0.849587312832669
0.37834707449401783
0.8520327915478889
0.3894953780637298
0.8760392215208894
0.41848421750302256
0.9219300777315688
0.46286420901463954
0.9853984699301014
0.5152232584535152
0.05264807500988278
0.5642263278032624
0.10705321293331149
0.6002994072978716
0.14044109580839503
0.6191269418073579
0.151968281617604
0.6198565690580049
0.14216708389971489
0.6024771326753837
0.11055796103004756
0.5676995539502709
0.05767933033038197
0.5194466135177063
0.9909130273639357
0.4669204594133516
0.9265069491688767
0.4215478948360978
0.87893211892182
0.3911788676157608
0.8531565807826573
0.378573523954594
0.848998206111172
0.3840955576503453
0.8662290185017865
0.4076462636782936
0.9054348037478253
0.44777254226234486
0.964462713499894
0.49877424635786016
0.03247290845355866
0.550047534886997
0.09223555548240148
0.5908443009954835
0.13244861984024325
0.6152122590818615
0.1506809865877543
0.6215706402414131
0.14750463356897248
0.6098003527227508
0.12274370595874706
0.5802206375549502
0.07613094465615822
0.5354109124994426
0.012250618045529738
0.48297106134417706
0.945193271823147
0.43428044678790534
0.891433734262639
0.39875720482026744
0.8588049211393436
0.3805472869132971
0.8480149240171779
0.380440464478776
0.8585522278994064
0.39843836607823513
0.8909206076248589
0.4337719217863625
0.9444566201964673
0.482352696018407
0.011443189369362727
0.5348170164531174
0.07546083131320724
0.5797720799750863
0.12232016473329788
0.6095538762784711
0.1473401060603048
0.6215374865698333
0.1507672341378843
0.6153927193268125
0.13279086185888023
0.5912332534847118
0.09283473650097562
0.5506065809581837
0.033257483581536906
0.4994003975486487
0.9652435109992842
0.4483270685296641
0.9060256819282202
0.4080283826234683
0.8665622890514456
0.3842686900916621
0.8490758396791205
0.378533033141212
0.8529833339076227
0.3909251228775601
0.8784995870787949
0.4210930272937312
0.9258295420870786
0.4663234201931563
0.9901043773898379
0.5188299585844511
0.05694856967282891
0.5671966308598612
0.11005365898858988
0.6021654281130525
0.14192323915669247
0.6197570868110194
0.15197686084756645
0.6192411043462869
0.14070265189631614
0.6006253584910234
0.10757513037374955
0.5647403610933008
0.05339043237399155
0.5158431676238435
0.9862044102505536
0.46345481327275695
0.9225927718669305
0.4189264013234726
0.8764537664308588
0.3897345769728695
0.8521886127150411
0.37837289136793273
0.8494924437056379
0.3851403623177698
0.8682154189071752
0.4099071111426267
0.9089198547834386
0.4510273528499815
0.9690331040764595
0.502424793208677
0.03702883204256224
0.5532850349226761
0.0956888068824675
0.5930789752324379
0.13440065751893182
0.6162289964324195
0.15114222981656944
0.6213419043047668
0.1465032676512199
0.6083282229577007
0.12023091799652619
0.5775749765709863
0.07218883335037374
0.5319332282967476
0.0075373238418785515
0.4793741660454093
0.9409269347965753
0.4313427091770483
0.8884847024592828
0.3969327557298725
0.8573743812833878
0.3799599371116811
0.8480563645277419
0.3810987240597732
0.8600683183238066
0.40033162872297146
0.8939547230132776
0.43676332147928565
0.9487789663297838
0.4859653088810547
0.01614339700998313
0.5382636203818955
0.07933188104871669
0.582356477906735
0.124746072924806
0.6109557465414701
0.1482573004328802
0.6216953431783067
0.15022273753679882
0.6143052071939462
0.13075211647731133
0.588932764669502
0.08930165081630159
0.5473260228218806
0.028666223392629808
0.4957506845566304
0.9607107404167166
0.44511650690789173
0.9026211829613527
0.4058337369360461
0.8646625128687643
0.3832946889375848
0.8486647855967882
0.37880454860297474
0.8540356012659912
0.3924395791603752
0.8810647538166543
0.42377515410184685
0.929813540716257
0.46981870022015393
0.99482349395724
0.5224160843997079
0.06117969784608457
0.5701012722763741
0.11295109625121835
0.6039481863169771
0.14330226000271895
0.620301641641092
0.1518853968665117
0.6185400512557058
0.13913482063688298
0.5986907420125387
0.10448994491375507
0.561717315604862
0.0490357464159894
0.512222364490898
0.9815141597682862
0.46002810675758
0.9187655535018325
0.41637945781827
0.8740803261364126
0.3883751767725616
0.8513221183310942
0.3782578090369717
0.8500872470041855
0.3862705608981738
0.870306551411637
0.4122469901499799
0.9125005036259712
0.4543329170623709
0.9736438218833323
0.506072666504281
0.04153710768669727
0.5564679626715879
0.09904415740172023
0.5952333756195131
0.13624822994347907
0.6171602473925395
0.15150313125386483
0.6210276068715705
0.1454000188460558
0.6067715043554458
0.11761342925435558
0.5748567857128237
0.06816374119647839
0.5284212422185535
0.0028139567421554545
0.4757997661980518
0.9367320318485359
0.4284716765773191
0.8856390204662319
0.3951917987973177
0.8560467942947619
0.3794581762707421
0.8481978602081994
0.38184256812805906
0.8616879709917297
0.40230745452626127
0.8970907419699105
0.4398174333456246
0.9531648498055137
0.4895933192428137
0.02082215529946807
0.541669588236462
0.08311459737704041
0.5848656237399608
0.1270670328017458
0.612272631819019
0.1490731656536679
0.6217676525214659
0.14957757581042674
0.613132346222361
0.12860856158955913
0.5865537601916637
0.08567393994137884
0.5439962107386811
0.02403748372474679
0.4921056553238685
0.9562282729381514
0.44196189068890535
0.8993153497998034
0.40371978628138816
0.8628670815648436
0.38240619989219016
0.848354004640859
0.37916163056369756
0.8551899133231553
0.3940384897375129
0.8837344938271214
0.42652899054204263
0.9338788981213386
0.47334649055002287
0.9995495343092515
0.5259778106131336
0.06533739419880957
0.572938201405134
0.11574488091020485
0.6056472399482243
0.14457849853329896
0.6207606100751155
0.15169385676634328
0.6177534200769024
0.13746326828324062
0.5966738616810133
0.1013033518158406
0.5586327351791532
0.04461984115817952
0.5085881355633841
0.9768484141618587
0.45664370436457635
0.9150279772019966
0.4139084376144184
0.871811848848901
0.38710084677986245
0.8505568145721263
0.3782282718495522
0.8507828228056857
0.3874860569294585
0.8725025564679891
0.4146648414864007
0.9161747451447186
0.4576862024483703
0.9782891254535845
0.5097138495763178
0.0459924835954717
0.5595936077094241
0.1023001306469622
0.5973066840709148
0.13799158715704984
0.6180059648926057
0.1517638195059834
0.6206277378301565
0.14419456027693123
0.6051304786877653
0.11489152351922405
0.5720677391298047
0.06405898153633993
0.5248785609015219
0.998086823848395
0.47225165183331175
0.9326124883916778
0.42566932779320155
0.882897257435912
0.3935347425640232
0.854821818988103
0.3790419982091695
0.8484394619273561
0.3826719810490402
0.8634114985485568
0.4043652239045068
0.9003276262234674
0.44293186612912994
0.9576095683164378
0.4932327731910062
0.02547338412398603
0.5450316132866511
0.08680642783342751
0.5872982053304029
0.1292830349754106
0.61350437035519
0.14978797230832264
0.6217544178978756
0.14883152651267917
0.6118742459894118
0.12636008666644716
0.5840973548224212
0.08195373003133932
0.5406202425825424
0.01937709477387739
0.4884693174535672
0.9518012411702221
0.4388658583151346
0.8961095534556398
0.4016873009092463
0.8611757275133856
0.381603261657832
0.8481433857385913
0.37960428911294164
0.8564466027564301
0.39572154666779813
0.8865084640747736
0.42935279459480835
0.9380221621312639
0.47690313870113643
0.0042761776313624544
0.5295113849808881
0.06941787351365125
0.5757055105373191
0.11843451489788626
0.6072622122010184
0.14575229528559008
0.62113400010904
0.1514021717682117
0.6168812324522587
0.1356876932372857
0.594575379811038
0.0980164838535722
0.5554890845619953
0.04014754997013825
0.5049444542652863
0.9722131880324212
0.4533048531646664
0.9113824667576392
0.4115145929653343
0.8696483053396338
0.38591173197186857
0.8498924442044553
0.3782842784389653
0.8515794086297448
0.3887867267122209
0.8748035122318283
0.41715949352817283
0.9199403297574104
0.4610840473007207
0.982963102409229
0.5133443470372354
0.05038995038474292
0.5626594042244115
0.1054554578778486
0.599298176706933
0.13963101238826292
0.6187661178764523
0.1519243879603902
0.62014228760394
0.14288655491420954
0.6034054816782788
0.11206560651510866
0.5692096477589337
0.05987814611005016
0.5213088803658477
0.9933622515826421
0.4687335349460662
0.9285719495021839
0.42293750029079713
0.8802598439041824
0.3919619337745228
0.8536991170702233
0.3787113936827349
0.8487812562998522
0.38358693449574277
0.8652391896573961
0.4065042302584847
0.9036641451763939
0.4461040818367432
0.9621081604163024
0.49687968081388334
0.030091141564817958
0.5483465099349467
0.0904050751826746
0.5896530290465918
0.13139414459667553
0.6146508327898706
0.1504019634927516
0.6216556386937675
0.1479843377108403
0.6105310453864056
0.12400664847545628
0.5815647783211226
0.07814339638294143
0.5372013422030977
0.014691044271244458
0.48484565101403637
0.947434527675405
0.4358309024885836
0.8930049636008361
0.3997369598321028
0.859588153821965
0.3808858983441268
0.8480328533028078
0.38013253278784354
0.8578060094329159
0.3974883847999857
0.8893861926491908
0.43224468543032857
0.9422396009672944
0.48048490748405204
0.00899710001453391
0.5330131381511928
0.07341763049572503
0.5784014315053128
0.12101963169416541
0.608792784737041
0.14682398477037917
0.6214218216968556
0.1510102375243889
0.6159235240859877
0.1338078216946612
0.5923960488034528
0.09463067268600822
0.5522889745798685
0.03562395894460546
0.501295323913012
0.9676143436878233
0.4500146755551675
0.9078311950911434
0.4091990601596054
0.8675895971244518
0.3848079471864878
0.8493287789644113
0.3784258313776383
0.852477270071468
0.39017241502718214
0.8772094243583135
0.4197296571075104
0.9237947542857028
0.4645231674093635
0.9876596967470126
0.5169601971851248
0.05472475546881039
0.5656629329319347
0.10850906520015524
0.601207217842499
0.14116681429229905
0.6194406884985616
0.15198489431950568
0.6195712492516143
0.1414756616280166
0.6015969095739973
0.10913621987963973
0.5662844632122637
0.05562510690871658
0.5177159765347639
0.9886465532273965
0.46524903991498423
0.9246137813335034
0.4202778939607328
0.8777270858392082
0.3904736639872737
0.8526783592872654
0.37846635253280714
0.8492233652695576
0.38458738467434794
0.8671713012997903
0.40872367390578623
0.9070988629621941
0.4493313973930031
0.9666554192378007
0.5005300285241789
0.03466965158278201
0.5516112206136322
0.09390848845596489
0.5919290146524594
0.1334004909957789
0.6157119177769541
0.15091535203212514
0.6214713104699326
0.1470357309907282
0.6091029171647163
0.12154828170132803
0.5789573805267298
0.07424557209603044
0.5337428523071631
0.009985449187775552
0.4812385963578217
0.9431327523514255
0.4328593689396456
0.8900025617212555
0.39786935698314974
0.8581040419395926
0.38025412220102117
0.8480223675750109
0.38074636635287806
0.8592684741172298
0.399338575109631
0.8923670646177408
0.4352026398649498
0.9465272025738374
0.4840879847467805
0.013706006886664568
0.536479492987295
0.07733343723851305
0.5810243316102401
0.12349998248531646
0.610238691188892
0.14779388958046846
0.6216240847359282
0.1505179146725817
0.614880347598328
0.1318234155066036
0.5901367170661168
0.09114746143572638
0.54903515980539
0.03105439141718702
0.4976447651905773
0.9630575645402418
0.4467761627529607
0.9043760936901255
0.4069628646848713
0.86563556641861
0.3837895812478611
0.8488656219876933
0.3786529368111058
0.8534766974272546
0.39164293031822783
0.8797202149504717
0.4223739204629906
0.9277352538047346
0.4680001635081492
0.9923727380268882
0.5205574839296474
0.05899241391003729
0.5686019216251011
0.11146006009853782
0.6030332536878239
0.14259931948131532
0.6200296694477923
0.1519453603598775
0.6189146207864977
0.1399615416942941
0.5997052258626483
0.10610405541891699
0.563294280920376
0.05130401555794095
0.5141036952112092
0.9839459966132813
0.46180169442522234
0.9207410746701057
0.41769207544654186
0.8752991782188595
0.38907017592169657
0.8517592310350404
0.37830686554408044
0.8497659453916087
0.38567326937148083
0.8692080507290545
0.41102265630307677
0.9106301262549586
0.4526109876418065
0.9712459097057291
0.504179791743816
0.0392033294236982
0.554822821858514
0.0973148530640342
0.5941251900875912
0.13530225810881014
0.6166875481002454
0.15132831838605787
0.6212014256010215
0.1459854052037537
0.6075900730254024
0.11898511043483584
0.5762766363598268
0.07026315567597141
0.5302482267155427
0.005266525768291785
0.4776520424744715
0.9389002633336538
0.4299534565444194
0.8871031548560937
0.39608500764598586
0.856723058995568
0.37970793624687893
0.8481119247804554
0.38144578839986343
0.8608343317756335
0.4012716179646041
0.8954503077280387
0.4382244896730989
0.9508806766197541
0.4877084936884548
0.018396665112961452
0.5399069734069819
0.08116233874683876
0.5835727090875095
0.1258754229002612
0.611599710994925
0.1486623150859252
0.621740797389505
0.14992502974557698
0.6137517755983148
0.12973428043830593
0.5877983346571911
0.08756861647498315
0.5457305349101655
0.026444389067651786
0.49399680335156854
0.9585483310085494
0.4435921691983076
0.901018862937063
0.4048069265166505
0.8637860053574764
0.38285670062795285
0.8485028095908842
0.3789656035555167
0.8545780015764732
0.3931980393341181
0.8823357106358274
0.4250907442978469
0.9317587946354894
0.47151152928879214
0.9970959720019558
0.5241323481440867
0.06318871580086571
0.571474244411756
0.11430771747250423
0.6047758058051209
0.14392886531515758
0.6205330613634077
0.15180577185107014
0.6181724076418686
0.13834386565929302
0.597730967988849
0.10296996938273972
0.5602413423124353
0.04691929983860588
0.5104759414642405
0.9792667723264006
0.45839492086362044
0.9169566502380051
0.4151814828406253
0.872976217938441
0.38775166941303496
0.8509414373364705
0.3782329259193198
0.8504091867020869
0.3868445047380815
0.8713496069699125
0.41340017452496447
0.914256052899438
0.45593988960935805
0.9758739890575422
0.5078249477650365
0.04368680430377703
0.5579785293833596
0.1006225800325602
0.5962406860938015
0.13709967557817748
0.6175776672126896
0.15164100915570522
0.6208459744272006
0.14483304094945693
0.6059927692360747
0.11631736051902153
0.5735241506835599
0.06619931738910645
0.5267210220971916
0.0005405583468918174
0.4740898159427902
0.9347411312757363
0.42711521870210944
0.884307389732776
0.39438435508919945
0.8554448648743274
0.3792473368076956
0.848301557141939
0.3822307888288696
0.8625039045604361
0.4032869364601206
0.8986349782187224
0.44130791996360874
0.9552954595400723
0.49134250377849753
0.023062934381644196
0.5432922127501484
0.08490164687453317
0.586045188287732
0.12814590049283403
0.6128756636784388
0.14942954480220738
0.6217719648356124
0.14923137655112884
0.6125379040672637
0.12754027494359366
0.5853819586988569
0.08389613837064802
0.5423781298217487
0.021799689855536153
0.4903554553469932
0.9540918993402105
0.4404654080440267
0.897760983301958
0.40273206559252817
0.8620406646078804
0.38200935272990044
0.8482402125029078
0.37936384171421356
0.8557815091468883
0.39483746126914676
0.8850556298185346
0.427878457028088
0.9358620687096145
0.4750536599068562
0.0018230922527728843
0.52768099840663
0.06730973038840782
0.5742779197621091
0.1170514653896162
0.6064344644100819
0.14515579297162828
0.6209508703460307
0.15156607860806037
0.6173446252365369
0.13662232049344758
0.5956747539386993
0.09973499650716566
0.5571280358411022
0.042475657009333645
0.5068366684038943
0.9746149628327927
0.4550320281972724
0.9132630654465883
0.4127474305950507
0.8707582159133344
0.3865183068806377
0.8502247071137741
0.3782445302882258
0.8511533110606637
0.3881009817147554
0.8735960817363903
0.41585511594163593
0.9179745213981444
0.45931500788685575
0.9805338303610567
0.5114614885811144
0.048114938996892676
0.5610757019891923
0.10383029438925506
0.5982747306247137
0.13879301039660286
0.6183822361063909
0.1518535360851483
0.6204049468493191
0.143578305745518
0.6043113127111264
0.11354537266839992
0.5707016629109486
0.06205750409980726
0.5231648892282404
0.9958138673638368
0.47055567049245495
0.9306591467396252
0.42434656581635033
0.8816157670630593
0.392767777297387
0.8542691189844072
0.3788723159461398
0.8485913327568573
0.38310134623881265
0.8642774945251868
0.405383869938988
0.9019199469795807
0.4444504687883575
0.9597667229087524
0.4949860422815666
0.02769879746165449
0.5466319616381611
0.08854893296496913
0.5884405146979301
0.13031144306990416
0.6140664036445374
0.1500958364869034
0.6217175885159332
0.14843671813262582
0.6112388561471234
0.12524131958687557
0.5828887586243126
0.08013227195789274
0.538981103844788
0.01712620314995572
0.48672471708724757
0.9496932836848233
0.4373984478801054
0.8946037273651317
0.4007390075323136
0.8603992615001079
0.3812475688883592
0.8480777366598964
0.37984766089276745
0.8570875570295997
0.39656086148859004
0.8878795692277718
0.4307352503618618
0.940041489617078
0.4786228609585681
0.006547772422149656
0.5311997211439647
0.0713518072596735
0.5770111075494923
0.1196908708047375
0.6080088816428585
0.14628044085801895
0.6212831056023733
0.15122619469434095
0.6164313016301155
0.13479661700562318
0.5935372885954839
0.09640036360129711
0.5539568967141326
0.037978043694819164
0.5031898653696854
0.9699965129501533
0.4517162043990335
0.9096626223144162
0.41039111455231514
0.8686451083137455
0.38537021825938567
0.8496087967188855
0.37834167918903283
0.8519985698638695
0.38944256200962357
0.875947519640063
0.4183862530329645
0.9217831612864218
0.46273312096108477
0.9852194486288126
0.5150854334835695
0.05248284604604114
0.5641118441806611
0.10693682274589866
0.6002266429856977
0.14038255897076946
0.6191012304195613
0.15196597544174306
0.6198783342805947
0.14222085980448407
0.6025460674497084
0.11066961620601479
0.5678110511909543
0.05784144224409715
0.5195835637731951
0.9910927769728237
0.46705327714372435
0.9266578203379872
0.4216492686778228
0.8790286557431584
0.39123559366156346
0.8531954866434082
0.3785828637257902
0.8489813552993144
0.3840574252195814
0.8661553760763118
0.40756166777345726
0.9053038862617876
0.4476495280872712
0.9642893853157644
0.4986351063350023
0.032298388886883966
0.5499230952342788
0.09210201940005858
0.5907575498674441
0.13237214789133311
0.6151718155210719
0.15066141898066698
0.6215776659314449
0.14754078940083426
0.6098547864131878
0.12283740723077674
0.5803200213137687
0.07627951550260947
0.53554273892237
0.01242998248454441
0.4831085510293952
0.9453572416346925
0.4343937107930689
0.8915481726101098
0.39882838964385403
0.8588614877928951
0.3805713671752775
0.8480153236765282
0.38041706810382925
0.8584964863358864
0.3983678449614385
0.8908069899488671
0.43365917540015264
0.9442931907104145
0.48221535795158377
0.01126369867412369
0.5346848902213042
0.07531157497268381
0.5796721053004255
0.12222562550450244
0.6094987649536645
0.1473031384547583
0.6215297772920687
0.1507859988337339
0.6154324802947392
0.13286649753652102
0.5913193698127575
0.09296750250320374
0.5507306052659189
0.033431662235213544
0.49953954561534825
0.9654172021243295
0.44845050953620325
0.9061573764139582
0.4081136170611208
0.8666367669407086
0.3843075053914784
0.8490934927281046
0.37852437699231833
0.8529452410538789
0.39086907356246314
0.8784038875857325
0.4209922382955227
0.9256793444522315
0.46619088831980227
0.9899247290773989
0.5186928412522938
0.05678590045169152
0.5670846074233781
0.10994118015711107
0.6020958276814838
0.14186863950833173
0.6197346377010929
0.15197836766874406
0.6192661318626749
0.14076036231737787
0.6006974611960295
0.10769070320524454
0.5648543359661001
0.05355513854574623
0.5159808565499369
0.9863835826066976
0.4635862148748371
0.9227403852273857
0.41902496252586463
0.8765463067038629
0.3897880714806805
0.8522236449797953
0.37837897023130385
0.8494717634715103
0.3850989735012138
0.8681377881178587
0.40981948343891794
0.9087852570855541
0.4509023459971393
0.9688581277806966
0.5022856754667435
0.03685602160198043
0.5531626197661821
0.0955589701848174
0.5929952662460051
0.13432817170009037
0.6161918100237276
0.15112648976477328
0.6213521909979095
0.1465433004939516
0.6083858856806752
0.12032861407124829
0.577677156145673
0.07234062887194415
0.5320664322011948
0.0077171964008693195
0.47951087424102723
0.9410882633079161
0.431453471789625
0.8885952148796046
0.3970007672171514
0.8574270171480747
0.37998075507812157
0.8480529510903911
0.3810720654511732
0.8600086358988104
0.4002579495444136
0.8938372031713517
0.43664813947698256
0.9486130256703362
0.48582730631743454
0.01596460201245109
0.5381329760288383
0.07918593753972925
0.5822593438750169
0.12465553251887829
0.6109038707494141
0.14822420069390052
0.6216908946635493
0.1502453351216455
0.6143482230636803
0.13083174399788966
0.589021894197469
0.08943806228559725
0.5474519839808909
0.028841943538359782