1
0.5637288135593221
0.344595558520453
0.663949271431951
0.4608902429293853
0.12232053900433848
0.39654928085106245
0.333663577714981
-0.21105594313147202
-0.2153264448035872
0.324278069340284
0.3664122454201436
-0.006011996394390928
-0.3573992546485728
-0.27383338426036385
0.36054063174677287
0.5669147929079041
0.0006515549926040531
0.4321078809730426
0.6330831738258533
0.24743519614897114
0.3048172473785452
-0.1621274125063733
-0.15479810183911513
0.3128525116858963
0.266336558040421
-0.33428973880569035
-0.45418566192562365
-0.41593677069174084
-0.09695728613547006
0.5407685136124439
0.3196287678561984
0.593910230209864
0.1781339494447105
0.26114614549187665
-0.21151846520951134
-0.14334416525837734
0.36140408908101884
0.44009303605856853
0.31402382982711896
-0.3246207939207253
-0.4663359569061369
-0.491103573758828
-0.4847499114704739
-0.42510257768534865
-0.11288327473161369
0.562125068698546
0.44909131164854244
0.16090009019066986
0.4007020053364971
0.3150736196300663
-0.2816805270849494
-0.3323917539771919
0.10094911457887074
0.20418709735963864
-0.2266983758490861
-0.10650111089526842
0.3592474482067762
0.3941134111206918
0.08511762941195272
-0.5077900462855995
-1.127951998576997
-1.3469879097998536
-1.109251589932014
-0.518465372085972
0.007836940132620929
0.5067210450435706
0.02912181646339862
0.4501640426389319
0.6996168709859143
0.47843249794392717
0.1819926897612727
0.37859596035698484
0.19031016759193775
-0.5162991054067865
-1.2798555829211946
-1.496142021782561
-1.6989268592227371
-2.430317706888644
-2.925538094485804
-3.6719708924870833
-4.909829263464549
-6.446670204999566
-7.800330208330026
-9.683410641765208
-12.075484533394043
-14.213156658334734
-15.80864568892063
-17.923785723186878
-20.295597022869305
-22.13307085489739
-23.55719685942299
-25.177230448997296
-26.297440459971767
-26.88517209303904
-27.84083038273439
-29.265251353604032
-30.135185679291467
-30.586846921623827
-31.32761057872432
-31.576260615447676
-32.08172584882942
-32.313556483613944
-32.03217351179057
-31.63894864173735
-31.672577330100957
-32.198627448030315
-32.1964030346912
-31.668425205971733
-31.625908094421614
-31.979520366467515
-32.40461371193054
-32.51548554291875
-32.68047129692731
-33.350184122813275
-33.56961934859601
-34.025025490480864
-34.393202900872325
-34.415017072089384
-34.15332507482147
-33.43423472975234
-32.491460620707755
-31.51881302228406
-30.61185777008236
-30.064960368122964
-29.29696210144024
-27.99599616296261
-26.70904217605618
-25.960786512162255
-25.34839364597617
-24.28206243251864
-22.669954187593323
-21.54590856568999
-20.58032395712332
-19.88408956726354
-19.55861806000241
-19.433702693308213
-19.08339941515365
-18.45437471072887
-17.6678397488236
-17.365757341612504
-16.647588998877687
-16.37506579712268
-15.708817080275205
-15.581065632268821
-15.724933691974723
-16.418949584660243
-16.841392469474357
-17.731532328237012
-19.174968599142613
-20.122126450345302
-20.68257139845703
-21.750809308888062
-23.376082318265365
-24.610154627477886
-26.199715893712234
-27.25980657166817
-27.763912046002623
-28.822933037190413
-30.381524739481698
-31.56270239156202
-32.95770517973056
-34.4990036201125
-36.03681475366799
-37.44692023794657
-38.674671454352946
-40.3982278897787
-41.78936564020914
-43.72059305207929
-46.199381158579186
-48.149063871964444
-49.65002352969723
-51.60168827688681
-53.885536218890856
-56.53635297276001
-59.31330165413196
-61.57669060802823
-64.09822930759006
-66.29738073895511
-67.96399244329024
-69.75555822292938
-72.10382664237808
-74.11393412585986
-75.75846950040787
-77.95925862255314
-80.30109031955249
-82.11433497441715
-83.56095010774366
-85.21571437405531
-86.32631177439103
-86.94268205106953
-87.75535659427341
-89.12475797094275
-90.1008704058662
-90.74710189419251
-91.95028333387391
-93.32465690597797
-94.2021581424844
-94.54759528648837
-95.05714405997963
-95.37095825153739
-95.28100931699974
-94.6445577757988
-94.4473056546709
-94.06897442887131
-93.45671890429838
-92.69483976883905
-92.45688078884189
-92.06984404920864
-91.44612422687452
-90.63741990281888
-90.25211174741328
-89.30981032497881
-87.8493400533442
-86.84088026566565
-86.30108881816471
-85.2327086705134
-83.61057055712185
-82.34504096102232
-80.6188730964057
-79.27114222136703
-77.37127677258047
-75.06841703421621
-72.53340495409535
-70.1144536637282
-67.32856020304229
-64.05211916442511
-60.59650399762799
-57.45833274927905
-54.1759863700148
-50.39575389919558
-46.276195035869904
-41.60712179694174
-37.28530111939035
-32.42008440126971
-27.286769410708324
-21.611212016979174
-16.293984984635117
-10.44085350238645
-4.38544149021793
0.03718870569485855
0.3308396333390622
0.13777319555577083
0.5205081013566772
0.9748228930622185
0.5168904876226836
0.1179638819735711
0.34294157606839004
0.10318952912246271
0.5270512428279046
0.045137097411350524
0.40735237386932255
0.4633069936876364
0.3919707681355078
0.9709042627164255
0.6511065478119598
0.7842310540503838
0.46156322290047846
0.0056705915526551465
0.5299350886563543
0.15835573014422444
0.3195586998371258
0.9760790271170574
0.7160078958582101
0.00032230692477508427
0.28350864452568203
0.021953294960686875
0.6838048365338469
0.8552088293113016
0.46631423407419437
0.960397758325219
0.5916632212335466
0.5263055517110988
0.5525986878067926
0.7596542779147049
0.5227276396522251
0.36507765750799326
0.789763874408564
0.7541968172084141
0.2754784039816016
0.24684022624502955
0.6612695257658583
0.548391068341938
0.6022837966687549
0.9900305496507507
0.4126475646694656
0.5446512705368161
0.8308923624378872
0.6037610325807492
0.7146081305888554
0.3687813067245642
0.613980169170242
0.2248727178406824
0.2856509463149983
0.8033038002625377
0.847048224818499
0.3474440189268364
0.39198317728016807
0.08682586200139752
0.4926291389688551
0.8726436234675088
0.6523348473882491
0.8874374543425825
0.4844765287816628
0.027269560562118045
0.47508543899270883
0.8360560704708853
0.674604336855186
0.008850698854057981
0.3121355788765925
0.10029372519899482
0.5601994798907066
0.22581517215151514
0.3408075737046037
0.9869941718914346
0.6786505224114707
0.8723046934557965
0.4664609955009098
0.9440976691743304
0.6133940948426435
0.6468343971996209
0.12433024535952342
0.20959874613327933
0.7556764258702016
0.858442146671841
0.3938712661740986
0.5847722811291707
0.05854458230493087
0.3320006897079324
0.12072882570961063
0.5262797527638909
0.023392418485558508
0.43892608390574495
0.6459087394908565
0.29498338076916397
0.40911759266833414
0.22217057071447677
0.4866753932100334
0.704598553181544
0.4570522157014256
0.0610063132722134
0.45662882138127525
0.7023240390468111
0.4802549827684892
0.18925550545305647
0.3812960917675463
0.19533442662418743
0.4848670400635733
0.7215140659782389
0.5063048444358209
0.3131568072260231
0.6062528917642975
0.244218442524069
0.3255091945855515
0.9112832544397422
0.7917336375478827
0.21018485103274553
0.08893373881675082
0.6723620699892043
0.7478591608138627
0.3803481583872701
0.6324046606188407
0.296242319759342
0.4263851452285774
0.30796518817442653
0.6690410740218642
0.5166311173457672
0.4223241938751654
0.06681692924443094
0.4842597992432829
0.846701729093601
0.6664884555084791
0.9683757935303499
0.3802209485195336
0.41130850176122546
0.14779472436082308
0.43820417436462566
0.5177218467729388
0.659137887283344
0.26925660502989146
0.3264053943537668
0.8894783057816631
0.8090283360433084
0.24774546601259573
0.12947618388860604
0.6063977561620009
0.42858682166414575
0.009132832410120528
0.557731469393667
0.30398818145092044
0.5249455101352574
0.8328550815355937
0.6240121977985922
0.8066054458521199
0.5113790607487845
0.2559454660063185
0.4438582030279239
0.4393244457531029
0.227533193954347
0.464240528246199
0.5768401085447543
0.9480529917032392
0.4978693725631267
0.04022878013240394
0.443281970111967
0.651997298585608
0.31544266054300607
0.46827715674007564
0.5108154211080653
0.5911785316300366
0.9734943529290989
0.4481516967638548
0.7445328060072658
0.5976275883635527
0.7713898686831149
0.49717125116083594
0.21305253395960744
0.38683445136406114
0.1970781969499713
0.48079243049722686
0.697443242070225
0.4410392381002062
0.9829605409107693
0.5844060842780854
0.46761803013094294
0.23827342771496518
0.4533978694446543
0.5077356230960532
0.5891373987143549
0.9664638793820379
0.4603001181075328
0.8166232282989281
0.6818916210817569
0.05397023671462442
0.24075252348673537
0.8714325405002556
0.9047302712868719
0.25191257593013816
0.042092800492298466
0.6866597393389307
0.8447340531365359
0.464049784625308
0.9586070291302669
0.596411922853954
0.5513958691287968
0.6831550994421312
0.3235437444464946
0.4653109322363598
0.4866253920837451
0.46118380072754483
0.3012283505586151
0.6128384898810042
0.2871187094782197
0.4194377692937792
0.28167692926026877
0.5978706794909083
0.2354272582335657
0.3182749781695349
0.8945547355103423
0.8134797083616743
0.24572270594796297
0.12112455732389016
0.6123450719454624
0.46492312157435256
0.19572357798894968
0.40156120400707174
0.28441390441870196
0.6231958886962925
0.3513761031508187
0.6317474255116147
0.32234723313891944
0.5124726958024644
0.7462079229306142
0.5368273436678881
0.4551953046553696
0.2188099592697217
0.4360448222916813
0.43541237025235713
0.21487707602069883
0.45080887806759096
0.5172998647664474
0.6442212133212055
0.20961643170863375
0.23580528749897633
-0.2928341289838986
-0.28448403236818764
0.2678840672493388
0.2667229900482898
-0.2884082113883477
-0.3026391122294053
0.20998163762866506
0.1830765813416847
-0.35234577000372636
-0.44198603863048586
-0.33304415927194847
0.25881576162727876
0.29448771346288033
-0.20526199875827783
-0.16983239813290602
0.35345422130354004
0.4332959211581513
0.2864484897567616
-0.4028974372099363
-0.7730801840850884
-1.6944582031425863
-3.1393012299234906
-4.156498863775166
-4.710049403577397
-5.80318471159252
-7.4225484449035335
-8.781405338721132
-10.68649479375308
-13.10486760838603
-15.182191520383634
-16.752270510812902
-18.879335118427818
-21.38941446090837
-23.542845004439027
-25.844428370651627
-28.60785219062068
-31.72052377585475
-35.38071145790657
-38.66139645568041
-42.41500859016861
-45.88508900234373
-49.723314374199546
-54.11077017698072
-58.141081008994824
-61.73978157670135
-65.89437672376498
-70.39210810070267
-74.54048345129789
-78.82902786694416
-83.6073422060989
-88.73351196694895
-94.41373749669306
-99.80661097250439
-105.72165807929075
-112.18493844877449
-118.13707626549441
-123.6666004710994
-129.67842157623312
-136.19189266535903
-142.18503702269612
-147.66690178338501
-153.63159025527585
-160.0061348713337
-166.35921275464992
-172.28133109450866
-177.65716598871649
-183.49793808437045
-189.33149367719727
-194.67944938676897
-200.53060848582618
-206.48823811307773
-212.40473859792652
-218.0073785853586
-223.58420277419415
-229.4421792969691
-235.10220578086196
-240.428596860867
-245.51337654560317
-250.64491903951114
-256.21643756818696
-261.2432537841358
-265.7135280486335
-270.72628216123695
-276.28990460831835
-281.3139023293912
-285.8251582914871
-290.832490812517
-296.32370376217284
-301.31654519287474
-305.800330380737
-310.813535811045
-316.33998297542365
-321.3960718444389
-326.1137175094647
-330.4663634512201
-334.70215593405095
-339.4700102206798
-344.1335203276681
-348.3826296843405
-352.2571784414221
-355.57525140381097
-359.14699997141867
-362.274343349157
-364.8511476951006
-367.87623593828994
-371.29214193267086
-374.1704193083652
-376.5598514779981
-379.15386118330184
-381.2894041824894
-382.88489056278814
-384.84904285422175
-387.26581275885104
-389.1282874718917
-390.58882232291444
-392.3443470153047
-393.6378721114615
-395.3558201724671
-396.6353837171977
-398.3336777913307
-399.55016301284456
-400.9393263020105
-402.5357410552267
-404.25620072392803
-405.420040806919
-406.31564888149353
-406.7009350108781
-407.6170019720554
-408.90667428953134
-410.50458688613884
-412.1185513618827
-413.3549059284457
-414.15090900588973
-414.4943927049994
-414.8182549314553
-415.6487143008123
-416.92717067975616
-418.45172634604745
-419.809902972739
-421.68612934953524
-424.0751408065693
-426.2108213416046
-427.8062523640547
-429.9242927829815
-432.29742808288034
-434.1380722841986
-435.55384009702254
-437.1544746267237
-438.2954263611987
-438.9018721389313
-439.8304155634375
-441.2463965167907
-442.1054779417583
-442.621823984528
-443.5241202751661
-444.5105147355603
-445.5336840048258
-446.6738691282933
-448.30857314441374
-449.4235347541084
-450.2810458302863
-450.59207905646775
-451.20770875118114
-451.2858468311317
-450.82101224151876
-450.8586859409247
-451.3284850919567
-451.30761216125495
-450.7657962263519
-450.7782812196164
-451.33903706931596
-451.4276692938537
-451.27176903645596
-450.5640290627383
-450.0743943788421
-449.333758252179
-448.1114546684523
-446.5301708999551
-445.05385394474075
-443.39262455323023
-441.3834488784305
-439.00183978290903
-436.6137915906139
-434.5909389492352
-432.86933402190783
-431.5553875231318
-430.4314079599404
-429.074719403914
-427.4660143732417
-425.73926157753766
-424.56828362305555
-423.6290334732453
-423.0935264955079
-422.2491941320257
-420.8478266084876
-419.9015448212032
-419.2782946750694
-418.10678199892664
-416.5889474770015
-415.3664742806506
-413.72958772362074
-412.6451683167317
-412.0012594985257
-411.3529424814914
-410.26009886467017
-408.6113339771975
-407.32122616615993
-405.5289336186738
-403.8373518495184
-402.6209974429239
-401.78850209215574
-401.4968284198031
-401.19405495143565
-400.3683007611296
-399.1324321986769
-397.48471757568547
-395.7835966262013
-394.6271529254411
-393.86988963166016
-393.51895703481296
-393.23421728377673
-392.39517192116114
-391.2151870575733
-389.491432832304
-387.7377079986601
-386.5393649339254
-385.4773986589281
-384.33659329823325
-382.7191808887448
-381.64839958362205
-381.0249597835164
-380.31451839658934
-379.09218176575666
-377.5649477507607
-376.2587740666783
-374.3964043534049
-372.1965165246129
-369.4707441622566
-366.64315204679195
-364.25171593475415
-361.30326989730275
-357.82869329853975
-354.8444433908896
-352.32200454210437
-349.29856587180853
-345.7438189253756
-342.7456942391326
-340.3044080128522
-337.33831317569195
-333.8987549835253
-330.7901333248499
-328.2209372215922
-325.10396039656104
-321.64845074687213
-318.64038928604043
-316.0624035009131
-313.2715589326588
-309.9287748601199
-306.82704068742436
-304.2183515447423
-301.0635972964293
-297.69212908903336
-294.8412824852801
-292.4583418431701
-289.93125681443473
-287.63736130925656
-285.76672867841353
-284.450064083359
-282.9614772788494
-281.60640732965146
-280.5966311675696
-279.90466457123944
-279.5267724900095
-279.2421428294816
-278.40114954346825
-277.2359985210764
-275.5159593958839
-273.85168459255544
-272.634575672398
-271.83432671936373
-271.5147427386875
-271.2466845827723
-270.4217049849227
-269.33361282442314
-267.7635977334335
-266.74859311606656
-266.2906090358764
-265.29361722589283
-263.76037118221296
-262.78298515821945
-262.3507207841281
-261.4692871705239
-260.48102458185633
-259.4265052620405
-258.12379946436164
-256.4301876303152
-254.49999309018253
-252.56977436568863
-250.87601791919994
-249.5736226005543
-248.51981432573848
-247.53517718077688
-246.672660171402
-246.30270007406327
-245.40595765418718
-244.1988888677076
-242.46325602790765
-240.60015868878173
-239.0649317728787
-237.3086958576775
-235.03287221227455
-232.64281209974354
-230.68816688389398
-229.24905034700086
-227.2529014255144
-224.69980276435612
-222.67626908440724
-221.151064461366
-219.17302338465493
-216.70183295595174
-214.7623685106911
-213.37826510907973
-211.60843637139146
-210.18944590343978
-208.25324765784003
-205.7601230808112
-203.82291439354995
-202.38530528053371
-200.58011964175864
-199.0436580522286
-197.35630240983494
-195.23160560424674
-192.55358275265286
-190.05957671931887
-187.36188790924885
-184.2392326224941
-180.5608093362688
-177.09007809155378
-173.32063791998186
-169.0481254973235
-164.6097289848013
-160.52567321088827
-156.53108449371274
-152.64460113826715
-149.19741053951122
-145.22331188128703
-140.69998424831928
-136.70641828642576
-133.2491401832485
-129.2348279080913
-124.66600251322302
-120.57842343635251
-116.75435301095753
-113.48711654748541
-110.17483723034663
-106.36648848401346
-102.14375959763727
-97.48355516556745
-92.76589617367539
-88.60250333820998
-84.77357930974998
-81.49559539425972
-78.20219732647875
-74.37669457499733
-70.16151954159673
-65.47318987871465
-60.691467947360884
-56.42954014827616
-51.92897996302851
-47.66882231037905
-43.89480545415509
-40.46274152289629
-36.901460772055344
-33.66345127456655
-30.902129560355824
-28.46216998897596
-25.891048630576606
-23.672163768296876
-21.945021982882817
-20.406499154687136
-18.55922566047817
-16.91449082762132
-15.554846073709534
-14.38338569009437
-12.839327454425122
-11.766852673809966
-11.24830022903276
-10.172737251779843
-8.60449142154778
-7.376252510596627
-5.757237182201535
-4.694688340794703
-4.155879385316939
-3.1546285977557975
-1.6933908545241576
-0.7543289691144276
-0.3721033404580426
0.4111139115839929
0.8991520297484887
0.7170078168255123
0.07998019390296296
0.17465614476032632
0.7735513038309942
0.9234010363549652
0.33111623958933833
0.2525856776375217
0.6170863266753291
0.35541126978073034
0.6544701608755565
0.41320301876265075
0.8829828837410889
0.7264074186956342
0.12076520807185398
0.13185337306011702
0.7324622855080014
0.8867349949558856
0.4048095528966247
0.6092288142326501
0.16663631024980496
0.24168415527712717
0.7604499064637029
0.835057667070146
0.38903237309676797
0.5853320390225254
0.06618898836937959
0.32200477334515143
0.07682109060814923
0.5730830613880458
0.31624072916565993
0.549910401056756
0.955417335419731
0.5149309087258858
0.12662604222130525
0.34042916536698437
0.08471248125781305
-0.45369516393427234
-0.8323126431904506
-1.6951191809160142
-3.0821772588513836
-4.1942256679113035
-4.783087922819555
-5.916997702963295
-7.328424631317802
-8.24907933803998
-8.61270106396611
-9.338627652004055
-9.591671693333357
-10.148117470704308
-10.25781082508763
-9.811132572882846
-9.880906804590651
-10.329682941996206
-10.289785555589882
-9.71016021084234
-9.670215835178203
-10.118774827677084
-10.189149285358415
-9.742702395018956
-9.852712338355394
-10.407733844613803
-10.65761081867181
-11.373280682398462
-11.690830129817089
-12.527366929315907
-13.459216664888348
-14.249881763966108
-14.483504715937714
-14.65949747900668
-15.304871844735493
-15.425984053388971
-15.297277956860373
-14.635926724755018
-14.394556982461799
-13.810548225222643
-13.74375487659546
-14.233575039192145
-14.169316647873679
-13.618075089110937
-13.443216256943359
-13.073804034532197
-12.455236650143421
-11.682054977378673
-11.415920532758822
-10.869006408496016
-10.730531277876858
-11.144935977340465
-11.119328286101654
-10.714116095291274
-10.85184758020545
-11.436404541769582
-11.804253471109423
-12.69709209168828
-14.116476096798689
-15.163621990014294
-15.733771229814337
-16.858069341601094
-18.41585150586957
-19.69264535887622
-21.49070072222286
-23.256227129472602
-24.46513755844954
-25.553002879247327
-26.82296818391151
-28.59244976866003
-30.667613328887192
-33.226837788026
-35.234908536470314
-36.68843937529084
-38.6578594148665
-41.09354896666687
-43.2203476802029
-44.799744128617604
-46.90919534243256
-49.319498804097165
-51.225030927100946
-52.58036194152692
-54.20515953733302