1
0.7676767676767677
0.6618929787566294
0.6644161841269696
0.7762939821894916
0.013762072250790958
0.24023421925249222
0.33962202872860514
0.3313449494592766
0.21201536353218509
0.968970876886884
0.7505927314154504
0.6595376574286218
0.6757871120316454
0.8057675253262557
0.05533521464677982
0.2615212306706003
0.34071675544265756
0.3127174444112155
0.16715281750867073
0.9111284659007244
0.7225637560085036
0.6594358202574537
0.7035685378235736
0.869645211648433
0.12873111849939844
0.2956996867582291
0.3405572116494866
0.2781510797079303
0.09040753368365406
0.8341653515162598
0.6878546359469733
0.6592841944401278
0.7379089987983478
0.9434905129588145
0.19333571967335006
0.32384181159324754
0.3404837917207173
0.24983048070475533
0.03185328743870475
0.7885632461287316
0.6688778591451525
0.6603320579462912
0.7594315334476538
0.985631463498541
0.22331061432522237
0.33545188295233674
0.33818453612048804
0.2326428103982492
0.0005335592245265808
0.7679974614707336
0.6619721141572572
0.6642870318882064
0.7759035853677119
0.013161416516622282
0.23990211104384174
0.3395750370710209
0.3315630109720775
0.21258391280275424
0.9697831771221075
0.7510109350952203
0.6595600790100506
0.6754234056723385
0.8048865825446332
0.05417712422177123
0.26095817046236514
0.3407169407486852
0.3132809552280107
0.16845347625452356
0.9126524583783422
0.7232739997520015
0.6594285309472692
0.7028405732671115
0.8680277970195454
0.12710308812656734
0.2949649561372778
0.34055061605482817
0.2788697763744481
0.09195396828595226
0.835499916459624
0.6884348204428496
0.6592858814212592
0.7373329165200464
0.9423008515133569
0.19242359996190306
0.32346353333180566
0.34050425467605394
0.2502584994182504
0.032688957628769666
0.7891517284134215
0.6691053503195703
0.6602872424687085
0.7590952595827507
0.9850193802938341
0.2229103080899426
0.3353172026490403
0.33826041155522923
0.23296119202882193
0.0010669775865408404
0.7683191874688909
0.6620528463424684
0.6641606847465049
0.775518282494837
0.01256673707868039
0.23957224512941533
0.33952698953765403
0.3317762773327746
0.21314225043760304
0.9705833041264276
0.7514239508091809
0.6595834559945886
0.6750672071892012
0.8040218315301022
0.053035926034501024
0.26040218309886165
0.3407163387593639
0.3138354787349611
0.16973561204900767
0.9141629633246945
0.7239789597462312
0.6594209737681807
0.702117241014699
0.866418465460697
0.12547257593880445
0.2942281227610668
0.34054444117063687
0.2795915987144091
0.09350924948560557
0.8368497234600737
0.6890226228414702
0.6592882735256214
0.7367509309604776
0.9410966228999953
0.19149659110960604
0.32307823516177336
0.34052372186867763
0.25069111923030674
0.03353576257133839
0.789749884172501
0.6693374528004039
0.6602435395794437
0.7587570668302546
0.9844018636829615
0.2225052028093506
0.3351798113965283
0.3383346364102038
0.23327831220939954
0.0016001360653592478
0.7686418726349035
0.6621351502330146
0.6640371533943221
0.7751381290534178
0.011978156149001329
0.23924470200954118
0.3394779093647997
0.3319847250715473
0.21369028342553764
0.9713710298009862
0.751831638161818
0.659607769310006
0.6747186103419394
0.8031735496517987
0.05191220034660482
0.259853571614755
0.34071493148013743
0.31438066814621224
0.1709983687930121
0.9156586610736381
0.7246780158490909
0.6594132030766295
0.7013992933313404
0.8648188998852102
0.12384136319137973
0.29348999875765536
0.3405387312767745
0.28031584220867467
0.09507184853441153
0.8382136441206163
0.689617564391265
0.6592913348094416
0.736163433446593
0.9398786217696549
0.19055515393951206
0.3226860950308601
0.3405421884924966
0.2511281502633693
0.03439335624915607
0.7903575297620428
0.6695740992448238
0.660200957859268
0.7584170439866074
0.9837790690838739
0.22209538457722955
0.335039742478509
0.33840720959077375
0.23359413342801538
0.002132957927833523
0.7689654671642735
0.6622190031768231
0.6639164311663523
0.7747631361496585
0.0113957300998484
0.23891952774900993
0.3394278182249735
0.33218836135468033
0.21422799393066816
0.9721462327540688
0.752233909736681
0.6596329992743857
0.6743776544260291
0.8023418857644833
0.050806359571018866
0.2593125604447426
0.3407127053029704
0.3149162659510405
0.17224109075341332
0.9171384506391148
0.7253706470138592
0.6594052732119084
0.7006873833514329
0.8632305706660255
0.12221105968358259
0.29275132191035835
0.3405335260622948
0.2810418655212463
0.09664036736403592
0.8395906384108006
0.6902192015354602
0.6592950260924344
0.7355707722364522
0.9386475609328275
0.18959969188224557
0.32228726880634495
0.34055965469189187
0.2515694367662942
0.03526145484233845
0.7909745238212842
0.6698152370941486
0.6601594988667525
0.7580752480043695
0.9831510970954402
0.22168090507151073
0.3348970196435628
0.33847814148719135
0.23390865556080964
0.0026654264965610963
0.7692899559115027
0.6623043887449178
0.663798491791298
0.774393261248643
0.010819433891260388
0.23859672459859604
0.3393767338679503
0.3323872276408655
0.21475545054853518
0.9729089162054789
0.7526307411662265
0.6596591271312726
0.6740443179345359
0.8015268432326552
0.04971862223288692
0.2587792818150172
0.3407096503955356
0.31544211603743344
0.17346335253845102
0.918601492614776
0.7260564519799959
0.6593972375893327
0.6999820421836949
0.8616546831734151
0.12058304253466856
0.2920127271814592
0.34052886021062667
0.2817691179685362
0.09821359937712182
0.8409798108162513
0.6908271509422721
0.6592993058143417
0.7349732295731022
0.9374040223396227
0.18863051159914956
0.321881873372146
0.3405761253781794
0.2520148735730041
0.036139870335990976
0.791600792062413
0.6700608388667648
0.6601191568314742
0.7577316929479465
0.9825179718784376
0.22126176647304963
0.3347516510646138
0.3385474545476468
0.23422192331777092
0.0031975991740449405
0.7696153677835171
0.6623913002910857
0.6636832885972606
0.7740284026497746
0.010249150991167078
0.23827624448124496
0.3393246679141353
0.33258140084561827
0.21527281344626226
0.9736592173265598
0.7530221769279337
0.6596861365692062
0.6737185164546735
0.8007282729759699
0.048648999976592666
0.2582537683338184
0.3407057598726171
0.3159581690868407
0.1746649737758863
0.9200472345816264
0.7267351619717259
0.6593891479821505
0.6992836644668712
0.8600921437185189
0.11895841188198863
0.2912747257321915
0.34052476323820025
0.28249716010842074
0.09979057572430916
0.8423804556271253
0.6914411100037059
0.6593041309274765
0.734371003357353
0.9361484171872407
0.18764778972650964
0.32146997210779804
0.3405916097164523
0.25246441937748765
0.03702853828576069
0.7922363483416823
0.6703109111494938
0.6600799188902466
0.7573863415697009
0.9818796240176697
0.2208379091062027
0.3346036240652437
0.33861518299910864
0.23453403085672364
0.003729616941693603
0.7699417825466067
0.6624797440284065
0.6635707551266246
0.7736683978482246
0.00968466915775501
0.23795798563131676
0.3392716239555935
0.3327709921021347
0.2157803334273809
0.9743974078845732
0.7534083317102849
0.6597140151108403
0.6734001046764708
0.7999458764064069
0.04759729780480715
0.2577359519708824
0.3407010288248844
0.3164644812331152
0.1758460182787034
0.9214754180406242
0.7274066448626637
0.6593810540399052
0.6985925030340057
0.8585435455608632
0.11733796615188208
0.29053769272347263
0.34052125956696666
0.28322567611699245
0.10137059402156945
0.8437920881700336
0.6920608713323473
0.6593094577386878
0.7337641946994633
0.9348809579543724
0.18665154811331686
0.3210515637982163
0.3406061203495583
0.2529181059384422
0.03792753784364011
0.7928813105622395
0.6705655016551879
0.6600417658152893
0.7570391000152497
0.9812358789458415
0.22040920259914198
0.3344529009767361
0.3386813717911128
0.23484512338205432
0.004261708874065739
0.7702693346792219
0.6625697414127463
0.6634608070214332
0.7733130256614664
0.009125682045190153
0.23764179245282158
0.33921759609528834
0.33295614336897206
0.21627834537766688
0.9751238866699775
0.753789387507227
0.6597427552694375
0.6730888821065706
0.7991792174345511
0.046563126774483266
0.25722566914686373
0.3406954532909001
0.3169612064734255
0.17700677863425174
0.9228860673150091
0.7280709009263626
0.6593730030644647
0.6979086726170485
0.8570091750325541
0.11572219795035421
0.2898018644584506
0.3405183687865738
0.28395447728436696
0.10295322788705619
0.8452144599128459
0.6926863302660653
0.659315242625272
0.7331528021562554
0.9336016442393915
0.18564163928168576
0.32062657576333575
0.3406196724424133
0.25337604262669666
0.038837102716899885
0.7935359103365859
0.6708247038575028
0.6600046731530715
0.7566898159501416
0.9805864516214138
0.21997544111488398
0.3342994164065902
0.33874607488258923
0.2351553957370569
0.004794191532906833
0.770598214098315
0.6626613306743268
0.6633533449689353
0.7729620117757592
0.008571796237592633
0.2373274584610474
0.3391625680217598
0.333137022255396
0.2167672568737251
0.975839164679508
0.7541655868631119
0.6597723553908608
0.6727846018663362
0.7984277421856936
0.04554592759693765
0.2567226712651054
0.3406890292596212
0.3174485837110341
0.17814774808398237
0.9242794620915964
0.7287280508679632
0.6593650400383777
0.6972321618837134
0.8554890363975411
0.114111310090391
0.2890673447293979
0.3405161060445734
0.2846834966171794
0.10453831710237904
0.8466475565654704
0.6933174849097887
0.6593214425673997
0.7325367229848321
0.9323102632913405
0.18461774311873436
0.3201948616986152
0.3406322826373216
0.2538384160448852
0.03975762235192093
0.7942004957601492
0.6710886588809915
0.6599686126724016
0.7563382801837701
0.979930947751384
0.21953634294047575
0.3341430761027937
0.3388093530217542
0.23546508816818656
0.00532746340304735
0.7709286637734364
0.6627545673965392
0.6632482584513766
0.7726150371980749
0.008022543034621243
0.23701473200549472
0.3391065126790318
0.33331381551070627
0.21724753295814114
0.9765438443829012
0.7545372228872846
0.6598028201240953
0.6724869818168984
0.7976908047071531
0.0445450030334964
0.2562266397309889
0.34068175178411053
0.3179269195810428
0.17926958222453937
0.9256560962122005
0.7293783172824178
0.6593572078764538
0.6965628525904202
0.8539828929067759
0.11250524994518996
0.28833411961837285
0.3405144824944104
0.28541277512758567
0.10612593950320948
0.848091579448731
0.6939544287509656
0.6593280154616177
0.7319157612901217
0.9310064051623348
0.18357937508246858
0.3197562044113149
0.3406439680103739
0.2543054847535178
0.040689633244447077
0.7948755270759292
0.6713575544986308
0.6599335540099007
0.7559842316669045
0.9792688714688886
0.21909155446476358
0.3339837574981579
0.3388712711844979
0.23577447957726583
0.005861994785361535
0.7712609744078864
0.6628495241004586
0.6631454300227395
0.7722717489868844
0.007477394112596514
0.23670332434681907
0.33904939255375854
0.333486721657303
0.2177196782066122
0.9772385946155655
0.7549046267855606
0.6598341604898623
0.6721957171902344
0.7969676967603447
0.04355955664710809
0.25573720432241664
0.340673614274583
0.3183965683612464
0.1803730534529806
0.9270166259593411
0.7300220009957625
0.6593495478526581
0.6959005442784398
0.8524903206779137
0.11090375926806395
0.2876020795102372
0.34051350573098405
0.28614244087951235
0.10771636679416763
0.8495469114247249
0.6945973363430564
0.6593349202032028
0.7312896425422104
0.9296894915462743
0.18252590552770664
0.31931032334775433
0.34065474511185423
0.2547775694099683
0.041633800834758095
0.7955615654111574
0.6716316212555125
0.6598994663990054
0.7556273655675925
0.9785996390380043
0.2186406583417404
0.33382131192357045
0.3389318958399503
0.236083878681417
0.006398313763156915
0.7715954765032698
0.6629462888495434
0.6630447398337249
0.7719317725746606
0.006935780062306218
0.23639291957556474
0.3389911605663096
0.3336559432464701
0.21818421724917547
0.9779241227317179
0.7552681537220618
0.6598663935426894
0.6719104939018896
0.7962576797473202
0.04258873533525431
0.2552539636873321
0.340664608022486
0.31885791031791877
0.18145900123321113
0.9283618114271635
0.7306594539260884
0.6593421001414519
0.6952449827286282
0.8510107715123614
0.10930643586706079
0.2868710467178406
0.3405131801512984
0.28687268224048323
0.10931000733287943
0.851014069536701
0.6952464429406995
0.6593421165472755
0.730658033603955
0.9283588166333236
0.18145658915969243
0.3188568865465169
0.3406646291618769
0.2552550388587056
0.042590892930882696
0.7962592551246005
0.6719111258891659
0.659866320373022
0.7552673439889461
0.9779225978718338
0.2181831854333569
0.3336555683921727
0.3389912922059981
0.23639361357337974
0.006936989010136507
0.7719325302326271
0.6630449629394359
0.6629460701394008
0.7715947249752726
0.00639711074469318
0.23608318580978893
0.338931761521035
0.3338216791902393
0.21864167488042074
0.978601145649828
0.755628167841834
0.6598995416454669
0.671631001761537
0.7955600168858441
0.04163167308751525
0.2547765067314913
0.34065472198892555
0.319311329804298
0.18252828122849518
0.9296924546782033
0.7312910501715326
0.6593349044056913
0.6945958903023954
0.8495436405204182
0.10771280304295816
0.2861408068838307
0.3405135071914054
0.2876037170559673
0.11090733954458054
0.8524936471883896
0.6959020192867276
0.6593495647781418
0.7300205671404065
0.927013597707556
0.18037060311045927
0.31839552642594127
0.3406736334577545
0.25573829290191963
0.04356174601193996
0.7969693006135612
0.672196362351374
0.6598340893417378
0.7549038087796442
0.9772370499135654
0.2177186299532572
0.33348633877965095
0.33904952164548474
0.23670402022280812
0.007478610318314427
0.7722725136315437
0.6631456577820098
0.6628493095465313
0.7712602281789862
0.005860796392091139
0.23577378708415364
0.3388711340437416
0.33398411758127433
0.21909255682360484
0.9792703613537077
0.7559850272663959
0.6599336313964572
0.6713569468666925
0.794874003883508
0.04068753353637522
0.25430443370072364
0.34064394287180977
0.3197571943424329
0.18358171618118346
0.93100933831866
0.7319171570203615
0.6593280003617636
0.6939529963052862
0.8480883343985672
0.10612238244807193
0.2854111421922143
0.3405144854087774
0.288335759638112
0.1125088400428238
0.8539862492195464
0.6965643430016304
0.6593572252324542
0.729376869070343
0.9256530327308019
0.17926709169684818
0.31792585861793277
0.3406817690331314
0.25622774263597137
0.04454722610796713
0.7976924386995446
0.6724876408554867
0.6598027509530711
0.7545363957978248
0.9765422782338056
0.21724646708526407
0.33331342415753573
0.339106639337885
0.23701543048902707
0.008023767803847281
0.7726158096823359
0.6632484911317986
0.6627543567858969
0.7709279220665237
0.005326268400595691
0.2354643953367408
0.3388092129107496
0.33414342936176666
0.2195373321166567
0.979932422300779
0.7563390698322423
0.659968692267094
0.6710880625516678
0.7941989965438947
0.03975554906776546
0.2538373758403063
0.3406322554472936
0.3201958357949528
0.184620051166688
0.9323131679261824
0.7325381075043298
0.659321428256171
0.6933160655920034
0.8466443363428047
0.10453476595922861
0.28468186437728193
0.3405161103995702
0.28906898755563737
0.11411491077263225
0.8554924236248443
0.6972336682176765
0.6593650577339429
0.7287265875581619
0.9242763617728813
0.17814521554825546
0.3174475028898358
0.34068904459147875
0.25672378936696827
0.045548186243420385
0.7984294079486491
0.6727852754800057
0.6597722881653287
0.7541647499164563
0.9758375755323954
0.21676617222200534
0.33313662197490523
0.33916269234283836
0.23732816023279413
0.008573030806203752
0.772962792918653
0.6633535828378014
0.6626611238265743
0.7705974762147956
0.004792998798082593
0.23515470190602072
0.33874593165318667
0.33429976314606913
0.2199764179749364
0.9805879120496865
0.7566906002843945
0.6600047550249666
0.670824118360726
0.7935344339481283
0.03883505450329672
0.25337501261771944
0.3406196431629498
0.3206275345855034
0.1856439155347498
0.9336045214715422
0.733154175997837
0.6593152291957938
0.6926849237698529
0.8452112638489764
0.10294968224607981
0.283952845541948
0.34051837456135936
0.2898035102385599
0.11572580958562573
0.8570125939353287
0.6979101952402851
0.6593730210055406
0.7280694219236064
0.9228829288512848
0.17700420247450133
0.31696010504664596
0.34069546671828155
0.25722680322378366
0.04656542267989394
0.79918091649527
0.6730895709570679
0.6597426899718215
0.753788539999666
0.975122273092075
0.2162772408548701
0.3329557337271143
0.33921771815106405
0.23764249812094174
0.009126927535451745
0.7733138162193474
0.6634610503355414
0.6625695381841912
0.7702686000193657
0.004260517430050292
0.2348444279674955
0.3386812253016025
0.334453241439866
0.22041016785631684
0.9812373262531595
0.757039879563975
0.6600418500306018
0.6705649266220004
0.7928798560940995
0.03792551365943364
0.252917085624089
0.3406060889425415
0.3210525077548674
0.18665379347699984
0.9348838084887297
0.7337655582014881
0.6593094452863131
0.6920594775512763
0.8437889160460816
0.10136705396176815
0.28322404489478603
0.34052126673226235
0.2905393413635915
0.11734158858750954
0.8585469964168224
0.6985940420996393
0.6593810721282354
0.7274051497749157
0.9214722405489244
0.17584339719349185
0.31646335858321706
0.34070104035751236
0.2577371026638935
0.047599632388762414
0.7999476101181757
0.6734008093603523
0.6597139517379054
0.753407473038118
0.9743957686210922
0.215779208050626
0.3327705726996866
0.3392717437945727
0.23795869571111172
0.009685926539662937
0.7736691984887154
0.6635710041223359
0.662479544314118
0.7699410506245523
0.0037284259853631596
0.2345333333696733
0.33861503312020713
0.3346039584305289
0.22083886330669977
0.9818810589658249
0.7573871167386668
0.660080005508525
0.6703103463176003
0.7922349151449943
0.03702653743243012
0.2524634084256001
0.34059157614588687
0.3214709014439603
0.18765000472466786
0.9361512412648126
0.7343723566379581
0.6593041195493459
0.6914397290559171
0.8423773077339749
0.09978704189574028
0.28249552968931924
0.34052477175527507
0.29127637685533303
0.11896204434842339
0.8600956262141944
0.6992852198647663
0.6593891661144895
0.7267336506580928
0.9200440177092959
0.17466230687355555
0.3159570247685559
0.34070576951905873
0.2582549361088975
0.04865137431062938
0.8007300424551623
0.6737192374763383
0.6596860751314453
0.7530213066129532
0.9736575513527195
0.21527166637965056
0.33258097133393205
0.3393247855609145
0.23827695937951043
0.010250421051318348
0.7740292139300066
0.663683543481389
0.6623911040246964
0.769614638235987
0.0031964080937099126
0.23422122337666407
0.33854730116792275
0.3347519794466125
0.22126270999202635
0.9825193949808292
0.7577324640125247
0.6601192459020884
0.6700602840794811
0.791599379748593
0.036137892466024724
0.2520138718265914
0.34057608961256647
0.32188278816864635
0.18863269636860913
0.9374068197199379
0.7349745725196308
0.6592992956084247
0.6908257831787186
0.8409766879776446
0.09821007304380247
0.2817674889172017
0.3405288700303324
0.29201438010355174
0.1205866835884093
0.8616581963294438
0.6999836135051016
0.6593972556571228
0.7260549245852981
0.9185982366172829
0.17346063941237055
0.3154409498118982
0.3407096581653364
0.2587804669341358
0.049721036977024013
0.8015286493072791
0.6740450556836615
0.6596590676514253
0.7526298588746922
0.9729072227667943
0.21475428113331008
0.33238678773510566
0.3393768493246292
0.23859744460378596
0.010820717211502684
0.7743940835993802
0.663798752733523
0.6623041958962443
0.7692892284997119
0.002664234879000471
0.23390795289790334
0.33847798451752475
0.3348973420972503
0.22168183811890563
0.9831525086216548
0.7580760151097836
0.6601595904259601
0.6698146922930353
0.7909731322480051
0.035259499945570205
0.2515684442388635
0.3405596167065017
0.32228816899000434
0.1896018461929292
0.9386503309092278