0
0.8813559322033898
0.14056025035695363
0.9693088512267549
0.9048119522277074
0.15396340991048962
0.9444450342071977
0.9254444063830976
0.15794881555036788
0.9240125865434072
0.9460426547199345
0.1533265005891442
0.9032091504955246
0.9713602066813161
0.13921042853169485
0.8796189766479251
0.0023202652291542947
0.11690091317187723
0.8581386357595251
0.032708053798128134
0.09360340838801018
0.8454493759689863
0.05712832063888662
0.0731242592047634
0.8420952535964717
0.07742254977714103
0.05233274391053877
0.847361168549591
0.09841282161924525
0.02655362198957567
0.8621873149971735
0.12210923303027865
0.9953616232668105
0.8848460340371156
0.1431131758960289
0.9653089547244856
0.9079642190273574
0.1550891261859375
0.9413199023179104
0.9283093743163695
0.15781647418543443
0.9211363088638608
0.9493213658837121
0.15189935664875653
0.8999453948332005
0.9755672808473679
0.13636819343556184
0.8761741795869316
0.006951914811032189
0.11340568476590196
0.8556848818180758
0.03664058305227247
0.09048407251167534
0.8444202482551963
0.060212771725929315
0.07025212531831504
0.8423162463004772
0.0803132099228483
0.048992880951101325
0.8488928333947338
0.1017162677766148
0.022277869899445468
0.8651213009812294
0.12552744460632415
0.9907420064982619
0.8883412750101378
0.14546654815294868
0.9614431204776988
0.9110526143009843
0.15602316275966288
0.9382715196611298
0.9311934720297437
0.15750626736015416
0.9182269641982503
0.9527261022439459
0.15026160025153334
0.896602842624511
0.979909272086777
0.1333466467199096
0.8727897399932789
0.011553177770543321
0.10991599646710459
0.8534332791840613
0.040439837531078826
0.08742507255254317
0.843580138683371
0.06322898148428457
0.067351990213951
0.8427163309760844
0.08324460014698021
0.0455207203577741
0.8506376722199684
0.10509584822020734
0.017873858461948444
0.8682247829168396
0.12886999010763178
0.9861664556480654
0.8918193849570006
0.14761483611683968
0.9577108964133034
0.9140833027977366
0.15677023117839317
0.9352843024351876
0.9341129764162024
0.1570156195111867
0.9152711375821512
0.9562670177175621
0.1484093839477909
0.8931898062806733
0.9843693607835426
0.1301682508385804
0.8694978917404179
0.016094879948405527
0.1064557544010325
0.8513898607971904
0.044104218958254116
0.08442192024249628
0.8429254081021703
0.06618983374767806
0.0644103884051912
0.8432981977593013
0.08622641318915569
0.04191079358111316
0.8525968578035319
0.10853747779827927
0.01336503257804278
0.8714699316569652
0.1321020923283811
0.981667021713966
0.8952555714297086
0.14955204295732205
0.9541151692597151
0.9170596669149855
0.1573332483676806
0.9323474562634555
0.937079064946772
0.15634191260645203
0.9122623679321944
0.9599454524945046
0.14634423413786424
0.8897253661172627
0.9889187265968835
0.12686521543895202
0.8663342982274713
0.02054397383755191
0.10304925257944064
0.8495597612507877
0.04763091311479872
0.08147128069448106
0.842453478143347
0.06910510678395765
0.06141742608827849
0.8440643777349359
0.08926286590700716
0.038164697082889276
0.854766566259768
0.11201848407566084
0.008783537071788139
0.8748218136974731
0.1351892202892313
0.9772753585174088
0.898627766069146
0.15127476681186192
0.9506570512361038
0.9199862875119309
0.1577147550496969
0.9294509219621334
0.9401016224946219
0.15548252734366041
0.9091974129218526
0.9637584474322338
0.14407153656781624
0.8862340541595599
0.9935243416938659
0.12347318024309129
0.8633303835070905
0.024872600379875376
0.09971463970784034
0.8479439702055453
0.051022031471843476
0.07856609383541602
0.8421617084224797
0.07198638068850682
0.05836195394631938
0.8450179045227049
0.09235749482148847
0.03428514798773019
0.8571407317815426
0.1155141613791697
0.004160959114000606
0.8782460589332031
0.1381045960125209
0.9730136160918911
0.9019230341297373
0.15278474805795117
0.9473301299906727
0.9228736033018943
0.15791743772418565
0.9265806789484536
0.9431940579866998
0.15443362882158507
0.9060714658429462
0.9677047889517825
0.14159725127883682
0.8827394761482097
0.9981577818483653
0.12002370710102461
0.8605074556118393
0.029065368584032747
0.09645901211160601
0.8465381310191157
0.05428869513343315
0.07569217120973448
0.8420475814552765
0.07485052344691923
0.05522781042288494
0.8461637419242
0.09551682370188175
0.030271248934983674
0.8597139523079617
0.11900259949470371
0.9995217808701258
0.8817147266815193
0.14083238389765906
0.9688904149675062
0.9051399563831453
0.15408845162229579
0.9441189092252114
0.9257393157646427
0.15794334152863065
0.9237172029650957
0.9463751510140788
0.1531889765163803
0.902876497739
0.9717872620148991
0.13892627625847886
0.8792620306673871
0.0027982217758215633
0.11654114123282633
0.8578766165868971
0.033119456633086575
0.09327900484625107
0.8453344488985837
0.05744978366676534
0.07282909896387535
0.8421098217116445
0.07771895896621217
0.051994363319469716
0.8475092856608535
0.09874952067442555
0.02611938270959646
0.8624812132258797
0.12246403304566389
0.9948843982335791
0.8852062868115467
0.1433649660553442
0.9649044772318143
0.9082852575457256
0.15519412431649382
0.9410025686518333
0.9286053371793908
0.15779276944901088
0.9208383542645284
0.9496661089390976
0.15174044398045572
0.8996045826853212
0.9760086066838194
0.13606485682067548
0.8758221730978879
0.007427856464275351
0.11304547889684669
0.8554434449390232
0.03703820297508509
0.09016619498511114
0.8443250283668232
0.060526446799003875
0.06995486986218924
0.8423491486366813
0.08061314679707499
0.04864139979786808
0.8490627014874228
0.1020611208093456
0.021829723780388388
0.8654336321086141
0.1258759056640293
0.9902680110051405
0.888700855151227
0.14569748602432142
0.9610523529142252
0.9113674848552331
0.15610871991517783
0.9379611100570981
0.9314924317545961
0.15746409705207842
0.9179247089568278
0.9530845718038345
0.15008067974423778
0.8962541793714189
0.9803637832651275
0.13302591713713507
0.8724456749105772
0.012024453901728016
0.1095576708335464
0.8532130033775633
0.040823697139324544
0.08711310458590038
0.8435041572062728
0.0635364432608525
0.06705099293908545
0.8427678405914354
0.08354940772950048
0.04515514063272752
0.8508296678411693
0.10544793464032498
0.01741361761572713
0.868553168960851
0.12920873926625376
0.9856987520727603
0.892175800393763
0.14782428667808212
0.957334037044385
0.914392441070502
0.15683670627911628
0.934979527328507
0.934416282424456
0.15695470344513796
0.9149636303573123
0.9566397183878061
0.1482063643896181
0.8928348163002551
0.9848345531772897
0.12983306697684416
0.8691653999330508
0.016558132689430405
0.10610189123411695
0.851191374223039
0.04447398923750878
0.0841155390488133
0.8428683767131926
0.06649215823575982
0.06410453520031512
0.8433685831869603
0.08653670972379635
0.04153103706217309
0.8528107887977232
0.10889476015191679
0.012895750142316587
0.8718109858474842
0.13242742103180172
0.9812090550829491
0.8956063031479369
0.14973947610098026
0.9537525270029565
0.917363400292524
0.15738090034034347
0.9320473346144819
0.9373877074195498
0.15626199364494298
0.9119492136927956
0.9603321690858848
0.1461195436793412
0.889366444780811
0.989391223329587
0.12651923014697175
0.8660169480942704
0.02099592889861457
0.10270212143059032
0.8493834031246048
0.047986480489143446
0.08117001496476317
0.84241513639209
0.0694033194458461
0.061105713140715556
0.8441539054447416
0.08957896054414949
0.037771101721443046
0.8550018503436209
0.11237839572525443
0.008308651724335814
0.8751718338353495
0.13549790772927128
0.9768299791452211
0.898970972352803
0.15144010390364526
0.9503083849699474
0.9202853607081085
0.15774385838314853
0.9291542537744419
0.9404167532601668
0.15538329325162836
0.9088782542995548
0.9641588892859159
0.14382581621653978
0.8858737619730577
0.9940008859365721
0.12311993739779448
0.863030891511173
0.02531102736466817
0.09937552261055194
0.8477895292656497
0.051364100172422766
0.0782688343991671
0.8421417758852654
0.07228194933055487
0.0580429794612729
0.8451269745332386
0.09267989310763847
0.033877827470902844
0.8573967519004075
0.11587427747724366
0.003683371370404087
0.8786018162713137
0.13839450790265584
0.9725823342315915
0.9022580505878341
0.15292847309431945
0.9469942372250193
0.9231695230368455
0.15792825387543052
0.926285691554597
0.9435173753395558
0.15431455727840415
0.9057456076000787
0.9681190765177581
0.14133104933340768
0.8823800475854497
0.9986359002125567
0.11966604364183375
0.8602273839776704
0.029489466003635112
0.09612798205989392
0.8464049088215461
0.05461892211711428
0.07539704561487937
0.8420458490010988
0.07514549873498844
0.054899600556160166
0.8462930131014883
0.09584638119009359
0.02984988114108278
0.8599902182836683
0.11936084703724115
0.9990435799980976
0.8820737628180879
0.1411024428375347
0.9684734376105705
0.9054671987980496
0.15421139227402536
0.9437937905803675
0.9260342296177742
0.15793599574396655
0.9234216536374715
0.946708816978753
0.15304928730435563
0.9025430222635799
0.9722157988198128
0.13864009607605743
0.8789054786305569
0.003276068047925129
0.11618122900115901
0.8576166959783099
0.033529424291677934
0.09295531340720653
0.845221582051501
0.05777035382373619
0.07253381679355986
0.8421262684520066
0.07801564644692682
0.0516547077998486
0.847659611961093
0.0990870659989338
0.025683670053604057
0.8627770857256375
0.12281831367325902
0.9944073891242218
0.8855665746027093
0.14361463345952785
0.9645014165792882
0.9086056294619542
0.15529709626852783
0.9406860250086639
0.9289015287654809
0.15776717474673774
0.9205400237522396
0.9500122137258471
0.15157928492978812
0.8992629268470125
0.9764513658921541
0.13575962544198417
0.8754708322401393
0.007903455118304592
0.11268535281780045
0.8552041589991108
0.03743441255059743
0.08984894795959186
0.8442318081100972
0.06083941941147275
0.0696572941865794
0.8423839549772079
0.08091353738822082
0.0482884946629234
0.8492348416251247
0.10240678322635555
0.021380222487481282
0.865747747759213
0.12622353325400004
0.9897945093904066
0.8890602295647803
0.14592624036868385
0.9606630026725638
0.9116817501248442
0.1561922973906018
0.9376513316768815
0.9317917864872112
0.15742000788470456
0.9176219436990062
0.9534445006743772
0.14989747626469097
0.8959047741814308
0.9808195325839899
0.13270354463610712
0.8721026285475866
0.012495065372351455
0.10919968496893184
0.8529949454590968
0.04120612227052156
0.08680172518165552
0.8434301400584139
0.06384333136383269
0.06674954049813464
0.8428212833300651
0.0838547619865464
0.04478809122997296
0.8510239416889714
0.10580066562128687
0.0169522889989695
0.8688830291729887
0.1295462756397634
0.985231894231821
0.8925317410726805
0.14803148790076692
0.9569586322481057
0.9147010045836352
0.15690123017499902
0.9346752763790633
0.934720094277016
0.15689184104728016
0.9146555544022748
0.9570138801298615
0.1480010853826812
0.8924793017857533
0.985300660405634
0.12949659626144427
0.8688343123945286
0.01702036173444066
0.10574862897955195
0.8509951601933095
0.04484229131939799
0.08380971431653483
0.8428132836028102
0.06679400745055375
0.06379812779431249
0.843440927795348
0.08684758958614891
0.04114983825543561
0.853026950321737
0.10925243419218633
0.012425734459740934
0.8721531323867354
0.13275116842003376
0.9807522726328934
0.8959563268908264
0.14992462626729175
0.9533913507149884
0.9176666075528228
0.15742662788864514
0.9317476324459562
0.9376969577815792
0.15618010127819737
0.9116354613108664
0.9607203086690483
0.14589265656211614
0.889007267190107
0.9898642772030462
0.1261723423355141
0.8657013320023889
0.0214465690493002
0.10235577775365678
0.8492093230609791
0.0483406072269581
0.08086922695981658
0.8423787043127342
0.06970118140158021
0.060793326789275515
0.844245424482201
0.08989567481916128
0.03737609486336724
0.855239297371757
0.11273843399352801
0.007833368512274674
0.8755225812495483
0.13580473872680887
0.9763860079687272
0.8993133441209786
0.15160318323834865
0.9499611073191185
0.9205840257800868
0.15777106660343954
0.9288578511994612
0.9407326386754538
0.15528204398303735
0.9085584441354955
0.9645607439028139
0.14357796291792013
0.8855134622847349
0.9944776918247054
0.12276612193802539
0.8627333468291755
0.025747992028884337
0.09903725426658072
0.8476373127982959
0.05170485822632198
0.07797189261299087
0.84212372586229
0.07257735369843665
0.05772315295100894
0.8452380908905152
0.09300298527482642
0.033469079862851636
0.8576548795152283
0.11623429263285123
0.0032056351508062964
0.8789580132359749
0.1386824097541144
0.9721525339257884
0.902592232749301
0.1530700156932272
0.9466595559845767
0.9234652327163362
0.1579371962648568
0.9259907543265224
0.9438416548881381
0.15419340094693545
0.9054190065844399
0.9685348138768906
0.14106276329512557
0.8820208219602141
0.999114071021342
0.11930805549477785
0.8599493637461878
0.029912088512245916
0.09579775074615449
0.8462738233450615
0.05494805005979453
0.07510201180340936
0.842045986851993
0.07544054450835125
0.054570312106035246
0.8464244129641407
0.09617672968713809
0.029427041421012046
0.8602685413469989
0.11971878871725794
0.9985654157491592
0.8824330196677663
0.14137042196632876
0.9680579142826373
0.9057936896722758
0.1543322407404295
0.9434696543577881
0.9263291727029399
0.15792677721797066
0.9231259144751851
0.947043675419841
0.15290742356698273
0.9022087174659792
0.9726458175754777
0.13835189726944108
0.8785493448852152
0.0037537837109691274
0.11582119761816378
0.8573588787286339
0.033937961270535055
0.09263232413220135
0.8451107678067524
0.0580900533755937
0.07223838961960127
0.8421445958406226
0.07831263375932984
0.05131375770759394
0.8478121558429542
0.09942545943613323
0.025246489376007597
0.8630749184403484
0.12317204657489622
0.9939306202054297
0.8859268746504152
0.14386217269041301
0.9640997703316978
0.9089253430921049
0.15539804811758184
0.9403702520033215
0.9291979692788042
0.1577396873421435
0.9202412995653213
0.9503596952199591
0.15141587313170035
0.8989204316786006
0.9768955455935404
0.1354525194130174
0.8751201898983257
0.008378681592886572
0.11232533160205471
0.854967030399992
0.03782921140429352
0.08953232537188027
0.8441405828877475
0.06115170554422633
0.06935938153014254
0.8424206683733948
0.08121439504828487
0.04793415606319584
0.8494092573331676
0.10275324380154771
0.020929387053243875
0.8660636212505624
0.1265702903996644
0.989321535460594
0.8894193711095433
0.14615280411802978
0.9602750726445168
0.9119954141072768
0.15627389864828878
0.9373421716892869
0.9320915496923778
0.1573739968386798
0.9173186593875566
0.953805892891171
0.14971198952474118
0.895554644859679
0.981276491495997
0.13237956199655887
0.8717606405227946
0.01296497530809404
0.10884206690929799
0.8527791123235968
0.04158710873282878
0.08649093148371945
0.843358084429215
0.06414965642711534
0.06644762188662678
0.8428766619948248
0.08416066844486592
0.04441957262955709
0.851220490942443
0.10615401798321589
0.016489906832151124
0.8692143261247509
0.12988255915738822
0.984765919531731
0.8928871799283251
0.14823643415867682
0.956584685685088
0.9150089964824464
0.15696380549301026
0.9343715397181303
0.9350244218738675
0.1568270296840626
0.9143469063545528
0.9573894995862673
0.14779355221635448
0.8921232894106395
0.9857676452737887
0.12915887858609487
0.868504667159577
0.01748153212847292
0.10539599158081403
0.8508012220219783
0.045209124084355956
0.08350444100798615
0.8427601260083963
0.06709539209352933
0.06349115580044518
0.8435152343316604
0.08715905557005854
0.04076720140296053
0.8532453356218188
0.10961047190459983
0.011955022702070384
0.8724963314034565
0.13307330076657875
0.9802967040712969
0.8963056237984843
0.1501074931734716
0.9530316372443303
0.9179692970399262
0.15747043400127136
0.9314483368034178
0.9380068283921332
0.1560962321948436
0.9113211070742887
0.9611098680135615
0.1456635798955328
0.8886478607521504
0.990337853726148
0.12582458957559783
0.865387477768609
0.021895871854250792
0.10201023397876585
0.8490375180885172
0.04869330182519249
0.08056890411353623
0.8423441788377507
0.06999870880222092
0.06048025164626525
0.8443389392144868
0.09021301439620899
0.03697967737519048
0.8554789007851347
0.1130985733986698
0.007357717486726978
0.8758740222741025
0.13610969202526313
0.975943459288005
0.899654875829599
0.15176401073147794
0.9496152042356969
0.920882299741113
0.15779638253135442
0.9285616946158226
0.9410492975437457
0.15517877373608835
0.9082379744864004
0.9649640132497501
0.14332798225667887
0.8851531782355536
0.9949547342662073
0.1224117629870829
0.8624377645059471
0.026183487793379534
0.09869983383629988
0.8474873126954667
0.052044324551134835
0.07767524752554622
0.8421075561778004
0.07287261643320919
0.05740245258433552
0.8453512609545677
0.09332678105724579
0.033058900930144075
0.8579151097792019
0.11659418550734468
0.002727771360020448
0.8793146248583714
0.1389682915610142
0.9717242155619003
0.9029255865116528
0.15320938514421112
0.9463260638883318
0.9237607560881835
0.1579442660721737
0.9256958426930401
0.9441669203730165
0.15407015113476952
0.9050916525170758
0.9689520059920511
0.14079239819958822
0.8816618201274393
0.9995922757353002
0.11894976470870677
0.8596734015482004
0.03033323965053114
0.09546830907233983
0.8461448651702883
0.055276102965348795
0.074807044789444
0.8420479950266895
0.07573568574026979
0.05423992108913556
0.8465579509419519
0.09650787822367413
0.029002726316513572
0.8605489147910024
0.12007640242114181
0.9980873067007257
0.8827924763855268
0.14163631627376816
0.9676438400126668
0.9061194392925978
0.15445100568041026
0.9431464768524932
0.9266241695536293
0.15791568473673578
0.9228299617938496
0.9473797486389288
0.15276337603477153
0.9018735775767511
0.9730773177372236
0.13806168997455526
0.8781936545116924
0.004231347755489612
0.1154610684609878
0.8571031696967424
0.03434507175249646
0.09231002732650251
0.8450019988502125
0.05840890407469024
0.07194279487941424
0.8421648060785498
0.07860994174923208
0.050971494255313
0.8479669253619994
0.0997647016477492
0.02480784747275977
0.8633746961503407
0.12352520249009613
0.9934541167146517
0.8862871637459864
0.14410757813362585
0.9636995366051702
0.9092444063133229
0.15549698561847514
0.9400552309344905
0.9294946782384252
0.1577103044011352
0.9199421648216524
0.9507085673066007
0.15125020275085532
0.8985771029305656
0.9773411312406592
0.13514356018925122
0.8747702798716399
0.008853505687782981
0.11196544080086568
0.8547320657266289
0.038222598585957
0.0892163216258528
0.844051348371193
0.06146332048354308
0.06906111584654506
0.8424592918945157
0.08151573220812391
0.047578375671685436
0.849585951486126
0.10310048989795773
0.020477240152990017
0.866381224571693
0.12691613943223468
0.9888491238196921
0.8897782523366939
0.1463771701587464
0.9598885661148048
0.9123084804685746
0.15635352697508154
0.9370336178133065
0.9323917342392911
0.15732606093111245
0.9170148477954055
0.9541687514562098
0.14952421990521447
0.8952038104441816
0.981734630099456
0.13205400310364945
0.8714197507439085
0.01343414649425334
0.10848484465917596
0.8525655106968133
0.04196665228159713
0.08618072070423355
0.8432879875809633
0.06445542879947297
0.06614522645093501
0.8429339793416497
0.08446713206210177
0.04404958605608633
0.8514193122046403
0.1065079676568863
0.016026506188281164
0.8695470216838432
0.13021754996404056
0.9843008651210094
0.8932420903619549
0.14843912022397632
0.9562122006539038
0.9153164201721506
0.15702443486878703
0.934068307435159
0.9353292750835058
0.15676026672864118
0.91403768310119
0.9577665730504963
0.14758377057172378
0.8917668063011399
0.9862354703483351
0.1288199540441477
0.8681765015447513
0.01794160978687387
0.10504400207957154
0.8506095624425578
0.0455744871683299
0.08319971350740518