1
0.2881355932203391
0.035143643609590214
-0.33985391426128375
-0.24425133174240338
0.4080302183058557
0.7560355901535679
0.6606827602122602
0.03693241309371631
0.28507561173180607
0.9896496828951106
0.7304243342286014
0.024033018129100636
0.23384544401681118
0.8894826177853764
0.9015853132568492
0.23660418061635635
0.016552716131190914
0.7386711329149919
0.016421238763693502
0.23679892980614148
0.9020494012313357
0.8888911361914285
0.23378673478757594
0.024527940051938035
0.729760780268341
0.9875379145128853
0.28888779100032647
0.04974097404696032
0.6393210662699459
0.656591037112165
0.1376868352563343
0.19477994745200733
0.7280240626885783
0.8130086876813798
0.4119493334230655
0.718194600363649
0.570396194837659
0.6610288366706607
0.2239074822423346
0.23721307601548114
0.6952732381455999
0.6777669624905895
0.16091039531040874
0.17202781209979845
0.6916258821988546
0.7312165685402103
0.3239746277493527
0.41878539208703014
0.24152154065099207
0.5080056103505242
0.8024975020601637
0.6240017907016289
0.8369162946856585
0.5258516891009641
0.30487064797616004
0.5596260341075237
0.018224836670123423
0.41317602102630024
0.5190934315922195
0.6916776698976763
0.38431949695701384
0.7067994287251316
0.5659264243082145
0.6492536356246834
0.18169712823971906
0.2076132739709866
0.6961256573237979
0.7100698689549798
0.2636166361648282
0.2621585792719192
0.7052829184553984
0.6836068775214197
0.17120295995487744
0.1686447596819467
0.6802494617044896
0.6962522422801793
0.2378338098405015
0.2239998071410958
0.6605401056732658
0.5684169751186863
0.7084459982984006
0.3866384907886715
0.7007734208310819
0.5455173028612652
0.5474088778823578
0.712788496783916
0.42005412221324967
0.859128584904532
0.729349187058757
0.15192953566401712
0.11991687833214293
0.7067946538973198
0.8303150123040863
0.44144315000618395
0.8522150299298659
0.7090432338464083
0.10457070304374483
0.15987149645899645
0.7450870676263115
0.887079561562607
0.3919597906267063
0.5470798355670903
0.8645866448641204
0.6008923882239969
0.667141071136327
0.21663060101877463
0.22127679947924062
0.6779276950035245
0.6354746897440107
0.011962133313183188
0.3466215178671588
0.22377589143994214
0.5514325706498866
0.05598634463146812
0.3686042980813298
0.2718275637894578
0.6232390817707012
0.36415691784159687
0.6852856386103641
0.5180387268091646
0.41379227132250396
0.02235801349512556
0.5529278354054714
0.2653493984280999
0.42331725489762473
0.32315975263400354
0.723783077077286
0.6739082205424252
0.11861522268030367
0.18554802633375989
0.74049394768097
0.8514888497976818
0.4100578321857906
0.6703195462114842
0.41925896423920417
0.8975713132168357
0.7101434941026543
0.062382147654368225
0.2018310847584477
0.8095559903969596
0.9357757906789503
0.2807291982000404
0.07899103035101973
0.6119956432681928
0.5054261714919326
0.4178446209200857
0.055319999981144896
0.5030506242848052
0.9614577798006296
0.553448046888886
0.32901006462161675
0.6147724788058122
0.2683158682159936
0.3685015841664807
0.059048911438205565
0.5476339831568344
0.20046010666347147
0.32301210190424534
0.9461158662089866
0.7542317336729649
0.11919300954370371
0.10489643104043544
0.7494711938130538
0.9510851826519069
0.3212184905767268
0.18915543734042117
0.5402630031382207
0.030792757759853906
0.4142189944669532
0.5117381982912184
0.6503038601591711
0.240150504078942
0.27402121569040583
0.7571822445832752
0.7968184678382957
0.3695683403010541
0.53521912620903
0.8231332810957022
0.6103077074556156
0.7533834198659379
0.4533755656718714
0.9925062844077779
0.5578553178005263
0.3212676294993342
0.5825580213992012
0.12001622883617369
0.27611133725482606
0.8826441481189038
0.8637000867671221
0.2655944192023947
0.1131182809349296
0.5972293357274316
0.40086712265102076
0.8795438170204952
0.7407045390979157
0.1579577529177172
0.10875322922965225
0.7078497269182162
0.8445672030880651
0.44285327862576196
0.8453960513654994
0.707877115866145
0.10800424286478982
0.15846916970243363
0.7415003476640649
0.8807796499723928
0.399386888546422
0.5888392500283892
0.07333170685967083
0.31014865944503
0.02923254315838797
0.6465768323192576
0.7074318108340902
0.3055230471972754
0.3801268401355591
0.07373267790794635
0.5184067517243012
0.027360934885106936
0.4410228531425373
0.6529566223189764
0.32155147635074055
0.48845535143046703
0.6149883810736894
0.10986958855747364
0.25003048245594783
0.8331490857496573
0.8990025824767489
0.2950951274095628
0.1563564527076826
0.554247138880593
0.1383478397381781
0.2969490737672107
0.9225693778408557
0.8086317593856078
0.21436270356044318
0.07695766290254724
0.6805749780837771
0.7890727935520148
0.4379102950865743
0.87490436516872
0.706023436576638
0.07305499951497385
0.19327891158026045
0.7914635328790411
0.9278932726981761
0.3081508989602453
0.1681362529328414
0.5431576493183434
0.06738642723711408
0.36274664541025237
0.2350897251924824
0.552833212128649
0.052115371623201234
0.3722359723421187
0.29168730782878693
0.6730958012819654
0.5477714590591551
0.5871478828014278
0.9165265953115234
0.5248509190427728
0.21980045962264194
0.3677057454873425
0.10409021108309657
0.501581145755956
0.904605999543495
0.621874656224926
0.72522142466803
0.3788730809216343
0.648337414838339
0.36501355936010293
0.6638774936795571
0.44019933076398177
0.01210904639071142
0.5416779768047095
0.21545829987552167
0.3452640462530727
0.014871016421112326
0.632505131386067
0.6621571402476079
0.16613768338031942
0.1886338266658285
0.6949844233903733
0.7254269385826717
0.30628541735644976
0.3645745536260532
0.004036853304138166
0.6293716813438954
0.6592643123663504
0.15809858979915603
0.190205869147138
0.7041234997033665
0.7521013515191584
0.35707295194415245
0.5263788384103005
0.7875885285587687
0.5903769795887563
0.6927568133798072
0.3165355836221906
0.43124445588424454
0.3127245228504938
0.6798658454570656
0.5508340113885537
0.5967115106013283
0.9606294785111027
0.46094319739944467
0.8259260212014694
0.6857573595249491
0.057863796980469395
0.23187921860575056
0.8524589774025393
0.918583111286706
0.25739943010839816
0.03977536458680575
0.6843821731353055
0.8393544899726679
0.46585989082487256
0.9737891743917286
0.5730422242853352
0.41906283931765653
0.9938566076500646
0.5901469100964407
0.4853494170789583
0.32934727028157695
0.6841087502579732
0.5488515164333805
0.5819024168437137
0.8891260342247609
0.5537733198675703
0.4030668322929243
0.9336832619991338
0.6897497953596217
0.9634181491418152
0.36399856687021437
0.34442576668840186
0.8630074171629252
0.8040118116773494
0.2702880634622087
0.18404172824100584
0.5879085179212566
0.28404726589119456
0.4358414262624324
0.36911327096119706
0.8942005403375379
0.7629095881848205
0.18682944679543656
0.09701202359959549
0.688291187292819
0.7952636780029732
0.4369021654785197
0.863438156975664
0.7114125957944717
0.10013710368058693
0.1610522665505396
0.7496779390482073
0.895344771871124
0.38147247843886767
0.4900516234018957
0.5638341201054784
0.855093918483222
0.5863019347833225
0.604980226331282
0.9650189856789284
0.4465079077102949
0.7442795386826466
0.598733693582556
0.7770131500676634
0.5043305671536018
0.24680309904814912
0.4323457030437652
0.3881653160730174
0.9839887358782322
0.6357571014714516
0.7071167094961375
0.31542005327171907
0.41308091008174586
0.22142347455726785
0.4816788227196751
0.6779515805303493
0.37515700866283197
0.6788628166974524
0.4848880544778762
0.23810092341689781
0.4358276081142911
0.4149874911940872
0.11055208971427977
0.4495578281602892
0.6149568388543702
0.14862120423850023
0.234482282676038
0.7659466927794032
0.8516596005128401
0.3845905468841728
0.5480690568998243
0.8772430673220839
0.5947152231040223
0.6244667291232604
0.0467846367962963
0.30770437868574696
0.04779550445856717
0.6231054699841589
0.5875873057786567
0.8433834418811657
0.5630548655537986
0.49769005100656116
0.4242406988259013
0.09553442305991844
0.4521786590677648
0.6439553563939695
0.27363141165292504
0.3523943014562283
0.9854769850152154
0.6693197085273797
0.8401508003355174
0.4810252413218752
0.055645242904558856
0.4394506122977111
0.6164084319553389
0.16542814352644797
0.23421707200740638
0.7487004622899835
0.8202075841906424
0.39543187293836723
0.6304366248161415
0.27255232464701606
0.36320880224453944
0.031902342315119014
0.5896839125802611
0.4450090005033047
0.11167237766073423
0.4187732524758241
0.4537624365248458
0.32918702780868614
0.71510732090037
0.6447363485238276
0.01394896009692026
0.334402690496864
0.17432588747096212
0.5189963514350415
0.9299962923738816
0.5781850511254207
0.48914707533791013
0.3621532949719404
0.8107941474700198
0.7763301814284542
0.2913028920966996
0.2678859325837406
0.6909405283668919
0.6331227170397549
0.9887743924827443
0.3836831257130777
0.4067685183055225
0.1218883925316856
0.4508954998307315
0.6107506269566354
0.12769821140220028
0.2441365985311661
0.8039106641755964
0.8890743293090786
0.3318004459333457
0.2894536427243617
0.7070926696118471
0.6616530285677449
0.08961441357497879
0.2202379475654137
0.8035304886852446
0.9126532799867286
0.312372314687142
0.1972805138664393
0.555428482891684
0.10367814644502094
0.31418003028484254
0.012320783369536237
0.6673818534051685
0.8061024088673232
0.4676137932929123
0.01655410643389299
0.507659461080439
0.02556258235534159
0.45438084163596226
0.7257094260234034
0.5476051544759573
0.5336455171518919
0.6365700294480376
0.1609517249124517
0.21323061088321626
0.7232670763821671
0.7825063218181141
0.38720960732413534
0.6293706032121733
0.276086808122491
0.3732267000304059
0.07211405000406312
0.5271504700417013
0.07675330341045417
0.368011963390968
0.24847289819921858
0.5719171741071785
0.13859266028506045
0.27921616835650287
0.872156700299028
0.8659591994669702
0.2753775646418468
0.13482001648848074
0.5768357276416891
0.2774511610044863
0.42928966564631565
0.3417039097109118
0.7870141778208877
0.774370044793609
0.3122507002804915
0.3351580967381458
0.8788776828267557
0.8067729281992735
0.25664413385695184
0.14995836249432948
0.5927015772936719
0.3418631596308215
0.6242246772011306
0.2985510908809754
0.4415536882528772
0.3845610682718086
0.9580388012473096
0.6766851796785729
0.8943097049082935
0.4552552086487922
0.8616488275953107
0.6935494412982965
0.0478189417354673
0.23722892448241728
0.8713890265568218
0.9082720781137543
0.24872189370206454
0.03214737025535985
0.7038205823166874
0.9092516566488094
0.4153690792479541
0.6390415489252335
0.2897764293049412
0.40077545027259687
0.18655283316315963
0.4589679692843922
0.5893566289400165
0.01631978922128674
0.3862637314115678
0.3911583545959534
0.04411407512002641
0.5446399585811678
0.1993651837764907
0.32500250285182875
-0.045684525344102944
-0.25866244166666763
0.08457706174089274
0.1455341059852498
-0.23480188588358947
-0.06063343466342236
0.32065566911375226
0.19889920026221547
-0.4514327359136004
-0.9344051897955918
-1.6405148833603453
-2.7769794949820934
-4.462501951886052
-6.017992109044852
-7.510643927886574
-9.04052173013038
-10.430100806371637
-11.582822097113308
-13.012513501578063
-14.398452761145307
-15.452605213599677
-16.343316770999945
-16.770023887490503
-17.749370375018056
-19.285754804423608
-20.279094721005016
-20.7246742288523
-21.72025840358233
-23.263186877265767
-24.250984017960093
-24.681749504718294
-25.619118590654118
-26.9355547162585
-28.47143584956499
-29.907878303577473
-31.64904216722042
-33.838884069578874
-36.5011335728694
-39.16735054765813
-41.34996240447742
-43.081840242592214
-44.53973481094075
-46.1352609725386
-47.31234005521835
-47.97456518857925
-48.72543371280028
-50.026721846295615
-51.23492231486802
-51.88857830998857
-52.90112622220632
-54.23789824766955
-55.01923752493767
-55.73340929998779
-57.00159956911496
-58.26419144059022
-58.97195401990978
-59.77737028887616
-61.13161199509939
-62.07594603102044
-62.764442420047516
-64.00768918795423
-65.22403426610704
-65.89073404315003
-66.91052261167872
-68.22724336981541
-68.99260634695054
-69.78383780281978
-71.11956901438916
-72.07507954029612
-72.77745013703957
-74.028598277582
-75.18019021465824
-75.82747210550636
-76.967094513093
-78.22106737124302
-78.92717697055177
-79.87936610452329
-81.21449121931397
-82.0063806474401
-82.77594379138081
-84.09516470523049
-85.10080478303628
-85.77674901613416
-87.00188661019219
-88.2204212232169
-88.89150594996627
-89.91358572766116
-91.22347248820363
-91.9840367342115
-92.80037877869269
-94.14608836156431
-95.04932376226493
-95.7826761635306
-97.06137172508463
-98.13055011833941
-98.7923465417713
-99.99158372628952
-101.22026414180306
-101.90159652743058
-102.90581310232425
-104.22077606543702
-104.98806101486092
-105.79709323298077
-107.13895947249702
-108.0539477989155
-108.78371385841373
-110.05807104622788
-111.133659428958
-111.79452187574688
-112.99077298560647
-114.21930055798546
-114.90111658090434
-115.90718415606366
-117.22000400854508
-117.98564568204382
-118.80145938399481
-120.14545113545984
-121.04832712600289
-121.78464547721244
-123.06486007659322
-124.12429604038583
-124.7915896743264
-125.99701453479848
-127.21288791069541
-127.88679477220059
-128.9243450190892
-130.2168276041488
-130.96432376499985
-131.83564365688008
-133.18528258196832
-134.02330137087912
-134.78005640358953
-136.0839499607274
-137.1074554100901
-137.78279606288865
-139.00339416720826
-140.212113586763
-140.8794991470672
-141.92948238326082
-143.21828067612987
-143.96106291663443
-144.83876955043357
-146.18909605321454
-147.02267074804746
-147.77716588561339
-149.08060843339993
-150.11382966175546
-150.78175473192601
-151.99567130543912
-153.22473644211135
-153.90376245073776
-154.89946561120271
-156.22410132615911
-156.99905366606043
-157.77731815523344
-159.1044392772275
-160.0916980622296
-160.77547771508208
-162.0091775167826
-163.21077380810002
-163.87216115264732
-164.93439964386542
-166.21979316000662
-166.95814724080927
-167.8413035098082
-169.1923258077301
-170.02248202653428
-170.77421257895867
-172.0765517109698
-173.12117198042932
-173.7814907411871
-174.9879833842323
-176.23649423407576
-176.92996723538107
-177.86072106997287
-179.21907027902824
-180.03086301357615
-180.73531093328134
-181.9944303368892
-183.27303958272586
-184.0004330388536
-184.72631086086386
-186.00307192227461
-187.26908192329773
-187.98204853600714
-188.75771213534844
-190.08976417934775
-191.12403524488928
-191.7668127911933
-192.96352740922003
-194.28678170825856
-195.06780346134465
-195.61862671174197
-196.54725371111172
-197.63884950979877
-199.1570758611823
-200.21053882584732
-200.7239940889928
-201.78707179558606
-203.39214858720806
-204.64797973444144
-206.35027518649574
-207.60248075093375
-209.18909190056067
-210.25895666951013
-210.77266099103937
-211.83777069317782
-213.37734131871989
-214.5288604354167
-215.78083839943747
-217.5794344728338
-219.64465151747328
-222.14926971781787
-224.20473834090447
-225.72553898462917
-227.7968157637987
-230.40120893617637
-232.6816134468553
-235.4684233630444
-238.1454386845308
-240.38136485815141
-242.2394656013616
-243.54174381629218
-244.98845599350932
-246.4755367747962
-247.8773330155618
-249.667201613977
-251.94041642689373
-254.41733634348068
-256.61776741920625
-259.1937866748667
-261.24714925574057
-262.7435588916083
-264.79655470752147
-267.3829311061419
-269.59552844800476
-272.12275802095814
-274.26168671751446
-275.84507420715147
-277.88903452565114
-280.29066410852226
-282.15333464398793
-283.5585877166662
-285.1642978467065
-286.2917939075262
-286.88134385884166
-287.8487732441995
-289.2693696467077
-290.1370440138648
-290.5821783170039
-291.30232550973307
-291.4952656326492
-291.671637913511
-292.3388859333819
-292.53372980901355
-292.8457462715759
-293.6170084068497
-294.7618926032748
-296.4622646758033
-298.03179707057507
-299.4907785935226
-300.917503248701
-302.6202094637133
-304.70477146689626
-307.32403396736026
-309.44544230206446
-311.3796165503483
-312.9314918817093
-314.71580930621417
-317.04436452453535
-319.2196469791426
-320.8479867526765
-322.93108879862916
-325.24791428706584
-327.0077453069265
-328.74047845149045
-331.02925733665074
-333.2162113109157
-334.85862928301356
-336.9332978164031
-339.2346494217935
-340.9815477182642
-342.7928844119381
-345.1411637965281
-347.0576497982298
-348.77674499944766
-351.0450359131248
-353.1577962781283
-354.80440807247584
-356.97582840774527
-359.23152445950694
-360.9339272883259
-362.8609989421928
-365.21504200195534
-367.025426093619
-368.74719691805166
-371.0259236503607
-373.2143182782906
-374.85961146864645
-376.93497865599073
-379.23164257608244
-380.97496554275045
-382.8055482372918
-385.1595882313052
-387.044075656749
-388.776262581606
-391.0579250976917
-393.14129608467744
-394.7925813218056
-396.9810906672352
-399.23562708127514
-400.9353911256177
-402.8551263272435
-405.2147401623408
-407.0309261897654
-408.73955043859377
-411.0040167760798
-413.254425889722
-414.9480080754676
-416.8203426589082
-419.196192377986
-421.0465327680527
-422.7363189210036
-424.9810905789808
-427.29188961228107
-429.0648295877243
-430.61708890340276
-432.5431791992502
-434.6185495439151
-437.0715251199383
-439.2825046889193
-440.9480190586776
-442.79224941745093
-445.17400982075714
-447.0610248571369
-448.739648111971
-450.974135779799
-453.298750293347
-455.09225081061265
-456.5806517288329
-458.3394064667047
-459.6267249987698
-461.31217785435683
-462.48256030470026
-463.59202589810843
-465.00593216791935
-466.39908065715156
-467.4622102000628
-468.3943147418996
-468.9831121884155
-469.6309061212745
-470.6869308121909
-472.25682982847695
-473.2701993709182
-473.7310069483579
-474.7448950321198
-476.31553888893995
-477.3757065916744
-478.0437385073754
-478.56060532472026
-479.2845014603882
-479.46439270957467
-479.52069550813974
-479.64922862865336
-480.22682624787666
-480.2532760152593
-479.7228014851916
-479.74125495534776
-480.3159100424638
-480.3806103067755
-480.065548806694
-479.52749760600403
-479.0852099326838
-478.358732462189
-477.20023230735177
-475.5117027526887
-473.8640959327045
-472.6364185027663
-471.82985128403766
-471.51167449706116
-471.23432181665146
-470.4026274223834
-469.2509957592032
-467.54233269767786
-465.98009320148685
-464.48734597315894
-462.95035629808024
-461.5843157215462
-460.49976867671114
-459.41441200065015
-458.0437282572355
-456.52191394503427
-455.07655632274725
-453.37346552821134
-451.2727070872741
-448.62056618297026
-446.35118911133355
-443.63361420455755
-441.3306595446087
-438.5406812667602
-435.891542021948
-433.59329978316754
-431.6032222331243
-429.94962215182557
-428.46941486417086
-426.8828172677481
-425.67029405216374
-424.9464057049112
-424.40657230598043
-423.55820137682963
-422.9090253142387
-422.56120216759194
-422.4223461968226
-422.02235790661246
-421.54437406654426
-421.2196950978199
-420.3480415482601
-419.021736509717
-417.6195899747554
-416.5977177360272
-415.89677093828533
-415.53232065617846
-415.2802167426024
-414.4810799334605
-413.6158787524918
-413.1213576946381
-412.2420648497773
-410.80642191471185
-409.89318267602613
-409.326362112944
-408.26539572834344
-406.64999127515404
-405.48522556006264
-404.2688235425443
-402.4992706999441
-400.727165316081
-399.5063787183212
-398.3079116582541
-396.58887373337274
-395.164978269228
-393.2616518069367
-390.8027751869816
-388.87059536196074
-387.3430526240247
-385.3509945461496
-382.910334594278
-380.76716339872974
-379.17779854083926
-377.08773552694936
-374.70591616027326
-372.8599067321262