0
0.38
0.6728407554497583
0.07833334745360321
0.42365889742944157
0.7102267002306941
0.1201633186651685
0.4428454951092286
0.7207805155464249
0.12389973195465265
0.43761186878117464
0.7026819323388895
0.08949005903453511
0.4084193947992232
0.6580608867754473
0.014366367540134206
0.3591943556326975
0.6055079797124622
0.930180061725048
0.3089336724294651
0.5689930904754695
0.8825344684016353
0.2817460638272906
0.5561582271193496
0.8745704950894526
0.28325703120901036
0.5673892697744654
0.9038363952132609
0.3126181954248375
0.6038042176794836
0.9722699115207387
0.3628076052049487
0.6566874039550996
0.05662720860934245
0.41221502980448205
0.7010819926505214
0.11130591501943421
0.4395682556110627
0.7206385546451208
0.12687226654173767
0.4420214868850315
0.7118069984775852
0.10526789790993907
0.4205218134790133
0.6748030901157289
0.042459237891459
0.37654948048352965
0.6214888628543489
0.9544519308351194
0.3233580841338157
0.5782274794907174
0.8931892621325486
0.2873283301821894
0.5576294263644641
0.8730331794676007
0.2795742629546958
0.5609832766594122
0.8899938470026715
0.30016755310910703
0.5892904711363458
0.9461570392144503
0.34528101802375866
0.6392243559862495
0.03087579222890935
0.39798123956095144
0.688947030380748
0.09798295235924703
0.43349116749053174
0.717327441184781
0.1258141679734892
0.44380988021721746
0.7177815464419346
0.11647721335117867
0.4300892187346298
0.6895539115174227
0.06726958552581186
0.3927576793297824
0.6387983905199288
0.9823283567607894
0.339966606621936
0.5900873740487678
0.9084907355208478
0.29613405192999265
0.561765192904615
0.875577485831792
0.2790941431113758
0.5574083372078533
0.8806597424313747
0.2906848992351909
0.5775236212215622
0.9239577174184088
0.3289373789620882
0.6219351613015109
0.003214255122829801
0.38192211964154704
0.6745980005123673
0.0805739906153966
0.42480920418267115
0.7111045933438134
0.12094060984707689
0.4430703671003869
0.7206214347287023
0.12333340213093402
0.4369614268956571
0.7014669021425959
0.08742214364872058
0.40690391640807655
0.6560838552521188
0.011055891426917874
0.3571903261856366
0.6038025664632016
0.9276934284962384
0.3074600807296475
0.5681110151494642
0.8816027027772657
0.28131457549812944
0.556159076551104
0.8750043199606236
0.2838787512139276
0.5683030120202426
0.905707733120582
0.31421014473805386
0.6056108967255578
0.9754349851785732
0.3648331505418978
0.6586359891031475
0.05935335823707466
0.41368102497270987
0.7022895239543745
0.11254375208032363
0.44008107411830155
0.72080763309545
0.12672234672983862
0.44163641315857305
0.7108990606527459
0.10366244766473143
0.41923632971058755
0.6729367695569077
0.039324822324390274
0.37457215116004294
0.6195461461345713
0.9514143554498813
0.32155018548841974
0.5770133429845582
0.8917108242631684
0.28650840975912684
0.5573172301545006
0.87299505905189
0.27983151175483867
0.5615740801154973
0.891356244947338
0.3014588124537245
0.5908348233692351
0.9489973713560073
0.34726724449437674
0.6412601031831702
0.033997249309431155
0.3997429623577147
0.6904832721190528
0.09974817832775518
0.43433701785480155
0.7178730936265785
0.12614787424398433
0.4437440347396525
0.7172667256039743
0.11542995905071685
0.42913464459909606
0.6880018338491862
0.06465406842500387
0.39099396654310514
0.6367887918776866
0.979031032136301
0.3379999566292349
0.5886168802431514
0.906520580548924
0.2949815941654679
0.5611701110320041
0.8750987804850481
0.2790031855360078
0.5576919198940138
0.881530060667613
0.2916311390558557
0.5787393683992823
0.9263007057878853
0.33073683896516193
0.6238833149461299
0.006427519191329223
0.3838311057166482
0.6763346871643359
0.08276549616522377
0.4259281414133781
0.7119494841449949
0.12167325761262715
0.4432668195306688
0.7204289400905389
0.1227236038253321
0.4362835251903695
0.7002210097047898
0.08530529063471404
0.405366303705029
0.6541031978420422
0.0077423296462462154
0.35519004038805513
0.6021253436810343
0.9252686272842296
0.3060242154328958
0.56726317455239
0.8807250363975407
0.28092241682221575
0.556191474765495
0.8754855958537103
0.28453623542865425
0.5692488875959996
0.9076291397414705
0.3158267764111078
0.60743652239997
0.9786149976888392
0.36685004271831434
0.6605631746282818
0.062020214593099476
0.4151073186323215
0.7034551702822698
0.11372086213633859
0.44055601970447666
0.7209339679142082
0.1265184655395597
0.44121646837454653
0.7099495926621255
0.10199652043974372
0.41791805267374993
0.6710465522375231
0.036150812821511114
0.37258246916840565
0.6176253708253729
0.9484330430473922
0.3197762665067554
0.5758372365188145
0.890298056258076
0.28573435180109596
0.5570425433246025
0.8730140242353047
0.2801335359734305
0.5622044122570288
0.8927815025803514
0.3027910814427277
0.5924169616519287
0.9518910653827527
0.34926888330041317
0.6432967546274875
0.03708939677553946
0.4014783571860664
0.691988202603659
0.10145713964131131
0.4351470031554461
0.7183783785382838
0.12642887414358772
0.4436430840704785
0.7167080654502556
0.11432154903376901
0.42814208545196336
0.6864095699838633
0.06197246017293301
0.38920075599065457
0.6347780717078183
0.9757449912405626
0.3360408940885331
0.58716994563616
0.9046003036732999
0.29386157901439125
0.5606035074059428
0.8746650731281234
0.27894753422214036
0.5580062639308535
0.882449445481037
0.2926131506933385
0.5799895080408483
0.9286972927847421
0.33255813391908484
0.6258444253955697
0.00963875818171811
0.38572679725583925
0.6780510138688424
0.08490889707569549
0.4270163577459376
0.7127618234833601
0.12236200232911765
0.44343512504647997
0.7202030113835367
0.12206992558956542
0.43557787196480796
0.6989439865114235
0.08313865313498181
0.4038062685130714
0.6521193762233843
0.004427155042335151
0.3531936665535551
0.6004753241756362
0.9229034265493479
0.30462478457810804
0.5664481356731217
0.8798990454288991
0.28056805636850024
0.5562543210924249
0.8760128214271287
0.28522819591475557
0.5702259402616815
0.9095990825499471
0.3174663991823614
0.6092791873245063
0.9818061711048693
0.36885653786661354
0.6624679341980171
0.06462744232623074
0.41649418202215066
0.7045794810237203
0.11483888601675862
0.44099417500908566
0.7210187882905321
0.1262622568447238
0.4407628924788824
0.7089604462126193
0.10027238783016257
0.4165690033296248
0.6691359904378221
0.03294317507721245
0.37058360618699243
0.6157290969960284
0.9455120675707792
0.3180388314897651
0.5747001803370109
0.888951579443485
0.2850068135529431
0.5568056554736573
0.8730902693059224
0.2804803143228134
0.5628742331284938
0.894269381962939
0.3041632979042761
0.5940354719630369
0.9548348201953465
0.3512832970561759
0.6453313153794352
0.040147228845228256
0.4031848932999015
0.6934595679319108
0.10310785586348103
0.43591995046467336
0.7188418771274435
0.1266555828425593
0.44350600580045196
0.7161043576041346
0.11315002437476052
0.4271106622489138
0.6847769643431422
0.05922443738645189
0.3873782707681789
0.6327677836979229
0.972474096549724
0.3340915162325029
0.5857476800173149
0.9027311404496773
0.29277518026532756
0.5600662289122391
0.8742776097543984
0.27892833904055214
0.5583525602086667
0.8834199654040431
0.2936322087013621
0.5812753001954409
0.9311492390661293
0.3344017848946559
0.6278184137793363
0.012846810178623436
0.387608915318828
0.6797470019644345
0.08700492446224972
0.4280742818397932
0.7135417848859218
0.12300717758015844
0.4435752773886889
0.7199432727695221
0.12137145369940683
0.4348438385579449
0.6976351535208768
0.08092077706514678
0.4022231413995987
0.6501324646350914
0.00111128375291214
0.35120108309231274
0.5988513504526471
0.9205953962770292
0.3032603969391956
0.5656644871803853
0.8791224441754699
0.2802500867335975
0.5563466757536936
0.8765848093406376
0.2859536223156116
0.571233504448025
0.9116165391469799
0.3191277486430344
0.6111374221054966
0.9850054791142275
0.37085141487822515
0.6643497750585438
0.0671755068778559
0.4178423072507891
0.70566336749793
0.1158998136718441
0.44139679843843316
0.7210634694476995
0.1259554638317426
0.44027696026101465
0.7079334626794032
0.09849227763301616
0.4151911118364474
0.6672084250827307
0.029707581537040895
0.36857843930643935
0.6138593412325689
0.9426544317389325
0.3163397461945334
0.5736027094266987
0.8876713274574228
0.2843259685989019
0.5566065147352216
0.8732235257291792
0.28087146468489244
0.5635832176493745
0.8958192139253692
0.30557408371225425
0.5956886434440871
0.9578248611293095
0.3533076914303104
0.647360781570824
0.043165974167753474
0.4048602059411513
0.6948952901610226
0.10469863329297802
0.4366548675488908
0.7192623833156772
0.1268266810078631
0.44333197282348563
0.7154546730116851
0.11191379448473038
0.4260397856472825
0.6831043040488877
0.056410398617934954
0.3855271354948126
0.630759819934634
0.9692227194376599
0.3321542721840667
0.5843514515069559
0.9009146736366016
0.2917238165970113
0.5595593047472017
0.8739378889513812
0.2789469162882898
0.5587321228225678
0.8844438519496879
0.2946896464028885
0.5825980151338813
0.933658240068091
0.33626822142339785
0.6298050598075338
0.016050240330332866
0.3894769817436573
0.6814224249214409
0.08905393024842012
0.4291020851903222
0.7142892371237273
0.12360869325648616
0.443686989770481
0.7196490048004447
0.12062679696632528
0.434080489189227
0.6962934809079
0.07864969345897022
0.40061594553201696
0.6481422626866624
0.9977952650048594
0.34921199890820853
0.597252213583777
0.918342101019722
0.3019296847134205
0.5649109249159521
0.8783931978923747
0.2799673043082891
0.5564678149223095
0.8772007582911544
0.28671182884500857
0.5722712387418222
0.9136810385320655
0.3208099967854747
0.6130101913070161
0.9882106161821994
0.37283392522565917
0.6662086616116367
0.06966551873928495
0.41915271042860275
0.70670800286158
0.1169058508615044
0.4417652414656844
0.7210694383266802
0.12559982187779672
0.43975990351719835
0.7068703759207338
0.09665823983015454
0.4137861312842682
0.6652668876425066
0.026449254011898127
0.36656947823808234
0.612017556781248
0.9398620674449115
0.31468023143717727
0.5725448868422331
0.8864565825506326
0.2836915270861209
0.556444744535489
0.8734130874841166
0.2813062651025706
0.5643307715556154
0.8974299223689493
0.3070217752097586
0.5973745003908054
0.9608570033764513
0.35533916715889924
0.6493822007918842
0.04614119545031059
0.4065021536725265
0.6962935280406273
0.1062281357248871
0.4373509906445089
0.7196389656603897
0.12694119525107728
0.44312041124668394
0.7147584410931438
0.1106117536490232
0.4249292321957891
0.6813924070780012
0.05353161187449196
0.38364844759192523
0.628756435739215
0.9659957432565651
0.3302319623597727
0.5829828670752817
0.8991527847292733
0.29070911139844435
0.5590839024228588
0.8736475817516791
0.27900467632477843
0.5591463163455068
0.8855233709468193
0.2957867436090815
0.5839588154742212
0.9362257185686502
0.3381576438101712
0.6318038719594573
0.019247154053496418
0.391330217152532
0.6830767223236778
0.09105579811975417
0.43009964197915884
0.7150037203300117
0.1241660292658251
0.4437697055361458
0.7193191797769962
0.11983414882297527
0.43328664086897756
0.6949176927674756
0.07632308437413471
0.39898351704892426
0.6461484562686655
0.9944795497189765
0.3472261178792406
0.595676796042465
0.9161413160791732
0.30063143943238835
0.5641863392413593
0.8777096280470722
0.2797187777290189
0.5566172688461363
0.8778602895600829
0.287502465917717
0.573339119339728
0.9157926281113704
0.32251270275298927
0.6148968263375684
0.9914198607024391
0.37480368206628345
0.6680448861415935
0.07209901587686751
0.42042660409505467
0.7077146982517515
0.11785926795134927
0.4421008609258027
0.7210380830143237
0.1251969547154701
0.4392128493552505
0.7057727465242749
0.09477206288139639
0.4123555920610613
0.6633140627654804
0.023172906650835934
0.36455885562857926
0.6102046769019454
0.937135939089496
0.3130609202259438
0.5715263599340821
0.8853060661755642
0.2831027917667188
0.5563196816175393
0.8736578594126492
0.28178368795280617
0.5651160519127342
0.8991000481123167
0.3085044485541477
0.5990908237364017
0.9639266924771102
0.35737475046441247
0.6513927044925327
0.04906883827209807
0.4081088456267851
0.697652709328449
0.10769541889861856
0.43800781231844715
0.7199710111264995
0.12699855947305916
0.44287104823402784
0.7140155200202499
0.10924339094981095
0.42377921599276414
0.6796427030795811
0.05059035468828599
0.3817438437398506
0.626760265629261
0.9627985489286534
0.3283277269509961
0.5816437449946736
0.8974475938245778
0.2897328426754584
0.5586412755244381
0.8734084383545597
0.27910303940742076
0.5595964712608064
0.8866606733409903
0.2969246001310015
0.5853586236234503
0.9388525943510706
0.340069878051386
0.6338139557909901
0.022435018982388755
0.3931674478229621
0.6847089252323233
0.09300987566479146
0.4310665028518677
0.7156844387894366
0.12467825127963206
0.4438226245665634
0.7189525186131301
0.11899137948043492
0.43246094427181175
0.6935063987659162
0.07393849267166663
0.3973246488858195
0.6441507936109909
0.9911647813518458
0.3452433142048492
0.5941242109880732
0.913991227120682
0.2993647373146464
0.5634898903817783
0.877070495785562
0.279503898089587
0.5567948427427011
0.878563454178575
0.2883255058421088
0.5744374071174634
0.9179517946659617
0.3242357309383115
0.6167969254557228
0.9946318872072673
0.3767605249788071
0.6698589222835714
0.0744777358294495
0.4216652668330438
0.7086847788237893
0.11876225546882058
0.442404937575976
0.7209706723369524
0.12474828600680343
0.4386367715390744
0.7046419168390325
0.09283522064404282
0.41090077948256853
0.6613522839384941
0.019882743273339276
0.3625483497042182
0.6084211865536826
0.9344761918324663
0.31148194439354704
0.5705464356927188
0.8842180536645727
0.28255873261673026
0.556230427681894
0.8739564247682876
0.28230244913825464
0.5659380003594359
0.9008277926682284
0.3100199591464119
0.6008351855571727
0.9670290651956442
0.3594114317076247
0.6533895426510543
0.051945275129392066
0.40967866432468125
0.6989715561240666
0.10909995279936746
0.4386250998660366
0.7202582549514936
0.1269986562782528
0.44258394395010514
0.7132262428558424
0.10780886624426356
0.42259043326600354
0.6778572729842651
0.047589989382105014
0.37981552580661726
0.6247742955336542
0.9596369286596187
0.32644499085086687
0.580336057119671
0.8958013606227244
0.2887968675593553
0.5582326966892286
0.8732221792740682
0.2792433429384693
0.5600837965571912
0.8878576471178079
0.29810401721623103
0.5867980014051579
0.9415390817175137
0.3420042605001876
0.6358339196110244
0.025610558099085523
0.3949870567364864
0.686317624088515
0.09491496365060348
0.43200190054347326
0.716330283587549
0.12514405870636258
0.4438447471911656
0.7185475638580119
0.11809614524210588
0.43160197190184835
0.6920582280468275
0.07149353449645268
0.395638228341792
0.6421492382287219
0.9878520436112735
0.34326378041403993
0.5925939092142325
0.9118905741357727
0.29812903056797824
0.562821059082919
0.8764750521494015
0.2793224066105191
0.5570006230003998
0.8793107219921383
0.2891812165183345
0.5755666068911284
0.9201593761694131
0.32597916765892077
0.6187102560426306
0.9978455890466134
0.37870439817763746
0.6716512965492375
0.0768034244770619
0.4228699347018405
0.7096194797257047
0.11961680541966313
0.4426786084374128
0.7208682874076882
0.12425496234447597
0.4380324475313938
0.7034789706322291
0.09084882186498211
0.4094227124411158
0.6593835302122879
0.016582455723416878
0.3605394054976496
0.6066671891477795
0.9318822920669882
0.30994301951250813
0.5696041548524404
0.8831904888267984
0.28205806666081923
0.5561759099109672
0.8743071322621725
0.28286107702281704
0.5667953995044068
0.902611105500047
0.3115660154485069
0.6026050206756327
0.9701590734272516
0.361446239610721
0.6553701472544509
0.05476738223051991
0.4112103041440821
0.7002491192538718
0.11044164824665303
0.43920291035869974
0.7205007968232091
0.12694183317168806
0.4422594994915572
0.7123914225352925
0.1063090227216299
0.42136405727842463
0.6760388160883104
0.044534919894517966
0.3778662147643021
0.6228017655464824
0.9565168908054402
0.3245873426851187
0.5790618279396634
0.8942163330326491
0.28790301461346113
0.5578593750810805
0.8730903757220643
0.2794267480762376
0.560609301341852
0.8891157950578176
0.29932540982855027
0.5882770683954878
0.9442845631582988
0.3439595844976826
0.637861849665722
0.028769761033349717
0.3967870040073892
0.6879010006367007
0.0967693843377464
0.43290479764052225
0.7169398917546215
0.12556186826181603
0.4438349341665322
0.7181027615249138
0.11714600095892846
0.4307083005150864
0.6905719436748697
0.06898607823279468
0.39392334386557737
0.64014407031149
0.984543016695286
0.34128811994350094
0.5910857351221362
0.9098387167610226
0.29692419055471797
0.5621796658385658
0.8759230503693445
0.2791743991333151
0.5572349722626042
0.880102963109004
0.2900701347696084
0.5767274335388745
0.9224164927465339
0.3277432587905391
0.6206366838168464
0.001059953012197301
0.3806352660661997
0.6734224991229201
0.07907770677162662
0.42404172722217176
0.7105198720063252
0.12042462653219288
0.4429228154763324
0.7207317641202297
0.12371778274298739
0.4374004152857423
0.7022846860278413
0.08881354293052368
0.4079221087154946
0.6574094049980008
0.013275191490818905
0.35853313512336343
0.6049424511586127
0.9293531338844657
0.3084435122571487
0.5686983550658122
0.8822210876352429
0.2815993369740366
0.5561549485061483
0.8747082034107012
0.28345800359999784
0.5676869577370947
0.9044478262681388
0.3131402954953564
0.6043977449926342
0.9733116866232887
0.3634763592282342
0.6573322315929903
0.057532656327656806
0.4127028285595905
0.7014848231323607
0.11172088764806931
0.4397416006710276
0.7206990988714289
0.12682888580243734
0.44189843404211115
0.7115123048969609
0.10474531808545118
0.4201016718774773
0.6741905319082335
0.04143040736782977
0.3758990219205821
0.6208460021134639
0.9534443603726757
0.3227583503601943
0.5778229955325938
0.8926945541050412
0.2870529519866116
0.5575223658771635
0.8730143318611772
0.2796541568379223
0.5611737363084263
0.8904361569883296
0.3005887645105081
0.5897954742792422
0.947087564780942
0.3459341221994019
0.6398953652887772
0.031908022884606924
0.39856491964866514
0.6894569251235187
0.09857112532418921
0.43377397360221304
0.7175117380580542
0.12592992699707528
0.4437919779791362
0.7176165447769218
0.11613850574439377
0.42977858043864364
0.689046527385734
0.0664143732418847
0.39217935147250227
0.6381359288044459
0.9812400291177084
0.3393173770594078
0.5895999302292776
0.9078356225258762
0.295750503221214
0.5615658601615209
0.8754147235736685
0.2790603101235871
0.5574985159890953
0.8809414262022164
0.2909930432283483
0.5779207890630045
0.9247245038150609
0.3295283727078717
0.6225761333716324
0.004273991827802304
0.3825530677668961
0.675172934295096
0.08130201638353451
0.4251816058186298
0.7113868167117999
0.12118709046561116
0.4431382691475254
0.7205616455975937
0.12313713381873281
0.4367409297415491
0.7010594824602226
0.08672954522454956
0.40639933852311727
0.6554311002466932
0.009963496227247237
0.3565303005606292
0.6032464286440944
0.9268871176816948
0.30698249331979865
0.5678277251830179
0.8813074330999553
0.2811809910765972
0.5561663300235661
0.8751578565439084
0.28409167326415785
0.5686114168583567
0.9063358709521854
0.3147405945386894
0.6062109073295585
0.9764821474507881
0.36549927572110463
0.6592739073890752
0.06023934382960583
0.41415573053917054
0.7026785072800097
0.11293854444049711
0.4402418246674638
0.7208539594550194
0.12666100332746533
0.44150173026802475
0.7105904721252754
0.10311967884055728
0.41880515045953304
0.6723159319503426
0.03828226830983472
0.37391725593463776
0.6189102075418674
0.9504248257700799
0.32096134328559955
0.5766212580792683
0.8912376607536896
0.2862480529974214
0.5572224855700552
0.872994985373395
0.2799261501327961
0.5617775606968549
0.8918192815319386
0.3018936431410988
0.5913524225674497
0.9499458248370565
0.3479257094631856
0.6419317372717706
0.03502037626878041
0.400318246923387
0.6909830980922108
0.10031802996467198
0.4346081353692084
0.7180442459283869
0.1262464408295636
0.4437146789096505
0.717087415304613
0.1150713198502964
0.4288115927708868
0.6874812394500613
0.06377713736718116
0.39040590938066605
0.6361258088671087
0.9779460302532209
0.33735301928971495
0.5881370993924679
0.9058818020113666
0.2946086305227038
0.5609800883959694
0.8749507372464338
0.27898088062102033
0.5577921207577754
0.8818277099745784
0.29195094542789746
0.5791477425126744
0.9270849747396469
0.33133497431515546
0.6245285640440803
0.00748670635433224
0.3844576922103777
0.6769028928090103
0.08347755869991103
0.4262903512419191
0.7122209368535011
0.12190519885328932
0.44332542348522297
0.7203581456814883
0.12251293620780768
0.43605392593115244
0.6998033750630207
0.0845964000211974
0.4048543834071579
0.6534493690249262
0.00664926988530623
0.3545313021656874
0.6015782956408677
0.9244822296097552
0.3055587921977181
0.5669908599398308
0.8804470701387024
0.28080146127643224
0.5562088835872867
0.8756544367959934
0.2847606561751581
0.5695676657195206
0.9082734285661915
0.3163649744905843
0.6080423417817975
0.9796662217375325
0.36751290638724776
0.6611937844104447
0.062886533189906
0.4155689699464794
0.7038304430633009
0.1140959699612456
0.4407045088071705
0.7209664599387466
0.12643967867598582
0.4410705550957195
0.7096277136422846
0.10143430609699244
0.4174765050681726
0.6704186210332214
0.035096520467607695
0.37192420812420973
0.616997254061852
0.9474630103781662
0.31919920845991623
0.5754579391828568
0.8898467173377858
0.28548928594569034
0.5569602477786118
0.8730328400943553
0.2802429523852994
0.5624209329807632
0.893265236765527
0.3032392184750834
0.5929467262491506
0.9528564162171128
0.3499318614140856
0.6439680324074654
0.03810175273039329
0.4020443987372735
0.6924772025550905
0.10200799168632768
0.43540602937370493
0.718535899613357
0.12650970213049906
0.44360191980600056
0.7165140221103286
0.1139422984520091
0.427806302591495
0.685875670037241
0.06107363199625793
0.3886030024560863
0.6341150433242936
0.9746645319901601
0.3353969011921536
0.5866981636653656
0.9039782253298971
0.2934995578917672
0.5604230513895077
0.8745321273058612
0.27893711419333633
0.5581168621310479
0.8827637177838821
0.29294502740333783
0.5804094967666129
0.9294996214510312
0.3331635855817692
0.6264939342564193
0.010697032679704899
0.38634894650870405
0.6786125209362428
0.08560527410600671
0.42736854304942223
0.7130225947037208
0.12257956008464732
0.4434844599563469
0.720121126945072
0.12184461244374578
0.43533899973925344
0.6985159564703696
0.08241305511584329
0.40328682468159116
0.6514645366070247
0.0033337871003904507
0.3525362029439424
0.5999369979549578
0.9221361540263865
0.3041710722062161
0.5661863246148154
0.8796376080825183
0.28045924784519993
0.5562815545743213
0.8761965362375803
0.2854637484463134
0.5705548375385969
0.9102591251397907
0.31801187957061705
0.6098902812298491
0.9828603748477569
0.3695156805005195
0.6630910163692625
0.06547416478115986
0.41694296463885805
0.7049413079463556
0.11519493280785986
0.4411308020159392
0.7210378879181293
0.1261665951875357
0.4406061694519307
0.7086258904775415
0.09969147510825405
0.4161177390326244
0.668502096904954
0.03187905736297436
0.369922965689829
0.6151095296688289
0.9445626430702478
0.31747424532723056
0.5743339010681552
0.8885221188720372
0.2847771492179354
0.5567358293053779
0.8731279366010258
0.2806044218947781
0.5631037175740634
0.8947736394042614
0.3046243200205869
0.5945768686378015
0.9558158720883352
0.3519498809778112
0.6460012435084203
0.041147208178944794
0.40374089004081776
0.6939370334457844
0.1036391136699244
0.4361665353671624
0.718985342302376
0.12671820349352236
0.4434527357776529
0.7158952400677875
0.11274959159716014
0.42676191838071237
0.6842298004515508
0.05830375688416001
0.3867709792070775
0.6321052954220702
0.9713995652227088
0.3334512366412854
0.5852843205511329
0.9021262482978298
0.2924245443596776
0.5598956608216463
0.8741602313117911
0.2789302228547803
0.5584739787075412
0.8837515842376561
0.293976593931067
0.5817073265043511
0.9319702029435125
0.3350147108504302
0.6284721313115049
0.013903737698411245
0.3882264964676681
0.680301767252633
0.08768577832281332
0.4284165296302603
0.7137918663745582
0.12321036958348319
0.44361527945083257
0.719850097778939
0.12113108672723238
0.43459541635321247
0.6971964229256586
0.08017787244640528
0.40169588078130836
0.6494765713334302
1.7817295665301103e-05
0.35054480942139793
0.5983213463538168
0.9198464359556212
0.3028179352153333
0.565412733419874
0.8788768316032197
0.280153002162842
0.5563834691171278
0.8767830886367844
0.2862000433890164
0.5715723720669905
0.9122921195463936
0.3196801914829366
0.6117534033700819
0.9860618276163171
0.3715065419165735
0.6649652729167613
0.06800293794900814
0.4182785263049713
0.7060121122795009
0.11623751021470952
0.4415220030260734
0.721069646093991
0.12584350589950954
0.4401098417753601
0.7075868176607474
0.09789336718086838
0.4147307314501192
0.666569605918471
0.028635414669405224
0.36791628906270807
0.6132488636750304
0.9417263673158196
0.3157881039541657
0.5732495190743072
0.8872635769249241
0.28411165923899384
0.556549068142598
0.8732798580399338
0.28101006149787855
0.5638254987461353
0.8963436837174891
0.3060474726751108
0.5962410488921228
0.9588202773576979
0.35397693503969885
0.6480283789029464
0.04415207374283514
0.40540542533507923
0.6953605859603653
0.10520981454170197
0.4368887323680595
0.7193914526316658
0.12687073173109242
0.4432663772280399
0.7152302497687318
0.11149175557492663
0.4256779628608235
0.682544082873076
0.055468180323344995
0.3849106118637331
0.6300985740295106
0.9681556695733582
0.3315185905460416
0.5838970190149246
0.9003275575147152
0.2913850806888747
0.5593989965999681
0.8738366141108904
0.27896156251084636
0.5588648099789157
0.884793567745038
0.29504697417796355
0.5830424807222163
0.9344983497099163
0.3368887203484425
0.6304628606821558
0.0171052564328964
0.39008977616140805
0.6819703047248009
0.08971927845128902
0.4294343885886607
0.7145285143899907
0.1237973953174325
0.4437175043062006
0.7195442320531689
0.1203708223467983
0.43382215057835805
0.6958436500979648
0.07788874670751866
0.4000804981666867
0.6474852160010481
0.9967018451569329
0.34855680934367106
0.5967301458113179
0.917610685486773
0.30149805093424686
0.5646688369795517
0.878162812566555
0.27988160359843395
0.5565139838278755
0.8774134296362133
0.2869689663289283
0.572620035002787
0.9143721183651763
0.32136921757052495
0.6136308034955458
0.9892684859857835
0.37348487565438226
0.6668166424988795
0.07047412979494228
0.4195767506490881
0.7070440888962194
0.11722594610600745
0.4418794746691435
0.7210631581899876
0.12547212006167663
0.43958277539407437
0.7065121778479859
0.09604195325418674
0.4133171654192773
0.6646240670025648
0.025370649288873892
0.3659065623632063
0.6114165309082285
0.9389557811050064
0.3141418028298302
0.5722047115302458
0.8860701770245839
0.2834923843727615
0.5563994881782778
0.8734877637569687
0.2814590440141105
0.5645855975609684
0.8979741641836697
0.3075069239554846
0.5979372086013719
0.9618653208540553
0.35601009666862704
0.6500465108072522
0.0471120342004161
0.4070359435504511
0.6967461047662837
0.10671888460677104
0.4375719387206645
0.7197534000592468
0.1269664418985852
0.44304236487865667
0.7145186150719466
0.11016786968747483
0.42455434976261763
0.6808195293250913
0.05256848964883343
0.3830231695419161
0.6280972591805061
0.9649378965045111
0.32960187812281316
0.5825379398070416
0.898584121211245
0.29038284775943746
0.558934261018929
0.8735629839179878
0.2790325566173235
0.5592907189857683
0.8858919131926505
0.2961574026882614
0.5844160574749198
0.93708534386247
0.33878570630879623
0.632465511514291
0.020299501427147204
0.39193788499634347
0.6836174449938184
0.0917054867680227
0.43042188908539347
0.7152319677036292
0.12433997744413539
0.4437904938184618
0.7192024119607263
0.11956189483053237
0.43301795498387297
0.6944563091710975
0.07554328987431003
0.39843948253377304
0.6454901579828669
0.993386353786864
0.3465719439682813
0.5951623405262143
0.9154267932038831
0.3002102921614598
0.5639536073069561
0.8774940096475022
0.27964422261987165
0.556672718107498
0.8780873225721865
0.2877702762862775
0.5736979008168851
0.9164993238119095
0.3230786273626214
0.6155219126268157
0.9924787803817399
0.37545038451833346
0.6686454931453709
0.07288936829366133
0.42083888574593
0.7080385666114006
0.11816249951878488
0.442204557124785
0.7210197812651055
0.1250540045296813
0.4390260517868589
0.7054034640782847
0.09413892322701001
0.4118784925076196
0.6626680488432286
0.02208930634091022
0.3638957983176845
0.6096133085465173
0.9362515618017699
0.3125357996800584
0.5711990049531945
0.8849404804634368
0.28291850892873405
0.5562863424446606
0.873750444162634
0.28195025094472426
0.5653830954352066
0.8996635031974194
0.30900067153508926
0.5996630546096032
0.9649463371953777
0.3580463746822513
0.6520528049223199
0.05002316997975642
0.4086306409626728
0.6980921116506054
0.10816551372489491
0.43821573577012785
0.7200706837169175
0.12700491236691636
0.44278053317437016
0.7137603473373744
0.10877763836360765
0.4233914492708375
0.6790577828679341
0.04960731668013807
0.38111047544868276
0.6261041074030916
0.9617517769934634
0.3277043424927526
0.5812089602219043
0.8968981189561676
0.2894196595782399
0.5585027221738362
0.8733410938802495
0.27914460859651324
0.5597530056174262
0.8870487004006211
0.29730889284006246
0.5858288721507579
0.9397318920457287
0.34070534350529025
0.6344790329146481
0.023483701459028783
0.39376950542326855
0.6852420745140126
0.09364356809456442
0.43137847434707083
0.7159013230757365
0.12483705379567334
0.4438333763626517
0.7188232909408961
0.1187020913508956
0.4321814447748974
0.6930330020258233
0.07313904652972592
0.3967716438493636
0.6434912017075316
0.99007210821864
0.3445901784174561
0.5936171454374115
0.9132931152529739
0.2989538512066745
0.5632663061982366
0.8768693418261368
0.27944036387617976
0.5568595698209947
0.878804958336646
0.288604046146824
0.5748063152095896
0.9186743476938313
0.3248083669228812
0.61742639460616
0.995691475086842
0.3774029545113411
0.6704523284464132
0.07525041208154559
0.42206620657929517
0.7089968510189006
0.11904930702353367
0.4424984904358429
0.7209407292430692
0.12459049971327762
0.43844058466740876
0.7042619380840426
0.09218563673292435
0.4104159130297305
0.6607037690990721
0.01879542218591901
0.3618856637678023
0.6078395492919497
0.9336136166660477
0.3109700804134321
0.5702316108037409
0.8838726410425939
0.28238891063992444
0.5562086680424897
0.8740663945496447
0.2824823276433388
0.566216873963094
0.9014098068682199
0.3105265121090859
0.6014161035258185
0.9680583845934714
0.36008276166701303
0.6540445623759344
0.052882009024076915
0.4101879976276045
0.6993974326653752
0.10954931392988665
0.4388199848393374
0.7203431579969829
0.12698617870939932
0.44248105523304515
0.7129559397433534
0.10732144920270414
0.4221901184026873
0.67726113614
0.04658837885171874
0.3791749118189895
0.6241222029043454
0.958603201757462
0.3258294793475607
0.5799120827928048
0.8952718258025567
0.28849737725609526
0.558105641513424
0.8731726287260688
0.27929900778064454
0.5602528208292472
0.8882657019379783
0.29850212614475025
0.5872813472770606
0.9424379434658285
0.34264679148071475
0.636501859820354
0.02665432995128114
0.39558287499348666
0.686842642035496
0.09553215382061886
0.4323032806300788
0.7165353794970332
0.12528721966777767
0.4438450989376382
0.7184053704519784
0.11778902252244827
0.4313111853157116
0.6915723907062976
0.07067369857887362
0.39507592589864227
0.6414884068843153
0.9867603768264847
0.3426118336369619
0.5920941376625898
0.9112085927888514
0.2977283162161686
0.5626065258833397
0.8762882262173471
0.27926988611184367
0.5570747174472924
0.879566940981268
0.289470635250592
0.5759458554351593
0.9208981272757676
0.3265585807305653
0.6193440554038868
0.9989055050374683
0.3793425437396505
0.6722376706551224
0.07755897823661018
0.4232599171913481
0.7099201298223095
0.11988827491181997
0.44276235218864546
0.7208270082366925
0.12408264514656175
0.43782707737863813
0.7030885884885767
0.09018306838753931
0.4089303511953351
0.6587330863034471
0.01549251446444666
0.3598774950894407
0.606095241683192
0.931041213382633
0.30944423904612384
0.5693014964424674
0.8828645165562046
0.28190224051627966
0.556165349096535
0.874433908868846
0.28305375957931034
0.5670856805564266
0.9032109701166253
0.3120821292687601
0.6031937687182777
0.9711963948438456
0.3621163229870916
0.6560192954786324
0.05568561779328185
0.41170682268195324
0.7006612366337148
0.11087034827973374
0.43938484118621374
0.7205710433985677
0.1269107398715783
0.4421444411757866
0.7121063557913658
0.10580035973993418
0.42095167615986184
0.6754324704603355
0.0435163898474622
0.37721934637119414
0.6221548357105522
0.9554981888182769
0.32398089334621605
0.5786493202168006
0.8937074446945452
0.28761779169246493
0.5577441874597345
0.8730590840616499
0.27949683819421844
0.5607910937834167
0.8895442740397078
0.2997373785558055
0.588773447784031
0.945202595856776
0.3446086657266956
0.6385319147310493
0.029807159497833302
0.3973758315864821
0.6884172130543
0.09736943688138577
0.4331951989435818
0.7171327090628024
0.12568882224263778
0.4438244915355598
0.7179470830862011
0.11682023339286007
0.4304057706577585
0.6900733024757414
0.06814522824949032
0.39335149991626056
0.6394821700264768
0.983453052577964
0.3406376579433217
0.5905932944311862
0.9091727904571656
0.2965336978128983
0.5619741978103436
0.8757505782265997
0.27913299948057646
0.5573186121632182
0.8803742680277369
0.290370663928055
0.5771173002013472
0.9231718653190244
0.328329558168317
0.6212747832754084
0.002119870747104402
0.38126911176555467
0.6740019855460035
0.0798166341062232
0.4244210882853961
0.7108094087563378
0.12068100544244387
0.44299701139931746
0.7206793623597185
0.12353111064049971
0.43718597923308156
0.7018840810095566
0.08813173415684927
0.40742241551164166
0.6567574723413474
0.012183538914311232
0.35787229116992364
0.6043800473142767
0.9285330752278576
0.30795753911814705
0.5684074446594842
0.8819137688495025
0.28145700141562213
0.5561551863839974
0.87485119330402
0.28366297025427034
0.5679882220025565
0.9050648358350697
0.3136652225745533
0.6049934923059141
0.9743553980981677
0.3641443264655715
0.6579748360077647
0.058431726687241614
0.41318631511096127
0.7018830810257833
0.11212916012331364
0.4399107608311123
0.720754917139033
0.1267795291652627
0.44177150453350716
0.7112129649670862
0.1042160015211202
0.4196778173499292
0.6735751114982955
0.0403968314817269
0.3752469789055935
0.6202053154286374
0.9524425587489129
0.32216209817038943
0.5774225482064219
0.8922069061710266
0.28678248802142736
0.557419345113628
0.8730016528405908
0.27973890156792414
0.5613684814482072
0.8908852954240717
0.3010144942090629
0.5903046715238064
0.9480241042978348
0.3465890828552345
0.6405666868096411
0.03293743713283748
0.3991459263147763
0.6899635849226964
0.09915333516454727
0.4340529720735262
0.7176917569234851
0.12604008052449478
0.44377034076379074
0.7174468757677994
0.11579330604995874
0.429463888338634
0.6885348051220084
0.06555203103154472
0.391597818752744
0.6374732492504842
0.9801526743484925
0.33866883867452025
0.589114981971486
0.9071858636566233
0.29537041129839703
0.5613695736558769
0.8752567797192968
0.2790302437387826
0.5575919617828377
0.8812283073076073
0.29130499079621064
0.5783216090929111
0.9254969932081344
0.33012170243663697
0.6232185169234155
0.005333584998498786
0.3831825836792745
0.6757456426698911
0.08202474150715178
0.42555062377331054
0.7116654729720462
0.12142875122130548
0.44320309625005805
0.7204982295671669
0.12293613425724192
0.4365174431326826
0.7006487058823861
0.08603160781554786
0.40589235162648196
0.6547779761822234
0.00887083096960084
0.35587069485248984
0.6026933253042785
0.9260874561848214
0.30650896507274883
0.567548106899431
0.8810179576208965
0.28105162681064644
0.5561769720683227
0.8753164937683644
0.2843084332759016
0.5689232763704686
0.9069693890125091
0.31527365964428267
0.6068129014731354
0.9775307842115806
0.3661643869768705
0.6599094508902688
0.061118852842890536
0.41462611959940576
0.703062947726818
0.1133267840753387
0.44039849146454024
0.7208956780694245
0.12659384729602396
0.44136329834416343
0.7102774329458814
0.10257041427856883
0.41837047828568813
0.6716926257751028
0.03723562597718222
0.37326113569049163
0.6182767565957812
0.9494415804271591
0.3203762977863398
0.5762333544448275
0.8907716738675464
0.28599271628721046
0.5571318368338698
0.8730011352997108
0.280025663831835
0.5619853439362879
0.8922891537115569
0.30233290178365735
0.5918740862817327
0.95089997292936
0.34858575981185913
0.6426033635545014
0.036040133833885823
0.40089057566492936
0.6914794361162506
0.10088168810617515
0.4348753081671778
0.7182109546051808
0.12633921531360182
0.4436814660636972
0.716903290127108
0.11470595454243804
0.428484374132305
0.6869562618716178
0.06289299532238513
0.3898146454239637
0.6354627530154704
0.9768623834850662
0.3367069750213252
0.5876599145844489
0.9052484836920676
0.29423923122659934
0.5607931885599731
0.8748076256098707
0.27896245186890023
0.5578957059544524
0.8821307641650538
0.292274684847879
0.5795599001036635
0.9278751341250588
0.3319355030002098
0.625175220662388
0.008545635132466423
0.385082825993857
0.6774688893775747
0.08418442332387177
0.4266492406496839
0.7124888620523229
0.12213238654612857
0.44338097229399326
0.7202837094574269
0.12229747455808981
0.43582129321188556
0.6993823390258992
0.08388205571813145
0.40434000827521566
0.6527952059466908
0.005556077696375228
0.35387299005858913
0.601034166695027
0.9237022281385585
0.3050972819281821
0.5667220603661554
0.8801746372223386
0.28068456213349746
0.5562295657788368
0.8758282245114312
0.2849887833937781
0.5698898037562106
0.9089229474315934
0.3169056182529979
0.6086499521757848
0.9807185354749426
0.3681745853188849
0.6618219276176553
0.06374636949097456
0.41602635071956506
0.7042012472330299
0.11446471826463167
0.4408490396847181
0.7209944849746526
0.12635526321392976
0.44092103060128324
0.7093015872956494
0.10086584479701033
0.417031683319598
0.669788602769797
0.03403878254229409
0.3712650587508708
0.6163718852051853
0.9464996682324781
0.3186261976431948
0.5750829170713805
0.8894025980937256
0.28524929442333025
0.5568820673155044
0.8730578839144585
0.2803572286176239
0.5626417415021194
0.8937557646282049
0.3036916558712366
0.5934803900723469
0.9538270839490803
0.3505961310222294
0.6446389746693265
0.0391102004760302
0.4026072135467772
0.6929624740770071
0.10255244313609513
0.4356609885345494
0.7186888289127833
0.12658457334820383
0.44355679309734497
0.7163150409025006
0.113556119701401
0.4274662662763964
0.6853373842247318
0.06016758086548091
0.3880020795267394
0.6334521228180162
0.9735858662182533
0.3347540421480848
0.5862291081397805
0.9033617550589221
0.2931412383467742
0.5602458176443377
0.8744042591219403
0.27893070263634345
0.5582309798469365
0.8830836279505814
0.2932809798054772
0.580833408368834
0.9303080332192337
0.3337714863761392
0.6271448392958436
0.011754916057310272
0.38696960746317843
0.6791718139839491
0.08629652087941175
0.4277174461475603
0.7132798469226923
0.12279238566908113
0.44353072893121404
0.7200355470779954
0.12161438798348256
0.4350970138231193
0.698084437014038
0.0816818243163695
0.40276484028299775
0.650809358201641
0.002240368571905016
0.3518791432752237
0.5994014604498683
0.9213750090773204
0.3037211197081675
0.565927877191028
0.8793814622748686
0.28035434845210094
0.5563119660007667
0.876385081397953
0.2857029085830778
0.5708870336598754
0.9109243062057328
0.3185596841561318
0.6105030226064424
0.9839153666934755
0.3701735241787327
0.6637115968598643
0.06631448249578975
0.4173875658878425
0.7052987770343067
0.11554484712024937
0.44126361272200126
0.7210526738511149
0.12606549647471743
0.44044597372265604
0.708287285469254
0.09910455354826575
0.4156634054885289
0.6678664699042984
0.03081209695110365
0.3692617373998497
0.6144929090966074
0.943620196158325
0.3169138856420288
0.573971937572436
0.8880998461194667
0.2845525607100656
0.5566701003950651
0.8731717862511061
0.2807333350204102
0.5633374444796425
0.8952846027410537
0.305089481897576
0.5951219685250999
0.9568018147795901
0.3526174480162074
0.6466705104524315
0.04214277103796138
0.4042934100985155
0.6944105521591476
0.10416379849961421
0.4364089527562571
0.7191240933277858
0.1267747348623336
0.44339542135466736
0.7156810949263369
0.11234207270268692
0.4264088685217411
0.6836782991138131
0.05737592482927889
0.3861606015970004
0.631443133218735
0.9703273209133293
0.3328123697726222
0.5848238452196464
0.9015271479782005
0.2920777724490009
0.5597284327883918
0.8740481013340822
0.27893626319308806
0.558599063003757
0.8840890876313141
0.2943252003610217
0.5821434125355701
0.932797429037177
0.3356301273922522
0.6291272141213613
0.014960105532043855
0.3888425286502016
0.680854283686461
0.08836152518241946
0.4287555039784663
0.7140384032167735
0.12340880420165323
0.44365217439086596
0.7197531371804111
0.12088564074364494
0.43434376841973155
0.6967540796988734
0.07942910459564145
0.40116596394909465
0.6488203098610226
0.9989243505982746
0.34988890430587527
0.5977939998244157
0.9191033415528838
0.302379087594955
0.5651642067399355
0.8786363000923387
0.28005970435290806
0.5564233702058355
0.8769861258444975
0.2864500095795717
0.5719145132103979
0.9129728069743965
0.32023488374908293
0.6123709344309021
0.9871187378871367
0.37216030416867296
0.6655782798776279
0.06882410503746383
0.41871068422825275
0.7063566343272947
0.11656931952426586
0.44164354021353136
0.7210716645687109
0.12572629756386622
0.4399393818844387
0.707236306780411
0.09728866274501158
0.4142674650932987
0.6659293708272119
0.027560955177853064
0.36725381018717645
0.6126414709918984
0.9408054531650161
0.31524079832617424
0.57290063506123
0.8868629139202721
0.28390237823641096
0.556495666680662
0.8733422808510778
0.2811533736117533
0.5640719482991388
0.8968747281244045
0.306524810642697
0.5967969335745372
0.959820115320475
0.35464684330046836
0.6486949964917539
0.04513328733789779
0.4059469437778278
0.6958217438925756
0.10571429107793007
0.43711835537344335
0.7195157171786577
0.12690860084944333
0.44319668475959056
0.7150007509592031
0.11106252957780272
0.4253118241478246
0.6819796336800358
0.05451898199654148
0.38429113967901013
0.6294379129101597
0.9670914562032198
0.3308846387642279
0.5834456536763927
0.899746447781661
0.29105039199198623
0.5592421596934369
0.8737407742735149
0.27898052075049673
0.55900131185549
0.8851494134501668
0.2954086584405311
0.5834911265258927
0.935344862872127
0.3375117210567127
0.6311219614554304
0.018159487238542216
0.39070092438860804
0.6825158613735473
0.09037948882991431
0.42976339360398985
0.7147641849187976
0.12398126804860699
0.44374484179392926
0.7194355516371597
0.12010955863844464
0.4335604498970815
0.6953900610469657
0.0771216752746482
0.3995422635196039
0.6468277657170296
0.9956084752399964
0.34790195878340335
0.5962106197129565
0.9168849049692267
0.3010699077273151
0.5644298637798482
0.8779373401005965
0.2797995990981421
0.5565632189509441
0.8776308331734468
0.2872296229027691
0.5729721132096885
0.9150683279504467
0.3219306525729677
0.6142529044802537
0.9903267484929013
0.37413443010673264
0.6674221737055428
0.07127665571145214
0.41999686648612344
0.7073760976685939
0.11754040088389162
0.44199018683009045
0.7210528680605168
0.12533933888825866
0.43940242382319994
0.7061502765790127
0.09542005681354171
0.4128454715565229
0.6639801097168725
0.02429024607924024
0.3652435364713056
0.6108186737931471
0.9380567174248167
0.3136077598575797
0.5718687904340173
0.8856907016224085
0.2832981806842374
0.5563581952823438
0.8735683984101357
0.28161641616585253
0.5648444918292856
0.8985248086450719
0.3079958036072268
0.5985031463627134
0.9628775521853878
0.35668136521917226
0.650709532575343
0.048077560387109974
0.40756583615172154
0.6971943826843622
0.10720284051517748
0.4377885993272708
0.7198629750184155
0.12698546081384876
0.4429602034250223
0.7142737144241204
0.10971676599966229
0.42417519138692217
0.6802426020341463
0.05159867317918554
0.3823951411163389
0.6274389675133117
0.9638834885999616
0.32897387697606817
0.5820962843882095
0.8980217020073393
0.2900608292710085
0.5587882293301143
0.8734840126409888
0.27906490229916203
0.5594390783970211
0.8862668126741922
0.2965325293632559
0.5848775692697625
0.9379514510320902
0.33941623604724214
0.6331283373263628
0.02135076279203796
0.39254376363179605
0.6841557235458577
0.09234994668134089
0.4307407771214925
0.7154565098512052
0.12450898031460378
0.44380800987292734
0.7190815894278837
0.1192841102178468
0.43274575573158647
0.6939910142414291
0.07475710201296382
0.397892530268459
0.6448314336917347
0.9922932891418592
0.34591810417890767
0.5946503405663497
0.9147177256163788
0.2997925470108158
0.5637239095071533
0.8772831862544574
0.27957330969775285
0.5567312224672165
0.8783191086597089
0.28804161390218286
0.5740600021636308
0.9172112164945437
0.32364676097477063
0.616148451913008
0.99353795974974
0.37609567951426515
0.6692437061869352
0.07367382820631807
0.4212473824484603
0.7083585004446045
0.11846032381649074
0.44230486762256027
0.7209976020406674
0.12490612133334356
0.438836130463084
0.7050306159600848
0.09350032197558744
0.41139879566337445
0.6620211394660978
0.021004346499291504
0.3632328120969964
0.6090251468023562
0.9353743960193432
0.31201506258161116
0.5708758178667834
0.8845816232207913
0.28273904243658277
0.5562568615219542
0.8738488229205704
0.2821212592635667
0.5656540850826536
0.9002331541529023
0.30950038513720535
0.6002382443007598
0.9659693572102361
0.3587180102083458
0.6527113230275247
0.05097181084652869
0.409148373379635
0.6985270871992648
0.10862877315190866
0.43841935655546005
0.7201654809407433
0.1270050413379289
0.44268592186039857
0.7135001537384927
0.10830470829046734
0.4229994999882257
0.6784690628969722
0.04861798935791217
0.38047461640815194
0.6254491704257583
0.960709086337294
0.32708342240447474
0.5807776659879574
0.8963551371563283
0.2891109249630093
0.558367916411841
0.873279560144089
0.2791907841210084
0.5599136224943233
0.8874432783354802
0.29769772785659065
0.58630343695001
0.9406176668694239
0.34134318504969885
0.6351451261048984
0.024530914015245653
0.3943695818025031
0.6857726105543818
0.0942718821914088
0.43168699234545604
0.7161143709626089
0.1249907574893947
0.4438407409058179
0.718689844928604
0.11840701188430458
0.4318982752749369
0.6925555476143004
0.07233295364049663
0.3962156054542643
0.6428311896331687
0.9889797033119372
0.34393741107304043
0.5931124891595136
0.9126003432389928
0.2985463222266256
0.5630457117437994
0.876672919497919
0.2793804565159199
0.5569273714708309
0.8790512814133222
0.28888615297855713
0.5751786061825422
0.9194022001010063
0.3253832280494755
0.6180572961352557
0.9967512076850742
0.378043972595949
0.6710433980338608
0.07601738339722064
0.422463492795985
0.7093051183449266
0.11933115917941306
0.4425887751363605
0.7209070185114335
0.12442789400104415
0.4382413508740924
0.7038785015636551
0.09153069780509915
0.40992855010880996
0.6600545611287378
0.01770712443023892
0.36122319430306715
0.6072611171069933
0.9327581726259759
0.31046255525009525
0.5699208410498953
0.8835337231540592
0.2822237576930735
0.5561906447539514
0.8741819719069853
0.28266648599279165
0.5664995567244988
0.9019977867346476
0.31103630275367156
0.6019996979637801
0.9690905263342459
0.3607537827581302
0.654697728372151
0.05381273204157999
0.41069313800793245
0.6998187916638602
0.10999184625980085
0.4390105839629992
0.7204232097213126
0.1269675317015877
0.4423741260029198
0.7126807210095373
0.10682697045474132
0.42178576511197324
0.6766615140316864
0.04558099343952593
0.37853212017551274
0.6234716908121036
0.9575742132023698
0.32521682582681666
0.5794918190771459
0.8947490252508914
0.2882025312920733
0.5579824617214661
0.8731290524774757
0.27935939746271865
0.5604260290655809
0.8886804555985701
0.298904807593422
0.587769005674243
0.9433431841407489
0.34329154761869374
0.6371705895306667
0.027696170744430315
0.39617647598548217
0.6873648354317021
0.0961437678056325
0.43260108582814716
0.7167364829177731
0.12542510110031624
0.4438419356073398
0.7182587875973196
0.11747584069654282
0.43101657533040244
0.6910823675783686
0.06984699561686503
0.39451049955871553
0.6408271983076235
0.9856691839699738
0.3419603366017867
0.5915967730193719
0.9105319042544318
0.297330960310221
0.5623949751235069
0.8761061229868695
0.2792210154988244
0.5571519356538688
0.8798280875354636
0.28976368813632414
0.5763285716866827
0.9216423088162922
0.3271402506399048
0.6199792752261414
0.999965457455728
0.3799792737205152
0.6728217591281594
0.07830899790295587
0.42364636282745377
0.7102170847075628
0.12015471958382817
0.4428429225304313
0.7207820426985632
0.12390558187170542
0.4376187095127726
0.7026948214102864
0.08951201670405418
0.4084355600524022
0.6580821096343707
0.014401918455920315
0.35921590994889185
0.6055264623270479
0.9302071264295496
0.3089497169232416
0.5690027603952851
0.8825447840311438
0.28175091997556523
0.5561583936268921
0.8745660969555505
0.28325054963623186
0.5673796292220132
0.9038165642338694
0.3126012293652092
0.603784913792768
0.9722359960183062
0.36278579919579634
0.6566663532335403
0.0565975946422812
0.4121990607166204
0.7010687880384605
0.11129227848163503
0.43956253581430893
0.7206365016990517
0.12687357916409137
0.44202543133373634
0.7118165232484539
0.1052848138373248
0.42053544201738846
0.6748230028816609
0.042492683718278634
0.37657064996886225
0.6215098480740407
0.9544848610353309
0.3233776858745161
0.5782407283198405
0.8932055021620932
0.2873373865453708
0.5576329829947145
0.8730338971577277
0.27957174076494473
0.5609771418197089
0.8899795475029488
0.30015390270297115
0.5892740847710475
0.9461268169537822
0.34525976647910683
0.6392024951701769
0.030842107993730217
0.39796217434554415
0.68893036016868
0.09796368520324439
0.43348188771141566
0.7173213638791942
0.12581030196906529
0.44381040126698945
0.717786845675898
0.116488143049021
0.43009927425835465
0.6895703737019301
0.06729733614763922
0.3927764723717604
0.63881997506895
0.98236383886457
0.33998777504518474
0.5901033008289176
0.9085121745065132
0.29614660906469714
0.5617717398975937
0.8755828707508206
0.27909530870209953
0.5574054529854495
0.8806506494961854
0.2906749208135584
0.5775107390747882
0.9239328242282543
0.32891815841984906
0.6219142966990312
0.003179717816457428
0.3819015339022202
0.6745792267012942
0.08055017565969846
0.42479701092715194
0.7110953358574962
0.12093249595577982
0.44306810239232386
0.7206233221180982
0.12333971874489302
0.4369685623673886
0.701480122952062
0.08744462489134786
0.4069203194236395
0.6561051211629807
0.011091485815966529
0.3572118424403361
0.6038207416386451
0.9277198177768167
0.30747571343220637
0.5681203095278364
0.8816124236859493
0.28131900046625
0.5561588976503404
0.8749994028881534
0.28387187751851206
0.5682930200944788
0.9056873542104857
0.3141929028772181
0.6055913774377939
0.9754008860908355
0.36481142618443085
0.6586151607793771
0.059324376487822184
0.4136654823060571
0.7022767709243072
0.11253077547901214
0.4400757663550039
0.7208060453736388
0.12672424737015975
0.44164073870095816
0.7109090414716301
0.10368002550081745
0.41925032162198833
0.6729569587593887
0.039358726414427725
0.3745934713210494
0.6195669112155887
0.951446706764297
0.3215694378032914
0.577026190353426
0.8917263644067508
0.28651697855740665
0.557320386504177
0.872995166038339
0.27982850962455075
0.5615675213539946
0.8913412703098573
0.3014447168457697
0.5908180244847785
0.9489665597259549
0.3472458137981935
0.641238216679937
0.03396385244348732
0.39972416597501964
0.6904669257586058
0.09972950430921479
0.434328116649464
0.717867441853807
0.12614456532042895
0.4437449269461059
0.7172724885801606
0.11544153425766401
0.42914510267649547
0.688018725635984
0.06468252523176465
0.3910130764790767
0.6368103957199479
0.9790664120702675
0.33802105359749257
0.5886325588676928
0.9065414888296397
0.29499380803482245
0.5611763558136326
0.8751036874966753
0.2790039771876138
0.5576887109610807
0.8815204508152146
0.2916207826856616
0.5787261232174973
0.9262752459703849
0.3307173866383286
0.6238623109028678
0.0063929978992689485
0.3838106618119041
0.6763161329537377
0.08274220327249804
0.4259162814447257
0.7119405784357209
0.12166561881891536
0.4432648582808547
0.720431186021386
0.12273038884289189
0.43629095668656215
0.7002345628296476
0.08532830114300372
0.40538294539104547
0.6541244995016919
0.007777948254080069
0.35521151492275166
0.602143220773868
0.9252943634663492
0.30603944931583094
0.5672721086242014
0.8807341889791486
0.2809264274360668
0.5561909629184567
0.875480177325099
0.2845289846869734
0.5692385559107882
0.9076082317638763
0.31580927901861244
0.6074168103948149
0.9785807594506687
0.3668284215569044
0.6605425827085495
0.06199187332418998
0.41509220197670144
0.7034428651506888
0.11370853012006998
0.4405511135556888
0.7209328333321083
0.1265209376763794
0.44122116219527696
0.7099600100135326
0.10201473616609635
0.4179323861833064
0.6710669791041949
0.03618511036312855
0.37260390479317557
0.6176458856021496
0.9484647662526043
0.31979513926733705
0.5758496689389786
0.8903128861780014
0.28574242340320266
0.5570452944425768
0.8730135159035572
0.28013005213686815
0.5621974284040765
0.8927658529112559
0.3027765501856934
0.5923997636583292
0.9518596969375676
0.3492473006525114
0.6432748742323808
0.0370563417708496
0.40145985740030465
0.6919722049364607
0.10143908119848177
0.4351384938611533
0.7183731684148198
0.1264261404251985
0.4436443592494602
0.7167143063801118
0.11433379239821706
0.42815295684737864
0.6864268951627428
0.0620016300948012
0.38922018239034856
0.634799679933995
0.9757802303051908
0.33606189900931804
0.5871853656753917
0.9046206700597278
0.2938734384876387
0.5606094420198671
0.8746694904823427
0.27894794071309814
0.5580027183803324
0.8824392977491906
0.2926024033325425
0.5799758866845411
0.9286712476738388
0.332538444125831
0.6258232823859278
0.00960426449023366
0.3857064974259909
0.6780326779639936
0.08488611663439882
0.427004825205703
0.7127532661332986
0.12235483280428694
0.44343346579549353
0.7202056179642757
0.12207718611179308
0.43558560443529853
0.6989578770805075
0.08316220532772478
0.40382315407581787
0.6521407108764713
0.004462785248548151
0.35321509926395755
0.6004929148794899
0.9229285349759091
0.30463963425001994
0.5664567248673928
0.8799076551974565
0.2805716685746247
0.5562534873842484
0.8760069160680841
0.285220580609588
0.570215277647399
0.9095776594108069
0.3174486622426027
0.609259300830943
0.9817718303798719
0.368835035841935
0.6624475868012287
0.0645997406856218
0.41647948609328844
0.704567615817024
0.1148271788879307
0.4409896577694842
0.7210180926958237
0.12626528212170163
0.4407679409152738
0.7089712800491492
0.10029121697993659
0.4165836570070548
0.6691566176798233
0.032977803134553785
0.3706051245602596
0.6157493367392897
0.9455431244636123
0.31805730109484265
0.5747121893979709
0.888965696118993
0.28501438346185215
0.556808000069104
0.873089146049111
0.28047635095151513
0.5628668261554388
0.8942530621615786
0.3041483441574826
0.5940178917086805
0.9548029330768698
0.35126159175715244
0.6453094734700027
0.040114568493217595
0.4031667165660879
0.6934439423878243
0.1030904329258171
0.4359118448343883
0.7188371228991512
0.12665344011095137
0.4435076740116659
0.7161110881320291
0.11316295519332509
0.42712195499975425
0.684794722382281
0.05925432030677413
0.38739800921567724
0.6327893778484184
0.9725091505270363
0.3341124046905073
0.5857628281327107
0.9027509497272652
0.29278667135516523
0.5600718432129912
0.8742815225843376
0.27892834701081304
0.5583486644718317
0.8834092564944618
0.29362105616229695
0.5812612888836238
0.9311225897603043
0.3343818522999129
0.6277971331911376
0.01281235771426914
0.3875887634483168
0.6797288853059049
0.08698265047288833
0.42806307341428207
0.7135335756002786
0.12300047596705888
0.4435739217015825
0.7199462459076064
0.12137920216200104
0.4348518804730511
0.6976493908471735
0.08094488954282797
0.4022402798464266
0.6501538331977288
0.001146918088918536
0.3512224764503273
0.5988686677220652
0.9206199034689979
0.30327487746487547
0.5656727462531437
0.8791305345598287
0.2802533147084221
0.5563455292197593
0.8765784279552353
0.28594565162994057
0.5712225163551614
0.9115946089032314
0.3191097833816663
0.6111173745355363
0.9849710644270782
0.37083004244566853
0.664329674854913
0.06714843608420806
0.41782802267878755
0.7056519308225864
0.11588870863541434
0.44139265593335886
0.721063197618417
0.1259590233577328
0.44028234971735924
0.7079446936406317
0.09851169701979012
0.41520606576688723
0.6672292183285247
0.029742481367978746
0.3686000113976976
0.6138792872978002
0.9426847958547998
0.31635779607861236
0.5736142919580147
0.8876847351880008
0.2843330374868902
0.5566084551434465
0.873221792826492
0.2808670277410732
0.5635753925111571
0.8958022333835618
0.30555872384759586
0.5956707007630508
0.9577924981611113
0.35328589413094025
0.6473390102272085
0.043133758084423324
0.40484237655155725
0.6948800578879575
0.10468186224679465
0.43664717509484774
0.719258096576288
0.1268251417285955
0.44333404170541346
0.7154619013542419
0.11192742748375539
0.4260515042812366
0.683122489203355
0.056440985908208674
0.385547176899794
0.6307813777948534
0.9692575386403024
0.3321750159942689
0.5843663116930904
0.9009339071222571
0.2917349228953454
0.5595645868564666
0.8739412800830202
0.27894651095236145
0.5587278623664808
0.8844325574447895
0.2946780744213364
0.5825836005555878
0.9336309693889986
0.3362480423641112
0.6297836452020498
0.016015846606881823
0.38945698438436877
0.6814045315629331
0.08903216126374658
0.42909120055052236
0.7142813790263504
0.12360246281295573
0.44368594219556745
0.7196523539494382
0.1206350506688949
0.4340888520493484
0.6963080775858703
0.07867438958529549
0.4006333486009795
0.6481636682323034
0.9978308986157989
0.3492333563869039
0.5972692701878733
0.9183660324163327
0.30194381018775895
0.5649188669988146
0.8784007890388489
0.27997015964735494
0.5564663620428837
0.8771939072798705
0.2867035083543965
0.5722599271093858
0.9136586033765685
0.3207918099138696
0.6129899916752591
0.9881761488912123
0.3728126882716065
0.6661888069801121
0.06963906416887689
0.41913882500893557
0.7066969811469288
0.1168953235975605
0.4417614589885094
0.7210695749807109
0.12560389742607603
0.43976562121631657
0.7068819862017459
0.0966782287018828
0.41380136775964294
0.6652878161336452
0.02648437216710331
0.36659107910636557
0.6120371964320074
0.939891723412935
0.31469785174710485
0.5725560445022996
0.8864692922243911
0.283698100356256
0.556446286409563
0.8734107546951014
0.281301364042265
0.5643225360042461
0.8974122947382303
0.30700602853788284
0.5973562178481192
0.9608242115668607
0.35531730946118745
0.6493605313437184
0.04610946935034921
0.4064846933429512
0.6962787074389991
0.10621202888848469
0.4373437182497761
0.719635154791842
0.1269402678126057
0.4431228854404401
0.7147661712136146
0.1106260977268918
0.42494137690150846
0.6814110074274904
0.053562884757806906
0.38366877739138194
0.6287779310595701
0.9660302724915741
0.33025252957436924
0.5829974208713615
0.8991714208021528
0.2907198145306724
0.5590888392318233
0.8736504326259915
0.27900384231377773
0.5591416765295526
0.8855114668332305
0.2957747391605754
0.583943986175647
0.9361978134934293
0.3381372178764399
0.6317823305436414
0.019212842543230302
0.3913103846363692
0.6830590603526707
0.09103453815701634
0.4300890841725756
0.7149962201575077
0.12416027783675299
0.44376897341215066
0.7193229174355376
0.11984292908268657
0.43329533842732587
0.6949326633632174
0.07634839019111128
0.3990011977392642
0.6461699021491538
0.9945151772404633
0.34724744205808955
0.5956936029940434
0.9161646937261152
0.30064522153001105
0.5641939749409353
0.8777167357793056
0.2797212687976587
0.5566155132307533
0.8778529707007499
0.28749379762647775
0.5733274828378133
0.915769685036653
0.3224942972276341
0.6148764802215574
0.9913853568554409
0.37478258330201886
0.6680252727200044
0.0720731595523314
0.42041310422535183
0.7077040771236971
0.11784929424582447
0.4420974241648186
0.7210386137357505
0.12520152975452237
0.4392188839209411
0.7057847204440901
0.09479260360825581
0.4123710959065695
0.6633350995223798
0.023208195197337078
0.3645804642900008
0.6102240026260162
0.9371648811744556
0.3130781069859514
0.5715370984611732
0.8853180941150278
0.28310887882234015
0.5563208334356862
0.8736549403530927
0.2817783352861529
0.5651074162283142
0.8990817909864489
0.3084883370174809
0.5990722263763386
0.9638935225631335
0.3573528646090587
0.651371167216404
0.0490376435544837
0.4080917732736572
0.6976383157791288
0.10767998425780823
0.43800096400479316
0.7199676809075433
0.1269982476281215
0.4428739289403817
0.7140237509701554
0.10925844812068486
0.42379178194940026
0.6796616998144834
0.050622282968879606
0.38176444133261334
0.626781668125107
0.9628327279415185
0.32834808215886224
0.5816579719049648
0.8974656087367875
0.2897431229504641
0.5586458533256344
0.8734107301136875
0.27910176172916934
0.5595914382803223
0.8866481376514334
0.2969121527915308
0.585343371419557
0.9388240484360496
0.34004920955528717
0.6337922997041452
0.02240082075899852
0.3931477950875841
0.6846915073981066
0.09298913468879477
0.43105627844315636
0.7156773068298358
0.12467299097029416
0.4438222176464578
0.718956659615884
0.11900071052447769
0.43246999160066985
0.6935217583453205
0.07396443455553392
0.3973426198928545
0.6441722816225952
0.9912003939031974
0.34526460496625777
0.5941407761726238
0.9140140677604951
0.2993781840873857
0.5634972270824457
0.8770771308688485
0.27950602959861093
0.5567927849899587
0.8785556646673098
0.28831648842613844
0.5744254415754814
0.9179283364264503
0.32421710690108885
0.6167764361170229
0.9945973596044116
0.37673956538238773
0.6698395445019776
0.07445245874334039
0.42165213883398495
0.7086745443594191
0.11875281265414439
0.44240183342534123
0.7209715843763018
0.12475334657973258
0.43864311347472196
0.7046542412710666
0.09285629922688687
0.41091653825468566
0.661373405750433
0.019918159732559948
0.36256994884324817
0.6084401952698522
0.9345044223070057
0.3114986985381103
0.570556764073423
0.8842294203621484
0.28256434601414626
0.5562312001399429
0.8739529360835084
0.2822966598044958
0.5659289768866168
0.9008089269183833
0.3100035067426261
0.6008163003702717
0.9669955707140924
0.35938955000626516
0.6533681662792189
0.051914648275558584
0.4096619957601309
0.6989576016856711
0.10908519376117054
0.43861867661836285
0.7202554063051455
0.12699895881968915
0.4425872286988527
0.713234968469932
0.10782463111118212
0.4226034103936648
0.6778766403208466
0.0476225311887688
0.37983636461455966
0.6247955715248783
0.9596706936048844
0.3264650960980835
0.5803499354543924
0.8958187298371594
0.2888067049519405
0.5582369019850842
0.8732238940045283
0.27924160799575604
0.5600783583567348
0.8878444614272735
0.29809112030922336
0.5867823225085327
0.9415098969420845
0.34198335943073976
0.6358121666112883
0.02557651241437675
0.3949676035108683
0.6863004678297795
0.09489475728776409
0.43199201933777664
0.7163235332461246
0.12513930517547012
0.44384467707909503
0.7185521245303899
0.11810605299309618
0.4316113844558206
0.6920739908089601
0.07152013700087267
0.39565650070897795
0.6421707672075363
0.9878876265604453
0.3432850336132498
0.5926102364921656
0.9119128880582282
0.29814214570645703
0.5628281005645216
0.876481219951514
0.27932417944424226
0.5569982606965989
0.8793024546162045
0.28917184562503717
0.5755543057175998
0.9201353921620543
0.32596032324707114
0.6186896253618875
0.9978110489151875
0.37868357812827114
0.671632148821987
0.07677870833767608
0.4228571658096447
0.7096096194191855
0.11960787347377533
0.44267582563772423
0.7208695703565786
0.12426049785532811
0.43803908967642025
0.7034916354624154
0.09087042854835614
0.4094387167149169
0.6594047177524511
0.016617963226415178
0.3605609813348167
0.6066858815944332
0.9319098198656559
0.30995934605619335
0.5696140845772788
0.8832012177648596
0.28206322125173133
0.5561763152328905
0.8743030925827905
0.2828548675307532
0.5667860018963417
0.9025916540474335
0.3115492472087298
0.602585875578883
0.9701253089586729
0.36142439340726495
0.6553489580921414
0.05473735374626054
0.4111940515503343
0.7002356122250851
0.11042756331528736
0.43919690998011734
0.7204984267284974
0.126942743920063
0.44226318221148614
0.712400631644758
0.10632548275932052
0.42137743061306865
0.6760585220762181
0.04456802289369022
0.37788726317316224
0.6228228794024574
0.9565501769501272
0.32460715914289096
0.5790753361296908
0.8942330331138023
0.2879123900784244
0.5578631955337555
0.8730914977583941
0.2794245446355632
0.5606034483681146
0.8891019455839488
0.2993120611400961
0.5882609640193753
0.9442547507585998
0.3439384666960885
0.6378400229659809
0.028735914494325776
0.3967677741898321
0.6878841273729284
0.09674973270924525
0.432895271943668
0.7169335387280678
0.12555763964751376
0.4438352136021978
0.7181077587831728
0.11715651185072407
0.4307180933089456
0.690588121874977
0.06901336242553069
0.3939419260508986
0.6401656353665478
0.9845785485480076
0.34130932675517633
0.5911018240199868
0.90986050753643
0.2969369731924285
0.5621864122389864
0.8759287509248688
0.2791758104172892
0.5572323000827459
0.8800942064637094
0.2900604032840983
0.5767147880233041
0.9223919696038065
0.327724190662082
0.6206159128757964
0.001025411022843814
0.3806145860269513
0.6734035765784361
0.07905353504932289
0.4240293061952911
0.7105103754026161
0.12041618881104243
0.4429203450819145
0.720733410476023
0.1237237866883163
0.4374073532879646
0.7022976847058822
0.08883567303064899
0.40793835253834065
0.6574306431555643
0.01331075930436243
0.35855467753232245
0.6049608315354966
0.9293799736446471
0.30845941966826906
0.5687078995100809
0.8822312042313465
0.28160404906389935
0.5561549996844529
0.8747036320979353
0.2834513909385512
0.5676771999017431
0.904427812280137
0.3131232360274572
0.6043783673352248
0.9732777052521806
0.3634545774397744
0.6573112523040985
0.05750324934603812
0.4126869998153898
0.7014717675522539
0.11170747011732907
0.4397360177263316
0.7206972005040808
0.12683039398420637
0.44190250548056903
0.7115219821157628
0.10476245481945767
0.42011542260507706
0.6742105401251682
0.0414640114548428
0.3759202450638132
0.6208669183561283
0.9534771057260083
0.3227778405592643
0.5778361137558485
0.892710564912065
0.2870618489364054
0.5575257912780969
0.8730148489833608
0.27965147682474445
0.5611674620074623
0.8904216351582767
0.30057496648464466
0.5897789506399145
0.9470571449721239
0.34591280874567487
0.6398734925753262
0.031874427370132796
0.3985459399830679
0.6894403589197997
0.09855205118271626
0.43376481712327547
0.717505799215797
0.12592624259041463
0.44379262003410846
0.717621995237089
0.11614964563702035
0.4297887673761243
0.6890631305781889
0.06644235557849898
0.3921982488339038
0.6381575211460231
0.9812754814556431
0.33933852395253084
0.5896157761390322
0.907856887471367
0.2957629481978794
0.5615723082256363
0.8754199519776833
0.279061353490198
0.557495525883279
0.8809321649468365
0.2909829415143639
0.5779077885832087
0.9246994257669567
0.32950907634200877
0.6225552227526082
0.004239458588407574
0.3825325286180137
0.675154233148906
0.08127837483067668
0.42516952325296
0.7113776757819394
0.12117913414913839
0.4431361048505963
0.7205636512200209
0.123143604439794
0.43674816250720455
0.7010728125631481
0.08675220003376172
0.40641581992647013
0.6554523785203896
0.009999100388731863
0.35655180327615565
0.6032645043613375
0.9269132889563833
0.3069979929772415
0.5678368990407909
0.8813169637047222
0.281185277576091
0.5561660400083559
0.8751527722999288
0.2840846736794358
0.5686013117319395
0.9063153157113379
0.3147232663676225
0.6061913221875443
0.9764479979241065
0.3654775832784438
0.6592531557597867
0.06021057282440179
0.4141403286436646
0.7026659025744304
0.11292578232145978
0.44023665061486283
0.7208525226127755
0.1266630943619922
0.441506178728483
0.710600599102565
0.1031374697395242
0.41881925743214854
0.6723362037729061
0.038316309273107585
0.37393861797265926
0.6189308931758766
0.9504569748970069
0.3209804734728605
0.5766339698710644
0.891252967494133
0.286256458664498
0.5572255086648352
0.8729948897237458
0.27992298916039693
0.5617708617332959
0.8918040840479855
0.3018794026350027
0.5913354904136456
0.9499148257006437
0.3479042255315339
0.6419098492164835
0.034987086152793445
0.40029954531620454
0.6909668640143279
0.10029955654803624
0.434599361983699
0.7180387380818638
0.12624331967010338
0.4437156961676497
0.7170933344245554
0.11508311302109675
0.4288221860700375
0.6874982739256339
0.06380582887874264
0.3904251239027782
0.6361474159752893
0.9779813682877446
0.33737408837180016
0.5881526940500879
0.9059025330492156
0.2946207289094025
0.5609862318953434
0.8749554842599006
0.2789815466234975
0.5577888022342025
0.8818179252072594
0.2919404616434864
0.5791343747886267
0.9270593240273232
0.3313154443164583
0.6245075141003005
0.007452192814411562
0.38443729550387923
0.6768844106338363
0.08345443569063749
0.42627859977403304
0.7122121462468682
0.1218977152304852
0.44332356183353866
0.7203605101156871
0.12251987697267297
0.4360614559484214
0.6998170386762945
0.08461958745619613
0.40487110473470656
0.6534706816646196
0.006684893419206972
0.3545527627681594
0.6015960769166868
0.9245077558881403
0.3055738977230005
0.5669996785969567
0.8804560409846991
0.280805338821585
0.5562082644691738
0.8756488562890101
0.284753283989571
0.5695572240918414
0.9082523494531218
0.3163473965709591
0.6080225704605197
0.9796319460568947
0.36749132302891185
0.6611732725085364
0.06285840335572801
0.4155539928313089
0.7038182840681513
0.11408384636028401
0.44069973239601234
0.7209654717506403
0.12644233529237536
0.44107536737545067
0.7096382705338873
0.10145272677193606
0.41749094646708773
0.6704391179741088
0.03513093378266108
0.37194567448697635
0.617017680585596
0.9474945175133929
0.3192179505448065
0.575470232669838
0.8898613120319303
0.285497192353263
0.55696286480665
0.8730321287019218
0.2802393099912257
0.5624138092358129
0.893249365352417
0.3032245462830465
0.5929294001891733
0.9528248722800748
0.34991023500601326
0.6439461611260646
0.03806882216224294
0.4020260026479042
0.6924613251049734
0.10199014075752943
0.4353976519884549
0.7185308383637807
0.1265071616913529
0.44360332358195687
0.7165204233493524
0.1139547665710241
0.4278173121962604
0.6858931382468911
0.061103037427392426
0.38862253245504746
0.6341366491271405
0.9746997151752194
0.3354178705917783
0.5867134956460776
0.9039984098705507
0.2935112975630223
0.5604288815953151
0.8745363800659014
0.27893739083357016
0.5581132026687075
0.8827533876605718
0.29293414803072415
0.5803957483477509
0.9294733791560688
0.33314381626250933
0.6264727456490365
0.010662550928318026
0.38632869493151833
0.6785942570910026
0.08558266112800506
0.427357117615558
0.7130141519990221
0.12257254477995527
0.44348290048471756
0.7201238535644865
0.12185203223905505
0.4353468331520093
0.6985299601702784
0.08243678973815083
0.40330379247759074
0.6514858821993187
0.003369419306224808
0.35255762231921123
0.5999544970392123
0.9221610612691415
0.30418579850416116
0.5661948033805297
0.8796460441316736
0.28046273189506365
0.5562806168295658
0.8761904729217302
0.2854560151131662
0.5705440671683359
0.9102375341862379
0.3179940663329359
0.6098703403692068
0.982826006962774
0.36949422030204104
0.6630707504285934
0.06544667246819502
0.4169284055581641
0.7049295854417178
0.11518342684717653
0.44112640995752417
0.721037333765854
0.126169798711963
0.44061133181612966
0.7086368573443245
0.09971050135103399
0.41613249382161743
0.6685227825164785
0.03191378128275746
0.369944504786518
0.6151296743325898
0.9445934738769521
0.31749257801779884
0.5743457695816854
0.8885360009539942
0.2847845535960838
0.5567380401905928
0.8731266114992606
0.2806003015249021
0.563096172021592
0.894757100471474
0.30460923039746945
0.5945591665428256
0.955783823112224
0.3519281419015332
0.6459794213530616
0.04111468902303406
0.40372282528021236
0.6939215353739909
0.10362190407538852
0.4361585650538041
0.7189807410955749
0.12671625855958135
0.44345453540251245
0.7159021340351679
0.11276275259388102
0.42677335126294225
0.6842477002512576
0.058333873489818666
0.3867908188123518
0.6321268802539661
0.9714345475450967
0.33347208070217604
0.5852993756159787
0.9021458699283407
0.29243591048415585
0.5599011669660179
0.8741639740970879
0.27893009621775344
0.5584699643340258
0.883740684938894
0.2939653046240611
0.5816931836245058
0.931943350485428
0.3349946972618101
0.6284508059886453
0.013869302417334417
0.38820639465960205
0.6802837235992417
0.0876636707675773
0.4284054278507634
0.7137837723735612
0.12320382275142228
0.44361402471919403
0.7198531937008394
0.12113899966456887
0.43460356270123296
0.6972107772310259
0.08020217462329082
0.4017131050966342
0.6494979516985411
5.3451888787137136e-05
0.3505661905688072
0.5983385763121596
0.9198707505884338
0.3028322971951627
0.5654208866203986
0.8788847553298751
0.2801561061260851
0.5563822209851848
0.8767765519091903
0.2861919569167344
0.5715612772398027
0.912270022837536
0.31966215260600306
0.6117333048522207
0.9860273935251067
0.37148521369366083
0.6649452540371323
0.06797607218716717
0.41826437480033624
0.7060008140047112
0.11622659841410288
0.44151798086464844
0.7210695106267881
0.12584723753517402
0.4401153408241941
0.7075981755764311
0.09791297650770714
0.41474578038754656
0.6665904469760715
0.028670392129289457
0.3679378732001181
0.6132687098349939
0.9417564991122067
0.315806012967055
0.573260961103796
0.8872767529753786
0.2841185638867656
0.5565508763592237
0.8732779260418617
0.2810054703058873
0.5638175372861804
0.8963264880866261
0.3060319829892648
0.5962229915192545
0.9587877675887635
0.35395511429248216
0.6480066377418359
0.04412001438273716
0.4053877153761922
0.6953454875456708
0.10519326136577845
0.436881177804598
0.7193873220547887
0.12686939349773518
0.44326857941031894
0.715237643365036
0.11150562238925321
0.42568982220643875
0.6825624065835739
0.055498996304744086
0.38493075026548185
0.630120114370763
0.9681903995236112
0.33153927983503206
0.5839117803204901
0.9003465965174456
0.29139605615398834
0.5594041663386069
0.873839829181508
0.27896101751923474
0.5588604260248677
0.8847820748074886
0.29503526092848165
0.5830279305221848
0.9344708710006197
0.3368684597223306
0.6304414032445498
0.017070886878262304
0.39006983180365923
0.6819524865524005
0.08969767658523775
0.42942361121270056
0.7145207733957848
0.12379132174369611
0.44371655981284025
0.7195477078019827
0.12037924715982529
0.4338306222016066
0.695858368411777
0.07791364093845665
0.40009799132921997
0.6475066345185441
0.996737477469076
0.34857815565541017
0.5967471190042315
0.9176344320747587
0.30151206204638625
0.5646766770064068
0.878170242794335
0.2798843380671765
0.5565124308680811
0.8774064243818696
0.2869605310980765
0.5726086165395148
0.9143495162824726
0.3213509584274603
0.6136105550794841
0.9892340050659514
0.3734636840811991
0.6667968679766281
0.07044787457673118
0.4195629938962011
0.7070332008650501
0.11721560400516107
0.4418758077298268
0.7210634263148075
0.12547636203535073
0.43958859875482686
0.7065239096558238
0.09606212588204555
0.4133324916079123
0.6646450339917516
0.025405828660494123
0.36592816793550154
0.6114360676394064
0.9389852018793821
0.31415928035603535
0.5722157301710068
0.8860826598622356
0.28349879610187045
0.556400900372123
0.8734852359724903
0.28145399251962155
0.5645772288159183
0.8979563268526616
0.30749105442761904
0.5979188193689704
0.9618323985934351
0.3559882261035203
0.6500248816590409
0.04708047897360168
0.40701860920977107
0.6967314234410709
0.10670299876345224
0.4375648058680212
0.7197497473424053
0.1269657172770544
0.44304497316543695
0.7145265107002068
0.1101824490454093
0.4245666341671815
0.6808382628098384
0.052599982567141934
0.38304359022534823
0.6281187274258982
0.9649723171303678
0.32962237949205164
0.5825523881577209
0.898602555152014
0.2903934136701407
0.5589390809674377
0.8735656524876771
0.2790315779157668
0.5592859509807351
0.8858798030976414
0.2961452531841169
0.5844010894304434
0.9370572277978505
0.33876519964762863
0.6324439306749352
0.020265223437266666
0.3919181098736338
0.6835998618819661
0.09168439654857252
0.4304114403226374
0.7152245876472924
0.12433438643230499
0.4437898677492079
0.7192062808920985
0.11957085392687072
0.43302676617689223
0.6944714063868329
0.07556880256986975
0.3984572576106124
0.6455116176799753
0.9934219776000033
0.34659325731719526
0.5951790670680152
0.9154499922232935
0.30022396299942145
0.5639611437674525
0.8775009605950637
0.27964659478905673
0.556670862944379
0.8780798490446358
0.287761493171238
0.5736861564005187
0.9164762118413246
0.32306014987897047
0.6155015190057853
0.9924442673914313
0.3754293315847157
0.6686259580623255
0.0728637050676042
0.42082550998416474
0.7080280744716901
0.118152703269222
0.4422012314116578
0.7210204390335494
0.12505874106745263
0.4390321886527858
0.7054155548934589
0.09415964266668642
0.41189408165053354
0.6626891160267772
0.02212464149378035
0.3639174055795692
0.6096325298806597
0.9362802686317733
0.3125528434668592
0.5712096071045103
0.8849522879238982
0.2829244382776943
0.5562873678967135
0.8737473353081926
0.28194475253869533
0.5653743304301069
0.899645042938786
0.3089844448686725
0.5996443592839411
0.9649130542423785
0.3580244866469522
0.6520313176259189
0.0499921587504657
0.40861370017659604
0.6980778617398302
0.10815030172108209
0.4382090276669182
0.7200675123883483
0.12700480349682985
0.44278354756832666
0.7137687423398633
0.10879292985847044
0.423404152179238
0.6790769049865362
0.04963945245179335
0.3811311557946881
0.6261254720388083
0.9617858266329509
0.3277246195540888
0.5812230746111425
0.896915923649724
0.2894297960067642
0.5585071785960465
0.8733431972593773
0.2791431815401797
0.5597478402379541
0.8870359521985796
0.2972962977838429
0.5858134794242363
0.9397031347991287
0.3406845969224901
0.6344573426287825
0.023449548806560472
0.39374991607131377
0.6852247407908287
0.0936230014287327
0.4313683618845142
0.7158943153411559
0.12483195872019892
0.44383307915166165
0.7188275684787649
0.11871160965187033
0.43219061083570637
0.6930484930628465
0.0731652036833772
0.3967897131221399
0.6435127035303347
0.9901077129507582
0.3446114574736603
0.593633631957143
0.9133157814021389
0.2989671884392089
0.5632735453132175
0.8768758224959201
0.2794423772014749
0.5568574120543504
0.8787970122558075
0.28859491279236393
0.5747942398295848
0.9186507173976008
0.3247896705027813
0.6174058584991731
0.9956569421531525
0.3773820408941482
0.670433027118184
0.07522532191815712
0.4220531983408924
0.7089867412249364
0.1190400347272329
0.44249549338999217
0.7209417646087661
0.12459571788260515
0.43844702626108845
0.7042743757181376
0.09220689030629248
0.41043175363867446
0.6607249145230334
0.018830872454897563
0.36190725657151784
0.60785845346165
0.9336416141494931
0.31098669282177127
0.57024180635351
0.8838837947279241
0.2823943710158179
0.556209318032305
0.8740627220515884
0.2824763978897289
0.5662077255733183
0.9013907453952501
0.310509952779217
0.6013971295416628
0.968024795066939
0.3600608882933438
0.6540232449810534
0.05285157644305016
0.4101714650801669
0.6993836250423753
0.10953477759448971
0.43881370143479204
0.7203404676791804
0.12698668272750213
0.4424844720520341
0.712964826252916
0.10733744501108933
0.4222032280494269
0.6772806189394032
0.046621111944107785
0.3791958234395502
0.624143429408986
0.958636815917027
0.32584949363978444
0.5799258414047228
0.8952889768437033
0.2885070643422676
0.558109721185098
0.8731741495997797
0.27929711945076585
0.5602472467729361
0.8882522986380604
0.2984890802776823
0.5872655276932975
0.9424085500330946
0.3426258169169376
0.6364800797066577
0.02662034447371342
0.3955634926240696
0.686825576565972
0.09551212798656561
0.43229351520028225
0.7165287583537481
0.12528263713919796
0.4438451426484078
0.7184100732165773
0.11779912624579647
0.4313207216371567
0.6915882892250009
0.07070052375035796
0.3950942996389917
0.6415099484921776
0.9867959456483928
0.34263307275026933
0.5921103865973363
0.9112307341298757
0.29774132202719183
0.5626134702198651
0.8762942401931045
0.27927154021989553
0.5570722536879911
0.8795585137270219
0.28946114636625975
0.5759334417743713
0.9208739670887881
0.3265396629796804
0.6193233783813276
0.9988709631238972
0.37932176979166665
0.6722185976724543
0.07753444334132453
0.4232472641648552
0.7099103904895508
0.1198795075960919
0.4427596732697913
0.7208284116921218
0.12408833562283039
0.4378338174129094
0.7031013639381205
0.09020484791110017
0.4089464349334896
0.658754291986213
0.015528044931442775
0.3598990608373776
0.6061138305978857
0.9310685124253868
0.3094604262907312
0.5693112975663106
0.8828750406987331
0.28190724734284434
0.5561656361885603
0.8744296917463115
0.28304741527507016
0.5670761626478397
0.9031913306545858
0.3120652623445874
0.6031745439883762
0.9711625531399367
0.36209449499351676
0.6559981732332156
0.055655792095541834
0.41169070921207723
0.7006478782456605
0.11085648442633733
0.4393789792147387
0.7205688297876875
0.12691184902121
0.44214825323602575
0.7121157211350388
0.10581704520322965
0.42096517616789925
0.6754522802910594
0.043549665004641636
0.37724045634851844
0.6221758882494103
0.9555313032409543
0.324000606225062
0.5786627018717312
0.8937239194886704
0.2876270110376331
0.5577478786416815
0.8730600077788029
0.2794944783227744
0.5607851024450301
0.8895302035416683
0.2997238812031151
0.5887572042333507
0.9451725805154076
0.3445874808518776
0.6385100696192856
0.029773389819469864
0.3973566812087805
0.6884004383009201
0.09734997309766769
0.433185793448324
0.7171264907274646
0.12568477093347852
0.4438248891082231
0.717952227991699
0.11683094889806855
0.43041569195580737
0.6900896199110904
0.06817274108809812
0.3933701855999563
0.6395037452384522
0.9834885616775678
0.3406588467146574
0.5906093039028326
0.9091944084196155
0.29654636987342675
0.5619808463489326
0.8757561238576935
0.27913429030748693
0.5573158361628867
0.8803653468656798
0.29036081153997007
0.5771045388974276
0.9231471610463601
0.3283104153283183
0.6212539662289642
0.002085330463950319
0.3812484780608507
0.6739831363655373
0.0797926386610428
0.42440877980980074
0.7108000301972621
0.12067272768542558
0.44299464250169873
0.7206811274662808
0.12353726841873769
0.4371930143841322
0.7018971890272456
0.08815403682209433
0.407438737686903
0.6567787246538542
0.012219121017114754
0.35789382098982814
0.6043983262619032
0.92855969217697
0.3079733106888507
0.568416865230796
0.8819236892857233
0.2814615712929087
0.5561551236478789
0.8748464508573663
0.2836562282805508
0.5679783483008486
0.9050446411697595
0.31364807216034984
0.6049740436173314
0.9743213561796775
0.3641225716192036
0.6579539300930433
0.05840252827081471
0.41317062703853097
0.701870174415381
0.11211596029328397
0.4399053138065667
0.7207531722352813
0.12678123131179175
0.44177570168206665
0.7112227926260605
0.10423335659322097
0.4196916879531606
0.6735952109467238
0.04043058681471012
0.37526825179066203
0.6202261590894262
0.9524751132011647
0.3221814731411672
0.5774355340230508
0.8922226861346616
0.2867912241613728
0.557422638491942
0.873001968536157
0.27973606325250366
0.5613620673235373
0.8908705509076469
0.3010005493134216
0.5902880117852403
0.9479934900068915
0.34656771024076694
0.6405448055471907
0.032903936274658596
0.3991270352471093
0.6899471254661167
0.09913445658090203
0.43404394041303834
0.7176859583821116
0.12603657979667715
0.4437711051985918
0.7174524791416605
0.11580465878517576
0.4294742080228877
0.6885515500106367
0.06558024628859083
0.3916168206512159
0.6374948480211999
0.9801880931318452
0.3386899620882686
0.5891307461078004
0.9072069536758726
0.2953827431411593
0.5613759221098757
0.8752618505978038
0.2790311638497891
0.5575888646495288
0.881218875671995
0.2912947644982311
0.5783084889412415
0.9254717283650544
0.33010232965628017
0.6231975603224594
0.005299057011109554
0.38316209128636103
0.6757270139216424
0.08200127208957086
0.42553865109500877
0.7116564480150133
0.12142095153079335
0.44320103198784744
0.7205003533719285
0.12294275926075171
0.4365247734620107
0.7006621455053138
0.08605443705138205
0.4059089116729411
0.6547992661963558
0.008906443062590697
0.35589218376960857
0.6027113026803065
0.9261134120190693
0.30652433317368155
0.5675571619156548
0.8810273007833576
0.2810557766577173
0.5561765722595253
0.8753112441750751
0.2843013093671276
0.568913059224113
0.9069486593431335
0.31525624723222667
0.6067932528012903
0.9774965888244846
0.36614272859960995
0.6598887772690334
0.061090293143572616
0.4146108582472403
0.7030504907800633
0.11331423459431655
0.44039344989387336
0.7208943906996651
0.12659612683616595
0.4413678682789886
0.7102877039121072
0.10258841557134168
0.41838469793482236
0.6717129760167829
0.0372697967715272
0.37328253583208754
0.6182973596729742
0.949473522375353
0.3203953027819284
0.5762459293632907
0.8907867463320636
0.28600095795222646
0.5571347262632806
0.8730008366900364
0.28002234396729353
0.5619785047589505
0.8922737335718094
0.3023185175573664
0.5918570224522759
0.9508687900514589
0.34856422569826484
0.64258147744956
0.03600695637322726
0.4008719718291947
0.6914633169951176
0.1008634176698846
0.43486666401211194
0.7182055923890751
0.1263362838273283
0.4436826096093516
0.7169093668611007
0.11471796804235712
0.42849510373993066
0.6869734393082917
0.06292192206389458
0.38983396435298573
0.6354843616419685
0.9768976752084347
0.3367280138371298
0.5876754240298317
0.9052690361122534
0.29425121280802946
0.5607992298241464
0.8748122112202839
0.2789629909125031
0.5578922764741537
0.8821208020999454
0.29226407217270634
0.5795464083681003
0.9278492904490987
0.33191589470312644
0.6251541248823468
0.008511130647871124
0.38506247677139394
0.6774504791625319
0.08416146926631152
0.4266375971289616
0.7124801862827539
0.12212505761693282
0.44337921018954507
0.7202861927624122
0.12230457203798961
0.43582892242027005
0.6993961138469064
0.08390542166964332
0.40435680996128714
0.6528165294214457
0.005591705007500725
0.3538944368345863
0.6010518534955196
0.923727547352116
0.3051122607267416
0.5667307652805427
0.8801834290567985
0.28068830829798364
0.5562288405338816
0.8758224834959718
0.2849812910144587
0.5698792530334484
0.9089016984964728
0.31688796137740805
0.6086301233487064
0.9806842260429023
0.3681530412910421
0.6618014964058784
0.0637184506824271
0.41601151240355505
0.7041892333635693
0.11445280079760001
0.44084439155913757
0.7209936415826973
0.12635810226886202
0.4409259598394008
0.7093122815501763
0.1008844677754277
0.41704623031206417
0.6698091658118862
0.0340733049007953
0.3712865524089049
0.6163922209991968
0.9465309555621206
0.31864480673541484
0.5750950709004192
0.8894169575027433
0.2852570353363224
0.5568845502464669
0.8730569696843694
0.28035342804245245
0.5626344781899976
0.893739672170435
0.3036768442971918
0.5934629378924647
0.9537953688500801
0.3505744641003965
0.6446171160254768
0.03907739999384097
0.40258892396606955
0.6929467193236979
0.1025348017775336
0.43565274426678124
0.7186839180048528
0.1265822278032478
0.44355832649004173
0.7163216036112194
0.11356881453460876
0.4274774148551414
0.6853549952395679
0.060197221519945554
0.3880217124926514
0.6334737240612218
0.9736209885206009
0.33477497323667427
0.5862443505119597
0.9033817559648976
0.29315285659988977
0.5602515422674337
0.8744083455715542
0.2789308479067105
0.5582272049474051
0.8830731128350737
0.29326996685171425
0.5808195313807081
0.9302815917025131
0.33375163698114285
0.6271236052915354
0.011720447826444325
0.38694940463437
0.6791536223933017
0.08627407485573624
0.4277061275577083
0.7132715189482708
0.12278552460048653
0.443529269517978
0.7200383945126743
0.12162196859112573
0.43510494922023485
0.6980985549970583
0.0817057435963433
0.40278189141504855
0.6508307149446091
0.002276002116659237
0.35190054965541717
0.5994188693475444
0.9213997180285292
0.3037357242651675
0.5659362470936717
0.8793897270578176
0.28035770580992514
0.5563109251189624
0.8763788611508178
0.28569505809425966
0.5708761559996032
0.9109025480975292
0.3185417956693597
0.6104830286655992
0.9838809744646264
0.3701521067559419
0.6636914124840769
0.06628719829903673
0.4173731425071454
0.7052871958878428
0.11553353976135994
0.4412593442651915
0.7210522594640218
0.12606887619335616
0.440451248551971
0.708298383302143
0.09912377443126785
0.41567825929233415
0.6678872102686819
0.030846910522212223
0.36928329420717826
0.6145129568742888
0.943650798420704
0.3169320798693871
0.573983665378828
0.8881134943309024
0.28455979981202306
0.5566721779509419
0.8731702600491856
0.28072905843263785
0.563329760990987
0.8952678458554937
0.30507425828884416
0.5951041468483905
0.9567696087605108
0.3525956785358988
0.6466487115193272
0.04211039834374297
0.404275459866038
0.6943951837677036
0.10414680389170572
0.4364011187060507
0.7191196462977203
0.12677298894903655
0.44339735312701023
0.7156881530899635
0.1123554652945633
0.4264204418883421
0.6836963398466089
0.057406273850283185
0.38618054119089584
0.631464706176518
0.9703622259795011
0.3328331662354984
0.5848388054004402
0.9015465798128813
0.2920890117433459
0.5597338294297811
0.8740516721379037
0.2789360003021677
0.5585949283912184
0.8840779952704552
0.29431377275187787
0.5821291366778492
0.9327703716572446
0.3356100324958353
0.629105844552226
0.014925689511716023
0.38882247773114986
0.680836313606293
0.08833958408362985
0.4287445089237373
0.7140304249672735
0.12340241267190133
0.44365102121457367
0.7197563570351599
0.12089372020040257
0.43435202054930266
0.6967685524519829
0.07945359915368755
0.4011832754858636
0.6488417024116024
0.9989599849666209
0.34991027362705185
0.5978111438281993
0.9191274663156929
0.30239333250280165
0.5651722554225026
0.8786440592158059
0.2800626854610051
0.5564220210824368
0.876979434306838
0.2864418077960029
0.5719033117354799
0.9129505438353395
0.3202167718338549
0.6123507858002234
0.9870842864826234
0.37213902065180915
0.6655583420151128
0.06879744254661024
0.41869666438492775
0.7063454729212304
0.11655859828687287
0.44163963679279544
0.7210716638152477
0.1257301993687172
0.43994498917604213
0.7072477897809313
0.0973084598559879
0.4142826071983138
0.6659502564868109
0.027596004652357786
0.36727540380579654
0.6126612160648659
0.9408353513486993
0.31525856562623433
0.5729119369319872
0.886875859694382
0.2839091193910337
0.556497343432686
0.8733401509712739
0.2811486293194696
0.5640638514576066
0.8968573190385629
0.30650919333739024
0.5967787640588069
0.9597874640074153
0.3546250025719373
0.6486732888887091
0.045101389525652236
0.4059293555150136
0.6958067812339483
0.10569795696100237
0.43711093935043904
0.7195117435533123
0.12690746441751077
0.4431990206310617
0.7150083100751676
0.11107663094631004
0.42532382405697294
0.6819980944138839
0.05455002423737754
0.3843113732850291
0.6294594327292811
0.9671260907022683
0.33090526992373515
0.5834603140096776
0.899765289854117
0.29106123456315824
0.5592472156004553
0.8737438112310432
0.27897983442546614
0.5589968028223123
0.8851377195094463
0.29539680257363443
0.583476439548791
0.935317174906609
0.33749137896192716
0.6311004621239862
0.018125144651393477
0.3906810343086369
0.6824981194252466
0.09035805472828962
0.4297527239495354
0.7147565618916192
0.12397535235996404
0.4437440012757889
0.7194391554442101
0.12011815700781736
0.43356903184546525
0.6954049026278913
0.07714677050075336
0.3995598482088577
0.646849197549464
0.9956441055998853
0.3479232941453785
0.5962275106044025
0.9169084689885828
0.301083805637693
0.5644376028001608
0.8779446109606226
0.27980221348163337
0.5565615661968747
0.8776236737028267
0.2872210730245359
0.5729605876600825
0.9150455584419228
0.3219123213604034
0.6142326077814667
0.9902922555330346
0.37411328411980915
0.6674024787461912
0.07125059781090792
0.41998323689391315
0.7073653417509214
0.11753024134223722
0.44198663390068776
0.7210532661333255
0.12534374556531946
0.43940835166672976
0.7061621282916581
0.0954404114002525
0.41286088590204034
0.6640011124053458
0.024325481651241265
0.3652651446025552
0.6108381069617322
0.9380859027002217
0.3136250943625889
0.5718796708121661
0.8857029595733138
0.2833044320251119
0.5563594788102659
0.8735656772376625
0.2816112156989474
0.5648359910939111
0.8985067636619221
0.30797981369797034
0.5984846532480057
0.9628445051160877
0.3566594853100511
0.6506879469768689
0.048046180374573755
0.4075486297535493
0.6971798421962316
0.10718717637495967
0.43778160634862756
0.7198594808387004
0.12698493924389664
0.4429629458062945
0.7142817752723809
0.10973158059570776
0.4241876147779705
0.6802614663537248
0.051630382424542764
0.3824156502213096
0.627460405249427
0.9639177938959851
0.32899430853344436
0.5821106250009211
0.8980399311733775
0.2900712557841578
0.5587929309174045
0.8734864968633029
0.2790637773063154
0.5594341807470692
0.8862544943085638
0.29652023378428183
0.5848624617280935
0.9379231235496897
0.3393956493178052
0.6331067185777545
0.02131652199427725
0.3925240477014823
0.6841382208531448
0.09232902750498506
0.4307304382421221
0.7154492511536291
0.12450355118121181
0.4438074909980485
0.7190855913162784
0.11929325087044362
0.43275468222998936
0.694006239709658
0.07478282442956052
0.3979104010769386
0.6448529073177813
0.9923289081107327
0.3459394065620114
0.5946669874246118
0.9147407476129866
0.2998061073185201
0.5637313474070031
0.877289981397702
0.27957556334388545
0.5567292677125558
0.878311479997055
0.2880327157049749
0.5740481492850207
0.9171879347044973
0.3236282114624722
0.6161280110762584
0.9935034389234715
0.3760746724772692
0.6692242488162782
0.07364835600871622
0.4212341293235034
0.7083481358136471
0.11845070263413748
0.44230165158707185
0.7209983855411198
0.12491101795734538
0.43884236867099985
0.7050428223411342
0.0935212187436143
0.411414468851446
0.6620422346871677
0.02103972383379249
0.36325441620345383
0.6090442635582174
0.9354028681035154
0.312031963657704
0.5708862847229266
0.8845932125600888
0.28274481554346953
0.5562577618401535
0.8738455261752163
0.2821156168182535
0.5656451921640437
0.9002144931344976
0.3094840460122863
0.6002194540027381
0.9659359671202513
0.35869612349725943
0.6526898887696441
0.05094098688395765
0.4091315657625831
0.6985129821136262
0.10861378398716881
0.43841278865841743
0.720162468461827
0.1270051351305561
0.4426890695400717
0.7135087119347068
0.10832023325364082
0.42301233856393405
0.6784883073502589
0.04865032765484134
0.38049537641002346
0.6254704934332365
0.9607429995646479
0.3271036171211814
0.5807916654717589
0.89637272896038
0.28912091537383366
0.5583722500090051
0.8732814732498153
0.2791892062742831
0.559908323481444
0.8874303157660708
0.2976849845076135
0.5862879034613814
0.9405886988313689
0.3413223616798766
0.6351234037575043
0.02449681149427807
0.39435005814816315
0.6857553630016799
0.09425149172677694
0.43167699300352014
0.7161074890125312
0.12498582946369163
0.44384055472184397
0.7186942608160665
0.11841672030220218
0.4319075617475079
0.6925711716017847
0.07235932863706718
0.39623377411559235
0.6428527050165576
0.9890152983998678
0.34395867781254763
0.593128897279928
0.9126228357734019
0.29855955015623303
0.5630528535514394
0.8766792461421492
0.27938235161567126
0.5569251133207456
0.879043177823949
0.2888769031085352
0.575166420167078
0.9193783964871188
0.3253644589831497
0.6180367134275124
0.9967166706071102
0.37802310499255154
0.6710241725666226
0.07599247821563604
0.42245060297596476
0.7092951319250884
0.11932205533373441
0.4425858840459352
0.7209081761653704
0.12443326874695759
0.4382478914381539
0.7038910514158212
0.09155212547139735
0.4099444716435996
0.6600757282057437
0.017742604706097564
0.3612447793995662
0.6072799169396614
0.9327859383103059
0.31047902660213245
0.5699309050971078
0.8835446664700213
0.2822290667311955
0.556191173648043
0.8741781176744755
0.28266041765528294
0.5664902849349635
0.901978532080447
0.31101963923686005
0.601980638231163
0.9690568477007369
0.360731921065617
0.6546764727106145
0.05378249681616265
0.410676742662261
0.699805131616053
0.10997753228335028
0.43900444004678074
0.7204206772623212
0.12696823634875876
0.44237767410659157
0.7126897670284816
0.1068431955984015
0.421799005486643
0.6766811086186051
0.04561391178306029
0.3785531010123448
0.623492863914644
0.9576076695570637
0.3252367449422633
0.5795054556491916
0.8947659556432861
0.2882120660588323
0.5579864144846287
0.873130377892049
0.2793573546233421
0.5604203182145544
0.8886668333707224
0.298891612693025
0.5877530457195383
0.9433135836089799
0.3432705014893662
0.637148785013347
0.02766225078186446
0.3961571672044683
0.6873478632065249
0.09612392482468168
0.4325914375870358
0.7167299927458098
0.12542069161579783
0.4438420945546817
0.7182636343003623
0.11748614326674822
0.43102623702430537
0.6910984031020069
0.06987404559917954
0.39452897548784294
0.6408487518719221