0
0.7986440677966101
0.1285141228482165
0.05589549648476244
0.791639578053182
0.06546973519879806
0.11656382754297856
0.7951914304332339
0.008555924703245399
0.19198910415146297
0.8549751329235232
0.9581642666453445
0.20609804587618807
0.9180481528243958
0.9043215629070016
0.20566026788133218
0.971434642758121
0.8366518529059928
0.17836999525876474
0.018516663587774485
0.7940011162870505
0.10537461018304883
0.07429789502002171
0.792521251394938
0.04802425978598723
0.13798146722497018
0.8032679180642297
0.9946872057361222
0.2046978201347951
0.8800802636225001
0.9365795697159185
0.20922243749702307
0.9430067508238352
0.8720313795197407
0.20222241416684827
0.0002827933940916516
0.7973533962628303
0.12699178924279053
0.057843340642440566
0.7906707949818829
0.06245138172543774
0.12121832976247493
0.7955663511000186
0.004282166692253675
0.1980122070826411
0.8641547178582156
0.9500914052915419
0.2078593412991614
0.9279974917342255
0.8916355103356337
0.20591634636269074
0.9843870657538737
0.817415451568432
0.15825571906083935
0.03206901046741617
0.7943987344035177
0.09223596093379749
0.08501707451850371
0.7941891496471893
0.03907025332778158
0.14857479530569773
0.8103726789105469
0.9896138030762551
0.20518082039522767
0.8856474133675604
0.9327899344768071
0.20823811555680916
0.9457111028352273
0.8695318445212701
0.20053884997206328
0.001187384596089247
0.7976801116860373
0.12640427761223982
0.0577800227911518
0.7913388231756228
0.06325500898739911
0.11956136219651436
0.7956666034881221
0.006040441277328501
0.19527780977356923
0.8600762220822223
0.9539130045015471
0.20680940371553058
0.9230493795676958
0.8982451765249708
0.2058111070701285
0.9776677627867414
0.8274310094872033
0.1696020394159028
0.02430572177363377
0.7942696680869739
0.09986533042131818
0.07842118551930732
0.7934753298941877
0.04491790311018251
0.14122657931001426
0.8056030806462593
0.9933712073096261
0.20433340117515142
0.8810269939239308
0.9364140987234908
0.20847842103407244
0.9423499921279983
0.8736130498411194
0.20218202272528885
0.9986621614234332
0.7998246799971012
0.13095520616156442
0.05373810537874468
0.7919910648922135
0.06801059008927801
0.11317165539436913
0.7947783546834865
0.011525169061405549
0.18796913729731402
0.8491470030215006
0.9627299024877605
0.2055691832294686
0.912931892100916
0.9100584636371623
0.20549043707119585
0.9655218503298572
0.8452851379766426
0.18520560297885957
0.013612554599802262
0.7944336330830717
0.11072856718079915
0.06999030533686179
0.7921056696944594
0.05188285415068972
0.13326924038290033
0.800842659692139
0.9972759811955991
0.2032429030350542
0.8760339357336434
0.9401462026860368
0.20884355563160817
0.9390199362065222
0.8774426974415359
0.2036623255921559
0.9962828254907972
0.8019122533928353
0.13521398602200385
0.05017721013941312
0.7924151245398339
0.07203063339876437
0.10805774294890846
0.7942769079344996
0.01612083063625569
0.1816382769594722
0.8407141204808894
0.9687723471864962
0.20542742239447342
0.9067428583251205
0.9160986450089672
0.2056955287461859
0.9596941563483884
0.8532601370030837
0.19068181946507679
0.009304943602060689
0.7953793151159626
0.11600598248643923
0.06562024806917455
0.7920156995243344
0.05615522482333546
0.1278041528340783
0.7986862631064218
0.0007499034893463374
0.20018889137118956
0.8696452451191906
0.9460169133538767
0.2077273234170809
0.9319290521352754
0.8871814802157352
0.20505093354631088
0.9879464751136784
0.8129890362281844
0.15201413813799247
0.036275167062502556
0.794669530545919
0.0883096379197128
0.08848356474788388
0.7946740716241052
0.03610591965234189
0.15224821927033982
0.8131538013024666
0.9878193276829397
0.20507560048775098
0.8873339079875882
0.931804094265843
0.20772286498515458
0.9461370506780606
0.8694934013063753
0.20012782157843745
0.0008454560338730932
0.798604008287861
0.127630720100683
0.05631244742327568
0.791987291054165
0.06543214480920634
0.11626153087113145
0.7954118318926044
0.009082405613291655
0.1909818104578398
0.8537012453607982
0.9593418161480713
0.2057432532035004
0.9165005581840399
0.9062823513689917
0.20544611189947481
0.9692521558864007
0.8400074488040394
0.18107514203538777
0.016525198467113533
0.7942409284331099
0.1076159855153449
0.07238771207367756
0.7924477039870816
0.04985524882574133
0.1356091601688587
0.8021125824850124
0.9960632275341308
0.20379117118835
0.8777907124813255
0.9387117838971721
0.20887917580711646
0.9404937279229819
0.8755615455801069
0.2031255483035297
0.9976327475904232
0.8004250248149058
0.13253443392670272
0.05255693515342963
0.7919552147176712
0.06915276876919307
0.11185968652482603
0.7945036360674587
0.012553871397759764
0.18671110537493285
0.8472913159443954
0.9640351161342915
0.2055874383126346
0.9116455861621268
0.9113031067750419
0.20557798348571765
0.9643678018021444
0.8468310737374094
0.18638054374295088
0.012802142190775578
0.7944645470679249
0.11157098085202977
0.06938603970638457
0.7919701298596717
0.05233988961192715
0.13280420999858178
0.8005468965674388
0.9974736654158658
0.2032422339927642
0.875835591517847
0.9402439347355278
0.20891916848891157
0.9390058153291133
0.877384681512074
0.20370615763198918
0.9963844884311428
0.8017160213562367
0.13493952717308932
0.05045943694299648
0.7923152017717378
0.0716405594725984
0.10860605424051539
0.7942721816235959
0.015567609362899137
0.1824632472777583
0.8417216554905191
0.9680501969110129
0.20545348990496404
0.90749193207412
0.9153829089030219
0.20567711738200956
0.9603907808340377
0.8523100518976208
0.19008635809676822
0.009826640720687063
0.7951955286862078
0.11529728947296425
0.06624050991993302
0.7919776229245897
0.05549356892577384
0.12869371113133155
0.7989708910531425
0.00012874076167479487
0.20083599785348438
0.8708676762402592
0.944880813466402
0.20797773932586772
0.9333365839559167
0.8852545504558869
0.20488243519594018
0.9897010601038533
0.8105408231898634
0.148605614289687
0.03889957420833712
0.7943965173674801
0.0854030997693167
0.09163861431831499
0.7945694957737264
0.03284299789059819
0.1569801119060541
0.8165386589705057
0.9851627340215252
0.20564205183783546
0.8905745763159644
0.9290274008145292
0.2077329729225954
0.9489246736382007
0.8658273921877844
0.19865299419538385
0.003175709733656884
0.7965841787521237
0.12334347737562368
0.0603353330468972
0.7911754501335602
0.06051952513573555
0.1231130999413832
0.796515698308363
0.003338233565639115
0.19847780802023585
0.8655092188491996
0.949203455442436
0.20768251877325739
0.9286940855540614
0.8910103914951177
0.2056668662516299
0.9847526603273112
0.817122549025771
0.1577248304015768
0.032315491280335173
0.7945774893581967
0.09217437463701117
0.0848955258692825
0.7943738751911051
0.03938367899932249
0.14795308284738962
0.8101139705774423
0.9900527146865787
0.20478429501726536
0.8848027916454126
0.9337174369589052
0.20797280270003737
0.9444945966726023
0.8713711218787616
0.20101388915315477
0.9997921222532834
0.7992979272600489
0.12933661876594815
0.05490187656960499
0.7920989483154616
0.06696399100872741
0.11430924656942976
0.7950927792195499
0.010709829097464763
0.18887076015704896
0.8505748359332681
0.9617500825083003
0.20551500893722352
0.9138556425146231
0.9091940060574561
0.205388553903755
0.966281081333379
0.8443089319933113
0.18441083371026679
0.014107039634116525
0.7944932337774865
0.11029576098922567
0.07022916875067331
0.7922599931234547
0.05181114984478796
0.13320927425299445
0.8009349620126598
0.9974190072460911
0.20293613117656495
0.875589274074435
0.9406697298598816
0.20862987756593832
0.9382607851817889
0.8786000678548453
0.20381802115501646
0.9952806768694865
0.803258543088162
0.13738002339880184
0.04819605039339159
0.7928922715552493
0.0745238601180418
0.10474951873983196
0.7942531611274999
0.019404380429669743
0.176808401274144
0.8350427095278165
0.9726706264398239
0.20548197008464886
0.9029009343285817
0.9194730469599113
0.20601706442012535
0.9566546751434906
0.8571324253055375
0.19314614688547138
0.007282881447144618
0.7959384258379216
0.11859253738778097
0.0635308040335032
0.7919695197487584
0.05819446166999942
0.12524713990473746
0.7978002648927924
0.0024605676579372293
0.19850922668598203
0.8664147525360093
0.9488728351029891
0.20721409825170856
0.9285209907091717
0.8916785176570978
0.20536188739484107
0.9837690643569476
0.818886096524279
0.1596776833108411
0.03074833461228299
0.794868052176571
0.09404063296801368
0.08289182567216091
0.7945611869035158
0.04158120585129321
0.1447170100202
0.8083108064917361
0.9919766416751457
0.20371233803687172
0.8817986858393612
0.9365933252359078
0.20748715325482125
0.9410935640562077
0.8761974145645981
0.2022150836742349
0.9961096847987497
0.8036190332580302
0.13685627031105652
0.04798192093777498
0.7937032672848652
0.07559726789339827
0.1027385475319118
0.7947530695237388
0.021932271646083024
0.17259124828430505
0.8308060235948997
0.9757953671755037
0.205174736294377
0.8994595991563595
0.9226939981175484
0.20598483290666536
0.9534000521009361
0.8615946452156993
0.1954185957080785
0.004637691363238661
0.797627164260956
0.12290273732646373
0.05951443028612369
0.7926462769030685
0.06294208539449553
0.11863834068113333
0.7965009387396689
0.007798355424443848
0.19181244839606904
0.8556001185275044
0.9582470697470498
0.2053587909459611
0.9171973193846225
0.9059469975109398
0.20505401588807493
0.9691841161071075
0.8404971643463668
0.1812019107330083
0.016102982827605583
0.7947397260538959
0.10855410741534799
0.07121023975950291
0.7928634881069808
0.05147891761045109
0.13304344226098763
0.8013244622604034
0.9979333798379613
0.20177526472128182
0.8739513818536587
0.9426025166270491
0.2078184058536383
0.9354420213373094
0.8828731252567035
0.20423372615266455
0.9914245625464065
0.8086149095020194
0.14549505397838391
0.04116558609501597
0.794357696904803
0.08309684298835451
0.09403196913850231
0.794670889843571
0.030554236596828765
0.16015343309181151
0.8191387304535671
0.9834270722106215
0.20561589078650133
0.8922831137912939
0.927829047149737
0.20740495794023683
0.9497694575095411
0.8650367200389781
0.19806257565559582
0.0034443617345067956
0.7967718227491535
0.12326024582054362
0.06018939958969893
0.7914414033920079
0.06095847137256882
0.12229925440029699
0.7964920427040787
0.004128617087713948
0.19731665226398043
0.8637033353807556
0.9509209628937394
0.20720565596056773
0.9264638272029677
0.8940383002853634
0.20568130111393979
0.9817397316780002
0.8215689774913022
0.16306257950234482
0.028573697521281805
0.7946132583399929
0.09595308481663345
0.08143535105380573
0.7941690882130712
0.04263109525946707
0.14366213017469853
0.8074288805701945
0.9923654604137662
0.20401268231921854
0.881710071709517
0.9363441684625591
0.20788094246191147
0.941768150664326
0.8749498233034783
0.202144045672358
0.9972887864940977
0.8019223156407094
0.13421686390147247
0.05048550737407487
0.7930033094067526
0.0723528749289688
0.10710024599424695
0.7946540373209581
0.017468590496519276
0.17926576110282477
0.8381355313015171
0.97079593217241
0.20509793871330917
0.9043802083030963
0.9185584791065149
0.20550410754358506
0.9570359706382563
0.857122198016294
0.19276671221546948
0.007000096820740875
0.7967410410905544
0.11967414465625703
0.06211773609133919
0.7926271618622335
0.060318258740168496
0.12191313525627212
0.7973328289752688
0.005341411613963842
0.19465856290148342
0.8602713335391157
0.9544866095228095
0.20583644130456857
0.9214527012211725
0.9009594780790957
0.20516475162700765
0.9742852328378624
0.8330163264722978
0.17471400829854566
0.02053859822258297
0.7946774494438225
0.10405436661696488
0.0746373287821891
0.7934600325013184
0.04868560678963796
0.13615668174037898
0.8031179733266451
0.9963842558799627
0.20230455427832883
0.8760092552385046
0.9410966623724977
0.20767139938865276
0.9367888674813969
0.8813745623667015
0.20376072924509891
0.9924490053923288
0.8075558488668948
0.1436754613907354
0.04250188423978263
0.7943334951204862
0.08173543890425217
0.09547354819696596
0.7947380086058284
0.02918177471115424
0.16206065215624132
0.8207881544926944
0.9823618950259982
0.20554271394662882
0.8932724965080148
0.9271747134405133
0.20716355226093697
0.9501650359685918
0.864752609901613
0.19775588194192428
0.0034601740152262472
0.7970548110609669
0.12352266692460656
0.05977526380547049
0.7916984575657059
0.06165438697562875
0.12117680869489766
0.796385488617926
0.0051452345892490925
0.1958997961721538
0.8614855683641008
0.9529468816994098
0.20670550820862976
0.9239053000097939
0.8974048422421448
0.2056301251500412
0.978320100456624
0.8266552767820547
0.16866180172400158
0.024802052477571612
0.7944860427292761
0.09959331034443242
0.07843196229298721
0.7937356723388356
0.04518127143796047
0.14060786549300985
0.8054729855996361
0.993885416863455
0.2036936247517116
0.8798712689728577
0.9376989264112483
0.2080540330178886
0.9406014321616023
0.876251128444191
0.2026806896222464
0.9965074987658877
0.8025570812136262
0.13555148122507887
0.049428342364990385
0.7930736477702611
0.07348495223515972
0.10574044200568933
0.7945367547636555
0.018707349654916605
0.17755288607616104
0.8360776698162616
0.9721411707782988
0.20521340992238368
0.9031535377449185
0.9195217979699866
0.20571270041739886
0.9562888346242102
0.8579379590040017
0.19335978109167629
0.006643628120652334
0.7966815290725503
0.11997184824840401
0.06201230458489482
0.7924599009616534
0.06024379763123422
0.12217361681443162
0.7972717303904759
0.005021357986056074
0.19519914816684802
0.8610308537500219
0.9537622237274639
0.20605890005053507
0.9224092363482416
0.8996969788890685
0.2052633990895103
0.9756491468339928
0.8309307486476358
0.1727745310126343
0.02187459165091421
0.794654397981258
0.10269461662134516
0.07573090993304454
0.7935986062218943
0.04773816966697586
0.13728827434285296
0.8037417319015858
0.9957809638245105
0.20258509293949167
0.8768845854387498
0.9403808502375983
0.20769810733919947
0.9375335339215154
0.8804313808607396
0.20354890246378954
0.9931813855974231
0.8066717191029658
0.14226160430744317
0.04364092032377287
0.7941839041643599
0.08044094842944904
0.09698942813891609
0.7946993397156836
0.027626086164496577
0.16434635081703286
0.822765507536537
0.9810144902871147
0.20555527380432892
0.894632902339266
0.9261400013413672
0.20697743561194892
0.9510010988470348
0.8638245607796096
0.19720086001684667
0.00390766316518798
0.7969390193241841
0.12296153532463805
0.0601727752572887
0.7917609400137413
0.06132515599950361
0.12152323583246627
0.7965307754627671
0.004943045296375459
0.1960574378383586
0.8618193392993111
0.9527028391695032
0.20670055258693942
0.9241440918064051
0.8971450429907875
0.20559811317753063
0.9785467190643954
0.8263546318679935
0.16832045205430024
0.02500546011490945
0.794530978771571
0.09943636275627332
0.07851851967995982
0.7937988708222934
0.04516104672898269
0.1405721721250508
0.8055010975112199
0.9939437219195062
0.20357820441078456
0.8796981483016474
0.9379092422847259
0.20796717565676337
0.9402966780278258
0.8767213176115374
0.20275134809597883
0.9961062298960124
0.8030879475749022
0.13640907316947626
0.048641592447944415
0.7932665173861436
0.07447657578056521
0.10442839672730408
0.7945480540072638
0.020031069296409854
0.17559028805241095
0.833886650297518
0.973624577913847
0.2052545159171144
0.9017124070152818
0.9207239070500677
0.20586953782284212
0.9552498756528127
0.8592000308655781
0.194137944642502
0.005995191169596792
0.7968742305810163
0.1208102980783976
0.061362235108694874
0.792427780130043
0.06085925255504776
0.12143658437372973
0.7970425176721556
0.005534204747240423
0.19466007836328214
0.8600797639457277
0.9545299131183596
0.20596920483732895
0.9215478185507235
0.9007237185473311
0.20526823768915303
0.9746273868013464
0.8324150002443895
0.17421444057300128
0.020939825192379136
0.7945870828611108
0.10355994463284146
0.07511410660917739
0.7934205770195579
0.048167143651348
0.1368904771777424
0.8034241119026904
0.9959107580274162
0.2027081763823002
0.8768746673008231
0.9402627648303516
0.20785643712508328
0.9378229839600618
0.8799155582634326
0.20354521761232292
0.9936935495458191
0.8059086824650556
0.1411483490292036
0.04462879231906158
0.7939474489426347
0.07920638768208477
0.09854554475023192
0.7945954437909872
0.025962854942743085
0.16686276463209215
0.8250070856547491
0.9794684715967135
0.2055910575556199
0.89621598016851
0.9248832812855556
0.20680641686652868
0.9520759314289983
0.8625563884084115
0.19648693274517992
0.004567106087891126
0.7966646018467931
0.1220316418825842
0.06092468434517451
0.791751132732175
0.06056253505435594
0.1224836627294057
0.7967929898445064
0.004241814573350933
0.19684604587969012
0.8631865537937331
0.9515408305595456
0.2068936987815606
0.9255111336506902
0.8954251976575751
0.2055772977970558
0.980245000727093
0.8238777931844901
0.1656097065185378
0.026789141124112792
0.7946486992473871
0.09777419236872564
0.07981275619988093
0.7940686210422276
0.04414898784856369
0.14168199065838394
0.806278068079031
0.9934523958027617
0.2035368744298669
0.8801484292082012
0.9377028122933355
0.20777207268361497
0.9402915603564087
0.8769228514156802
0.202655085327895
0.9958108272705963
0.8036269808077989
0.1371618272479509
0.04788803037355627
0.7935237537675276
0.07550215806518557
0.10302391980869574
0.7946216353935158
0.021511504403890047
0.17334013789849578
0.8315048572247528
0.9752502865623325
0.20527100492036565
0.9001036668937076
0.9220639697810395
0.2060287129553804
0.9540759268177678
0.8606361870855204
0.19498216851907202
0.005238905600646104
0.7971627841984386
0.12184965018168104
0.0605214992361105
0.7924364322944287
0.06170931446197869
0.1203707007669017
0.7967656250685942
0.0063277943854851415
0.19374851779456725
0.8585587764111682
0.9557752095929803
0.20579415611295104
0.920120092359372
0.9024347952165117
0.2052384352330905
0.9728856469121916
0.8349746950403303
0.17657854069775514
0.019370266710457162
0.7945333075224869
0.10507396272805636
0.07399495238031495
0.7931633150180777
0.04901368829946984
0.13601494204574438
0.8028319355501743
0.9962810292225417
0.20274533612172307
0.876540650117105
0.9403930427468006
0.2080267125240436
0.9378775935366008
0.8796777571171435
0.20362100076949208
0.9940066525037555
0.8053640630731396
0.14039886425213322
0.04533668491294751
0.7937333991556541
0.07827416132612353
0.09976669609725253
0.7944989469709883
0.024642012982544426
0.16888221266518433
0.8268792901260333
0.9781840313126229
0.2056057761761556
0.8975156715243244
0.9238411660549968
0.20666568774423677
0.9529688385501424
0.8614957861114694
0.19587522210188268
0.005114551577945825
0.7964560314254633
0.12127758070392858
0.061530148777541704
0.7917518856351273
0.05995789304142063
0.12323998501626354
0.797013498893273
0.003702342945992143
0.19743415536532272
0.8642310966130966
0.9506464480496113
0.20704409280735714
0.9265657134535175
0.8940843749220599
0.20554472790859357
0.9815521011010172
0.821982634526528
0.16344650320118514
0.028231229160654125
0.7947240008815784
0.09640967681343104
0.08092276256887665
0.7942530190872366
0.043230988976043605
0.142754284089478
0.8069889221651556
0.9929350537901056
0.2036003770694519
0.8807288511441793
0.9373154444525429
0.2076695287816781
0.9405680650322887
0.8766776395452072
0.20250185075520077
0.9959070172403708
0.8036360443850239
0.1370732758453208
0.047903713101278056
0.7935912478871867
0.07555761639840819
0.10289468862558593
0.7946686341217638
0.02168919257222779
0.1730323258310127
0.8312115554544122
0.9754737010110996
0.20523853596522468
0.8998468447275093
0.9223099194122231
0.20601746183465508
0.9538182180026566
0.8609965032409646
0.19515167676267975