0
0.2323232323232325
0.3381070212433709
0.33558381587303104
0.2237060178105094
-0.013762072250789598
-0.24023421925249164
-0.3396220287286055
-0.33134494945927806
-0.2120153635321882
0.03102912311311179
0.2494072685845477
0.34046234257137853
0.32421288796835734
0.19423247467375043
-0.05533521464677216
-0.26152123067059657
-0.34071675544265767
-0.3127174444112194
-0.16715281750867966
0.08887153409926513
0.27743624399149136
0.34056417974254605
0.29643146217643074
0.13035478835157704
-0.12873111849938818
-0.2956996867582242
-0.34055721164948605
-0.27815107970793373
-0.090407533683662
0.16583464848373314
0.31214536405302346
0.3407158055598717
0.262091001201654
0.0565094870411898
-0.19333571967334642
-0.32384181159324565
-0.3404837917207164
-0.24983048070475505
-0.031853287438704914
0.2114367538712678
0.3311221408548467
0.33966794205370754
0.24056846655234382
0.014368536501455476
-0.2233106143252242
-0.33545188295233674
-0.33818453612048616
-0.23264281039824464
-0.0005335592245196419
0.23200253852927014
0.3380278858427429
0.33571296811179013
0.2240964146322797
-0.013161416516634605
-0.2399021110438481
-0.3395750370710209
-0.3315630109720713
-0.21258391280273922
0.03021682287791347
0.24898906490479022
0.3404399209899493
0.32457659432765074
0.19511341745534133
-0.054177124221804485
-0.260958170462381
-0.3407169407486845
-0.31328095522799304
-0.1684534762544835
0.08734754162170452
0.27672600024801997
0.34057146905272995
0.2971594267328649
0.13197220298040263
-0.12710308812661958
-0.2949649561373012
-0.34055061605482795
-0.27886977637442434
-0.09195396828590144
0.16450008354041992
0.31156517955716945
0.3407141185787407
0.26266708347993406
0.0576991484866029
-0.1924235999619341
-0.32346353333181843
-0.340504254676053
-0.2502584994182354
-0.03268895762874047
0.21084827158659905
0.33089464968043764
0.3397127575312898
0.24090474041723736
0.014980619706144227
-0.22291030808995654
-0.33531720264904485
-0.33826041155522624
-0.2329611920288101
-0.0010669775865211895
0.2316808125311208
0.33794715365753436
0.33583931525349
0.22448171750514795
-0.012566737078703316
-0.23957224512942807
-0.3395269895376559
-0.3317762773327665
-0.21314225043758184
0.02941669587360296
0.24857604919083492
0.3404165440054125
0.32493279281078546
0.19597816846986535
-0.05303592603454402
-0.26040218309888263
-0.340716338759364
-0.31383547873494044
-0.16973561204895987
0.08583703667536197
0.2760210402537953
0.34057902623181924
0.29788275898527417
0.13358153453924293
-0.1254725759388659
-0.2942281227610948
-0.34054444117063754
-0.27959159871438255
-0.09350924948554809
0.16315027653997657
0.310977377158552
0.34071172647437936
0.26324906903950185
0.05890337709996141
-0.19149659110963968
-0.3230782351617877
-0.34052372186867774
-0.25069111923029264
-0.033535762571310024
0.21025011582751935
0.3306625471996044
0.3397564604205559
0.24124293316973597
0.015598136317020311
-0.22250520280936334
-0.3351798113965335
-0.33833463641020356
-0.23327831220939393
-0.0016001360653487007
0.23135812736510367
0.3378648497669883
0.3359628466056779
0.22486187094657928
-0.011978156149006991
-0.23924470200954484
-0.33947790936480116
-0.3319847250715472
-0.21369028342553598
0.028628970199016696
0.24816836183818383
0.3403922306899947
0.32528138965806047
0.19682645034820023
-0.051912200346606624
-0.2598535716147562
-0.3407149314801382
-0.31438066814621296
-0.1709983687930129
0.08434133892636125
0.27532198415090914
0.34058679692337096
0.2986007066686608
0.1351811001147919
-0.12384136319137778
-0.2934899987576547
-0.3405387312767748
-0.28031584220867617
-0.09507184853441436
0.16178635587938128
0.31038243560873413
0.34070866519055865
0.26383656655340837
0.060121378230347744
-0.19055515393951006
-0.32268609503085915
-0.3405421884924965
-0.25112815026337004
-0.034393356249157625
0.20964247023795607
0.33042590075517564
0.33979904214073176
0.24158295601339255
0.016220930916126225
-0.22209538457722927
-0.33503974247850865
-0.3384072095907732
-0.23359413342801444
-0.0021329579278320243
0.23103453283572722
0.33778099682317675
0.33608356883364665
0.22523686385033925
-0.011395730099851786
-0.23891952774901162
-0.3394278182249735
-0.3321883613546786
-0.214227993930664
0.027853767245937106
0.24776609026332194
0.3403670007256144
0.3256223455739681
0.19765811423551008
-0.05080635957102783
-0.25931256044474693
-0.34071270530297026
-0.314916265951036
-0.17224109075340288
0.08286154936089768
0.27462935298614655
0.34059472678809144
0.29931261664856107
0.13676942933396102
-0.1222110596835968
-0.29275132191036485
-0.3405335260622949
-0.2810418655212401
-0.09664036736402243
0.1604093615892112
0.30978079846454504
0.3407049739075657
0.2644292277635429
0.061352439067162035
-0.18959969188225367
-0.3222872688063484
-0.34055965469189187
-0.2515694367662909
-0.03526145484233184
0.20902547617872058
0.3301847629058534
0.3398405011332476
0.24192475199562857
0.016848902904555874
-0.22168090507151356
-0.3348970196435642
-0.33847814148719196
-0.23390865556080964
-0.0026654264965603747
0.23071004408849805
0.3376956112550831
0.33620150820870315
0.22560673875135895
-0.010819433891257724
-0.23859672459859488
-0.33937673386795064
-0.3323872276408676
-0.21475545054853984
0.027091083794514748
0.24736925883377064
0.34034087286872805
0.3259556820654686
0.1984731567673546
-0.0497186222328741
-0.2587792818150113
-0.34070965039553647
-0.31544211603744127
-0.17346335253846845
0.08139850738520349
0.2739435480199949
0.34060276241066834
0.3000179578163168
0.13834531682661017
-0.1205830425346428
-0.292012727181448
-0.3405288602106276
-0.28176911796854975
-0.09821359937715007
0.15902018918372418
0.3091728490577178
0.3407006941856596
0.26502677042691114
0.06259597766040367
-0.18863051159912955
-0.32188187337213836
-0.3405761253781814
-0.2520148735730166
-0.03613987033601401
0.20839920793757144
0.3299391611332304
0.33988084316852984
0.24226830705206798
0.017482028121586696
-0.22126176647303492
-0.33475165106461047
-0.3385474545476535
-0.23422192331779057
-0.0031975991740759158
0.23038463221646538
0.33760869970891216
0.3363167114027516
0.2259715973502568
-0.010249150991120282
-0.23827624448122017
-0.33932466791413396
-0.33258140084563986
-0.21527281344631521
0.026340782673365093
0.24697782307202842
0.34031386343079373
0.3262814835453641
0.19927172702411924
-0.04864899997647426
-0.2582537683337611
-0.34070575987261853
-0.31595816908690155
-0.1746649737760262
0.07995276541820567
0.2732648380281958
0.3406108520178516
0.3007163355332123
0.13990785628166683
-0.11895841188179543
-0.2912747257321042
-0.340524763238201
-0.28249716010850995
-0.09979057572450145
0.1576195443727041
0.30855888999622
0.34069586907252464
0.26562899664272377
0.06385158281291753
-0.1876477897263863
-0.3214699721077473
-0.3405916097164564
-0.25246441937754854
-0.03702853828587904
0.20776365165823402
0.32968908885047493
0.3399200811097624
0.2426136584303522
0.018120375982425524
-0.22083790910614107
-0.33460362406522465
-0.3386151829991246
-0.23453403085678132
-0.0037296169417885827
0.2300582174533369
0.3375202559715814
0.33642924487340264
0.2263316021518531
-0.009684669157636216
-0.23795798563125148
-0.33927162395558574
-0.33277099210218114
-0.21578033342749997
0.02560259211525534
0.24659166828962678
0.340285984889156
0.3265998953236083
0.20005412359378427
-0.04759729780455085
-0.2577359519707571
-0.3407010288248852
-0.3164644812332424
-0.1758460182789982
0.07852458195901935
0.2725933551371693
0.34061894596009834
0.30140749696617
0.1414564544395291
-0.11733796615147102
-0.2905376927232862
-0.34052125956696727
-0.28322567611718047
-0.10137059402197582
0.156207911829603
0.30793912866749373
0.3406905422613127
0.2662358053006967
0.06511904204596014
-0.186651548113056
-0.32105156379810784
-0.34060612034956467
-0.25291810593856623
-0.037927537843883447
0.20711868943758682
0.32943449834474514
0.3399582341847248
0.24296089998485149
0.018764121054343025
-0.2204092025990209
-0.33445290097669605
-0.3386813717911376
-0.23484512338215457
-0.004261708874233661
0.22973066532067687
0.3374302585872295
0.33653919297860935
0.2266869743386603
-0.009125682044994199
-0.2376417924527126
-0.339217596095273
-0.3329561433690438
-0.21627834537785406
0.02487611332975126
0.24621061249263204
0.3402572447305545
0.3269111178935509
0.20082078256574493
-0.046563126774084584
-0.25722566914666783
-0.3406954532908999
-0.3169612064736208
-0.1770067786347064
0.07711393268443797
0.2719290990733775
0.3406269969355401
0.30209132738322286
0.14299082496805351
-0.11572219794971308
-0.2898018644581591
-0.34051836878657427
-0.28395447728465945
-0.10295322788769015
0.1547855400865832
0.30731366973368424
0.34068475737472725
0.2668471978439931
0.0663983557611274
-0.18564163928127614
-0.32062657576316417
-0.3406196724424209
-0.2533760426268868
-0.03883710271727572
0.20646408966314436
0.3291752961423918
0.3399953268469473
0.24331018405000945
0.019413548378864526
-0.21997544111469974
-0.33429941640652755
-0.33874607488262276
-0.23515539573720085
-0.00479419153315036
0.2294017859015365
0.3373386693256351
0.3366466550311211
0.22703798822441507
-0.008571796237320572
-0.23732745846089487
-0.3391625680217364
-0.3331370222554918
-0.21676725687397838
0.024160835320123253
0.2458344131366954
0.3402276446091266
0.3272153981338257
0.20157225781470328
-0.04554592759640069
-0.2567226712648407
-0.3406890292596198
-0.31744858371129536
-0.1781477480845921
0.07572053790765815
0.27127194913168573
0.3406349599616281
0.30276783811665187
0.14451096360327864
-0.11411131008952058
-0.2890673447290016
-0.3405161060445741
-0.2846834966175774
-0.10453831710324318
0.15335244343374682
0.3066825150898671
0.34067855743259884
0.2674632770155085
0.06768973670937195
-0.1846177431181693
-0.32019486169837796
-0.3406322826373312
-0.2538384160451459
-0.039757622352437766
0.2057995042394786
0.32891134111886255
0.3400313873276231
0.24366171981643586
0.020069052248996744
-0.21953634294022206
-0.33414307610270577
-0.33880935302179643
-0.23546508816837686
-0.005327463403372035
0.2290713362263643
0.3372454326034077
0.33675174154869447
0.22738496280214981
-0.00802254303426847
-0.23701473200529566
-0.33910651267899944
-0.33331381551082684
-0.21724753295846305
0.023456155616628283
0.24546277711246856
0.3401971798758873
0.327513018183306
0.20230919529334954
-0.04454500303281386
-0.25622663973065163
-0.34068175178410787
-0.3179269195813736
-0.17926958222531314
0.07434390378684891
0.27062168271713377
0.34064279212355375
0.3034371474100465
0.1460171070942731
-0.11250524994406866
-0.28833411961786126
-0.340514482494411
-0.2854127751280988
-0.10612593950432564
0.1519084205502514
0.30604557124858617
0.3406719845383797
0.2680842387103201
0.0689935948385915
-0.18357937508173025
-0.31975620441100405
-0.3406439680103848
-0.25430548475385517
-0.04068963324511837
0.2051244729235853
0.3286424455011776
0.340066445990129
0.24401576833335903
0.020731128531600918
-0.21909155446443604
-0.3339837574980432
-0.3388712711845498
-0.23577447957750639
-0.005861994785773567
0.22873902559185946
0.33715047589947245
0.33685456997734775
0.22772825101339528
-0.007477394112155533
-0.23670332434656913
-0.33904939255371647
-0.33348672165745075
-0.21771967820700916
0.02276140538385235
0.24509537321413322
0.3401658395101148
0.3278042828100163
0.20303230324027371
-0.04355955664626551
-0.2557372043219991
-0.3406736142745785
-0.31839656836165303
-0.18037305345393373
0.07298337403948224
0.2699779990036813
0.3406504521473505
0.30409945572213726
0.14750967932338577
-0.11090375926666596
-0.2876020795095987
-0.34051350573098554
-0.28614244088015445
-0.10771636679556593
0.15045308857399256
0.30540266365637747
0.34066507979679306
0.26871035745834565
0.07031050845489395
-0.18252590552677095
-0.3193103233473592
-0.34065474511186633
-0.254777569410393
-0.041633800835605556
0.20443843458822739
0.3283683787442436
0.3401005336010296
0.24437263443273655
0.021400360962609444
-0.2186406583413285
-0.3338213119234249
-0.3389318958400126
-0.2360838786817135
-0.006398313763666841
0.22840452349641446
0.33705371115036914
0.33695526016637956
0.22806822742567917
-0.006935780061768315
-0.23639291957525851
-0.33899116056625594
-0.3336559432466463
-0.21818421724965223
0.022075877267580396
0.24473184627756775
0.34013360645728113
0.32808950609840914
0.20374232025341943
-0.0425887353342434
-0.25525396368682973
-0.34066460802247894
-0.31885791031840405
-0.18145900123435166
0.07163818857142173
0.26934054607324176
0.3406578998585583
0.3047550172720664
0.148989228489205
-0.1093064358653654
-0.2868710467170653
-0.34051318015130083
-0.2868726822412644
-0.1093100073345829
0.1489859304617271
0.3047535570586058
0.34065788345271963
0.26934196639672764
0.07164118336811268
-0.1814565891585372
-0.3188568865460284
-0.3406646291618913
-0.25525503885922923
-0.04259089293192936
0.20374074487463734
0.32808887411053106
0.3401336796270199
0.24473265601145863
0.02207740212892309
-0.21818318543284745
-0.3336555683919916
-0.3389912922060727
-0.2363936135737416
-0.006936989010761063
0.2280674697669849
0.3369550370604551
0.33705392986072424
0.2284052750251383
-0.006397110744040979
-0.23608318580941678
-0.33893176152096904
-0.3338216791904516
-0.21864167488099656
0.02139885434932287
0.2443718321577169
0.34010045835449676
0.32836899823882376
0.20443998311505024
-0.04163167308628954
-0.25477650673088126
-0.34065472198891655
-0.3193113298048862
-0.1825282812298791
0.07030754532007241
0.2687089498276497
0.340665095594321
0.3054041096984522
0.15045635948149605
-0.10771280304087383
-0.2861408068828762
-0.3405135071914087
-0.2876037170569299
-0.11090733954668267
0.14750635280965832
0.3040979807124081
0.3406504352218512
0.26997943286044046
0.07298640229422981
-0.18037060310901565
-0.3183955264253291
-0.3406736334577697
-0.25573829290256866
-0.0435617460132417
0.20303069938548696
0.3278036376482455
0.34016591065831003
0.24509619122085258
0.022762950087368172
-0.2177186299526262
-0.3334863387794241
-0.339049521645571
-0.2367040202232441
-0.0074786103190710995
0.22772748636798373
0.33685434221785454
0.33715069045361357
0.22873977182149954
-0.005860796391316286
-0.2357737870837092
-0.33887113404365937
-0.33398411758151947
-0.21909255682427622
0.020729638645298393
0.24401497273307615
0.3400663686034967
0.3286430531337235
0.2051259961175278
-0.04068753353494997
-0.2543044337000122
-0.3406439428717968
-0.3197571943431128
-0.18358171618278718
0.06899066167933265
0.26808284297868484
0.34067199963825
0.3060470036957007
0.15191166560366526
-0.10612238244562616
-0.28541114219109287
-0.3405144854087824
-0.2883357596392455
-0.11250884004530226
0.146013750778138
0.3034356569973429
0.34064277476753735
0.27062313093066315
0.07434696727132295
-0.17926709169512245
-0.3179258586171997
-0.34068176903314823
-0.2562277426367455
-0.04454722610952272
0.20230756129931443
0.3275123591440564
0.3401972490469852
0.24546360420276864
0.023457721767311535
-0.2172464670845071
-0.33331342415726284
-0.33910663933798707
-0.2370154304895475
-0.008023767804752113
0.22738419031709783
0.33675150886803795
0.3372456432142747
0.22907207793405426
-0.005326268399672041
-0.23546439533621008
-0.3388092129106506
-0.3341434293620574
-0.21953733211745446
0.020067577698037603
0.24366093016712798
0.34003130773285006
0.32891193744882596
0.20580100345733654
-0.03975554906606668
-0.2538373758394568
-0.34063225544727693
-0.32019583579576166
-0.1846200511685988
0.06768683207141546
0.26746189249452734
0.34067857174384525
0.30668393440917907
0.15335566365987402
-0.10453476595627625
-0.28468186437592663
-0.34051611039957763
-0.2890689875570108
-0.1141149107756389
0.14450757637232903
0.3027663317810685
0.34063494226604674
0.271273412443068
0.07572363822972003
-0.1781452155461328
-0.3174475028889325
-0.34068904459149757
-0.2567237893679173
-0.04554818624533169
0.20157059204994407
0.32721472451942935
0.3402277118347371
0.24583525008426876
0.02416242446897382
-0.21676617222107492
-0.33313662197456784
-0.33916269234295926
-0.23732816023342473
-0.008573030807303872
0.22703720708065614
0.3366464171619965
0.3373388761736286
0.22940252378589696
-0.00479299879697162
-0.23515470190537993
-0.33874593165306366
-0.3342997631464118
-0.2199764179758833
0.019412087948904366
0.24330939971485308
0.33999524497496303
0.32917588163985534
0.20646556605332672
-0.038835054501282634
-0.25337501261670947
-0.34061964316292687
-0.32062753458645765
-0.18564391553700893
0.06639547852560485
0.26684582400080276
0.3406847708042238
0.3073150762315501
0.1547887361542076
-0.10294968224254933
-0.28395284554032485
-0.3405183745613685
-0.28980351024020523
-0.11572580958923312
0.14298740606125787
0.30208980475819625
0.340626978994445
0.27193057807787735
0.07711707115186012
-0.1770042024719216
-0.31696010504554517
-0.3406954667183
-0.2572268032249291
-0.04656542268220798
0.20081908350301975
0.3269104290422418
0.3402573100282516
0.24621146000120175
0.024877726909570796
-0.21627724085374656
-0.3329557337267023
-0.3392177181511995
-0.23764249812168226
-0.009126927536751539
0.22668618377983182
0.33653894966421266
0.3374304618160359
0.22973139998142933
-0.004260517428768318
-0.2348444279667516
-0.33868122530145317
-0.334453241440248
-0.22041016785738493
0.018762673745244263
0.24296012043516882
0.33995814996931245
0.3294350733786475
0.20712014390753009
-0.03792551365716912
-0.25291708562295023
-0.34060608894251176
-0.3210525077559338
-0.18665379347953076
0.06511619150805975
0.26623444179697825
0.34069055471370513
0.3079405224503017
0.15621108395750555
-0.10136705395776657
-0.2832240448929438
-0.340521266732274
-0.2905393413654621
-0.11734158859161598
0.14145300357926727
0.30140595789861846
0.3406189278717481
0.27259485022678637
0.07852775945468893
-0.1758433971905134
-0.31646335858194363
-0.34070104035753074
-0.2577371026652116
-0.047599632391431446
0.20005238987984475
0.3265991906388466
0.34028604826217523
0.24659252696287898
0.025604231380803977
-0.2157792080493277
-0.33277057269920796
-0.3392717437947235
-0.2379586957119561
-0.009685926541149942
0.22633080151034235
0.3364289958773782
0.3375204556861343
0.23005894937634366
-0.003728425983913153
-0.23453333336882892
-0.338615033120034
-0.33460395843095386
-0.22083886330789512
0.01811894103238354
0.24261288326036942
0.33991999449137483
0.32968965368312003
0.2077650848568232
-0.0370265374298967
-0.2524634084243229
-0.34059157614585006
-0.32147090144514795
-0.1876500047274926
0.06384875873158846
0.2656276433603194
0.3406958804506729
0.3085602709458509
0.15762269227005124
-0.09978704189122248
-0.28249552968723646
-0.3405247717552894
-0.29127637685745067
-0.11896204435307867
0.1399043737813439
0.3007147801332425
0.3406108338854906
0.27326634934384997
0.07995598229483586
-0.17466230687013218
-0.31595702476708915
-0.340705769519076
-0.25825493611040606
-0.04865137431369193
0.19926995754255764
0.32628076252273575
0.34031392486864126
0.246978693388183
0.026342448649449096
-0.21527166637816073
-0.3325809713333789
-0.3393247855610784
-0.23827695938046134
-0.010250421053000114
0.2259707860689234
0.33631645651828146
0.33760889597557847
0.2303853617650073
-0.0031964080920940108
-0.23422122337571893
-0.33854730116772336
-0.33475197944707463
-0.22126270999333786
0.017480605017198475
0.24226753598641043
0.33988075409779583
0.32993971592130256
0.2084006202533921
-0.036137892463248805
-0.2520138718251884
-0.34057608961252217
-0.3218827881699417
-0.18863269637169647
0.0625931802761118
0.2650254274784748
0.34070070439159406
0.3091742168232215
0.15902331202678055
-0.09821007303880741
-0.2817674889148958
-0.3405288700303498
-0.2920143801059
-0.12058668359357852
0.13834180366557006
0.30001638649266993
0.34060274434285537
0.27394507541687724
0.08140176338735033
-0.1734606394085117
-0.31544094981024184
-0.340709658165353
-0.25878046693583256
-0.04972103698047578
0.1984713506901419
0.3259549443152886
0.34034093234866797
0.24737014112658456
0.027092777235649235
-0.2147542811316263
-0.33238678773447755
-0.33937684932480805
-0.2385974446048479
-0.010820717213386899
0.22560591639941724
0.3362012472661031
0.3376958041040562
0.2307107715013888
-0.0026642348772059066
-0.23390795289685046
-0.3384779845172985
-0.33489734209775507
-0.2216818381203468
0.016847491376171586
0.24192398488903952
0.3398404095739076
0.33018530770782034
0.20902686775416884
-0.03525949994252059
-0.2515684442373183
-0.34055961670644863
-0.3222881689914206
-0.18960184619631193
0.061349669086425584