1
1.0206896551724138
1.0310635947074491
1.0260041621041165
1.0080004217747853
0.9859981550241392
0.9709877832880491
0.9704033152418663
0.9845320450494123
1.0063825828506825
1.0250426845551266
1.031233047998275
1.0219069301172259
1.0016619022364843
0.9805859383380428
0.9691929503132088
0.9731074774179357
0.9904043728378117
1.0124961756779027
1.028346308328487
1.0300981001752822
1.0168903823523068
0.995253316898331
0.9759892411676021
0.9686850563224957
0.9769375126346129
0.9966809000157663
1.0180837170988903
1.0304641185421506
1.0277053036175143
1.0111636937645134
0.989044813128083
0.9723992014368363
0.9694849188860324
0.9817348678386829
1.00309734918208
1.0229112536898406
1.0313090566406597
1.0241531051698725
1.0049669028518737
0.9832976522093684
0.9699642549986139
0.9715597445708921
0.9872998029716792
1.0093832228083541
1.0267777486754446
1.0308464793725816
1.0195883487528656
0.9985607520662281
0.9782527695384065
0.9687845969318754
0.9748242524270396
0.9933993514196494
1.0152738286810028
1.0295231087586845
1.029095346289171
1.0142008059856258
0.9922152803836539
0.9741205627194031
0.9689086169627863
0.9791436734670049
0.9997770724550048
1.0205219351790547
1.0310342403886872
1.0261275722080136
1.008215716953898
0.9861978273580706
0.9710723772407409
0.9703312326073967
0.9843387042442638
1.0061641923646105
1.024908354805887
1.031249118562786
1.0220655200211173
1.0018844719464883
0.9807612099149223
0.9692339333010597
0.9729940625055769
0.9901924564730193
1.0122915192397541
1.0282509299174583
1.0301589371381643
1.0170775596151866
0.9954737782119547
0.9761328026545777
0.9686807476987095
0.9767874466400837
0.9964593181455101
1.0179013845527631
1.030411619636711
1.0278084092255533
1.0113716331094975
0.9892538769939266
0.9725051007393336
0.9694354951701758
0.981554379402746
1.0028754407321974
1.02275885990958
1.0313015914816834
1.0242942292378516
1.005186869836905
0.9834865345796452
0.9700281252949361
0.9714672334478365
0.9870964270444976
1.0091703412480095
1.0266616214911908
1.0308843538059982
1.0197616425874867
0.9987834796288007
0.9784135709328009
0.9688038153555412
0.9746924627861261
0.9931816215323531
1.015078926758203
1.0294480430419597
1.0291770073658837
1.014399045604282
0.9924313785622881
0.974246596041444
0.9688823959958714
0.9789780591133278
0.999554156257585
1.020353174981491
1.0310033215322814
1.026249661437963
1.0084305942163712
0.9863982009115322
0.9711584313705882
0.9702606469111089
0.984146158673306
1.0059454882255463
1.0247727650353746
1.0312636139673745
1.022222992217647
1.002106945735497
0.9809374571561115
0.9692764675636749
0.9728820122353701
0.9899810388537016
1.0120862380831532
1.0281541249350534
1.030218252876983
1.017263870134156
0.9956944698742479
0.9762775721087926
0.9686780177009038
0.9766385558428002
0.9962379164822207
1.0177181437137877
1.0303575869962731
1.0279101102596155
1.0115789943627709
0.9894634872289428
0.9726123890215405
0.9693876127562282
0.9813748266875737
1.0026533859272442
1.0226053136606268
1.0312925485694933
1.0244341239789354
1.0054065728686068
0.9836762552237313
0.9700935075496896
0.9713761628974334
0.9868937068417516
1.008956993289211
1.0265441468144096
1.0309206711137897
1.0199339344472804
0.9990062691144399
0.9785754659960042
0.968824606322795
0.9745619531027262
0.9929642385553579
1.0148832590343768
1.0293714913300123
1.0292571958905106
1.014596553803099
0.9926478617807524
0.9743739315744102
0.9688577436881031
0.9788135100858323
0.9993312627547026
1.020183383062336
1.0309708396670245
1.026370423706688
1.0086450426472902
0.9865992655427118
0.9712459414061724
0.9701915616515533
0.9839544180643316
1.0057264815537528
1.0246359220180372
1.0312765334956304
1.0223793388089266
1.0023293122803933
0.981114671189031
0.9693205509968591
0.9727713321862246
0.9897701307096298
1.011880342610614
1.0280558981919725
1.0302760444543513
1.0174493045096464
0.9959153806580654
0.9764235422860477
0.9686768664639872
0.9764908476985685
0.9960167062912629
1.017534003820426
1.0303020232956406
1.0280104016627583
1.0117857670110495
0.9896736331998978
0.9727210609449737
0.9693412740136464
0.9811962187384774
1.002431196067762
1.022450622638366
1.0312819283509855
1.024572782398643
1.0056260007730191
0.983866804562709
0.9701603985236007
0.9712865374424996
0.9866916526298004
1.0087431897649757
1.0264253304984372
1.0309554294998435
1.0201052156659023
0.9992291091830126
0.9787384466014662
0.9688469688059423
0.9744327298922184
0.99274721353797
1.0146868354021852
1.0292934574190868
1.0293359078850977
1.0147933205920656
0.9928647190380268
0.9745025629644892
0.9688346612581703
0.9786500346485519
0.9991084032920982
1.020012567957839
1.030936796399089
1.026489852994229
1.0088590513547118
0.9868010110731378
0.9713349030031527
0.9701239802524847
0.9837634921026863
1.005507183485754
1.0244978325923313
1.031287876509043
1.022534551955169
1.002551560263837
0.981292843090616
0.9693661814196042
0.9726620278678252
0.9895597427433517
1.0116738432573478
1.027956254570378
1.0303323090086642
1.0176338533881024
0.9961364993244675
0.9765707058805401
0.9686772940448526
0.9763443296024289
0.9957956988276944
1.0173489741582924
1.0302449312856845
1.0281092784489758
1.0119919405724076
0.9898843042449545
0.9728311111013389
0.9692964812353023
0.9810185645513662
1.0022088824615722
1.0222947945971872
1.0312697313510142
1.024710197565727
1.0058451423909727
0.9840581729740155
0.9702287949022539
0.9711983615333922
0.986490274639639
1.0085289415327083
1.0263051784645778
1.0309886272452582
1.020275477629623
0.9994519884916588
0.9789025045664291
0.9688709016995655
0.9743047996044718
0.9925305575102815
1.0144896657942568
1.029213945179462
1.0294131394454862
1.0149893360204014
0.993081939313022
0.9746324837919369
0.9688131498471035
0.9784876410098801
0.998885589213677
1.0198407382574708
1.0309011934119605
1.0266079433482143
1.0090726094702454
0.9870034272882046
0.9714253117444505
0.9700579060627155
0.9835733904307751
1.005287605173737
1.0243585036604113
1.0312976424470315
1.0226886238750617
1.0027736783748773
0.9814719638877528
0.9694133565741757
0.9725541047203871
0.989349885629627
1.0114667504907224
1.0278551990236868
1.0303870437542217
1.0178175074624514
0.9963578146233247
0.9767190555251982
0.9686793004223679
0.976199008888307
0.9955749053356581
1.0171630640596954
1.0301863137932348
1.0282067357034217
1.012197504596829
0.9900954896742324
0.9729425340127615
0.9692532366373803
0.9808418730722969
1.0019864564231604
1.0221378373501215
1.0312559581723753
1.0248463626124984
1.0060639865786927
0.9842503507919272
0.9702986932962256
0.9711116395478128
0.9862895830663639
1.0083142594736272
1.0261836967018458
1.0310202627084184
1.0204447117777502
0.9996748956954046
0.9790676316523129
0.9688964038205624
0.9741781686235521
0.9923142814825822
1.0142917601826837
1.0291329585552886
1.0294888867414793
1.0151845901770655
0.9932995115651672
0.9747636875713651
0.9687932105182263
0.978326337322176
0.9986628318608965
1.0196679026035116
1.030864032466371
1.026724688884123
1.0092857061496256
0.987206503937697
0.971517163140437
0.969993342355977
0.9833841226475794
1.005067757784955
1.0242179421878133
1.0313058308269647
1.0228415468461305
1.0029956553095616
0.9816520245577202
0.9694620741262092
0.9724475681144207
0.989140570014868
1.0112590748097146
1.0277527365763526
1.0304402459813393
1.0180002574725617
0.9965793152939232
0.9768685837920283
0.9686828854973852
0.9760548928286809
0.9953543370477786
1.0169762829031683
1.030126173720956
1.0283027685826132
1.0124024486667456
0.9903071787703702
0.9730553241320345
0.9692115423592969
0.9806661531970441
1.0017639292730711
1.0219797587684702
1.0312406094957745
1.0249812707351307
1.006282522208388
0.9844433283080471
0.9703700902412326
0.9710263757906291
0.9860895880686571
1.0080991544921902
1.0260608912666946
1.0310503343250534
1.0206129096030327
0.9998978194477701
0.9792338195651127
0.9689234739082042
0.9740528432674442
0.9920983964447793
1.0140931285785135
1.029050501564419
1.029563146016996
1.015379073191254
0.9935174247349945
0.974896167752036
0.9687748442571179
0.9781661316813851
0.9984401425721591
1.0194940696906296
1.0308253154002227
1.0268400837855411
1.0094983305732823
0.9874102307363184
0.9716104526291274
0.9699302923307871
0.9831956983081783
1.0048476525011334
1.0240761552031385
1.0313124412441803
1.022993313205098
1.00321747977154
0.9818330160286283
0.9695123316648034
0.9723424233504988
0.9889318065165863
1.0110508267443699
1.027648872323654
1.0304919130564623
1.0181820942057012
0.9968009900655636
0.9770192831924505
0.9686880490927376
0.9759119886342431
0.9951340051845645
1.0167886401130117
1.0300645140472346
1.0283973723146442
1.012606762397577
0.9905193607890822
0.9731694758428512
0.9691714004636042
0.9804914137706623
1.0015413123372996
1.0218205667814413
1.031223686079807
1.025114915193974
1.0065007381688489
0.9846370957717918
0.9704429821982696
0.9709425744936856
0.9858902997682584
1.007883637515516
1.0259367682827525
1.0310788406083093
1.0207800626520789
1.0001207484013863
0.9794010599557924
0.9689521106241782
0.97392882978776
0.9918829133658071
1.0138937810312374
1.0289665782982418
1.0296359135902364
1.0155727752329071
0.9937356677447313
0.9750299177181542
0.968758051971567
0.9780070321266459
0.9982175326821958
1.0193192482654623
1.0307850441285187
1.026954122304424
1.009710471946915
0.9876145973642215
0.9717051755763721
0.9698687591103113
0.9830081269232652
1.0046273005178674
1.0239331497977315
1.0313174733720032
1.0231439153482462