0
-0.9393939393939394
-1.9261094123718898
-2.969836558209577
-4.037550258841426
-5.075501677927779
-6.05529192040885
-6.991733054187533
-7.934784771066784
-8.928560903486146
-9.977588415450242
-11.04448599998018
-12.076256390967718
-13.049329164581213
-13.98356742238231
-14.930928397805275
-15.93182832627404
-16.985613154661134
-18.050891791167945
-19.076147268117868
-20.042782609536033
-20.975602569335987
-21.92786412165904
-22.935878729414473
-23.99381384327794
-25.056696636489278
-26.0751753868637
-27.035725289969196
-27.96793436519375
-28.92562275279872
-29.940670663307127
-31.002090379356687
-32.061837840001516
-33.07335035787125
-34.02823796748997
-34.96065353865283
-35.92422661892666
-36.94615415036371
-38.01034127261001
-39.06626119684565
-40.07069030308779
-41.020408333756556
-41.9538444032396
-42.92368954926791
-43.95227068717234
-45.01846550361841
-46.06992103711683
-47.0672218323524
-48.01232989037613
-48.9475838999338
-49.9240168491725
-50.958953351842645
-52.02636435646708
-53.07278020426604
-54.062980039221365
-55.004100529697375
-55.94194095932967
-56.925205286383274
-57.966127101907546
-59.03394312233216
-60.07481002865318
-61.05800852296711
-61.99582087692313
-62.936976145156905
-63.92724309968835
-64.97370933885186
-66.04111258338739
-67.07599032512553
-68.052359415808
-68.98759247967506
-69.93274150851943
-70.93011002324292
-71.9816107865488
-73.0477902092982
-74.07630941341124
-75.04609336193003
-75.97951594554264
-76.92928056771558
-77.93377730682023
-78.98973669070534
-80.05390103257437
-81.07576414237325
-82.03927937011818
-82.9716891326389
-83.9266283356205
-84.93820771312687
-85.99798830522053
-87.05937821028476
-88.07435989845278
-89.0319944548966
-89.96420549360701
-90.92481134148326
-91.94335549121308
-93.00626459745149
-94.06416331975869
-95.07211059175056
-96.02432299577148
-96.95715265902061
-97.92384762650181
-98.94916635516567
-100.01446408159566
-101.06820646453258
-102.06903863061333
-103.01635577676674
-103.95061132030604
-104.92374672034252
-105.95557752897307
-107.02248667764877
-108.07146627590114
-109.06517490581304
-110.00818870984435
-110.94465443593094
-111.92450961935609
-112.96251793945056
-114.03023549121019
-115.07390988317563
-116.06055880021768
-116.9999212857848
-117.93934674272151
-118.92612878386281
-119.9699086406351
-121.03761841635172
-122.07551289782555
-123.05523821812153
-123.99165482738101
-124.93474451598031
-125.92858815660742
-126.97766353322388
-128.0445494810249
-129.07625942421828
-130.04926959669532
-130.98349063968678
-131.93089549780586
-132.9318631878396
-133.98569040682844
-135.05094988317978
-136.0761420847752
-137.04271783191743
-137.97552816126665
-138.92783890943235
-139.93592084560436
-140.99389229086623
-142.05674870420773
-143.07516203811628
-144.03565603466808
-144.96786322030877
-145.92560548043002
-146.94071959940334
-148.00216906161515
-149.06188332825164
-150.07332897590507
-151.02816503666764
-151.96058649006832
-152.92421745785518
-153.9462093905231
-155.01041922447172
-156.06629963151
-157.07066110083585
-158.0203325905575
-158.95378221800547
-159.92368859005484
-160.95233163481973
-162.018541773406
-163.0699520251204
-164.0671851033373
-165.01225224678026
-165.94752727149816
-166.92402410128642
-167.9590193314698
-169.02643802284396
-170.07280343327568
-171.062936157649
-172.00402193176998
-172.94189050291828
-173.92522067817347
-174.96619736307994
-176.03401330956535
-177.07482526692223
-178.05795794402036
-178.99574228817852
-179.93693239552672
-180.9272664785665
-181.97378306303378
-183.04117847415276
-184.07599742160136
-185.05230267578276
-185.98751486345859
-186.93270491931176
-187.93014115593064
-188.98168709701247
-190.04785105453115
-191.0763082979836
-192.046031077566
-192.9794402474223
-193.9292515116006
-194.93381587945223
-195.98981466538854
-197.05395615823747
-198.07575482605273
-199.03921223631383
-199.9716162637967
-200.9266071045893
-201.93825333109083
-202.99806699202955
-204.05942702132603
-205.07434247334
-206.03192324003743
-206.9641363161327
-207.92479814693635
-208.94340767884924
-210.00634303123545
-211.06420530187614
-212.0720852308193
-213.02424853413598
-213.95708797381832
-214.92384259908826
-215.94922455576372
-217.01454130185732
-218.0682411845486
-219.06900558748012
-220.01627895784435
-220.95055185802534
-221.9237499097095
-222.95564110577047
-224.022561745992
-225.07149338153013
-226.06513451469664
-227.008110464801
-227.94460085094957
-228.92452099401575
-229.96258617845328
-231.03030750754775
-232.0739291027627
-233.0605114761582
-233.99984257165684
-234.93929960980944
-235.92614823127948
-236.96998075598958
-238.03768653300963
-239.07552404032748
-240.05518445725932
-240.99157660982252
-241.9347043289646
-242.92861548343774
-243.97773867559062
-245.04461291409686
-246.07626237940673
-247.04920997609577
-247.98341387523084
-248.9308626694183
-249.93189812013193
-250.98576767482118
-252.0510079208125
-253.07613682347505
-254.04265300818997
-254.9754537801009
-255.92781377159204
-256.93596302877154
-257.9939707452263
-259.05680071189215
-260.07514861228657
-261.03558674056234
-261.9677921105238
-262.9255882844565
-263.9407685979571
-265.00224774146744
-266.0619287515807
-267.07330751850026
-268.0280920749722
-268.96051948419773
-269.9242083744205
-270.9462646878499
-272.0104971647936
-273.0663379971372
-274.07063182555515
-275.02025682494275
-275.95372008243027
-276.92368770895035
-277.9523926335828
-279.01861802273066
-280.0699829407396
-281.06714830446913
-282.012174589623
-282.9474706989406
-283.92403143120964
-284.9590853554261
-286.0265116601996
-287.0728265873197
-288.0628922101672
-289.00394332938185
-289.94184010784704
-290.92523614670364
-291.96626766111103
-293.0340834597181
-294.07484042841014
-295.05790730387844
-295.995663704156
-296.93688871192916
-297.92728993234743
-298.9738568159993
-300.04124432038554
-301.07600444024854
-302.0522458800463
-302.9874372610602
-303.93266840005845
-304.93017236091794
-305.9817634276889
-307.04791184846533
-308.07630710445005
-309.0459687437313
-309.9793645719651
-310.92922252859375
-311.9338545210145
-312.98989265135305
-314.0540112265716
-315.07574543212024
-316.039145060004
-316.97154342606177
-317.92658594905424
-318.93829901384703
-319.9981456809826
-321.05947576976996
-322.0743249718787
-323.0318519903045
-323.96406717768065
-324.9247850295075
-325.94345992636875
-327.00642145798673
-328.0642472168986
-329.07205979557017
-330.0241740458382
-330.9570233349234
-331.923837649646
-332.9492828105684
-334.01461850603863
-335.068275833742
-336.0689724728253
-337.01620212093513
-337.9504924486362
-338.92375317713044
-339.9557047303472
-341.02263678949754
-342.07152041337594
-343.0650940556216
-344.0080322107695
-344.9445473246994
-345.9245324460412
-346.9626544580954
-348.03037949072603
-349.07394824637186
-350.0604640884726
-350.99976385770384
-351.93925254070274
-352.92616775460453
-353.97005290419594
-355.0377546087438
-356.0755351054233
-357.0551306378744
-357.9914984015991
-358.93466421005746
-359.92864288395253
-360.9778138424687
-362.0446762991313
-363.0762652565301
-364.04915030284184
-364.9833371290989
-365.9308299126729
-366.9319331231191
-367.98584495855425
-369.05106590400845
-370.0761314842219
-371.04258813841994
-371.9753794259193
-372.92778870816096
-373.9360052788766
-374.9940492062711
-376.0568526594923
-377.07513510938657
-378.0355174077247
-378.9677210359144
-379.9255711648937
-380.9408176589217
-382.002326418826
-383.0619741099457
-384.07328598567625
-385.0280190824823
-385.96045252111054
-386.9241993686307
-387.94632004228976
-389.0105750934892
-390.0663762936918
-391.07060247727253
-392.0201810369953
-392.9536579965769
-393.9236869059552
-394.95245368340017
-396.01869425150863
-397.070013783946
-398.06711143578195
-399.0120969189904
-399.9474141823172
-400.92403883893576
-401.95915142364333
-403.0265852684543
-404.0728496663769
-405.0628481968173
-406.00386472262073
-406.9417897741646
-407.9252516919598
-408.96633799592627
-410.0341535727161
-411.07485551310333
-412.0578566025904
-412.99558512494326
-413.9368450944053
-414.92731346100965
-415.9739305976686
-417.0413101220179
-418.0760113810608
-419.05218902865477
-419.9873596725659
-420.93263195079317
-421.9302036381762
-422.9818397784944
-424.04797259103964
-425.0763058328117
-426.045906360489
-426.9792889192537
-427.9291936187215
-428.93389323147136
-429.9899706485126
-431.0540662375229
-432.07573596058404
-433.03907784125823
-433.9714706195122
-434.92656486903456
-435.9383447613525
-436.99822437199214
-438.05952445557
-439.0743073940846
-440.0317807057736
-440.9639980783234
-441.9247719892084
-442.9435122337209
-444.0064998776181
-445.0642890647867
-446.07203428602617
-447.02409953095895
-447.9569587424022
-448.92383277817953
-449.949341119522
-451.0146956940544
-452.0683104120809
-453.0689392866793
-454.0161252661235
-454.9504330921978
-455.92375652260245
-456.95576840263857
-458.02271180808395
-459.07154737141406
-460.06505352862547
-461.00795394783626
-461.94449385723215
-462.92454397542207
-463.9627227783059
-465.03045144066846
-466.0739673139858
-467.0604166372056
-467.99968514401303
-468.9392055354458
-469.9261873538205
-470.97012508517753
-472.03782264348354
-473.0755460931031
-474.0550767600189
-474.99142020279686
-475.9346241592959
-476.92867035812696
-477.9778890337767
-479.0447396360641
-480.0762680555859
-481.04909057699285
-481.98326040137493
-482.9307972275995
-483.9319681967691
-484.98592225794283
-486.0511238327105
-487.07612606702037
-488.0425232226733
-488.975305098802
-489.92776371916193
-490.9360475958806
-491.9941276739139
-493.056904546958
-494.07512152942786
-495.0354480362274
-495.96764999655574
-496.92555412175733
-497.94086678225085
-499.0024050936039
-500.0620194033039
-501.0732643774517
-502.027946059275
-502.9603856008758
-503.9241904404943
-504.9463754537895
-506.0106530104731
-507.06641452113826
-508.07057305601376
-509.0201052267967
-509.95359596050764
-510.92368618107065
-511.95251478421153
-513.0187704596573
-514.0700445547117
-515.067074497309
-516.0120192349672
-516.9473577216828
-517.9240463244583
-518.9592175360544
-520.0266588475298
-521.0728726704267
-522.06280411764
-523.0037861115728
-523.9417395019185
-524.9252673139283
-525.9664083674525
-527.0342236484863
-528.0748705209883
-529.0578058402039
-529.9955065506264
-530.9368015429958
-531.9273370645326
-532.9740044079633
-534.0413758789828
-535.0760182440321
-536.0521321216632
-536.9872820980601
-537.9325955715491
-538.9302349876774
-539.9819161493465
-541.0480332821942
-542.0763044830697
-543.0458439279014
-543.9792132893696
-544.9291647820097
-545.9339320107873
-546.9900486567818
-548.0541211910382
-549.0757264114525
-550.0390105801454
-550.9713978442252
-551.9265438645491
-552.9383905735647
-553.9983030649718
-555.0595730786803
-556.074289739973
-557.0317093865192
-557.9639290181326
-558.924759026051
-559.9435646008563
-561.0065782900438
-562.0643308455019
-563.0720087022098
-564.0240249895777
-564.9568941963198
-565.9238279846934
-566.9493994825676
-568.0147728658208
-569.0683449195337
-570.0689060290717
-571.0160483934927
-571.9503737887686
-572.9237599461228
-573.9558321225808
-575.0227868016707
-576.0715742556204
-577.0650129337454
-578.0078756760872
-578.9444404485994
-579.9245555821485
-580.9627911390143
-582.0305233572991
-583.0739863055876
-584.0603691224018
-584.9996064306713
-585.9391585940829
-586.92620702891
-587.9701972988579
-589.0378906371586
-590.0755570033573
-591.0550228237447
-591.9913420135019
-592.9345841767167
-593.9286979059365
-594.9779642494335
-596.0448029248314
-597.0762707765717
-598.0490307986081
-598.9831836921427
-599.9307646142277
-600.9320033410497
-601.9859995729021
-603.0511817068618
-604.0761205718757
-605.0424582610167
-605.9752307988289
-606.9277388046171
-607.9360899797437
-608.9942061480679
-610.0569563742398
-611.0751078724232
-612.0353786261433
-612.9675789925225
-613.9255371550619
-614.9409159678972
-616.0024837657139
-617.0620646316133
-618.0732426938471
-619.0278730054293
-619.9603187235623
-620.9241815900184
-621.9464309222942
-623.0107309156591
-624.066452679442
-625.0705435618067
-626.0200293944303
-626.9535339742847
-627.9236855342964
-628.9525759359548
-630.0188466470931
-631.070075253009
-632.0670374890852
-633.0119415376396
-633.9473013170928
-634.9240538877701
-635.9592836925906
-637.0267323973467
-638.0728955994487
-639.0627599726772
-640.0037074963259
-640.9416892911571
-641.925283012595
-642.9664787756146
-644.0342936869546
-645.0748854520517
-646.0577550167683
-646.9954279812932
-647.9367580577413
-648.9273607428943
-649.9740782468032
-651.0414415912123
-652.0760250291562
-653.0520751591282
-653.9872045376288
-654.9325592623597
-655.9302664093926
-656.981992540161
-658.0480939218676
-659.0763030552254
-660.0457814460319
-660.9791376823956
-661.9291360184847
-662.933970858926
-663.9901266760739
-665.054176087064
-666.0757167847346
-667.038943276736
-667.9713251002787
-668.9265229356162
-669.9384364504396
-670.9983817598336
-672.0596216390547
-673.0742720095607
-674.0316380326178
-674.9638599971806
-675.924746140046
-676.9436170277232
-678.006656695176
-679.0643725590056
-680.0719830441454
-681.0239504217761
-681.9568296967424
-682.9238232691908
-683.9494578996463
-685.0148500212523
-686.0683793560697
-687.0688727000346
-688.0159715031285
-688.9503145384075
-689.9237634476871
-690.9558958901073
-692.0228617701757
-693.0716010659713
-694.0649722710209
-695.0077973956105
-695.9443870988525
-696.9245672662083
-697.9628595401473
-699.0305952405406
-700.074005221161
-701.060321544108
-701.9995277177673
-702.9391117166583
-703.9262267798538
-704.9702695451583
-706.0379585896977
-707.0755678361769
-708.0549688291061
-708.9912638338022
-709.934544262357
-710.9287255273542
-711.9780394893556
-713.0448661653685
-714.076273419486
-715.0489709677488
-715.9831070014874
-716.9307320725871
-717.9320385559275
-718.9860769033454
-720.0512395264044
-721.0761149987932
-722.0423932535177
-722.9751565260815
-723.927713964549
-724.9361324304251
-725.9942846286446
-727.0570081412872
-728.0750941383855
-729.0353091775467
-729.9675080238912
-730.9255202648229
-731.9409652158129
-733.0025624350669
-734.0621097948302
-735.0732209348822
-736.0277999210249
-736.9602518892408
-737.9241728172111
-738.9464864477485
-740.0108088089595
-741.0664907685668
-742.0705139946787
-743.0199535399804
-743.9534720379719
-744.923684965633
-745.9526371385671
-747.0189228137315
-748.0701058788096
-749.0670004111456
-750.0118638270951
-750.9472449686034
-751.9240615288638
-752.959349893182
-754.0268059178244
-755.0729184534221
-756.0627157619718
-757.003628876969
-757.941639141929
-758.9252987879445
-759.9665492203369
-761.034363688046
-762.0749003062806
-763.057704132334
-763.9953494170326
-764.9367146386829
-765.9273844960724
-766.974152114107
-768.0415072586379
-769.0760317364277
-770.0520181411077
-770.9871269913597
-771.9325230232591
-772.9302979032916
-773.9820689508518
-775.048154509998
-776.0763015492807
-777.0457189149461
-777.979062098416
-778.9291073281726
-779.9340097758501
-780.9902047063003
-782.0542309255452
-783.0757070804395
-784.0388759311016
-784.9712523877528
-785.9265020822553
-786.9384823919323
-787.9984604564878
-789.0596701366454
-790.0742542028639
-791.0315666441476
-791.9637910155419
-792.9247333312054
-793.9436695142697
-795.006735092926
-796.0644142052575
-797.0719573118566
-798.0238758276367
-798.9567652437373
-799.9238186316766
-800.9495163706988
-802.014927160262
-803.0684137216557
-804.0688392995986
-805.0158945951168
-805.9502553411753
-806.923767027293
-807.9559597051527
-809.0229367135161
-810.0716278024408
-811.0649315404892
-812.0077191064937
-812.9443338080453
-813.9245790275926
-814.9629279816337
-816.030667090315
-817.0740240606873
-818.0602739023687
-818.9994490053894
-819.939064903218
-820.9262466066351
-821.9703418240015
-823.0380265010285
-824.0755785915509
-825.0549147761551
-825.9911856637852
-826.9345044162551
-827.9287532223562
-828.9781147534609
-830.04492935761
-831.0762759843255
-832.0489110844746
-832.983030329494
-833.9306996027084
-834.9320738413703
-835.9861542491874
-837.0512972912808
-838.0761093477778
-839.0423282002434
-839.9750822806405
-840.9276891989803
-841.9361749478851
-842.9943631155563
-844.0570598480497
-845.0750803273269
-846.0352396905107
-846.9674370907373
-847.9255034510555
-848.9410145259508
-850.0026411015758
-851.0621548929126
-852.0731991005769
-853.0277268061401
-853.9601850979801
-854.9241641220804
-855.9465420300982
-857.0108866902881
-858.0665287884774
-859.0704843546564
-860.0198776635294
-860.9534101516317
-861.9236844750814
-862.9526983919874
-864.0189989594886
-865.0701364320848
-866.0669632635238
-867.0117861034195
-867.9471886762709
-868.9240692477335
-869.9594161377609
-871.0268794088835
-872.0729412323252
-873.0626714855646
-874.0035502535893
-874.9415890542832
-875.9253146399637
-876.9666197015449
-878.0344336516862
-879.0749150836605
-880.0576531869492
-880.9952708579319
-881.9366712858625
-882.9274083240464
-883.9742260097952
-885.0415728811913
-886.0760383658394
-887.0519610676569
-887.987049459338
-888.9324868542814
-889.9303294693472
-890.9821453813363
-892.0482150465242
-893.0762999652356
-894.0456563347055
-894.9789865375132
-895.929078711101
-896.9340487615249
-897.9902827473753
-899.0542857064279
-900.0756972985747
-901.0388085433113
-901.9711797067253
-902.9264813044863
-903.9385283980012
-904.9985391548478
-906.0597185714062
-907.0742363198976
-908.0314952211827
-908.9637220732884
-909.9247205995417
-910.9437220604461
-912.0068134832071
-913.0644557842185
-914.0719315053656
-915.0238012072396
-915.9567008373708
-916.9238140721558
-917.9495748956685
-919.0150042827655
-920.0684480162595
-921.0688058277929
-922.0158176695413
-922.950196197131
-923.9237706849384
-924.956023567653
-926.0230116316104
-927.0716544650043
-928.0648907421877
-929.0076408088236
-929.9442805762295
-930.9245908662909
-931.962996463402
-933.0307389065457
-934.0740428241495
-935.0602261972291
-935.9993702936249
-936.9390181538064
-937.9262665092366
-938.9704141353103
-940.0380943710804
-941.0755892694692
-942.0548606649438
-942.9911075035373
-943.9344646384483
-944.9287809909179
-945.9781900416679
-947.0449925014916
-948.0762784710871
-949.0488511488446
-949.9829536762466
-950.9306672046221
-951.9321091973467
-952.986231610343
-954.0513550014329
-955.0761036188329
-956.0422631012593
-956.9750080625865
-957.9276645079349
-958.9362175320856
-959.9944416087168
-961.0571114944768
-962.0750664392581
-963.0351701651072
-963.9673661931364
-964.9254867137764
-965.941063898265
-967.002719765153
-968.0621999258161
-969.0731771909489
-970.0276536608528
-970.9601183498504
-971.9241555046355
-972.94659766929
-974.010964559559
-975.0665667391376
-976.0704546417655
-977.0198017651597
-977.9533483153269
-978.9236840626429
-979.9527596961551
-981.019075084282
-982.0701669128069
-983.0669260462533
-984.0117083666976
-984.9471324401499
-985.9240770443728
-986.9594824262599
-988.0269528704456
-989.0729639361376
-990.0626271434962
-991.0034716262733
-991.941539028267
-992.9253305686392
-993.9666902191659
-995.0345035778025
-996.074929784178
-997.0576021806615
-997.995192304077
-998.9366279993202
-999.9274322267956