0
0.22448979591836732
0.3232877033881886
0.3080238212201887
0.17380427678470306
0.9265757334219733
0.7360250501085356
0.6723077960697804
0.7210430444853728
0.895000660756412
0.14699560914259457
0.29741433257051497
0.3261175755833632
0.24178303297045323
0.030294190811446964
0.7947160756689648
0.6814695253417481
0.6839247702557317
0.8028878791088845
0.042209446841256604
0.24815791439913207
0.32679095562949667
0.29263515315216637
0.13569666073746495
0.8828834087817722
0.7155336581809619
0.6725339213934205
0.7420714151657272
0.9387749054950836
0.18325932328069228
0.311451615463609
0.32169350700022825
0.21731259930353658
0.9882836594549371
0.7686193284107607
0.6754086447895825
0.6957924778594352
0.8361862390016788
0.085686963377271
0.26990208833093476
0.32778745285768013
0.2732560722163806
0.09275761170247931
0.8421832355459435
0.6981660756807527
0.6747797923658554
0.7647598968698484
0.981516819938173
0.213027071946587
0.3206335855646906
0.3132506671520895
0.18846687508296855
0.9457572543117851
0.7456066102244487
0.6727314127912793
0.712467259187325
0.8760029718871096
0.12900116565381792
0.28973301465146073
0.32708808163849323
0.251764791717568
0.04912537480955989
0.8078067373257172
0.6855055727439604
0.680216596222271
0.7902074491753323
0.02348076328071058
0.23803753781049855
0.3256298393693433
0.3000053074229332
0.15328981102845463
0.9020422250391181
0.7243059010922183
0.6722379020204229
0.7325961704942046
0.9195178978663407
0.16811610163450852
0.3058733329638226
0.32407237127786354
0.22848995661499572
0.006744665127620453
0.7796052564196195
0.6775933342117607
0.6899546636133833
0.8206854556223373
0.0663878560675133
0.26050678297211016
0.3275791012401972
0.28215650961702005
0.11199996345855759
0.8594577157960114
0.7052962231381164
0.673469023076686
0.7545270177936614
0.9628574636930829
0.20063295218148292
0.3171606477225113
0.3175334191650423
0.2018737258374035
0.9646669478902786
0.7554949939845165
0.6735711138816918
0.7045701822215601
0.8577412620501763
0.11015903554860773
0.2813194753340515
0.32761330979905945
0.26142505475392386
0.06824076676525392
0.8221213029884509
0.6904752204991713
0.6773513813027385
0.7785156078856856
0.004965606641613496
0.2274437645417403
0.32387454210395894
0.3064529276624332
0.16963336874226692
0.9213805746697286
0.7334964224453149
0.6722523022286957
0.7234398564859512
0.9001825089440999
0.15164613265431637
0.29933397884826396
0.3257659597391676
0.23903096999828388
0.02527430228899008
0.7913830694262596
0.6805358575088243
0.6850766763198223
0.8064939912183535
0.047297837096122564
0.25081791686513755
0.32701572350716035
0.290508230561636
0.13077864135263087
0.877808582933106
0.71326744609248
0.6726741782087937
0.7446705803190679
0.9439195597663402
0.1871102430428706
0.3127886062180456
0.32092352306726185
0.2141687928587594
0.9833032330114734
0.765770598567618
0.6749373490105183
0.697527810422401
0.8405848057748289
0.09089356262756931
0.27237624355704215
0.3277912855253245
0.2707910219855037
0.08755166432277478
0.8377504858381128
0.6964059876190334
0.6752344791990151
0.7675944828123474
0.9865012091614267
0.21619402542225918
0.3214243842660111
0.3119383706372016
0.18464915323711348
0.9406195419331673
0.742999822042164
0.672580919784005
0.7147168296547274
0.8810607068864609
0.13394331993849717
0.2918799622477617
0.3268753830247946
0.24911331459788608
0.04402926765611767
0.8041693764547833
0.6843296038960323
0.6811279463848133
0.7935137558482461
0.02849433797422618
0.24080103419620866
0.325996392442915
0.29810937957519945
0.1486712578187295
0.8968542877414353
0.7218976577381053
0.6722852965194646
0.7351169948586412
0.9247163533562519
0.1723216704753774
0.3074692799264957
0.32350377138393543
0.22555339104470484
0.0017781301799751348
0.7765803947640901
0.6769350654043865
0.6914306088287948
0.8247254968020592
0.07156638758347733
0.2630641711906462
0.32766670647975393
0.27980717418042
0.1068501309248299
0.8546911247519733
0.7032890393010545
0.6737664113431642
0.7572388242840506
0.9679035173860301
0.2040717014593374
0.3181807642538812
0.3164715340328018
0.198382676919114
0.9596076128409723
0.7528006797683797
0.6732979880404377
0.7066171374391502
0.8625592921924858
0.11528852901440478
0.28364391941642286
0.3275095859253788
0.25885430621998795
0.06307205874719118
0.8181425483163087
0.6890440277572893
0.6780446588277207
0.7815767355555288
0.009935015201860464
0.23035044351565412
0.32441107324284435
0.3048121122958087
0.16536565889496296
0.9161775077925705
0.7309899319191843
0.6722191360707778
0.7258675602286335
0.905379073868067
0.15620624345433276
0.3011868658458844
0.32537198534209727
0.2362460427077917
0.020271289221087896
0.788123316077731
0.6796639690256133
0.6862960636873517
0.810188210634482
0.052407665813380744
0.2534545661388179
0.32720750429493406
0.28832660372048813
0.12579576222343583
0.8727842652524367
0.7110490435029266
0.6728436888266845
0.7472912643341434
0.9490443542424298
0.19086909472970515
0.3140568344702164
0.3200948186539571
0.2109589623019219
0.9783107200220795
0.7629602442051613
0.674511806635173
0.6993320016363298
0.8450782688404253
0.09609649780541951
0.274824238926657
0.32777367535288715
0.26830119192333396
0.08234560689678427
0.8334135831651382
0.6947152245693704
0.6757361630470022
0.7704697299374541
0.9914756155701105
0.21929774868916851
0.3221576727766242
0.31055695675311323
0.18073816987085656
0.9354630266309343
0.7404141539560609
0.6724583647104346
0.7170115205506575
0.886163363895933
0.1388156841371031
0.2939698509799591
0.3266282691745929
0.2464375149522114
0.03895470163972292
0.8006183522760274
0.6832205008502267
0.6821021259709105
0.7968958732173057
0.03352619981637428
0.2435334857232044
0.326321897284999
0.2961478452870948
0.14396477231845234
0.8916857618749972
0.7195224398629116
0.6723556634394974
0.7376593440969916
0.9299044199452491
0.17643057588376787
0.30899527330099397
0.3228836209885553
0.22256689444250444
0.996812963100004
0.773608490884778
0.6763297392480536
0.6929764477036225
0.8288617852854779
0.07675776899153042
0.26560049091666127
0.32773043766448334
0.2774222304004909
0.10167532643055227
0.8500091519690667
0.7013459167834182
0.6741033532203015
0.7599798098330189
0.97292998935785
0.20743191311811904
0.3191369563158343
0.3153435634473617
0.19480745097210583
0.9545269448898116
0.7501319497135073
0.6730608652527924
0.7087235729624587
0.8674522079837221
0.12037932632299242
0.2859262342836754
0.32737930559358946
0.2562626932039559
0.05792068756629154
0.8142582008636645
0.6876822754319074
0.6787940714091186
0.7846979551205042
0.014911907639824973
0.23321378051300468
0.32489922591966147
0.30310161956878706
0.16100144436142025
0.9109709492162865
0.7285069353908563
0.6722076278552672
0.7283232176504907
0.9105836418412889
0.16067296655172836
0.30297160799685074
0.32493365859310847
0.23342515022968308
0.015282524426328659
0.7849326585612992
0.6788521150038404
0.6875837403388084
0.8139729817586677
0.05753823871181729
0.256069065907573
0.3273685002482965
0.28609421202889007
0.1207562335666692
0.8678189796851377
0.7088825507881851
0.6730446036754747
0.7499344012770881
0.9541481425371157
0.19453804941182273
0.31525698468547503
0.31920557281419515
0.20767883831751843
0.9733031640375774
0.760184943135334
0.6741300560341982
0.701203992854475
0.8496643819110627
0.10128960187351965
0.2772434971875881
0.32773426017922147
0.2657883040378554
0.07714436504030059
0.8291733385696998
0.6930942351983158
0.6762867722023916
0.7733894162742054
0.9964435637973714
0.2223426235093564
0.32283537562205755
0.30910599523238047
0.17673238083959275
0.930289837720252
0.7378493055490872
0.6723618498223171
0.7193471708915232
0.8913022748977446
0.14361127798444162
0.29599936745787514
0.32634452807619885
0.24373557930564316
0.033901291661448923
0.7971505972023278
0.6821771465269459
0.6831406393940862
0.8003575667338316
0.038578069767710055
0.2462374481381994
0.32660845028844304
0.2941229386776507
0.13917514122793434
0.8865444942499308
0.7171839051194657
0.6724503106623675
0.7402226446741444
0.9350787480570606
0.18044346808413558
0.31045142147966626
0.32220997539389823
0.2195262224899333
0.9918453480809842
0.7706853411823966
0.6757754135816983
0.6945922368687519
0.8330948274211745
0.0819584755734093
0.2681150393625927
0.327771501275429
0.27500522684852174
0.09648322130487524
0.8454162645056313
0.6994689368316596
0.6744819258270828
0.7627526276328298
0.9779387700063531
0.21071743253580988
0.32003077562699356
0.3141484453371184
0.19114508624292917
0.9494247476390866
0.7474870948074768
0.6728575262258125
0.710886046208823
0.8724127730560218
0.12542272808838306
0.28816223824326104
0.32722051348749215
0.25364980337695053
0.05278861681287053
0.8104666066615807
0.6863894914038463
0.6796015323475892
0.7878836433779579
0.019899730450954944
0.23603748087626059
0.3253409303266809
0.30132198915116803
0.15654175866296274
0.9057660331244407
0.726049302099234
0.6722175399209458
0.7308043982438394
0.9157902641487033
0.16504432850024875
0.3046872664091966
0.3244490276726039
0.2305648860505421
0.010304933940169292
0.7818067936245712
0.6780984496476764
0.6889403441777882
0.8178503678177381
0.06268823455273242
0.25866224263779414
0.3275008318370536
0.2838151975802651
0.11566866159738709
0.8629207717077377
0.7067718227673523
0.673279136711112
0.7526013010252992
0.959230413451142
0.19811966010309146
0.31638991605716393
0.31825407595904903
0.20432431860474976
0.9682780804229215
0.7574416851997514
0.6737900880056651
0.7031422601944342
0.8543398677033113
0.10646594950639865
0.27963094305207503
0.32767225220684143
0.2632535739560725
0.07195216091938544
0.8250298637999409
0.6915431924996074
0.6768882378042174
0.7763575506050798
0.0014087818464925128
0.22533300232800665
0.32345943836214985
0.30758520339431783
0.17263064610418755
0.9251026853144697
0.7353053835909291
0.6722897260722002
0.7217197904668574
0.8964690505942654
0.14832412721535482
0.2979656994789029
0.32602199379745844
0.24100533074582048
0.028867993224371336
0.793762686373077
0.6811982309656451
0.6842448106728486
0.8039022865212225
0.04365104056482316
0.2489151250246942
0.3268582130069038
0.2920374326422713
0.13430825903432023
0.8814388438950009
0.7148860253044095
0.6725708659731812
0.7428067585785212
0.9402365841481543
0.1843614554816706
0.31183799585637495
0.3214808884620888
0.21642702775448588
0.9868715466080884
0.7678069214750499
0.6752701566236596
0.6962778212414195
0.8374245584267446
0.08716433537412493
0.2706066375559628
0.3277907156185631
0.27255927409560166
0.09128079562624303
0.840915819965616
0.6976596603220396
0.6749041426216134
0.7655602637968485
0.9829323055276487
0.2139323467161689
0.3208639220533339
0.3128853068866394
0.18739300123938182
0.9443014839590859
0.7448647773846357
0.6726857547096575
0.7131007263628018
0.8774329887432127
0.13041011053595208
0.2903477804039972
0.3270310979143896
0.25101483857639534
0.047677213170438826
0.8067657307289301
0.6851650497601374
0.6804688934574465
0.791138111476638
0.02490158713595214
0.23882497288396415
0.3257381359986339
0.2994741295080313
0.15198850533932817
0.900568651050236
0.7236194238624974
0.6722490771312509
0.7333091940081391
0.9209937513600868
0.16931923565245888
0.30633327656894943
0.3239161616469479
0.22766156435299384
0.005335093195862228
0.7787413467641715
0.6774010630314787
0.6903663583823018
0.8218220513707984
0.0678557333923715
0.2612345377863384
0.3276064685019322
0.2814937453708337
0.11054175017383602
0.8580969422060121
0.7047203346703838
0.6735495086066797
0.7552936451279435
0.9642913139420359
0.20161686059405381
0.3174566762882583
0.31723876431707376
0.20089153761584527
0.9632335351374517
0.7547277918624222
0.6734898304486134
0.7051447622472734
0.8591003428842269
0.11161791717016856
0.28198305780196653
0.32758647223939424
0.2606977387841913
0.06677256573208679
0.8209826914358849
0.6900620539397296
0.6775425012677064
0.7793783250686279
0.00637508391361985
0.22827313933559462
0.324031806254917
0.30599445976429474
0.16843227886899648
0.9199048736012017
0.732782928160807
0.6722406597211865
0.7241256943480231
0.9016558000923722
0.1529493613969264
0.2998665726777799
0.3256585648854686
0.23824423926961674
0.0238531305266389
0.7904508760502453
0.680282262484297
0.6854157713384378
0.8075331276621385
0.04874554676353604
0.25156835716146175
0.3270733950472564
0.28989460556252555
0.12937103638369968
0.8763774669247921
0.7126329538706592
0.6727192110625754
0.7454119566588869
0.9453757556159677
0.18818605318249637
0.31315541578767453
0.32069443314353085
0.21326492815967352
0.9818880150239364
0.7649694351645778
0.6748120403484752
0.6980327750393227
0.8418502237918066
0.09237047685411515
0.2730736018908011
0.3277884752999387
0.2700869875933058
0.0860742736402342
0.836510137741886
0.6959191782486183
0.6753719680893021
0.7684060180753374
0.9879135203126245
0.21708091508030614
0.3216382095285389
0.31155345120234246
0.18354899658067492
0.9391582539938486
0.7422640352548016
0.672543393331292
0.7153635261026389
0.8825043566624442
0.1353332239619589
0.29247890107569313
0.3268088604837879
0.24835662300732353
0.04258721856614994
0.8031531571206627
0.6840081557412625
0.6813979084044448
0.7944655298829604
0.02992014115055497
0.24157938091514342
0.3260928329290631
0.29755939071811444
0.1473445812904815
0.8953854605771869
0.7212202021393859
0.6723028778682627
0.7358362107013537
0.9261896354051182
0.1734973406231759
0.3079093744440399
0.32333313179988776
0.22471125408662324
0.00036933385392678986
0.7757319468032781
0.6767580141250429
0.6918621190773969
0.8258893212059245
0.0730382333588433
0.2637859930082835
0.3276871564063002
0.27913392358865186
0.10538401677226461
0.8533538413351156
0.7027310847795658
0.6738579048259271
0.758013481320972
0.9693316542659154
0.20503295126739896
0.31845850688469346
0.31615824722464214
0.19737692682463492
0.9581682057183254
0.7520409319902028
0.6732271440785084
0.7072089175823746
0.8639403035113622
0.11673730783789305
0.2842959684002616
0.3274753999356074
0.2581210890816244
0.06160854346842587
0.8170308695708939
0.6886506037532095
0.6782515099912001
0.7824560576923589
0.011346249953719578
0.23116712904448378
0.3245544146221404
0.30433383768031913
0.16413712690611176
0.9147003369304542
0.7302829440713978
0.6722136884769397
0.7265616067559619
0.9068552851011308
0.1574832309760017
0.3017002442755168
0.3252522062858141
0.23544943598276072
0.018854448347835367
0.78721115821101
0.679427590654093
0.6866544608088964
0.8112528085940864
0.05386135983569984
0.2541986156974145
0.3272562194518426
0.28769816264230696
0.12437122643263426
0.871369048332249
0.7104288714814964
0.6728974098940058
0.7480389001573382
0.9504946791838851
0.19191916020017064
0.31440425064059685
0.31984873150371596
0.2100355803812738
0.9768915152444848
0.762169351301422
0.6743991245503266
0.6998563305255081
0.8463702467033902
0.09757128270561033
0.27551372757894677
0.32776473391438077
0.26759046253336355
0.08086911362920912
0.8322006113912471
0.6942481805473003
0.6758873382482926
0.7712934797233065
0.9928857251385221
0.2201674952780155
0.32235552910229914
0.310152341143537
0.1796112528620471
0.9339967660675177
0.7396842878028168
0.6724284102818014
0.7176702570579649
0.8876181738227837
0.14018447347452678
0.2945519757487567
0.3265515772610768
0.24567360773007257
0.037518723464636305
0.7996260876182191
0.6829178303095556
0.6823901967829235
0.7978698564628876
0.034957531749935766
0.24430350427078643
0.32640706951698906
0.29557962446279046
0.14261396850542452
0.8902238459991136
0.7188550052715414
0.6723799861637695
0.7383845434773828
0.9313741177424419
0.1775789158248433
0.3094155312621697
0.32269800054535414
0.22170982267839032
0.9954038588193356
0.7727742968582801
0.6761673558140241
0.6934278082653685
0.8300530341051093
0.0782326460854772
0.2663162268440872
0.3277443493080936
0.27673954016354746
0.10020355206097414
0.8486967408381547
0.7008065414612722
0.6742064509416894
0.7607632145940042
0.9743528889325095
0.2083715671744879
0.3193968365170965
0.31501132362336376
0.19377726056944694
0.9530814200469386
0.7493791339014522
0.6729998334270911
0.7093316221500385
0.8688531870481468
0.12181554330362276
0.28656556957997026
0.32733723647412805
0.2555234978455904
0.056462474599385415
0.8131730247915523
0.6873084750243701
0.6790172008859818
0.7855951263893604
0.016325906560653358
0.2340188544407805
0.32502919140913067
0.30260365826222174
0.15974568288057567
0.9094936902935711
0.7278069314982103
0.6722082630194596
0.7290247304649871
0.912061006992521
0.16192305599321788
0.303465462230051
0.3248009381589314
0.23261773097289226
0.013869183670271762
0.7840393268184065
0.6786324381894673
0.6879616371154083
0.8150636652499632
0.05899760459858716
0.2568069978028372
0.32740887189003
0.2854521163258861
0.11931718154875942
0.8664220057284252
0.7082778240802068
0.673107637401713
0.7506886302491039
0.9555923857480773
0.19556305568819443
0.3155852327863572
0.31894199045336946
0.206734755053987
0.9718792158183828
0.7594034339870038
0.6740294360854981
0.70174730361049
0.8509820986736143
0.10276036800432453
0.2779242924348113
0.32771900608695326
0.26507127497887717
0.07567003637944672
0.827987840293096
0.6926470307233433
0.6764521808465698
0.7742264964590175
0.9978525138972297
0.2231964680879126
0.32301781403726737
0.3086815880043087
0.1755783373883827
0.9288193143710801
0.7371253479551689
0.6723389712005998
0.72001679157113
0.8927658255786053
0.14495714944113613
0.29656382685490157
0.3262570464154525
0.24296387532774444
0.03247115429124639
0.79618135041772
0.6818929012619757
0.6834472137688739
0.8013547722317058
0.04001530612130577
0.2469998000848644
0.32668296138685615
0.29353721852732145
0.13780177249221487
0.885091817598904
0.7165275918121222
0.6724818068329603
0.7409537454690858
0.9365440208584548
0.18156474859721472
0.3108519043440477
0.32200882135288306
0.2186529899958814
0.9904348620157419
0.7698642387430243
0.6756271488920054
0.6950634275160577
0.8343135450616195
0.08343526821472125
0.2688244046358058
0.3277791481331903
0.2743140271933889
0.09500784145707603
0.8441297889822059
0.6989486347486913
0.674597205088291
0.7635455943355233
0.9793570729591792
0.21163662880922307
0.32027326204574436
0.3137969860684161
0.19008968414480865
0.9479731701095859
0.7467407934922743
0.67280567521038
0.7115093118065104
0.8738315172975961
0.12684391567189146
0.2887876718424789
0.327169974823772
0.252904442066943
0.05133615568513911
0.8094073944094783
0.6860351531908695
0.6798414733798034
0.7887998969814688
0.021317413420408826
0.23683194539626828
0.32545807021020134
0.30080455816937923
0.1552592136655715
0.904290279744324
0.7253569077834852
0.6722242710325914
0.7315127828746182
0.9172672348092693
0.16626712590762294
0.3051614015074764
0.3243028167585306
0.2297456355071142
0.00889415277149902
0.7809310507393985
0.6778949374363133
0.6893378928859275
0.8189676531384489
0.06415278732411034
0.25939422174112703
0.32753343726096623
0.2831606374464452
0.11421756597587157
0.861544198233756
0.7061835710239662
0.6733521146405015
0.7533625626917968
0.9606685491157904
0.1991204012420591
0.3166992737798934
0.3179725385066502
0.20335841028303536
0.96684878102342
0.7566687653438607
0.6737009490794159
0.7037040278077528
0.8556821939512713
0.10793060055137382
0.2803020883232923
0.3276503887342145
0.2625305016191935
0.07048107412464646
0.8238717605751458
0.6911158351964833
0.6770684296623408
0.7772091343588771
0.0028176511784763214
0.22617216480324287
0.3236270114975326