1
0.7777777777777777
0.6809451730652478
0.6996386414425837
0.8393347416101522
0.08681824276968797
0.2682408042750206
0.32317473035236755
0.26400673331299096
0.07800753931071691
0.8320711378520054
0.6969019208380309
0.682036200212957
0.7830607681553075
0.008672109613954149
0.22734919586351365
0.31998961036499174
0.29742032772421045
0.15313697254060132
0.9043913850034478
0.7276146505400449
0.6769045340134316
0.7403244648166176
0.9308331399249836
0.1749499001101409
0.3056383876936095
0.31670417521983807
0.21146595060019147
0.9826174694547625
0.76764738290048
0.6792193431570903
0.7057301670228238
0.8546710611869286
0.1043786883207547
0.27644190532971047
0.3229343464671155
0.2552396598582609
0.06029001206088358
0.8182536512960051
0.6920113490563096
0.6847347381975766
0.7942258347250959
0.026156661795215363
0.23725623110722327
0.3214397927952264
0.29091233066430977
0.13724456534576923
0.8868917433487542
0.7195986278889714
0.6773136442621142
0.7493034162896903
0.9486159232795783
0.18832526308280428
0.3101515382647142
0.31363967610635357
0.19984773945615641
0.965001222508388
0.7579286112429371
0.678021995482494
0.7126389035898495
0.8710876891374997
0.12175382060391815
0.28424323593057155
0.3223444086793905
0.2460504533303689
0.04247174585517288
0.8053174809046981
0.6878736035986059
0.6881757751513524
0.8063157676086692
0.04389177017706736
0.24679775703105067
0.3224055605598133
0.2836397239609405
0.12038345927948324
0.8697445794136933
0.7120606262313522
0.6781001290341284
0.7586904568589952
0.9664149736978811
0.2008085503071917
0.3139115292066861
0.30981926825991835
0.18729103926061796
0.9471948887443671
0.7485720379416583
0.6772680168908032
0.7202226498132898
0.8882792338648224
0.13855109518161068
0.2914610719385129
0.3213430859252713
0.23648052472632708
0.024753099621739993
0.7933029322010616
0.6844929697222404
0.6923734699185575
0.8193225855123123
0.06170755854133514
0.255954061552347
0.32296569740033365
0.27580130314663354
0.10298239816936139
0.8534073542588876
0.7052138360115596
0.6793363235840681
0.7684379048533214
0.9840099922827543
0.212352576634097
0.31691676285979353
0.3052462510322611
0.17384595403062608
0.929421302354057
0.7396270915511942
0.6768865095991612
0.7282695821246727
0.9057916558398844
0.15435571424870886
0.29790317919805
0.31985052897850896
0.2265408578058663
0.007287863332156697
0.7822066154862277
0.6818512720600332
0.6973248658412738
0.8332123326525178
0.07941394694842296
0.2646880430617493
0.3231800102394726
0.2675719286908822
0.08541513506201426
0.838159536838549
0.6991888390871381
0.6811083160321121
0.7786086733867041
0.0013815132000445374
0.22304915633247036
0.319213998504589
0.29990635772155994
0.15948331167296148
0.9117791457586557
0.7310925826838652
0.6768325588288133
0.7366770455855436
0.9233996383051941
0.16906390142779415
0.30351603569045005
0.31777458296879857
0.21608022947045424
0.9899426423341617
0.7718455875144876
0.679874960045391
0.7030678639214409
0.8480889191045433
0.0970084138631031
0.2730380676532911
0.3230753660965635
0.25897548995980024
0.0677540736008524
0.8239518378147251
0.6939742977050352
0.6835129765002215
0.7894262554128681
0.018776718637059986
0.2331406290808371
0.3208942862743662
0.29374821697621534
0.14405815378891051
0.8942260000469143
0.7229199353093754
0.6770992081743978
0.7454774815929324
0.9411283085140201
0.18280977862553272
0.3083460166310912
0.31501873952332593
0.2048452689368263
0.9724380014837575
0.7619702855584158
0.678466572475092
0.7096413573327205
0.8640683148059563
0.1144936482731378
0.2810224215609418
0.32263834345593256
0.24996257653313103
0.04996285865669359
0.8106461349412862
0.6895209686162673
0.6866370106692217
0.8011191188992437
0.03641385096348859
0.2428309926647012
0.322053326938331
0.2867784823725472
0.12756417906288475
0.8768794727207312
0.7151569548060861
0.6777193487352156
0.7546992562999204
0.9589476217131416
0.19567492155210475
0.3124237416900375
0.3115172335619185
0.19268010367596888
0.9546876871730519
0.7524573826358507
0.677535855891295
0.7169673679458928
0.8809902937167473
0.1315932661104351
0.2885132029195434
0.32181888577489626
0.24054547518171066
0.03217270070357636
0.798236699429733
0.6858214458872536
0.6905177713577986
0.8137487725376806
0.05422584460193036
0.2521566833954907
0.32277525748653146
0.27915045760183155
0.11033139218590793
0.8601488861474236
0.707995207355951
0.6787567362447307
0.7642974280703383
0.9766486652054773
0.20761401777765087
0.31574406805677135
0.30725965034388425
0.1796029692312251
0.9368757259978745
0.7433342778544043
0.6770051310836016
0.724841684263797
0.8984147477123818
0.14784922135800826
0.29529718354413026
0.3205432985818293
0.23076898630043607
0.014599078102041307
0.7867662790571133
0.6828751743789583
0.6951507281868949
0.8272637343387164
0.07198959591876886
0.26106763563325086
0.32312945421005157
0.27107328153381527
0.09280762753961058
0.8444326540812032
0.70161929694794
0.6802922541956211
0.7742707242147389
0.9940955261115316
0.21864282366078713
0.3183294163863237
0.3022471677530909
0.16564022457407224
0.919180369480163
0.7346330794824114
0.6768167146870414
0.7330992358848827
0.915988504764385
0.1630090158760895
0.3012557970538865
0.31872451802496227
0.2205563257369918
0.9972368044642267
0.7761277285679782
0.6806307497266157
0.7005538721647957
0.8417054623668698
0.08962299888581882
0.26957179017521726
0.3231581365251235
0.26263666967133426
0.07519237078517849
0.8298071255369668
0.6960709645598095
0.6824189704217705
0.7847837546786529
0.011443743559820696
0.22895662420663143
0.3202568672201267
0.2964385968008669
0.150678011875236
0.9015922993472214
0.7263114434756954
0.6769468257275546
0.7417272494772584
0.9336596619615902
0.17714079075113487
0.30640821265836626
0.3162652707176752
0.20967586863117393
0.9798273704954008
0.7660738004854355
0.6789953894511052
0.7067786501408326
0.8572196389385467
0.10716819409991007
0.27771571573617604
0.3228650078279309
0.2538026433277998
0.057452664811112664
0.8161322969034545
0.691301371516629
0.6852325567861071
0.7960896530120232
0.02896907223449663
0.23880099010418587
0.32162403283208874
0.2898000889548187
0.13461263137842416
0.8841232859802645
0.7183596085673365
0.677412086657021
0.7507740282581621
0.951458418583637
0.19037680746442343
0.3108017396110201
0.3130814658770553
0.19790799515731772
0.9621698658113624
0.7564116692597609
0.677874121705011
0.713808352930954
0.873788724724269
0.12448331488280706
0.2854390285869459
0.3222142504790977
0.24454866461699876
0.03963380409138573
0.8033386002121937
0.6872837445565116
0.6887945699675266
0.8083298235455825
0.046733235051782174
0.24828499665252335
0.3225201958417594
0.28242208173291905
0.11763282133953457
0.8670743851308013
0.7109175230844478
0.6782649919891748
0.7602208011653648
0.9692381064147204
0.20271198465706108
0.31444075892933254
0.30914042563955935
0.1852058568494379
0.9443538331538422
0.7471172769637149
0.6771837902786462
0.7214792097319362
0.8910596624424827
0.1411444769960588
0.29254342634517005
0.3211402826647396
0.23492234106837606
0.021951374986008965
0.7914749339843651
0.6840235989167867
0.6931119944875825
0.8214770020043036
0.06454011273756421
0.2573746450875174
0.3230218839036183
0.27451299267494367
0.10018735719447269
0.8509013707714675
0.7041971276430372
0.679580523657032
0.7700267946514117
0.9867903443100465
0.2141094895658444
0.3173284047542575
0.3044474269730082
0.17162076937780446
0.9266004268793928
0.7382402541934201
0.6768566293271028
0.7295860578568478
0.908593521681472
0.1567719187680332
0.2988529164172893
0.3195612103821128
0.22491432191800342
0.004521788767490653
0.7805123112474158
0.6814940850512627
0.6981858538289547
0.8355135607218256
0.08222463714266226
0.266043402028342
0.32318455835650806
0.2662272806668431
0.08260728237488424
0.8358289903960683
0.6983046995902091
0.6814467223197607
0.78028292459527
0.004145214643852313
0.22469170788544468
0.3195206337312795
0.29898064056984475
0.157098856740425
0.9089753017610951
0.7297660595027169
0.6768531914380307
0.7380521567988605
0.9262164728057991
0.1713158663562533
0.30433710852967044
0.3173830929519388
0.21434715223950906
0.9871686066858748
0.7702440590094402
0.6796148589192086
0.7040602919921879
0.8505622484377608
0.0998064205544873
0.27433679254374144
0.32302887249571643
0.25756729860757765
0.06492566328472149
0.8217721718205663
0.6932140661340602
0.683961117731835
0.791227758514353
0.02157030568353413
0.23470938819800602
0.321111674949891
0.29268927306911685
0.14149564843887563
0.891438884107765
0.7216512147202154
0.6771730324810479
0.7469199545502487
0.9439669892097964
0.18492011346231418
0.3090464856714632
0.31451135554471055
0.20296937693855766
0.9696221688250082
0.7604299341672158
0.6782883489925502
0.7107632426336072
0.8667124045020589
0.11725721672154688
0.28225517000597944
0.3225350315370714
0.2484868030620242
0.04712037487716403
0.8086059503679923
0.6888803454712384
0.6872048949553748
0.8030708923659895
0.039247506706222346
0.24434337478704138
0.32219569818882676
0.2856007090510453
0.12485385586876707
0.8741580806207658
0.7139689365956341
0.6778548321003959
0.7562057491375658
0.9617838434006667
0.1976419170592152
0.31300393393067893
0.3108888224014099
0.1906544944970956
0.9518456007712339
0.7509751423187341
0.6774262484684752
0.718191807564792
0.8837469408411049
0.13425224534002478
0.28964709402964917
0.3216481963245481
0.23901072203589613
0.02935268632207899
0.7963453949476736
0.6853018454998963
0.6912061358628763
0.8158450489144982
0.05706597675628444
0.2536060601900334
0.32285486953970133
0.2778884376502959
0.10754779126712433
0.8575689427568581
0.7069230858165108
0.6789659014489362
0.7658602079960306
0.9794467874774475
0.20943027281750926
0.31620405806629637
0.3065115867303012
0.17743747747029603
0.9340449597481925
0.7419191614474174
0.67695323619516
0.7261346245141802
0.9012111967729448
0.15034084914862822
0.296303218027252
0.32029216210891653
0.22917465907302237
0.011821641229043944
0.7850200042488497
0.6824724566208311
0.6959593089596523
0.8295006072166169
0.07480865517631496
0.26244927074726876
0.32315525141500845
0.26975239491702174
0.09000489771929487
0.8420305058793388
0.7006801595291998
0.6805891281566347
0.7759041363477286
0.9968603507830931
0.2203281216873605
0.3186782741320622
0.30137603521370204
0.16332621596269936
0.9163709862938264
0.733282477251465
0.6768161695469175
0.7344485542924952
0.9187975480026191
0.16532653929007823
0.30212970505913495
0.3183779118103609
0.21887343187955643
0.9944722648232837
0.7744923968834023
0.6803317998460823
0.7014901296084195
0.84410380335601
0.09242596462241792
0.27089388061744946
0.32313344775969655
0.26125644055598674
0.07237379671980437
0.8275670428714668
0.6952597168043431
0.6828192721363857
0.7865271712618391
0.014220421793908145
0.2305524657138316
0.320509909878713
0.2954354738436671
0.14819030052063864
0.8987954965822311
0.7250172556443206
0.6769975587812223
0.7431408797556578
0.9364899301631842
0.17930930850564675
0.307158878241357
0.3158078260637025
0.20786279096364257
0.9770302255547427
0.7645097537469878
0.6787844757733885
0.707847964291586
0.8597958787855822
0.10995259501694754
0.27897919273067795
0.3227866426887822
0.25235474014078085
0.05461281847025434
0.8140330059249584
0.6906104145793877
0.6857495379297944
0.7979776546601238
0.03178821001193821
0.24033694215359236
0.32179632392474034
0.2886687421650709
0.13195678307722036
0.8813650895175271
0.717133358328744
0.6775203367033382
0.7522548938464779
0.9543006268183516
0.192405548902002
0.3114327676334048
0.31250390823115937
0.19594424982015113
0.9593341585135671
0.7549039067531254
0.6777371742740854
0.7149942107795315
0.8765078182663499
0.1271960789556581
0.28661902824480023
0.3220733645611824
0.24303753478466628
0.03679956438600618
0.8013835592130426
0.6867132247787806
0.68943258086104
0.8103668991633275
0.04957567028287757
0.24976216436980292
0.32262484614851417
0.28119108069806376
0.11487066774614418
0.8644270515976034
0.7097930416703389
0.6784415910451564
0.7617599538582802
0.9720548522040089
0.2045911728008889
0.31495075449131416
0.30844254739733135
0.18309852762284495
0.9415148174178947
0.7456733217095755
0.6771087345162128
0.7227465177046
0.8938460722681358
0.14371074454782917
0.293605204964396
0.32092466680657883
0.23335487597591675
0.0191568243210003
0.789670292145691
0.683572929614447
0.6938696175773345
0.8236536240884691
0.0673690330900385
0.2587843152970619
0.3230695285783851
0.2732154976864378
0.097389664804167
0.8484241235433504
0.7032017853041657
0.6798386923025648
0.7716267533913406
0.9895650769306219
0.2158453593150913
0.31772228629712185
0.30362903633798677
0.1693720573859432
0.9237831253314526
0.7368637555910191
0.6768348935890578
0.7309113709355433
0.9113971238468206
0.15916014214337793
0.29978149988903136
0.31925667898786037
0.2232737645028675
0.0017578916513425469
0.7788357340725607
0.6811534550501057
0.699067199288264
0.8378405406060201
0.08503280540893643
0.2673893159493719
0.3231811009834018
0.26487322452716144
0.07979695752863192
0.8335242995177761
0.697440954760896
0.6818016302449377
0.7819747472492478
0.0069109173446144645
0.2263200908235128
0.31981200050820213
0.29803379511543193
0.15468649348341157
0.906173200122613
0.7284483829913935
0.6768819570591975
0.7394375706900003
0.9290368484843265
0.17354422090888066
0.30513858553266404
0.3169738907165949
0.21259315971373605
0.9843890682824888
0.7686537062835552
0.679368778633993
0.7050740951103069
0.853064325353563
0.1026018632754373
0.275626372626274
0.32297385939947887
0.2561482059930493
0.06209358915925933
0.8196147426631225
0.6924729446243263
0.6844279273427836
0.7930525458084121
0.024371047661681633
0.23626881615714934
0.32131620261696536
0.2916096945528275
0.13890590206291242
0.8886575536439406
0.7203931495348759
0.677255996071813
0.748373252929587
0.9468078134263105
0.18700832289607217
0.3097279232608956
0.3139847511847518
0.20106924741951815
0.9667998693179058
0.7588983871302954
0.6781219069546052
0.7119038564466966
0.8693795876107899
0.12000954225448623
0.28347468770127504
0.32242177306176734
0.24700091798739088
0.044278713396889824
0.806588738394057
0.6882589293378834
0.687792121297917
0.8050465425847058
0.04208500634990919
0.24584645192823995
0.3223272994808215
0.2844070100105549
0.12212651648164052
0.871454464164518
0.712797196163057
0.6780011990058277
0.7577214544325079
0.9646158501604429
0.1995849434410868
0.31356477942268235
0.3102412287187182
0.1886060367795228
0.9490030829540814
0.7495031175936122
0.6773264861995725
0.7194291406246189
0.886514113201925
0.1368875285556248
0.2907619801824399
0.3214656037254042
0.23746716542387647
0.02653933354639082
0.7944782921010355
0.6848014245558458
0.6919135231973568
0.8179634029243774
0.05990370271289436
0.25504456525251307
0.32292542485591236
0.2766159994392061
0.10475890608120642
0.8550165536617227
0.7058717448359926
0.6791880577044069
0.7674324644511354
0.9822378280181141
0.2112234499348853
0.31664547197369197
0.30574437825892087
0.1752496532026968
0.931217921487407
0.7405149075571063
0.6769098033374652
0.7274366150812173
0.9040099991407362
0.1528037212158928
0.2972878626470068
0.32002686434464267
0.22756885987413655
0.009049378126445573
0.7832942940560382
0.6820873202008064
0.6967875667682537
0.8317613206187084
0.07762426969340908
0.26382070234367627
0.3231729439690656
0.2684226283297746
0.08720039446449679
0.8396560594583306
0.6997620777058782
0.6809014196262684
0.777552115173388
0.9996236508991188
0.22199626562496544
0.31901077876086914
0.3004844090089429
0.16098607586282498
0.9135639457158552
0.7319411876695545
0.6768236323731935
0.7358074189651087
0.9216092482303933
0.16761858810475783
0.30298335488266637
0.3180146014881746
0.21717239780389086
0.9917050845019239
0.7728706997681642
0.6800479146275626
0.7024476035453919
0.8465303068343988
0.09522719418678083
0.27220714977750826
0.32310058128951913
0.2598657796052828
0.06955157116101374
0.8253502747725575
0.6944679607225646
0.6832374602671836
0.7882919628968683
0.01700301277861538
0.23213751242295588
0.32074912270142564
0.2944110185255311
0.14567390589266305
0.896001601966977
0.72373237002699
0.677056895460789
0.7445654488929416
0.9393237361037459
0.18145569187993393
0.3078904721959159
0.31533159534348987
0.206026177769151
0.9742258781742288
0.7629548681455445
0.6785862461294347
0.7089376860129908
0.8623988692397162
0.11273047080253784
0.28023166427672286
0.322699020686388
0.25089608989974543
0.051771222735843336
0.8119559278135394
0.6899385066987036
0.6862857859525009
0.7998899133799748
0.03461350332915458
0.24186406560701013
0.32195699941701283
0.2875190671169703
0.12927871313330308
0.8786191464928104
0.7159208129411307
0.6776386754865611
0.7537457238167573
0.9571414658889361
0.19441114406671778
0.3120445559152898
0.3119070213359785
0.19395676960791786
0.9564951345732071
0.7534055852568191
0.6776108425453609
0.7161955054552391
0.8792428753880102
0.1298900380495125
0.28778227383682453
0.32192143725608036
0.24151730851328868
0.03397002778092473
0.7994525966307419
0.6861620511078637
0.6900897407090629
0.8124266590563114
0.05241801354090647
0.2512289798379288
0.3227197876702992
0.2799476368976641
0.11209894620898586
0.8618041950160372
0.7086879233166044
0.6786302619639097
0.7633079333736064
0.9748647149428722
0.20644623958732033
0.3154416367963553
0.30772565162452903
0.18096916268673136
0.9386785338141987
0.7442402863448023
0.6770426263348894
0.7240239433054028
0.8966371303513068
0.1462490874940272
0.2946460288597359
0.32069587933267973
0.2317777046394962
0.016369202035930286
0.7878884133128139
0.6831407008198094
0.6946464428410131
0.825852738966385
0.07019417401772454
0.260183191192203
0.323108784943559
0.27190905515686703
0.09458985543336929
0.8459755927176235
0.7022278321314825
0.6801112172744463
0.7732386159300588
0.9923351270475387
0.21756116644706758
0.31809877147274324
0.3027908504227643
0.1670991705349354
0.9209691173744126
0.73549731891168
0.676821229280764
0.7322456284242829
0.9142025747474025
0.16152097323275205
0.3006891377000307
0.31893652442223663
0.22161808263136296
0.9989948526898886
0.7771757352510229
0.6808289728836625
0.699969172529701
0.8401940255169713
0.08783879772982894
0.2687260393413271
0.3231696263645525
0.26350947844527717
0.07698378833990671
0.8312447047086216
0.6965973328121886
0.6821734422027945
0.7836852701220518
0.009679876764718376
0.2279353553934511
0.32008850487071827
0.29706566055787675
0.15224575259177575
0.9033728749965828
0.7271395277838404
0.676918951627953
0.740833535350059
0.9318609563827518
0.1757495304186074
0.305920665639547
0.31654663513527237
0.21081736047824595
0.9816032591056845
0.7670737989624281
0.6791363395448304
0.7061091607639696
0.8555949571428294
0.10539398933259347
0.27690646097713856
0.32291015272457524
0.2547181556218785
0.0592581479247245
0.817479378911952
0.6917508669255301
0.6849136297631411
0.7949010821680558
0.027178978228878492
0.2378192189445607
0.32150822127070655
0.29050996585935374
0.13628996372466906
0.8858835437542105
0.7191464660984415
0.6773483386691408
0.749837204098657
0.9496499573936339
0.18907420927657714
0.3103902885231944
0.31343884447587245
0.19914487404537562
0.9639717726317667
0.7573757175889049
0.6779669163346684
0.7130623767966753
0.8720680750167167
0.12274858197182548
0.28468001723038894
0.322298280630793
0.24550521831510985
0.041438973985083116
0.8045948463964218
0.68765678342921
0.6883986576511205
0.8070457718847108