0
0.5510204081632653
0.14216164073240067
0.6341048573969423
0.22108009890089075
0.6828276122491119
0.26072620268796975
0.7115898849902605
0.28608755774788097
0.7365203434118623
0.3138206916882602
0.773897415256024
0.3598654910943675
0.8476602175704279
0.439551247894451
0.98423759986436
0.5415132678960943
0.1316242474876823
0.6280354084176941
0.21617880950230717
0.6798623199408804
0.25870504865849453
0.7104142259933047
0.28552923491160365
0.7364797084960127
0.3142949905830914
0.7750352772732128
0.3615275313210111
0.8506984469796498
0.4425471852948364
0.989425422032474
0.5447570982595913
0.13542437846640376
0.6303603735724572
0.21830865305632252
0.68144883422194
0.2602839003610251
0.712060719928372
0.2875610131804711
0.7392667266488824
0.3180069671967325
0.7808712263069971
0.36867170816757167
0.8629328399387428
0.45378662284304694
0.008187037488625704
0.5560407103039764
0.14780625445589513
0.6376058690578786
0.22427836194347162
0.6852860731587658
0.2632366344202228
0.714303334411009
0.28950484742404736
0.7412846075693638
0.3201974664489333
0.7839715172495691
0.3721800389676879
0.8687759335531129
0.4588545896854921
0.01638235350184125
0.5608273656694324
0.15275822763956537
0.6404003836014933
0.2263511932464879
0.6863810530797654
0.26369744213001
0.7141611260149427
0.2887342701755098
0.7397356592407156
0.3177963042998395
0.7799112278869437
0.3671081365982367
0.8599215919262307
0.4508798117414694
0.0031627641504776705
0.5529156717682749
0.14422549375406635
0.6353106049363827
0.2220669671992157
0.6834553394103023
0.26119959717269925
0.7119350128261042
0.28637011717206495
0.7367913469571414
0.3140982956356204
0.7742684850780258
0.36028527849822356
0.8483429110835408
0.44018139926607747
0.985283772694794
0.5421423591563568
0.1323222491216618
0.6284251447876449
0.2164762289204365
0.6800174570044475
0.25877078909480655
0.7103934557752302
0.28541786261525526
0.7362580394004956
0.3139478550363255
0.7744537925895574
0.3607837312674449
0.8494097200446544
0.4413198089712804
0.9873421263267793
0.5434800706804517
0.13397100099835324
0.6295012073962105
0.21757296913021928
0.6809543856394331
0.2598649734055445
0.7116961144587495
0.2871815296652078
0.7388017329582521
0.31743085317421116
0.7799937511122478
0.3676262828854191
0.8611540804013963
0.4521955860613398
0.005566017988891225
0.5544845431488287
0.14614430757445085
0.6366399330384487
0.2235051865024782
0.684806670832169
0.26289879292775375
0.7140848873972518
0.2893668096098656
0.7411998953948982
0.32016235266044024
0.7839740125434309
0.3722197204617157
0.8688748501069077
0.4589589980751432
0.01657301170422354
0.5609525638636179
0.15291088326315583
0.6405104846149854
0.22647469003312004
0.686503357217266
0.2638565965967925
0.71436813863363
0.28902601404319617
0.7401685852871818
0.31839226342074656
0.7808680377064576
0.368280526413882
0.8619416332843566
0.45271014241194063
0.006200989263423828
0.5547322997178131
0.1461915015550681
0.6364636435482689
0.2230131835623581
0.684064775786186
0.2616693626177842
0.7122920843309741
0.28668185432791016
0.7371144834759793
0.3144539996608531
0.774768581326462
0.3608683768386842
0.8493076567700321
0.4410787633168938
0.9867822736225264
0.5430478138356298
0.133333232712181
0.6289985675253924
0.21692881478146742
0.6802740074888146
0.2589185212182188
0.7104389340447839
0.28537004283609413
0.7361084839357445
0.31368619022596933
0.7739983129912482
0.36018968823213493
0.8483730695482887
0.44032332723039325
0.9856431053259349
0.5424328286336157
0.13276807663932422
0.628786367292417
0.216952503218943
0.6805296764317332
0.25949278994244085
0.7113583606697326
0.28681352324304044
0.738335650539639
0.3168399366830943
0.7790844517002546
0.36653283908999224
0.8592894835104836
0.4505122623619653
0.0027797309842829687
0.5528235278768762
0.14435455398730968
0.6355972244546094
0.22266229073540833
0.684277085234837
0.262513140019085
0.7138185627850526
0.28917196726406846
0.7410384645363968
0.3200271307759557
0.7838188816328346
0.37207091269100045
0.8686497104176659
0.45877979665302115
0.016301148141570687
0.560804370116153
0.15277637225399854
0.6404513417422282
0.22646086632448226
0.6865364818704798
0.2639469611876122
0.7145220496290181
0.2892707499517917
0.7405518213612818
0.3189325579707878
0.7817461342519578
0.3693591315032001
0.8638067500970412
0.45439007444155655
0.008982843764632875
0.5563931528677806
0.1479798803721235
0.6375175541033711
0.2238822421736868
0.6846335298291855
0.26212022170879923
0.712651980123701
0.28701804880711235
0.7374886943801379
0.3148900872240423
0.7754044384558154
0.36162415452733265
0.850572391461768
0.4422580511613834
0.9887568843414084
0.5442427309344788
0.13466866794884047
0.6297629951730549
0.2175425950896792
0.6806367687181218
0.2591530764700898
0.7105559308327483
0.2853924744362879
0.7360403069314301
0.3135226384689507
0.7736884780307233
0.35977056502775717
0.847630963075281
0.43960113967151027
0.9844037092172743
0.5416633516934293
0.13187429686333774
0.6282500978986857
0.2164771641214811
0.6801942178707192
0.25918349941650165
0.7110607288343368
0.2864700900796988
0.7378837192334828
0.3162525216746106
0.7781707394533874
0.3654236029335194
0.8573938036715213
0.448784586718481
0.9999065189296775
0.5511032359928321
0.14248365860799295
0.6345047699615074
0.22177052585839707
0.6837099181533781
0.26208774166054405
0.7135086574807161
0.2889214423242288
0.7407986411847822
0.3197870674172776
0.7834969085167907
0.37172109707317413
0.8680780634874581
0.45829593011870795
0.01553103035994341
0.5603610165796202
0.15233048755328005
0.6402079366607765
0.22629613010509209
0.6864699026726406
0.2639578482067162
0.7146111654206141
0.2894538359243852
0.7408647340879572
0.31938990382820265
0.78250194904054
0.37029219861003515
0.8654274551540274
0.4558433302514646
0.01138532588862029
0.5578268272862914
0.1495186314430632
0.6384300165084382
0.22464083832259707
0.6851405432120024
0.26253700386594536
0.7130043333684426
0.2873712120253664
0.7379080957785407
0.3154016345027615
0.7761710036226313
0.3625468072359692
0.8521290395850276
0.44370819395647354
0.9911869797765185
0.5457125792570938
0.13630750004389625
0.6307068115944365
0.21830745158533515
0.6811001833912977
0.25947106634976036
0.7107433717610174
0.2854860649735289
0.7360565816015675
0.3134627371236465
0.773533786283384
0.3595393748107123
0.847205690664816
0.4391772692396312
0.9836664384332251
0.5411995317164606
0.13132537371814945
0.6279134494571972
0.21616607627298934
0.6799609612834194
0.25894870376115664
0.7108136999785933
0.28616280919173454
0.7374605788108797
0.31568732738980154
0.7772813932750737
0.36433342371356403
0.8555265333111572
0.4470665808596319
0.9970362939324574
0.5493768348354149
0.14058820884309342
0.6333955097591186
0.22085622469974053
0.6831217005526297
0.2616344308049676
0.7131632518509551
0.2886208474227021
0.7404848532666252
0.3194453344965118
0.7830114252343612
0.371172424539314
0.867162831919622
0.4575073183747107
0.014260091858832258
0.5596200496277304
0.15156833275050818
0.639776911715374
0.22597642592535183
0.6862997249224174
0.2638842174867131
0.7146289360074322
0.2895661421573852
0.7410936514737708
0.31974580672983177
0.7831053663414885
0.3710443363685665
0.8667420500613957
0.4570195379990989
0.013329072841598233
0.5589878102127015
0.15076379034680176
0.6391745593027691
0.22526787918484192
0.6855714674714315
0.2629080159598898
0.7133391343691758
0.2877312283391835
0.7383606528281272
0.315973699204648
0.7770461443695222
0.36360851924931525
0.853931283846759
0.44538145609556334
0.9939894241748648
0.5474047099945081
0.1381855040741644
0.6317931433419413
0.21919203223534067
0.6816449534969018
0.25985817961469637
0.7109916224689272
0.285643793851017
0.7361517515713166
0.3135019871825273
0.773529311538538
0.35949170261969643
0.8470906006703731
0.4390475366583044
0.9834257799979175
0.541039446209068
0.13112204333596367
0.6277773105753413
0.2160215061667643
0.6798324132523775
0.2587923309415767
0.7106225336156968
0.2858994851241101
0.7370778121570564
0.31516065026283013
0.7764424412409963
0.3632949371884493
0.8537437608727112
0.4454110712736199
0.9942584888987747
0.5476981191996273
0.13872758619549241
0.6323042421679643
0.21994818481983058
0.6825312042652761
0.2611679635841919
0.7127941039494041
0.2882809421378558
0.7401091325405971
0.31901548479399433
0.7823825359913339
0.3704471299557417
0.8659417867636672
0.45644363022267154
0.012533716079053292
0.5586071901124035
0.15051395485184882
0.6391723380754311
0.22551213243884494
0.6860321005340764
0.2637296747281084
0.7145767628615708
0.2896071320327158
0.7412358768642588
0.31999558072626977
0.7835476208899136
0.37160552645248623
0.8677322181480759
0.4579065369352344
0.01479730736017304
0.5598672793243579
0.1517095883387145
0.6397467158008172
0.22575935258929647
0.6859220046437504
0.26322778020604787
0.7136491062615002
0.2880877898196137
0.7388311074341065
0.31658499189332256
0.7779960953128425
0.36476636992871203
0.8559060379404401
0.4472054853280554
0.997039648033307
0.5492419557526995
0.14021233075608608
0.63296972427934
0.2201523674058894
0.6822435300146129
0.2602935784271527
0.7112858804384519
0.2858538212567854
0.7363149723367188
0.31362968188790097
0.7736612046648187
0.3596122085257263
0.8472609606835919
0.4391896117711682
0.9836450153442015
0.5411613911856539
0.1312410190189235
0.6278286782781022
0.2160338076089816
0.6798035637107691
0.2587124797105378
0.7104881694596735
0.2856842394944086
0.7367432859052847
0.314684858123897
0.7756743849598574
0.3623347707695177
0.8520914679827353
0.443863075302823
0.991650570335857
0.5461145456618723
0.1369561267905237
0.6312629520409998
0.21907365622620345
0.6819566445130216
0.2607035473139847
0.712414322707843
0.28791506286610113
0.739687756078083
0.31851722971617313
0.7816404856914471
0.36957988227676264
0.8644743618646606
0.4551535163340237
0.010428373039132799
0.5573664996716728
0.14921051973162114
0.6384197984952533
0.22492324136482922
0.685679919704518
0.2635037022027309
0.7144615508274654
0.28958230264226215
0.741296539271418
0.32014439672442396
0.7838353280595898
0.37198376415828327
0.8684105976062867
0.4585183733565603
0.01581529498139278
0.5604807927227926
0.15237477365134522
0.6401563340916714
0.22612236111496165
0.6861946701883839
0.2634954004672818
0.7139296342241537
0.28843184624936713
0.7393042240184271
0.3172131468404673
0.7789843535390031
0.36597396032359564
0.8579735177527363
0.4491032705960478
0.00020611356794786317
0.5511440657315808
0.14229671652242337
0.6341836438878221
0.2211445316521199
0.6828683865682031
0.2607566769122289
0.711611703246317
0.2861048905583614
0.7365363087401733
0.3138363693523538
0.7739177014782592
0.35988795718667954
0.8476963091438896
0.43958433622525783
0.9842922702007174
0.5415459975462733
0.131660333808707
0.6280553073843118
0.2161935602333176
0.6798694341210311
0.2587069538831295
0.7104110055956436
0.28552025465889974
0.7364633780953262
0.31427020088044477
0.7749942342470031
0.3614753744129855
0.8506082772256709
0.4424616422731129
0.989280488505713
0.5446684616960868
0.13532390957052343
0.6303010834836028
0.21825814420868594
0.6814151057982496
0.2602556837991692
0.7120365596547265
0.2875363438302474
0.7392369351965141
0.3179704453466785
0.7808158689359599
0.3686060440724599
0.8628212377925797
0.45368722715117826
0.008023667469305051
0.5559438925167506
0.14770327870282118
0.6375460927999327
0.22423074528508602
0.6852567513671164
0.26321632815139573
0.7142906951856705
0.2894976259483626
0.7412813846598467
0.3201981009597539
0.7839762258805895
0.3721880237126698
0.868791630645261
0.4588694730093965
0.016407934180597827
0.560843287647174
0.1527763092473291
0.6404123271095539
0.2263630703008901
0.6863914573731104
0.26370961263695536
0.7141759000221153
0.2887542861883068
0.7397647769896328
0.3178360229243029
0.7799746807174581
0.3671858296080135
0.8600552537386121
0.45100128895527014
0.0033646579767960816
0.5530365011155757
0.14435661645047437
0.6353873595931823
0.222129859734836
0.6834955943427576
0.261230286748245
0.7119578656598315
0.2863894629795629
0.7368106926786856
0.314118923298379
0.7742968635426832
0.360317957368234
0.8483965927400593
0.44023119828131607
0.9853667496101862
0.5421924144149914
0.1323780296586523
0.6284565867387863
0.21650072988096403
0.6800309202828652
0.2587777991180318
0.7103943215596283
0.28541275474944694
0.7362460560841813
0.3139281691949387
0.7744202462521583
0.3607404288883207
0.8493344524880253
0.4412477766976781
0.9872195808357447
0.543404735465078
0.13388483913223892
0.6294501500208507
0.2175289573625674
0.680924548460753
0.259839275239526
0.711673283488855
0.28715721114098813
0.7387714245509882
0.3173928479695234
0.7799355527098295
0.36755660536206247
0.8610353849992114
0.4520889020400207
0.005389827693007554
0.5543797153263144
0.1460318369850062
0.6365744795623791
0.22345252041360641
0.6847737805897749
0.26287519688016037
0.7140690587305559
0.2893559143669471
0.7411917998402259
0.320156698712009
0.783968870232673
0.3722159612323659
0.8688703849144138
0.45895625372050164
0.016569865300414932
0.5609515189016064
0.15291116433281182
0.6405119628986153
0.22647811643462612
0.6865083280638997
0.26386465661660274
0.7143798486675553
0.2890434536071278
0.7401951419947106
0.3184292470497625
0.7809277778013761
0.3683538029229976
0.8620681211099133
0.4528243634301543
0.006390325787868356
0.5548454010273091
0.1463135401127995
0.6365353896736723
0.22307218718352861
0.6841030799538506
0.26169929893708943
0.7123154094384431
0.286702946704676
0.7371371989483227
0.314479806603039
0.7748056155650203
0.36091204277733846
0.8493803715845941
0.44114652871564264
0.9868956332294674
0.5431163898598701
0.13340988826345912
0.6290422794909695
0.21696367792447457
0.6802942709774429
0.25893106107383934
0.7104443125217419
0.28536931842428204
0.7361015289013758
0.3136725194194887
0.773973666382573
0.36015702614629364
0.8483157143876852
0.440267861405339
0.9855482419139407
0.5423741477585409
0.1327002899392875
0.6287459127474291
0.21691704416406843
0.6805050639980086
0.2594706985174393
0.711337737989028
0.28679040188029825
0.7383057913610245
0.31680158833479655
0.7790251089099076
0.3664611205314212
0.8591670433990914
0.4504011710073901
0.0025953866013856963
0.5527133849377995
0.14423529705781446
0.635527661653906
0.2226057676489428
0.684241338717731
0.2624866907131138
0.7137997505505322
0.28915739928954487
0.7410253017809041
0.3200147801939064
0.7838031351494865
0.3720544263788823
0.8686233319087338
0.4587578394958711
0.016266632771767764
0.560784764428649
0.1527571221301698
0.6404412811903002
0.22645488248529544
0.6865352802660063
0.26395016857739617
0.714529890605436
0.2892846111065719
0.7405744116237949
0.3189649482812287
0.7817992024038003
0.3694244583324915
0.86391996518997
0.4544917681384322
0.009151060503261199
0.5564935375838134
0.14808774329828633
0.6375813165113412
0.22393502031070978
0.6846684328304915
0.2621483950666521
0.7126751405707401
0.2870405031851302
0.7375145845055158
0.31492103793674264
0.7754502698785366
0.3616790337504825
0.8506646530825485
0.44234407943062903
0.9889010285053531
0.5443299596055051
0.1347660798643937
0.6298189508854319
0.21758778088641906
0.6806638686138833
0.2591712410928093
0.7105659962745791
0.28539641573375274
0.7360388195225358
0.3135156181118317
0.7736737422845499
0.3597498614858061
0.8475937534294502
0.4395645577043723
0.9843405728174794
0.541623926676325
0.13182811673444883
0.6282221376847821
0.21645193198710722
0.680175935731687
0.2591659553411998
0.7110431141870035
0.28644899068044527
0.7378553020194525
0.31621505559780827
0.7781121079716411
0.36535205656875824
0.8572713863463342
0.4486724504319066
0.9997195695135981
0.5509910328683265
0.1423610169116838
0.6344330717044447
0.2217116957559888
0.6836722688692596
0.26205908440217995
0.7134872547756215
0.28890340155590666
0.7407804687171237
0.31976792239368423
0.7834702890745024
0.37169145047155316
0.868028969712672
0.45825392261848297
0.01546365142502859
0.5603219140197712
0.15229060082973866
0.6401856448978944
0.22628008285824097
0.6864620055287675
0.2639556456098824
0.7146145030472348
0.28946330257623276
0.7408821882083045
0.3194161456858522
0.7825458459141772
0.3703466239537243
0.8655222779754004
0.4559282150319057
0.011525588513479068
0.5579105481946932
0.14960840860246938
0.6384834749740727
0.22468555689886394
0.6851708507158667
0.26256250777336065
0.7130266408490042
0.28739443291532996
0.7379365534248423
0.31543705488347684
0.7762247089227294
0.3626117571780605
0.8522389991372231
0.44381048533576073
0.991358379752193
0.5458161739578373
0.13642276257390185
0.6307733578856076
0.21836154403960606
0.6811332689025665
0.2594942462995853
0.7107577503688027
0.2854944503167687
0.7360604572044261
0.3134623742315812
0.7735290721780708
0.35953086505600895
0.8471890611435113
0.43916014889160193
0.9836361192892569
0.5411801412353365
0.13130191612525088
0.627898657666069
0.21615173695380197
0.6799494952718613
0.25893620313035015
0.7107996031248682
0.2861443669173105
0.7374344683918834
0.3156519030803848
0.7772252907967248
0.3642642910536764
0.8554079789873725
0.4469569548609553
0.9968527113542837
0.5492661346675383
0.1404660494899188
0.6333239353212954
0.22079692811603047
0.683083328558475
0.2616044569056082
0.7131399269547203
0.28859988977875384
0.7404622352598709
0.31941997370603525
0.7829747486758258
0.37113047123115095
0.8670924502456806
0.4574463049958224
0.01416136792654532
0.5595622796665668
0.15150850267794835
0.6397427797089222
0.2259505550101253
0.6862852289709878
0.26387657745106163
0.7146276195140293
0.2895709170589489
0.7411054577121163
0.3197651722232997
0.7831388658873435
0.37108643280298237
0.866815960795577
0.4570856672801369
0.013438409616354008
0.5590531941531921
0.1508339729969319
0.639216767218785
0.22530376704852317
0.6855965949364319
0.26293029872954854
0.7133600178705215
0.28775452592476825
0.7383907431201533
0.3160123388195848
0.777105786586
0.36368108594051307
0.8540547941999641
0.44549584499500616
0.9941808777791747
0.5475201711892645
0.13831326486732465
0.631867191218078
0.21925241935954887
0.6816823957403436
0.25988514667876017
0.7110094516120499
0.2856559452956313
0.736160384642009
0.31350770187315957
0.773533884015166
0.3594945940057679
0.8470932797135686
0.4390487754873351
0.9834264978816645
0.5410390719517395
0.13112028743046977
0.6277751273843437
0.2160176824204374
0.6798275971117964
0.2587848781936759
0.710612115192612
0.28588405958900776
0.7370546200912865
0.3151281855561381
0.776390367637195
0.36323013748974864
0.8536323793720786
0.4453071389558101
0.9940837120805042
0.5475922255662138
0.1386096285871723
0.6322349779289601
0.2198902621021459
0.682493329077356
0.2611376691076146
0.712769693260279
0.288257890027233
0.7400830472415816
0.318985068553594
0.7823375668283741
0.37039487223065803
0.8658535416628712
0.4563663817029058
0.012407969237826055
0.5585332337559349
0.15043658523368864
0.6391277868761902
0.22547753492588463
0.6860117014862376
0.2637170892918612
0.7145711239532914
0.28960744379874326
0.7412422007347642
0.32000819504740985
0.7835708225033736
0.37163543048448644
0.8677853778842005
0.4579542795313636
0.014876500316971963
0.5599148433692571
0.15176091219565335
0.639778029139213
0.2257866521086016
0.6859419786825575
0.26324668889743563
0.7136682062943317
0.2881105399857742
0.7388618230642272
0.3166253936125596