0
0.1
0.19532255358105682
0.2831523682239542
0.3631964553743408
0.4372120975590109
0.5081691473798231
0.5795344752402349
0.6547130635367109
0.7364652751168485
0.8261464759633714
0.9228918732454898
0.023343610200461162
0.12263234702196335
0.21637843558794959
0.3023436819608885
0.3807776921865906
0.45379266020899717
0.5245295819486027
0.596488132882101
0.6729809450852147
0.7565177610160474
0.8480056521013631
0.9459896013071879
0.04662253458422594
0.14495753841508885
0.23700598991854166
0.32112320153866136
0.39806411916363915
0.4702496302872618
0.5409562705494917
0.6136881974304167
0.6916332988455332
0.7770069991820375
0.8702241508986452
0.9692345727927911
0.06977370388973636
0.16693483240440016
0.25719765536868094
0.3395108674970964
0.41509205871536314
0.4866263896735597
0.5574928267466189
0.6311717917402737
0.7106916544972772
0.7979277847118487
0.8927635573053307
0.9925645616440357
0.09273720267745755
0.18853095101193834
0.27695312761427665
0.3575313984029679
0.43190018304019695
0.5029669300251053
0.5741820149192969
0.6489733523640903
0.7301723363435179
0.8192673936092622
0.9155783558708865
0.015915223558574665
0.11545765562890867
0.20972039223787764
0.29627887762648375
0.37521367495844693
0.44852905493397865
0.5193155142279415
0.5910653801655906
0.6671241008990335
0.7500858402005528
0.8410053254992194
0.9386166910640544
0.03922169568722822
0.13788540520412462
0.23048549903318838
0.315187589200517
0.3925901502115622
0.4650207068495312
0.5357163451517495
0.6081828491730015
0.6856514760998736
0.7704362376850163
0.8631132338039725
0.9618213902887831
0.06242022195045194
0.15997744126489225
0.2508163168788518
0.33369755001165197
0.4096962954062342
0.48141825310532627
0.5522132327779312
0.6255722958731504
0.7045785332368139
0.7912206388834087
0.8855550798576741
0.9851312229050461
0.08544972383448823
0.18169806327371332
0.27071027830388256
0.3518320250726108
0.4265700863495108
0.49776552853987033
0.5688492508274987
0.6432690675002287
0.7239233221157189
0.8124287495512921
0.9082875392894297
0.008482348885143542
0.10825324179106091
0.20301927492068336
0.2901717550151285
0.3696186353897011
0.4432515313077434
0.5141067457963311
0.5856663743904253
0.6613054690940738
0.7436982607905057
0.8340425625231114
0.9312606763511375
0.03180989372402965
0.1307791845290117
0.22392092751395967
0.3092115172091887
0.38708875858425795
0.45978223834950427
0.5304861627151134
0.6027050907816063
0.6797102076160126
0.7639095280401795
0.8560362239808232
0.954418885226197
0.05504957433317048
0.15298234067312738
0.24439064092666138
0.3278461360103789
0.4042769626597237
0.4762050176616394
0.546947750951674
0.620003976980702
0.6985078007471275
0.7845565037496632
0.8783761127151251
0.9777020780312582
0.07813929572222555
0.17482462700209334
0.26442353883685243
0.3460973597641307
0.4212204791904927
0.492563512587483
0.5635348568941682
0.6375992386389977
0.7177179601334057
0.8056312918320848
0.9010211637967891
0.0010470792423842301
0.10102064110353337
0.1962755672084705
0.2840218386024251
0.3639914889369394
0.43795871808899567
0.5089018518782287
0.5802898462273612
0.6555242078506252
0.7373549642592707
0.8271183644811813
0.9239234568358214
0.02438916813424652
0.12364018818358796
0.21731251266065943
0.30319433601173595
0.381558768276837
0.4545328227737875
0.5252643148204305
0.5972537240967436
0.6738087997791996
0.7574270420725371
0.8489943684303668
0.9470290735318216
0.04766369706166995
0.14595060024372009
0.2379206304749158
0.3219558222242256
0.3988328091276809
0.47098526195538426
0.5416950004364058
0.614465723820499
0.6924789318807496
0.777935794597891
0.8712281325803869
0.970279210560694
0.07080770612768772
0.1679114598203761
0.2580926935951703
0.3403264654095952
0.415850049652189
0.48735945229386474
0.5582374918118981
0.6319628585554925
0.7115559139086196
0.7988756875314695
0.8937809110372912
0.993611513815702
0.09376145513293799
0.18948983279088943
0.2778287125137683
0.3583311837798161
0.4326492563450459
0.5036994047691371
0.5749345067760072
0.6497794323400958
0.7310558220879271
0.8202336524837278
0.9166068858046625
0.0169615810094097
0.1164698016309099
0.21066056910687397
0.29713544925760216
0.3759990305907819
0.4492710666377602
0.5200493866485413
0.5918275266550408
0.6679465096047242
0.7509888766520202
0.84198883724984
0.9396539391719841
0.04026456422914948
0.1388833681616456
0.2314063615430394
0.31602585213429746
0.3933626057840088
0.4657575695676299
0.5364535903606508
0.6089563956853117
0.686491345643357
0.7713588480411442
0.8641125452891631
0.9628646880340161
0.06345679451368613
0.1609594601506687
0.2517175946647539
0.3345184454253085
0.4104575035805337
0.4821519193255551
0.5529558003409736
0.6263588849706797
0.7054367847305905
0.7921625230025132
0.8865684006216642
0.9861777525471401
0.08647734838350729
0.18266271597925215
0.2715920225366049
0.35263670263411195
0.427321800714213
0.4984979749196826
0.569599048985965
0.644070216699222
0.724800637540114
0.8133892669390966
0.9093127659993435
0.009529211913994251
0.1092694818569997
0.20396548988865082
0.2910343158627664
0.3704084258118808
0.4439955861613201
0.5148399580995804
0.5864252532416471
0.6621225467843654
0.7445950551584737
0.8350207222935292
0.9322954293614762
0.03285418325548339
0.13178186992096458
0.22484798470509254
0.31005551801381703
0.3878651474648939
0.46052053016260075
0.5312221209953979
0.6034748240934293
0.6805444072565934
0.7648259230418056
0.8570306835835183
0.955460556788134
0.05608844791950007
0.1539696067805137
0.24529816363200857
0.3286724456774559
0.4050415659883239
0.4769394879720439
0.5476884145806942
0.6207862423760331
0.6993601136690228
0.7854923043185318
0.8793851870155646
0.9787478907649725
0.07917004499027813
0.1757949420032632
0.26531147809730904
0.34690706460530296
0.42197502070070775
0.4932961320145761
0.5642821490389104
0.6383955959726159
0.718589147509681
0.806585967297093
0.9020428456877949
0.0020941526183662074
0.10204075493935992
0.19722774734803009
0.28489045206639163
0.3647858649320164
0.4387050084695596
0.5096346048979548
0.5810456373997152
0.656336075714991
0.7382455290591641
0.8280910361076181
0.9249554499516099
0.02543458998074488
0.12464740678564916
0.2182457264657115
0.3040441629839712
0.3823392544525184
0.4552727406190461
0.5259991849135794
0.598019814434941
0.6746374302229596
0.7583372020904114
0.8499838051704478
0.9480688368562585
0.04870459663751947
0.14694295817491237
0.23883439329890527
0.3227876564767768
0.3996009825053615
0.47172073623536603
0.5424339552098427
0.6152438238165349
0.6933253836058315
0.7788654579181161
0.872232756705725
0.9713240138367691
0.07184132514774966
0.1688873170877747
0.2589868541924795
0.3411413270806748
0.4166076020041391
0.4880924460494507
0.5589824676933207
0.6327545680204438
0.7124210244295025
0.7998244320291598
0.894798814984143
0.994658501769904
0.0947852133319067
0.1904478938577
0.27870343347178866
0.3591302914141765
0.43339797282089004
0.504431899685878
0.5756873928979028
0.6505862175042492
0.7319401795856806
0.8212007111318832
0.9176358610172402
0.018007843617655395
0.11748135396819583
0.21159989050034658
0.29799118307749406
0.37678377410269015
0.4500128061807697
0.520783368129184
0.5925901475739469
0.6687696783856971
0.7518927925259159
0.8429730910638885
0.9406915169989581
0.04130720968301538
0.13988065152482013
0.23232634930403864
0.3168633145980534
0.3941345208700554
0.4664942469298801
0.5371910326986454
0.6097304926308127
0.68733202128619
0.7722823314347521
0.8651125256483394
0.9639081918729684
0.06449302128456913
0.1619407282975796
0.2526179932638103
0.3353385876574947
0.41121824788559086
0.4828854884085557
0.5536986515937301
0.6271460953885443
0.7062958782303775
0.7931052588336807
0.887582302428991
0.9872243595291798
0.08750451287006888
0.1836265623532675
0.2724728970628716
0.3534406829996744
0.42807313186504786
0.4992304131084075
0.570349215157139
0.6448720519489485
0.7256788194975654
0.814350599159924
0.9103384726608278
0.010576021587087148
0.11028515852356223
0.20491085874609577
0.29189602930326397
0.37119758251658125
0.4447393416290827
0.5155732512188127
0.5871845814070833
0.6629403679773226
0.7454927279837844
0.8359996442066777
0.9333305498895756
0.033898290076204596
0.13278390152458402
0.22577417163677493
0.3108987053196763
0.388640972463598
0.4612586087951721
0.5319582484947367
0.6042450841476542
0.68137939938047
0.7657431946974186
0.8580258370022464
0.9565024745075481
0.05712701399703368
0.15495614313912137
0.24620480700515118
0.3294979861042764
0.40580568057207106
0.4776738329463145
0.5484293345465878
0.6215691071388146
0.7002132583395506
0.786428965054065
0.880394871839361
0.9797938221984496
0.08020036950195708
0.17676446665997542
0.2661985431866252
0.34771605355612695
0.4227291529332768
0.49402871489294964
0.5650297826381101
0.6391926194822746
0.7194611949204317
0.8075414710483534
0.9030650410495724
0.0031412142618441052
0.10306033695779564
0.19817909232932535
0.28575820970448806
0.36557958625636894
0.43945097247981196
0.5103674104284988
0.5818018523789932
0.6571486696510558
0.7391369699584519
0.8290644883672177
0.9259878474758074
0.026479869957480195
0.12565399887218925
0.21917807603119
0.3048931644778822
0.38311915388750956
0.4560124176249359
0.5267341961857089
0.5987864073384856
0.6754668385492704
0.7592482408883685
0.850973959147385
0.9491088857815612
0.04974522775627044
0.14793460890892052
0.23974727808979235
0.3236187063515934
0.40036864270090095
0.47245605707570726
0.5431731387649227
0.6160225006381488
0.6941726557089978
0.7797959882966815
0.8732380194354075
0.9723689768697567
0.07287455575367141
0.169862401601165
0.25988013749145367
0.34195545496427215
0.4173647193628295
0.4888253749262105
0.559727758191133
0.6335469230865483
0.7132869872468444
0.8007740166643152
0.8958172646995705
0.995705519644869
0.09580847255271618
0.191405132316334
0.2795772914023905
0.35992872410421073
0.4341463362074098
0.5051644187686759
0.5764406769556719
0.6513937104900206
0.7328254094670091
0.8221685673040753
0.9186652765375806
0.019054005558307496
0.1184923084878139
0.21253835522625303
0.29884608052964956
0.3775679085850758
0.4507542774146473
0.5215174626409372
0.5933532464257878
0.6695936095044188
0.7527975878443212
0.843958083987081
0.9417294191543188
0.04234962640604323
0.14087725177968757
0.23324546180555167
0.3176999785083628
0.3949058988054216
0.467230742866451
0.5379286760841808
0.6105051433046788
0.6881735048642945
0.77320668723532
0.866113171248872
0.9649518961197864
0.06552889693904262
0.16292124287644083
0.25351751281068563
0.33615797904124267
0.4119785318577922
0.483618964331597
0.5544417903702923
0.6279339301687841
0.7071558150888235
0.7940488450598292
0.8885967810188338
0.9882710380087144
0.08853121241012651
0.18458960027353094
0.2733529026166873
0.35424396886360615
0.4288240834986162
0.4999628471002395
0.5710997530568916
0.6456745759897218
0.7265578688013756
0.8153127441903626
0.9113646544595383
0.011622772051694152
0.11130026744793707
0.20585538007853532
0.29275689661758747
0.3719861085068783
0.4454828015307669
0.5163066291354366
0.5879443624477372
0.663758935059464
0.7463912794873706
0.8369793255308597
0.9343660326657103
0.03494220847001661
0.1337852756163271
0.22669948758476618
0.3117410808988886
0.38941623684311305
0.4619964781558742
0.5326945491516905
0.6050158743104576
0.6822151859654997
0.7666613425885348
0.8590216808160761
0.9575446327780875
0.05816526712623271
0.1559419466982395
0.24711057097988434
0.3303227594973617
0.4065693098880207
0.47840805655004104
0.5491705147138626
0.6223525743967765
0.701067236271386
0.7873664848606704
0.8814051631187653
0.9808398665234485
0.08123026422110202
0.17773319862386583
0.2670847346534257
0.3485243292017296
0.4234828795379672
0.4947612652146408
0.5657777614491125
0.6399903120098501
0.7203341033566381
0.8084978012884764
0.9040877452344462
0.0041882583073096225
0.104079382634094
0.1991296005136352
0.2866251126294848
0.3663726558202691
0.44019661390412523
0.5111002724585735
0.5825584947796806
0.6579619921638268
0.7400292873721317
0.8300387187527921
0.9270206442717057
0.02752500228914534
0.12665996051552103
0.22010956041596585
0.30574134211537773
0.3838984697669894
0.45675185767537285
0.5274693525923462
0.599553506240148
0.676297026872195
0.7601601582561269
0.8519648271562517
0.9501492147946017
0.05078558487581142
0.14892554917650225
0.24065928457611202
0.3244489739230342
0.4011357931278221
0.4731912284272464
0.54391255499323
0.6168017574939659
0.6950207498572178
0.7807273848569678
0.8742439169015566
0.9734140939003566
0.07390739276817393
0.17083671078677898
0.26077254385018883
0.34276885153091924
0.4181214053273458
0.4895582429110228
0.5604733671005501
0.6343399266920796
0.7141538035237901
0.8017244398647438
0.8968362557118119
0.9967525615773283
0.09683122809739508
0.19236154630259666
0.28045028724456367
0.36072648466230106
0.4348943502500737
0.5058969660105357
0.5771943626133547
0.6522019139154255
0.7337115123359618
0.8231372187188367
0.9196951273734486
0.020100061011485648
0.11950266106416431
0.2134759621237241
0.29970014308000864
0.3783514371408385
0.4514954841952725
0.5222516741531874
0.594116826705632
0.6704183052054593
0.7537032626009714
0.8449438130340141
0.9427676402314132
0.04339180876693982
0.1418731654422189
0.23416369856676203
0.31853584580170646
0.3956767429357627
0.46796706131030513
0.5386665244326361
0.6112803509917449
0.6890157981931665
0.7741319147822077
0.867114478428739
0.9659957950785754
0.06656441617034248
0.16390100108948624
0.2544161534679854
0.3369766219269713
0.4127383590415692
0.4843523510733685
0.5551852205002176
0.628722392341003
0.7080165966356096
0.7949932803325414
0.8896118321038058
0.9893177821397012
0.08955744214192851
0.18555182764970746
0.27423203995776446
0.35504656293518505
0.429574659317834
0.5006952808894597
0.5718506663949828
0.6464777915471587
0.72743778623942
0.816275699975173
0.9123913065584796
0.012669457458123645
0.11231480431361993
0.2067990525029622
0.2936169191099624
0.37277400679854045
0.446225969690834
0.5170400958296137
0.5887045999167854
0.6645782504002075
0.7472907098624798
0.8379597635029372
0.9354018724024189
0.035985932730261405
0.13478598850189
0.2276239318551472
0.31258264654429735
0.39019094387676184
0.4627341421566139
0.5334310269022072
0.6057871979383169
0.6830517689699319
0.7675803662670715
0.8600182115740248
0.9585870259814057
0.05920320188309236
0.1569270144382267
0.24801545551859683
0.3311467680814206
0.4073324574218642
0.47914216275067084
0.5499119589429741
0.6231366472659035
0.7019220489550471
0.7883048626117415
0.8824160567584469
0.9818860179260525
0.08225972413235905
0.1787011355784187
0.267970053072786
0.3493318941429653
0.42423620417139696
0.49549378697219626
0.5665260892236669
0.6407886763832573
0.7212078737846187
0.809454956188311
0.9051109535707272
0.0052352788901792735
0.10509788746865045
0.20007927029393216
0.2874911619782031
0.3671650765473859
0.4409419365320852
0.5118331949760663
0.5833155682089922
0.658776045741981
0.7409224816881943
0.8310137247254734
0.9280538351831816
0.028569981207909434
0.12766528781636838
0.221040178709655
0.30658869753988605
0.3846772052873576
0.4574910646579694
0.5282046580868325
0.6003211145635976
0.6771279972869769
0.7610729539543485
0.8529564059614893
0.9511898183683282
0.05182566246769049
0.14991577573899303
0.2415704125155706
0.32527846128442384
0.401902437208863
0.4739262542430955
0.5446522077827438
0.6175815975815135
0.6958696676960899
0.7816596466916989
0.875250445207776
0.9744593591615023
0.07493983103316659
0.1718102421025252
0.2616640736539198
0.3435815192676197
0.4188776635041503
0.4902910539916767
0.561219298211671
0.635133581762047
0.7150214743995797
0.8026757000266149
0.8978557835238046
0.9977996217027891
0.09785347529180877
0.1933171339840956
0.2813224219621018
0.36152357591492457
0.43564201870004404
0.5066295454040362
0.5779484535282425
0.6530108303828884
0.73459848877027
0.8241066630628592
0.9207254085115871
0.021146004162686527
0.12051240759909965
0.21441271006297885
0.3005533722168117
0.37913436288474467
0.4522364303826654
0.5229860066335452
0.5948808919000194
0.6712437677153411
0.7546098167611233
0.8459302751881704
0.9438061748077937
0.044433751146124356
0.14286838905835672
0.23508105913655108
0.3193709184343123
0.3964470566165433
0.468703206197099
0.5394045816562215
0.6120561189663782
0.6898589030677189
0.7750580133845395
0.8681164434965777
0.9670398830436263
0.06759957368918967
0.16488000017036017
0.255313915426116
0.3377945186823327
0.4134977329892774
0.4850856526138806
0.5559289458084211
0.6295114849222293
0.7088782241772903
0.7959385632719744
0.890627451370052
0.9903645860727442
0.09058319722616393
0.18651324242330164
0.27511030987136814
0.3558484679385086
0.430324863031816
0.501427718470334
0.5726019588749443
0.647281701332028
0.7283185725739891
0.8172394644272298
0.9134184240981456
0.013716071959957166
0.1133287648305106
0.2077418746677528
0.2944760981077107
0.3735612804198836
0.44696884993835767
0.5177736552801548
0.5894652973594509
0.6653983163517077
0.748191019274523
0.8389409553283076
0.9364380637946779
0.03702945716001338
0.13578603651624793
0.22854750378419347
0.3134234040692974
0.39096509684830494
0.46347160471243576
0.5341676856795095
0.6065590583778697
0.6838891503322374
0.7685002652552079
0.8610154257950777
0.9596296484873615
0.060240812859322146
0.15791134337049823
0.24891946061211867
0.33197001409917914
0.4080951266677919
0.4798761555173972
0.5506536710902097
0.6239213288502875
0.702777697858724
0.7892440971495464
0.883427548635565
0.9829322705868931
0.08328874424133037
0.17966827523891715
0.2688544990460731
0.35013875099625735
0.4249891304969114
0.49622628415856734
0.56727476970781
0.6415877154163
0.7220825071458705
0.810412933886874
0.9061346613628373
0.006282270147029978
0.10611584698711322
0.20102810009480104
0.28835635891135497
0.3679568513746406
0.44168694415838106
0.5125661819679411
0.5840730762667563
0.6595908328577171
0.7418165532674841
0.8319895037146963
0.9290874150348827
0.02961480095366187
0.1286699769039461
0.221969930032523
0.3074352324162071
0.3854553636561121
0.4582300424639422
0.5289401166202352
0.6010892357232918
0.6779597518699001
0.7619866277145271
0.8539486922969503
0.952230690961999
0.05286545501735218
0.1509052853883526
0.24248066169494056
0.3261071705479198
0.40266857837587333
0.47466113847856195
0.5453921010177575
0.6183620240871128
0.6967194108497112
0.7825927728628677
0.8762576004292559
0.9755047668786332
0.07597186540996237
0.17278299303800243
0.2625547273149106
0.3443934606777311
0.4196334975069964
0.49102381215680646
0.5619655553094032
0.6359278912080896
0.7158900009894322
0.8036277955144281
0.8988758436133494
0.9988466941558287
0.09887520948584272
0.19427189356022478
0.28219369654349286
0.3623200007025502
0.43638934531410595
0.507362160941274
0.5787029533508066
0.6538204624791429
0.7354863393212536
0.8250768979910169
0.9217561149179454
0.02219182920308982
0.12152154402207592
0.21534859794528988
0.3014057694505
0.379916688943345
0.4529771198409335
0.5237204640478001
0.5956454454868944
0.6720699992424457
0.7555172502614879
0.846917467402001
0.9448450174454993
0.04547544793602909
0.14386291920412977
0.23599754309344803
0.3202051983820645
0.3972168432129704
0.4694391814651411
0.5401428516639357
0.6128324504924098
0.6907028212621932
0.7759849823211672
0.8691190627318209
0.9680841542997305
0.068634364224063
0.1658582373841876
0.2562107989032182
0.3386116716921268
0.41425665726113997
0.48581887293442766
0.556672970115131
0.6303012109168409
0.7097406989972074
0.7968846924668521
0.8916436344774351
0.9914114439554226
0.09160847284619389
0.1874738425676848
0.27598771316823695
0.35664968661241403
0.4310746983558256
0.5021601638370771
0.5733536341940293
0.64808630804017
0.7292002285417101
0.8182040354275506
0.9144460021967534
0.01476260971437715
0.11434214473509684
0.20868384525265776
0.29533443496116496
0.37434793241169867
0.4477114461069802
0.5185073114644829
0.5902264583129471
0.6662191352487733
0.7490922078610119
0.839922898180981
0.9374746015201816
0.03807277607239712
0.13678541602379413
0.22947020273834062
0.31426335530775135
0.3917386990518788
0.4642088697414857
0.5349045294140595
0.6073314589658548
0.6847273319710266
0.769421039045347
0.8620133199683166
0.9606724946543361
0.06127809466264078
0.15889493053762072
0.24982258627966897
0.33279249981130204
0.4088573211284413
0.48061003882112774
0.5513956550076505
0.6247066222420625
0.703634184428199
0.7901841872852176
0.8844396345999469
0.9839786186814844
0.08431731957482924
0.1806346153524917
0.269738073200877
0.35094490239352305
0.4257416621845368
0.4969587607670789
0.568023806641822
0.6423874319085969
0.7229580043569919
0.811371732491372
0.9071588638915349
0.007329226215936346
0.1071332567405896
0.20197608837244596
0.2892207046134624
0.368747983252134
0.44243164058276024
0.513299237420202
0.5848310225453585
0.6604063559666691
0.7427115024436239
0.8329660531182499
0.930121378632482
0.030659455774324496
0.12967402393610253
0.222898813535447
0.3082809484304173
0.3862329480917729
0.45896879498806253
0.5296757321413013
0.6018578731244051
0.678792292678191
0.7629011792389242
0.8549416828659889
0.9532718270214654
0.05390495702441633
0.15189407494725
0.24339003192999153
0.3269351038444115
0.40343422006974067
0.47539588509109765
0.5461322385788236
0.6191430401857958
0.697569980920575
0.7835267624016914
0.8772653786129089
0.9765503112699951
0.07700349077951651
0.17375496111453417
0.2634445052723641
0.3452046782808642
0.42038891095685815
0.4917565213958381
0.5627121421733984
0.6367228579283819
0.7167593843844423
0.8045807246609964
0.8998964314332922
0.9998937730704
0.09989642605359328
0.19522582326215465
0.2830641120018153
0.3631157618795414
0.43713633385460027
0.5080948166138064
0.5794578657246238
0.6546308127751257
0.7363750645137198
0.8260479211263811
0.9227872415378966
0.023237530329848877
0.12253006629028552
0.2162836247029311
0.30225733631359886
0.3806984184548768
0.45371755643820244
0.5244550503598555
0.5964104909355187
0.6728970019768968
0.756425563010138
0.847905386596977
0.9458841626913036
0.0465168935413629
0.1448567524857296
0.23691315004554528
0.32103868764038185
0.39798610609989876
0.4701749910553219
0.5408813383614939
0.6136093488230345
0.6915475545300342
0.7769128208405919
0.8701223323847914
0.9691286031224479
0.06966878252142594
0.16683571002759998
0.25710680414506076
0.33942808335818114
0.4150151354251578
0.48655201601751885
0.5574172972358103
0.6310915733164584
0.7106040223553676
0.7978316664744183
0.8926603770596813
0.9924583499325754
0.0926332642082397
0.18843362608808134
0.27686425068446724
0.35745022171036567
0.431824169011194
0.5028926209837861
0.5741056960431321
0.6488916143523851
0.7300827548534345
0.81916941082529
0.9154740359504399
0.01580906488245537
0.11535493979059823
0.2096249629687559
0.2961919310435497
0.37513396582714803
0.4484537620348393
0.519241068358568
0.5909880863063922
0.6670407094087512
0.7499942757314607
0.8409055892036179
0.9385114802395804
0.03911588379086095
0.13778412341843466
0.23039202811411014
0.31510250211386986
0.39251175379190073
0.46494594116494276
0.535641562033492
0.6081044030290194
0.6855663157849308
0.770342687100037
0.8630118905530055
0.9617155588295011
0.06231504191702131
0.15987777301335931
0.25072483256876077
0.3336142274962761
0.40961904431481017
0.48134381663441966
0.5521379145431007
0.6254925305213034
0.7044915100867276
0.7911251317987
0.8854523104742228
0.9850250563805093
0.085345445181084
0.18160015369812166
0.2706207761909
0.35175035098206026
0.42649380291089894
0.4976912207913639
0.5687732037601486
0.6431878286454731
0.7238343663095682
0.8123313500771835
0.9081835564140976
0.008376141236760892
0.10815011230580546
0.20292323361465536
0.29008420029274135
0.36953847514304233
0.443176029609956
0.5140323653178309
0.5855894106296619
0.6612226175077965
0.7436073295229189
0.83394337030231
0.9311557207629134
0.0317039399261394
0.13067742509943786
0.22382682839985713
0.3091258472897568
0.3870099618237913
0.4597073261285931
0.5304115085963964
0.6026270301627445
0.6796256217499075
0.7638166082004911
0.8559353743415408
0.954313220979442
0.05494416300294325
0.15288214126913444
0.24429852306540883
0.32776226332340913
0.40419936574030685
0.4761304980402386
0.54687262434269
0.619924649041213
0.6984213794894575
0.7844616143085575
0.8782737757774963
0.977595986546932
0.07803470204265373
0.17472614388519225
0.26433340799232363
0.34601517461277564
0.42114390748185315
0.49248918569893013
0.563459062577983
0.6375184848075333
0.7176296256514689
0.8055344857674223
0.9009175424116973
0.0009408525801282153
0.10091712039354767
0.1961789213528129
0.28393366937462705
0.36391086231405245
0.43788298808935067
0.5088275164125909
0.580213194286298
0.6554418838258663
0.7372646648458583
0.8270197300602335
0.9238187832964553
0.02428310174638182
0.12353797038878953
0.217217789299126
0.3031080743606036
0.3814795545691683
0.4544577440465495
0.5251897695316667
0.5971760317063867
0.6737247780904465
0.7573347548864198
0.8488940296636489
0.9469236050769699
0.047558082379381084
0.14584988553959294
0.23782787963042085
0.32187138822410366
0.39875484866174327
0.4709106389110518
0.5416200456512636
0.6143868172007211
0.6923931046037777
0.777841528160902
0.8711262486768137
0.9701732237783941
0.07070282334596678
0.16781241542877343
0.2580019314249468
0.34024375609924173
0.4157731710570307
0.48728508584681846
0.5581619309810899
0.6318825750998462
0.711468195488331
0.7987794838204031
0.8936776747245401
0.9935052981465999
0.09365756654157797
0.18939259102156203
0.27773992328140495
0.3582500760003493
0.43257327872524576
0.5036250939043792
0.5748581481067104
0.649697622934324
0.7309661521941284
0.8201355884377375
0.9165025204334616
0.01685543162944203
0.11636714578710851
0.21056522655840645
0.2970485877508624
0.3759193837316632
0.44919580156449523
0.5199749299368615
0.5917501848607216
0.6678630411314074
0.750897222967285
0.841889025507566
0.9395486945967163
0.04015877464944606
0.13878215512367764
0.23131297933803027
0.31594084636208897
0.3932842643829708
0.4656828229069472
0.5363787874625415
0.6088778938840194
0.686406103652476
0.7712652088518859
0.8640111339786705
0.9627588353490801
0.06335164926292514
0.1608598679027134
0.2516261995550968
0.33443519945028594
0.41038029974616214
0.4820774929314071
0.5528804535400078
0.6262790567559173
0.705349676234912
0.792066929438692
0.886465572053954
0.9860715778500986
0.08637311612993415
0.18256488808662835
0.27150260869584014
0.3525550994244298
0.4272455563591372
0.4984236682252934
0.5695229647913176
0.6439889083978435
0.7247115938700501
0.8132917846878339
0.9092087341644971
0.009423009351433809
0.10916640928525197
0.20386953434075447
0.2909468471809748
0.3703283300235042
0.44392011504960494
0.5147655696447142
0.5863482440969134
0.662039619903259
0.7445040347842402
0.8349214526014503
0.9321904361945844
0.03274824767393425
0.13168017660939924
0.2247539738376567
0.30996993072249873
0.387786408092443
0.46044563978720976
0.5311474499294297
0.6033967102246489
0.6804597411038099
0.764732914242773
0.8569297633661828
0.9553548672557559
0.05598306748167525
0.15386948123828365
0.24520613497469332
0.3285886511529178
0.40496401884627153
0.4768649812875322
0.5476132621822218
0.6207068538055273
0.6992736081152914
0.7853973275529557
0.8792827879137421
0.9786417869141606
0.07906549412027797
0.17569653893480414
0.26522143596756037
0.34682495222524934
0.42189849071715624
0.4932218090569058
0.5642063202920792
0.6383147747164779
0.7185007258330173
0.8064890771030678
0.9019391719520153
0.001987926818601382
0.1019372879287559
0.19713118612685826
0.28480236972384987
0.3647053048879218
0.4386293117915888
0.5095602643279222
0.5809689426653818
0.6562536781703787
0.73815514078914
0.8279923223520839
0.9248507350984981
0.025328537662659745
0.12454525233064592
0.21815109072799327
0.30395798516786443
0.3822601004475441
0.45519768654193743
0.5259246255231808
0.5979420712511422
0.6745533297363648
0.7582448257408703
0.8498833934617139
0.9479633391195146
0.04859900888016
0.14684231503248774
0.23874173151506467
0.3227033021673805
0.39952307429239586
0.47164612897820235
0.542358977432205
0.6151648588571239
0.69323947319494
0.7787711034697153
0.8721308078003314
0.9712180105255297
0.071736481480841
0.16878835094746863
0.2588961810436227
0.34105869235086855
0.4165307677400836
0.4880180864070919
0.5589068751567045
0.6326742192328201
0.7123332196091055
0.7997281429989976
0.8946955230539536
0.994552282737756
0.09468137509874408
0.19035073543704528
0.27861473184554664
0.3590492522647769
0.4333220312312339
0.5043575865925449
0.5756109940627204
0.6505043364363932
0.7318504212227808
0.821102566050337
0.9175314506984199
0.0179017041250773
0.11737875854175839
0.21150463479522208
0.29790440650177524
0.3767041892028617
0.44993756854287703
0.5207089001722487
0.5925127574886203
0.6686861326988328
0.7518010496217298
0.842873204172929
0.9405862392188934
0.04120144299308581
0.13977950759275096
0.23223305586658527
0.3167783899469746
0.39405623414980057
0.46641951889455513
0.5371162096229982
0.609651934837351
0.6872466974319923
0.7721886037035164
0.8650110466452235
0.9638023185386566
0.06438791135758071
0.16184121234199447
0.25252668734250505
0.3352554179871272
0.41114109094996854
0.4828110716877638
0.5536232758374195
0.6270662040015715
0.7062086842506148
0.7930095789226316
0.887479415107811
0.9871181772521583
0.08740032751307059
0.18352881636071033
0.27238357142131403
0.35335915039837495
0.42799692621885366
0.49915610706294083
0.5702730934578902
0.6447906739221364
0.7255896878796759
0.814253034335021
0.9102343923536287
0.010469824704287145
0.11018214330738363
0.2048149891016068
0.2918086465334313
0.3711175508825487
0.4446639007162039
0.5154988543836089
0.5871075265166916
0.6628573655583351
0.7454016184789617
0.8359002973187111
0.933225519677649
0.033792373291443134
0.13268227471042798
0.22568024909119172
0.3108132004778642
0.38856229014876253
0.46118373986896155
0.5318835600818161
0.6041669166869282
0.681294652739276
0.7656500969798613
0.8579248465522477
0.9563967602576512
0.057021665004330924
0.15485609176990073
0.24611286756010597
0.3294142695193516
0.4057281828551327
0.4775993387964995
0.5483541559663601
0.6214896576193436
0.7001266683350782
0.7863339010734538
0.8802924109844935
0.9796877065700929
0.08009586195362428
0.17666614387999938
0.26610858971749785
0.3476340136860112
0.4226526643049433
0.4939543954612131
0.5649539190791536
0.6391117305123937
0.7193726859471504
0.8074444969055584
0.9029613154332875
0.0030349899196926433
0.10295692410703193
0.19808261591068138
0.2856702141356789
0.3654990924965881
0.43937530873989955
0.5102930643493873
0.5817251144843124
0.6570661983315668
0.7390464927882311
0.8289656955297053
0.9258830918290042
0.026373832295515598
0.12555190815705541
0.2190835280145088
0.30480707033348586
0.3830400592627421
0.4559373878041594
0.5266596222922844
0.5987086130125038
0.6753826590493364
0.7591557753951415
0.8508734748200903
0.9490033593214762
0.04963966748687332
0.14783403766159886
0.2396547053958057
0.323534431523566
0.40029078639514404
0.47238146520504853
0.5430981375998089
0.6159434770129948
0.6940866619939078
0.7797015459241206
0.8731360059190252
0.9722629576134497
0.07276975172790867
0.16976351397506545
0.259789553329183
0.3418728945653269
0.41728792906518714
0.4887510216841452
0.559652133563423
0.6334665086681465
0.713199095907035
0.8006776424728228
0.8957139176042197
0.9955992978444625
0.09570468515572261
0.19130805743528606
0.2794886772884291
0.3598477533003797
0.43407043026826486
0.5050901030416795
0.5763642375825376
0.6513117574936438
0.7327355625722931
0.8220703414166858
0.9185608217764616
0.018947876543877085
0.11838977389885108
0.21244318648401644
0.29875938873751395
0.37748838533044304
0.45067906682120795
0.5214429830359815
0.5932758076944337
0.6695099863753226
0.7527057557197678
0.8438581222486057
0.9416241087171144
0.04224388317787087
0.14077617730868497
0.23315225718613214
0.3176151347830978
0.39482766642711353
0.46715603305766473
0.537853832433633
0.610426529185249
0.6880880989614853
0.7731128710274799
0.8660116249230444
0.9648460027134338
0.0654238228752102
0.16282180349885372
0.2534262960628292
0.33607488543807934
0.41190142146181125
0.4835445568806269
0.5543663852699
0.6278539753015796
0.7070685354888275
0.7939530789366351
0.8884938353776995
0.9881648487446426
0.08842707444421993
0.1844919363949259
0.2732636650987328
0.3541625065966978
0.4287479161860217
0.499888541298506
0.5710235934763712
0.6455931279601695
0.7264686491543426
0.8152150969985847
0.9112605261694815
0.011516581442325702
0.11119731002675254
0.2057595964795565
0.2926695996287314
0.3719061407219776
0.44540739042902355
0.5162322235160642
0.5878672614508078
0.6636758568612928
0.7463000808308422
0.8368799017256119
0.934260965944221
0.034836311061566816
0.13368371567604692
0.22660565343316574
0.3116556583258887
0.3893376112544344
0.46192163028219024
0.532619842992397
0.6049376529167584
0.6821303586361672
0.7665681559962948
0.8589206204818826
0.9574388943800348
0.05805995012983667
0.15584196981015125
0.24701872075255915
0.330239120627401
0.4064918612430838
0.4783335745325561
0.5490953095600368
0.6222730636115961
0.7009805616637539
0.7872713337776238
0.8813026409248289
0.9807337397071026
0.08112580050445484
0.1776349563692032
0.2669948697880894
0.3484423615786025
0.42340643189429683
0.4946869489038479
0.5657018626971285
0.6399093550385814
0.7202455069873592
0.8084007433807417
0.903983968210302
0.0040820360178333015
0.10397602440110416
0.19903320906235894
0.28653720372045116
0.3662922280489702
0.44012098271813294
0.511025920465789
0.5824817133583181
0.6578794468160981
0.7399387212608732
0.8299398470891362
0.9269158483532581
0.027418979868910398
0.12655793393746506
0.22001510021442994
0.30565533147719487
0.38381943419880427
0.45667685171675865
0.5273947637947288
0.5994756604241658
0.6762127681453327
0.760067603641901
0.8518642705369683
0.9500436601711595
0.05068005265604314
0.14882505015459002
0.24056680099821826
0.32436477836509114
0.4010579883825731
0.4731166515421965
0.5438375300460232
0.6167226748780807
0.6949346726698131
0.7806328546506056
0.8741418391679171
0.9733080592836576
0.07380262890795586
0.17073790193458238
0.2606820486369635
0.34268636521146967
0.41804465863067203
0.48948389566475864
0.5603977099969735
0.6342594463454361
0.7140658255476794
0.8016279806728899
0.8967328539061481
0.9966463376035862
0.09672749201212816
0.1922645551488563
0.2803617605465137
0.3606455819180987
0.4348184795812198
0.5058226472448213
0.5771178823308758
0.6521198887256585
0.733621576849369
0.8230389122585362
0.919590628677484
0.019993943065419684
0.11940018772999716
0.21338088046075185
0.29961353592173834
0.3782719752160869
0.451420300254933
0.5221771824976116
0.5940393389740783
0.6703346044072575
0.7536113412580032
0.8448437767523346
0.9426622976863243
0.0432860895713163
0.14177216078439672
0.2340705828128204
0.318451082804914
0.3955985645595505
0.4678923693289479
0.5385916598101291
0.6112016802135903
0.6889303100585163
0.7740380101661818
0.8670128651530739
0.9658898821785076
0.06645937850726935
0.1638016385723217
0.2543250258758312
0.33689360415179026
0.4126612948252979
0.4842779524885335
0.5551097856674582
0.6286423736867992
0.707929231281553
0.7948974281354507
0.8895088285789046
0.9892115864818423
0.0894533520593419
0.18545424609568775
0.27414289048519025
0.3549651707271481
0.42949852996290677
0.5006209749262508
0.5717744685571302
0.6463962732390411
0.7273484784844939
0.8161779706264969
0.9122871307773297
0.012563273715516798
0.11221190512415936
0.2067033550883867
0.29352970776872955
0.3726941025562607
0.44615058801203406
0.5169656810223566
0.5886274524532208
0.6644950961832726
0.7471994220359229
0.8378602630621812
0.9352967697086046
0.03588005527664562
0.13468449580895867
0.22753018616656567
0.3124973060572994
0.39011237468169435
0.4626593149384585
0.5333563025973708
0.6057089222715863
0.6829668607547073
0.7674870908469745
0.8599170817071256
0.9584812640057387
0.05909791743257409
0.15682711233621438
0.24792369451152196
0.3310632066999142
0.40725505749492485
0.47906769246294534
0.5498367268241037
0.6230570748994461
0.7018352895940684
0.7882096245419846
0.8823134736421849
0.9817798805118101
0.08215530475527011
0.1786029740826449
0.2678802767517104
0.3492499985022675
0.4241597971411254
0.49541947337729064
0.5664501548983071
0.640707651124359
0.7211191899224496
0.8093578147026681
0.9050071256137744
0.005129059248309087
0.10499458430878687
0.19998296397162818
0.28740333961253395
0.36708471446736524
0.4408663375153328
0.5117588366650854
0.5832387428953386
0.6586934261142942
0.740831826597783
0.8309147744947009
0.9279489995170748
0.0284639746142199
0.12756332576968987
0.22094580641423658
0.3065027702402239
0.3845982284509798
0.45741608216695995
0.5281300539840643
0.6002432169107086
0.6770436591214939
0.7609803102447423
0.8528557773798727
0.9510842361428911
0.05172015885779824
0.1498153492696707
0.24147801807703392
0.3251943447833444
0.40182468367647406
0.473851691942515
0.5445771586591802
0.6175024556510226
0.6957835068704092
0.7815650287449871
0.8751483036534771
0.9743533097698391
0.07483510786091307
0.17171151228069265
0.2615736673494314
0.34349910677461726
0.41880096004223977
0.49021671233661646
0.5611436082479611
0.6350530351910314
0.7149334096726904
0.8025791559985588
0.8977523274652132
0.9976933961507226
0.09774979099137782
0.19322022674211775
0.28123398258106447
0.3614427409429689
0.4355661829206708
0.5065552231945801
0.5778719319656993
0.6529287327364326
0.7345084646343973
0.8240082762657912
0.920620866390333
0.02103989787462246
0.12040999593423826
0.21431771559247756
0.3004668495404154
0.37905496197334543
0.45216127270364154
0.5229115025249194
0.5948033548149497
0.6711599890229818
0.7545178062045702
0.8458301646707359
0.9437008007056487
0.04432805655262295
0.14276745456276738
0.23498803229250653
0.3192862359666391
0.39636893190157196
0.4686285316437784
0.5393296956650088
0.6119773911977955
0.689773332520078
0.7749640204318016
0.8680147636469046
0.9669339512291346
0.06749457296267658
0.16478071479283757
0.25522287696908613
0.33771157649415484
0.413420714591971
0.4850112624913502
0.5558534808554706
0.6294314021755253
0.7087907729376823
0.7958426251424093
0.8905243904002318
0.99025838461467
0.09047915551682228
0.186415743401254
0.27502124836334896
0.3557671455123109
0.43024877125798505
0.5013534119404326
0.5725257224043211
0.6472001124710169
0.7282291766350056
0.8171416531348502
0.9133142013199239
0.013609895677078043
0.11322592430680038
0.20764626357327515
0.29438897227839467
0.37348143941243184
0.44689349729383154
0.517699230881424
0.5893881030699514
0.6653150858781722
0.7480996422624288
0.8388413785369911
0.9363329256675307
0.03692360023873675
0.13568461144114718
0.22845384662459198
0.3133381454833982
0.39088658371323626
0.46339679775248444
0.5340929428302287
0.6064807280990407
0.6838041610353668
0.7684069010570872
0.8609142267499905
0.9595238635057918
0.06013556150263266
0.15781151635633855
0.24882778882493073
0.3318865299777831
0.40801777510397746
0.4798016965566763
0.550578411615264
0.6238416945881862
0.7026908535964712
0.7891487722119521
0.8833249050164924
0.982826123165373
0.08318436970952336
0.17957019473236863
0.268764811207054
0.3500569270718449
0.42491276370808573
0.4961519728744452
0.5671987994292993
0.6415066215849564
0.7219937356964305
0.8103157090135724
0.9060307829505291
0.006176053747552812
0.1060125993531462
0.2009318790598565
0.28826862297020994
0.36787655468734487
0.44161137692566466
0.5124918169343281
0.5839962066959462
0.6595081387000209
0.7417258091625529
0.8318904751790371
0.9289825401470297
0.02950881077052525
0.12856807978003748
0.22187564573107726
0.30734938828520064
0.38537644522563663
0.45815508304560965
0.5288654968115843
0.6010112858875207
0.6778753340560248
0.7618938949381141
0.8538479920857469
0.9521250816972965
0.05275998057615161
0.15080493179568155
0.2423883564160722
0.3260231328885708
0.40259087570776997
0.4745865903610858
0.5453170273239449
0.6182828225192776
0.6966331662219749
0.7824980672723731
0.8761553954537669
0.9753987032981754
0.07586718344610888
0.1726843424997739
0.26246440987610864
0.3443111217564693
0.41955683691290435
0.4909494756882667
0.5618898321018203
0.63584727811793
0.7158018493997265
0.8035311668175407
0.8987723337617554
0.9987404676205267
0.09877157744090881
0.19417507041123763
0.28210534437806667
0.3622392332140425
0.43631354404283423
0.5072878348831026
0.578626390138173
0.6537382921142947
0.7353962264813805
0.8249784310965506
0.9216515298830559
0.022085735162073794
0.12141919443822247
0.21525369077731688
0.3013193311017382
0.3798373487275773
0.45290198803102866
0.5236459470838812
0.5955678586958674
0.6719861424327218
0.7554251504990792
0.8468172829594054
0.944739612338688
0.04536977851299118
0.14376205521676874
0.23590460520071466
0.32012059624216743
0.3971387718174
0.46936452394019784
0.5400679439075987
0.6127536654027677
0.690617168122513
0.7758909011062639
0.869017316686926
0.9679782041510554
0.06852940096809679
0.1657590294223295
0.25611984955792416
0.33852880484823733
0.41417968432125807
0.48574449087024296
0.556597474654643
0.6302210637734228
0.7096531617429164
0.7967886685494243
0.8915405165042023
0.9913052372909974
0.09150447999771272
0.18737642628176288
0.2758987395413679
0.35656843368953284
0.43099864378589964
0.5020858563352742
0.5732773587158378
0.648004648353457
0.7291107443451135
0.8181061424078945
0.9143417329177324
0.01465644148381351
0.11423936330845949
0.2085883206107918
0.2952473945057305
0.37426815433002114
0.4476361221075983
0.5184328770708334
0.5901492168390298
0.6661358282825657
0.7490007416507065
0.8398232453272347
0.9373694285004363
0.03796694025993341
0.13668405893401747
0.22937663417062448
0.31417817843597706
0.39166024164214847
0.46413408264210254
0.5348297676217162
0.6072530737368692
0.6846422613987768
0.7693275861220605
0.8619120521025894
0.9605666872397273
0.06117287694609619
0.15879517890992834
0.24973100370912915
0.3327090927198584
0.4087800175720264
0.48053559078448593
0.551320367786029
0.624626925771168
0.703547255119023
0.7900887756018198
0.8843369309003449
0.9838724618438109
0.08421299039186603
0.1805366160622734
0.2696484737790543
0.35086314991768447
0.42566533526452954
0.4968844513886008
0.5679478000309723
0.6423062692214357
0.7228691452284308
0.8112744244238883
0.9070549355037156
0.007223013653472332
0.10703006508269777
0.20187995278004042
0.2891330549755898
0.3686677516576765
0.44235610474836534
0.5132248652596205
0.5847541083532845
0.6603235870305969
0.7426206692915712
0.8328669465431427
0.9300164650507098
0.030553482584918967
0.1295721921234445
0.22280461731272494
0.308195187296047
0.38615408774017956
0.45889385824712003
0.5296010962262727
0.6017798707607207
0.6787077950080886
0.762808357427245
0.8548409113610334
0.9531661912815727
0.05379951230927049
0.1517937945521704
0.2432978158281621
0.32685114480976174
0.40335656791643265
0.47532135075514337
0.5460571399212495
0.6190637786590238
0.6974836523291963
0.7834319692671011
0.8771631106185569
0.9764442340876235
0.07689885054249035
0.17365639010992517
0.2633542766534652
0.34512241267498833
0.4203122928629067
0.49168218970905375
0.5626363853387351
0.6366421780256721
0.7166711458223293
0.8044840114658584
0.899792868251138
0.9997875461469946
0.09979284673234656
0.1951290843841574
0.2829758469481035
0.3630350615842729
0.4370605667094857
0.5080204863019985
0.5793812604925712
0.6545485694317829
0.7362848629178131
0.8259493743771038
0.9226826141030955
0.023131449124299763
0.12242777919631447
0.21618880494439358
0.30217098213599003
0.38061913861583213
0.4536424501048093
0.5243805201385883
0.5963328540869711
0.6728130668284513
0.7563333740525041
0.8478051285429452
0.9457787271337433
0.046411249855862646
0.14475595934951957
0.23682030114253338
0.32095416562493395
0.39790808768090785
0.47010035015883145
0.5408064084439439
0.6135305060827788
0.6914618186213745
0.7768186514411448
0.8700205205264013
0.9690226352207458
0.06956385726815051
0.16673657975422393
0.25701594388530924
0.3393452916141372
0.4149382075803694
0.48647764160759543
0.5573417708809204
0.631011361473406
0.7105163989596289
0.7977355569169288
0.8925572025271802
0.9923521386559218
0.09252932070589925
0.18833629273920102
0.2767753648527697
0.35736903801079345
0.43174815126736427
0.5028183121048824
0.574029381183218
0.6488098835686866
0.729993182328283
0.8190714362980107
0.915369720669116
0.01570290529638041
0.11525221788963119
0.2095295249088331
0.29610497582163875
0.3750542503609353
0.4483784662910142
0.5191666235667002
0.5909107972903941
0.6669573257155708
0.7499027203131087
0.8408058605787438
0.9384062728696823
0.03901006966261633
0.1376828346784697
0.23029854819812878
0.31501740676718126
0.3924333517718036
0.4648711735281815
0.5355667808997521
0.6080259625128304
0.6854811637455936
0.7702491455074673
0.862910554227199
0.9616097295558332
0.062209858385269046
0.15977809706757354
0.25063333920875674
0.3335308972028171
0.40954178840921884
0.4812693791187609
0.552062599184634
0.6254127715296882
0.7044044955872637
0.7910296334946917
0.8853495471191182
0.9849188907182763
0.08524116184833685
0.1815022358481001
0.270531265118763
0.351668669685523
0.42641751548641127
0.49761691291335686
0.5686971604383619
0.6431065968205711
0.7237454194125721
0.812233959012217
0.9080795785329779
0.008269933105728322
0.10804697707155421
0.2028271836167592
0.28999663683448496
0.3694583083402092
0.4431005247876603
0.5139579856260459
0.5855124514529778
0.6611397735466725
0.743516407293912
0.8338441859563916
0.9310507690169314
0.03159798431277849
0.1305756589835819
0.22373272033750635
0.30904016897785536
0.3869311592229499
0.45963241166939783
0.5303368561747349
0.6025489749270649
0.6795410440176878
0.7637236973880579
0.8558345318817443
0.9542075593297485
0.05483874856973214
0.152781934389455
0.24420639615505413
0.3276783826945392
0.4041217637513954
0.4760559770840114
0.5467975003282267
0.6198453272350669
0.6983349667750537
0.784366733732684
0.878171445169454
0.9774898963502092
0.07793010404885115
0.17462765266099167
0.26424326814482163
0.34593298206429407
0.4210673315196399
0.49241485838906146
0.5633832717335723
0.6374377378002449
0.7175413000098183
0.8054376882478287
0.9008139263639277
0.0008346258637677018
0.10081359426169234
0.19608226692058092
0.2838454913262519
0.36383022892041766
0.4378072546878939
0.5087531814422874
0.5801365466662082
0.655359567245545
0.7371743744445897
0.8269211037019564
0.9237141139775211
0.024177033964068784
0.12343574619074141
0.21712305705379334
0.3030218041954426
0.38140033478676705
0.4543826627966635
0.5251152256511976
0.5970983444496503
0.6736407643837937
0.7572424767471125
0.8487936983150439
0.9468181396240933
0.047452464997211674
0.14574916359438866
0.23773511975255687
0.3217869461278168
0.39867688287554814
0.4708360142428404
0.5415450931767586
0.6143079164813942
0.6923072857513295
0.7777472706576266
0.8710243713895983
0.9700672387057224
0.07059793662567282
0.16771336311350132
0.25791116022176125
0.34016103920889446
0.41569628794423286
0.48721071868696286
0.5580863733454322
0.631802298255554
0.7113804858267703
0.7986832887738587
0.8935744440795509
0.9933990828520823
0.09355367286831928
0.1892953408074169
0.2776511251563515
0.3581689612426176
0.432497297429106
0.5035507832432033
0.5747817934915833
0.649615820783907
0.7308764912721205
0.8200375326257311
0.9163981596505532
0.016749281279603068
0.11626448383768744
0.2104698752065976
0.29696171761982193
0.37583973056937503
0.44912053368620314
0.5199004743436417
0.5916728479458233
0.6677795804787532
0.7508055783339183
0.8417892214060546
0.9394434534208196
0.040052982779754664
0.13868093509501933
0.23121958813060622
0.3158558323494133
0.39320591741578514
0.4656080743345761
0.5363039865893803
0.6087993977446213
0.6863208699564032
0.7711715786489726
0.8639097295563755
0.9626529847914498
0.06324650045894709
0.1607602679311203
0.25153479539667695
0.33435194572106863
0.4103030911339979
0.4820030655334921
0.5528051096549856
0.626199234932908
0.705262576404115
0.7919713446424561
0.8863627494711324
0.9859654039553682
0.08626887914659354
0.18246705189745843
0.271413185903263
0.35247348903639375
0.4271693080562279
0.49834936144257774
0.5694468843806149
0.6439076071547611
0.7246225591178787
0.8131943108253364
0.9091047072746654
0.009316806246050024
0.10906333091960715
0.20377357008616045
0.29085936977631127
0.37024822770978805
0.44384464085270803
0.5146911820176207
0.5862712395730664
0.6619567006721349
0.7444130234512544
0.8348221907565843
0.9320854468159943
0.03264231021807107
0.1315784765729877
0.22465995401425706
0.30988433505678925
0.38770766291314657
0.4603707472137917
0.5310727806011482
0.6033186017738739
0.6803750831055642
0.764639914467105
0.8568288502935547
0.9552491802629693
0.055877683884800966
0.1537693481887048
0.24511409726735006
0.3285048487090555
0.40488646667048034
0.4767904733090524
0.5475381124181556
0.6206274714007571
0.6991871111207207
0.7853023596417701
0.8791803951000438
0.9785356842913324
0.0789609388840713
0.17559812773460032
0.2651313848402622
0.34674283247456755
0.42182195651758303
0.49314748571906447
0.564130495055822
0.6382339603139919
0.7184123130071935
0.8063921954360557
0.9018355035060861
0.0018817009044467259
0.10183381544951786
0.1970346163119688
0.28471427857198506
0.36462473810294793
0.4385536117507602
0.5094859242943481
0.580892252289369
0.6561712880962394
0.738064761535912
0.8278936166338577
0.9247460244132606
0.025222483890692926
0.12444309143173317
0.21805644609651942
0.3038717988542486
0.3821809404005573
0.4551226299821745
0.5258500675818736
0.597864333236461
0.67446923725391
0.7581524584363791
0.8497829891385373
0.9478578443282505
0.04849341836581322
0.14674166461507382
0.23864906069480427
0.3226189397830207
0.3994451607942627
0.4715715201378559
0.5422840020053573
0.6150858998313754
0.6931535712260382
0.7786767579464272
0.8720288654718915
0.971112008864817
0.07163163382194049
0.16868937685672158
0.25880549886525106
0.34097605006637177
0.4164539289954059
0.48794372609300385
0.558831285854415
0.6325938770870025
0.7122454235597447
0.7996318626176082
0.8945922367458689
0.9944460640199437
0.0945775317351405
0.1902535685520986
0.27852602133606286
0.3589682061659576
0.4332460860037786
0.5042832737439502
0.575534599319551
0.6504224626510734
0.731760671838252
0.8210044291797264
0.9174270449168279
0.01779556360274781
0.11727615696700429
0.2114093702745241
0.2978176213166519
0.376624598031721
0.449862328139649
0.5206344333747
0.5924353723188376
0.6686025948559955
0.7517093157692343
0.8427733248924291
0.9404809647828086
0.04109567395515357
0.1396783566338643
0.23213975342149518
0.3166934570751925
0.3939779418977736
0.4663447889880402
0.5370413886126828
0.6095733827397625
0.6871613818915775
0.7720948849522309
0.8649095744930164
0.9636964472732118
0.06428279782263058
0.16174168863368604
0.2524353723738542
0.33517224058661377
0.411063929272993
0.482736654004187
0.553547903036568
0.6269863190377263
0.706121498949736
0.7929139077657069
0.8873765337277603
0.9870119957173881
0.08729613737608033
0.18343106204979354
0.2722942368355285
0.35327761064648794
0.4279207166629135
0.4990818009703034
0.5701969755808847
0.6447093029818903
0.7255005651881312
0.8141554778781512
0.9101303169419814
0.010363627218487492
0.11007912225264557
0.20471911073588697
0.2917212550539389
0.37103751275411984
0.44458845675749725
0.5154244584172009
0.5870304762838912
0.6627743708139596
0.7453105180177435
0.8358009582499335
0.933120493199867
0.033686454573587765
0.13258064113313112
0.2255863175822137
0.31072768727992794
0.38848360206069665
0.46110886878499224
0.531808873447164
0.6040887546789075
0.6812099142730446
0.7655570082814447
0.8578238632118348
0.9562910484897149
0.05691631279663523
0.15475603286195477
0.24602091906437124
0.3293305450378385
0.40565068014027417
0.4775248433935683
0.548278980060356
0.6214102142978527
0.7000400869054026
0.7862388459360373
0.8801899563759638
0.9795815921099985
0.07999134998728064
0.17656781294412266
0.26601862725648273
0.3475519664718961
0.42257617149818066
0.4938800756904259
0.5648780590694825
0.6390308484254644
0.719284185834973
0.8073475312713524
0.9028575950590874
0.002928765402825828
0.10285350574108115
0.1979861308814601
0.28558220976901005
0.36541859202589944
0.4392996416761033
0.5102187188478166
0.5816483809851901
0.6569837345083805
0.7389560246391389
0.8288669107037654
0.9257783402972646
0.026267793120257954
0.12544981095759308
0.21898897109438586
0.30472096770828005
0.3829609586287591
0.45586235554072324
0.5265850498886885
0.5986308238910041
0.6752984875753459
0.7590633189448581
0.8507729978454284
0.9488978357501734
0.04953410440346362
0.14773345910563604
0.2395621236626
0.32345014864192756
0.4002129248393631
0.4723068717918868
0.5430231388255609
0.6158644593545581
0.6940006767380074
0.7796071124677042
0.8730339989398408
0.9721569399484254
0.07266494365687137
0.1696646183720234
0.25969896014107396
0.34179032663711817
0.41721113432397283
0.48867666781139796
0.5595765122091207
0.6333861009218208
0.7131112133502738
0.8005812769139712
0.8956105760849928
0.995493076298064
0.09560089257992654
0.1912109740707407
0.27940005430087705
0.35976677557607123
0.43399452072987416
0.5050157876005281
0.5762878023391437
0.6512298118067738
0.732645724662202
0.8219721237167933
0.9184563715012211
0.01884174643979941
0.11828723311908977
0.21234800891423336
0.2986726883510446
0.3774088558364267
0.45060385350211896
0.5213685046312717
0.5931983739146076
0.6694263711133768
0.7526139326468733
0.8437581680898985
0.9415188015682622
0.04213813754372686
0.14067509577497647
0.23305904355409704
0.31753028285703994
0.39474942855145734
0.4670813214181644
0.5377789908887177
0.6103479207955105
0.6880027013911646
0.7730190637928204
0.8659100854104634
0.9647401113173321
0.06531874514877645
0.1627223563397121
0.2533350702692684
0.3359917841289398
0.4118243063609456
0.48347014850781667
0.5542909831643823
0.6277740268886925
0.7069812645814199
0.7938573215537139
0.8883908956335883
0.9880586601626489
0.08832293164825122
0.18439426417640548
0.2731744186443349
0.3540810372070634
0.4286717450017788
0.49981423549070453
0.5709474377562744
0.6455116870452431
0.7263794384417803
0.8151174581537091
0.911156402725204
0.011410390169734663
0.11109434672254143
0.20566380414506724
0.2925822939436032
0.3718261664736954
0.445331976320799
0.5161578188064431
0.5877901651480366
0.6635927863621256
0.746208891219922
0.836780485711131
0.9341559029024575
0.034730411661260785
0.13358214893455517
0.22651181031098047
0.31157022741518026
0.38925897992618996
0.4618467802909926
0.5325451386518703
0.6048594370103053
0.682045539501956
0.7664749784185959
0.8588195672217673
0.9573331584061076
0.057954629862583706
0.15574198535220485
0.2469268614741076
0.33015547388371214
0.4064144076360764
0.4782590913027705
0.5490201071201551
0.6221935590564608
0.7008938956462629
0.7871761915261872
0.881200124935085
0.9806276139991619
0.08102133231813125
0.17753670593474138
0.2669049959367353
0.34836038663820873
0.42332998010980666
0.4946126322950782
0.5656259675330315
0.6398284049793652
0.7201569194891343
0.8083036939627795
0.9038801963801597
0.0039758134932543765
0.103872660606564
0.19893680898390811
0.286449286025211
0.36621179359682016
0.4400453482472352
0.5109515690915712
0.5824049363696281
0.6577969089902818
0.7398481641747411
0.8298409834109286
0.9268110564967978
0.02731295587598126
0.12645590083489014
0.2199206311000237
0.3055693123750702
0.3837403926542673
0.4566018433554713
0.5273201765276092
0.5993978198478894
0.6761285174659731
0.7599750580681575
0.8517637212370176
0.9499381083795951
0.050574517565314725
0.1487245437906399
0.24047430837855194
0.32428057477503536
0.4009801784224929
0.47304207315530317
0.5437625075296773
0.6166435982618079
0.6948486039585282
0.78053833335105
0.8740397679313676
0.9732020261988564
0.0736978609493184
0.1706390850792119
0.26059154440180465
0.34260387138830717
0.41796790752750984
0.4894095478288283
0.5603220562057911
0.6341789727009581
0.713977856366335
0.8015315300971672
0.8966294576303111
0.9965401138234546
0.09662375069988727
0.19216755549268916
0.2802732249847333
0.3605646722824641
0.43474260535169285
0.5057483288060165
0.5770414062157567
0.652037870872168
0.7335316503533404
0.8229406139619192
0.9194861344157816
0.019887823969815033
0.11929770816278364
0.21328578995853553
0.29952692018439453
0.37819250708396623
0.45134511362863844
0.5221026920830902
0.593961856229916
0.6702509114991086
0.7535194289663304
0.8447437480193702
0.9425569583737534
0.043180367911829
0.14167114902824743
0.23397745804155237
0.3183663116274085
0.395520380720484
0.46781767555735065
0.5385167973334933
0.611123015198807
0.6888448302748155
0.7739441145162191
0.866911258652652
0.9657839712299325
0.06635433712709404
0.16370226824505618
0.2542338892398652
0.33681057869494857
0.4125842259406628
0.4842035530227886
0.5550343538689131
0.6285623615179439
0.707841874633519
0.794801584664423
0.8894058309066101
0.989105391445815
0.08934925709681707
0.1853566561804904
0.27405373208418926
0.3548837714243711
0.42942239677446625
0.5005466689980511
0.5716982746177919
0.6463147620734289
0.7272591796718717
0.8160802496032318
0.9121829597919209
0.012457089249463316
0.11210900000744346
0.20660764892431366
0.29344248774482223
0.3726141918817184
0.44607520336612383
0.5168912671657694
0.5885503097202762
0.6644119496895314
0.7471081432566649
0.8377607703834175
0.9351916706398863
0.03577417577248054
0.13458299627701723
0.22743643150049356
0.3124119572511963
0.39003379978081154
0.46258448564304666
0.5332815801517519
0.6056306521265212
0.6828819607545376
0.76739382443649
0.8598159588784627
0.9583755043962148
0.05899262965547103
0.1567272026335067
0.24783192445315494
0.3309796374677054
0.40717765264183403
0.4789932210037354
0.5497614974588375
0.6229775087949584
0.7017485388383261
0.7881143952919116
0.8822108966876643
0.9816737441460355
0.0820508808570315
0.17850480438347893
0.26779049145073797
0.34916809557117834
0.4240833860076961
0.4953451595254703
0.5663742241993607
0.6406266328064514
0.7210305149410101
0.8092606816876329
0.9049033028024729
0.005022839310938165
0.1048912755412477
0.19988664900585768
0.28731550847253917
0.36700434573667
0.44079073525269064
0.511684479013673
0.5831619220513806
0.6586108140339441
0.7407411805361995
0.8308158322229082
0.9278441678596616
0.028357966388495415
0.12746135715857743
0.22085142519681894
0.3064168344936936
0.3845192456712157
0.45734109731328976
0.5280554514524287
0.6001653245326435
0.6769593290248666
0.7608876755728456
0.8527551560839611
0.9509786566922733
0.05161465232012796
0.14971491542521684
0.24138561459445979
0.3251102202718352
0.4017469249645326
0.4737771281807661
0.5445021120064281
0.6174233197529175
0.6956973545375515
0.7814704196954217
0.8750461685558614
0.9742472618506054
0.07473038053728875
0.17161277442977566
0.26148325202718803
0.3434166868036171
0.4187242522109964
0.49014237013291173
0.5610679216355764
0.6349724953521316
0.714845353752037
0.8024826205697972
0.8976488768898916
0.9975871707318582
0.09764610141604768
0.19312331097911045
0.2811455343464109
0.3613618991087704
0.43549034361925565
0.5064809013530938
0.5777954146080657
0.6528466424528623
0.7344184494947574
0.8239098976082668
0.9205163286515122
0.020933790377188455
0.12030757799436859
0.21422271227135625
0.3003803183004362
0.37897555488671464
0.4520861123784009
0.5228369996981393
0.5947258227530478
0.6710762182433929
0.7544258046986574
0.8457300616706461
0.9435954297800302
0.044222359437491754
0.14266651293354202
0.23489499642673262
0.3192015453385375
0.3962908017583432
0.4685538553407218
0.5392548118598757
0.6118986692261585
0.6896877703416379
0.7748700364377021
0.867913090534175
0.966828021307284
0.06738956846474808
0.1646814215769965
0.2551318294704271
0.3376286266488128
0.41334369156290685
0.48493687152885767
0.5557780189760304
0.6293513259450756
0.7087033304172979
0.79574669572438
0.8904213352383386
0.9901521837181572
0.09037510887790678
0.18631823599710146
0.2749321779351885
0.35568581601951715
0.4301726756888454
0.5012791054866232
0.5724494898702446
0.6471185307802438
0.7281397896459023
0.8170438501460707
0.9132099832871845
0.013503718610574422
0.11312307781188878
0.2075506437156444
0.29430183778024677
0.3734015920039724
0.44681814172162004
0.5176248074742743
0.5893109135474585
0.6652318631518492
0.7480082742990449
0.8387418094785781
0.9362277911106808
0.036817741208331256
0.13558317948955032
0.22836018048091375
0.31325287859721607
0.3908080649062168
0.46332198875557246
0.5340182018805941
0.6064024033762014
0.6837191799732876
0.7683135458633514
0.8608130347069983
0.9594180808322725
0.06003030676380372
0.15771168171097522
0.24873610798658474
0.3318030380289023
0.4079404186500239
0.479727236465311
0.5505031549335455
0.6237620666198624
0.7026040179543263
0.7890534560818027
0.8832222675164365
0.9827199767323387
0.08307999060531968
0.17947210599917052
0.2686751143945361
0.34997509588408215
0.42483639285383923
0.49607766137448
0.5671228328156752
0.641425534723402
0.7219049731371464
0.8102184925913936
0.9059269096352852
0.006069836992199651
0.10590934606564777
0.200835649365486
0.28818087826687194
0.36779625137969296
0.4415358064861321
0.5124174526012808
0.5839193416317836
0.659425452114921
0.741635074089877
0.8317914545755705
0.9288776692143884
0.02940281889610219
0.128466176052081
0.2217813524988244
0.30726353572462417
0.3852975208848586
0.4580801213046695
0.5287908786146811
0.6009333413616
0.677790924332166
0.761801171196341
0.8537472991263115
0.9520194751502217
0.05265450315050568
0.15070457079510585
0.24229604209120392
0.32593908724067117
0.4025131678954886
0.4745120408231408
0.5452419561408577
0.6182036270164868
0.6965469301035432
0.7824033705690485
0.8760531968942634
0.9752926411306044
0.07576249727813544
0.17258568390687704
0.2623740834240078
0.3442287753830922
0.41948017198670917
0.4908751387121121
0.5618141122844391
0.6357666717896968
0.7157137066274765
0.8034345467027834
0.8986688293466154
0.9986342411580099
0.09866794007339785
0.19407823872294386
0.28201698336939013
0.36215845889262305
0.4362377392882075
0.5072135092339539
0.5785498311679262
0.6536561291387764
0.7353061226431332
0.8248799723171576
0.9215469491785557
0.021979639851914312
0.12131683853768084
0.21515877474766393
0.3012328842051088
0.37975800236883345
0.4528268536146844
0.5235714314425777
0.5954902769636927
0.6719022935582954
0.7553330597863579
0.8467171060024619
0.9446342103522509
0.045264106510680024
0.1436611840607699
0.23581165828215045
0.3200359859623254
0.397060695028266
0.46928986470604717
0.539993038377514
0.6126748861435347
0.6905315233700692
0.7757968288422602
0.8689155773403733
0.967872255836073
0.06842443388658559
0.16565981359425863
0.2560288911734673
0.338445930371855
0.41410270678630423
0.4856701080070561
0.5565219823069122
0.6301409231770334
0.7095656332208097
0.7966926533286808
0.891437404293947
0.9911990311278346
0.09140048217025631
0.1872790015931361
0.2758097570029036
0.35648717372834976
0.4309225854589316
0.5020115489506447
0.5732010872121597
0.6479229958645597
0.7290212691057084
0.8180082576697
0.9142374683337077
0.014550272409487697
0.11413657586695028
0.20849278719244033
0.29516034539554303
0.37418836987871873
0.4475607952200028
0.518358443709662
0.590071980168423
0.6660525290874104
0.7489092844902361
0.8397236001769813
0.9372642589960151
0.03786110227986805
0.13658269493056324
0.2292830566125561
0.3140929932829526
0.3915817785944389
0.4640592935460871
0.5347550077694202
0.6071746940980961
0.6845571990808508
0.7692341421976262
0.861810791202511
0.9604608820749634
0.06106765579202711
0.15869541962084754
0.2496394120878591
0.33262567782433317
0.408702709161573
0.48046114165805887
0.5512450833972159
0.6245472356257374
0.7034603344445977
0.78999337271331
0.8842342332767588
0.9837663059345955
0.08410865658548339
0.18043860852247973
0.26955886539040347
0.35078139020569876
0.4255890043169097
0.49681014183535804
0.567871797123426
0.642225113532719
0.7227802949991988
0.8111771247877199
0.9069510121641375
0.007116800674781487
0.10692686772568842
0.2017838085125804
0.289045396587906
0.3685875134733207
0.4422805657462835
0.5131504938405957
0.5846771987047368
0.6602408256922135
0.7425298451749248
0.83276784787312
0.9299115553704793
0.03044750764506654
0.1294703536674261
0.22271041215070753
0.30810941774962736
0.3860752215114843
0.45881891922366336
0.5295264619635865
0.6017018737418213
0.6786233054489712
0.7627155446468398
0.8547401470736014
0.9530605582019863
0.0536940645531665
0.1516935067167357
0.2432055906786736
0.3267671778086376
0.40327891065441834
0.4752468150394461
0.5459820438142803
0.6189845232298433
0.6973973322633862
0.7833371850093934
0.8770608489992102
0.9763381582585322
0.07679420604880627
0.17355781102539714
0.2632640390260057
0.34504013964305125
0.4202356704741604
0.4916078575556965
0.5625606319331
0.6365615049145652
0.7165829160886483
0.8043873068353656
0.8996893104583733
0.9996813192359607
0.09968926204110251
0.19503233694890953
0.28288757306176504
0.36295435448557084
0.43698479611976426
0.507946156440265
0.5793046595403164
0.6544663335040566
0.736194670328658
0.8258508357181092
0.9225779909464369
0.023025366589904728
0.12232548574426873
0.2160939763134411
0.302084619426461
0.3805398526661915
0.4535673412047999
0.5243059912806912
0.5962552223328758
0.6727291396376474
0.7562411941433159
0.8477048779425621
0.9456732946402582
0.04630560353358226
0.14465515900998846
0.23672744320989936
0.3208696354902305
0.3978300639031512
0.4700257075936932
0.5407314807927898
0.6134516692062905
0.6913760911177773
0.7767244909845514
0.8699187153274601
0.968916669093702
0.06945892813539367
0.1666374415870709
0.25692507458914965
0.33926249226245025
0.41486127517727833
0.4864032664396457
0.5572662476779884
0.6309311562080284
0.7104287843087982
0.7976394560409523
0.8924540337124446
0.9922459278202107
0.0924253721754249
0.18823895096734877
0.2766864701182878
0.35728784730136753
0.43167212980482494
0.5027440033842354
0.5739530703357215
0.6487281600102301
0.7299036187673724
0.8189734700297311
0.9152654100320822
0.015596744806453344
0.11514948993040319
0.20943407805941902
0.2960180119592926
0.3749745285566109
0.44830316769849665
0.5190921798481956
0.5908335131139302
0.666873949817106
0.7498111739454318
0.840706139627635
0.9383010689599675
0.03890425330841207
0.13758153898795622
0.23020505928583418
0.3149323031584887
0.3923549441478084
0.4647964039351513
0.5354920017464351
0.6079475276209776
0.6853960199799112
0.7701556129079145
0.8628092248302948
0.9615039024736978
0.06210467136078268
0.1596784134305418
0.2505418367987458
0.3334475591288669
0.40946452768577923
0.48119494055419654
0.5519872866985162
0.6253330188951025
0.7043174897369643
0.7909341439726977
0.8852467897967544
0.984812725924431
0.0851368738413747
0.18140430972590976
0.27044174508674024
0.3515869811802026
0.4263412240721896
0.497542604901669
0.5686211208582376
0.6430253720226244
0.7236564814238237
0.8121365763584345
0.9079756056510405
0.008163724498142955
0.10794383609286817
0.20273112492850828
0.28990906463904526
0.36937813497807215
0.44302501683686046
0.5138836067168006
0.5854354968566241
0.6610569372081609
0.7434254941031848
0.8337450094881296
0.9309458211186359
0.03149202688990371
0.13047388618535494
0.22363860332769048
0.3089544822716461
0.3868523507783225
0.4595574949678203
0.5302622054459887
0.6024709250710111
0.6794564744172269
0.7636307956032343
0.8557336966049188
0.954101900282912
0.054733331039205746
0.15268172003729186
0.24411426019568208
0.32759449412146535
0.40404415668934424
0.4759814547887911
0.5467223789042118
0.619766011558945
0.6982485626022623
0.7842718620230926
0.8780691208951531
0.9773838074470973
0.07782550174606451
0.1745291533319534
0.2641531192937774
0.34585078211597486
0.4209907513000166
0.49234053065367245
0.5633074843569644
0.6373569976140989
0.7174529832073296
0.8053408992750736
0.9007103156582341
0.0007283990993689482
0.10071006271267649
0.19598560391348502
0.28375730445612823
0.3637495887529717
0.437731517880637
0.5086788469631055
0.5800599033632561
0.6552772581069637
0.737084093054925
0.8268224854088463
0.9236094488842772
0.024070964793277305
0.1233335155935227
0.21702831592563093
0.3029355255145354
0.38132110892626947
0.45430757902002517
0.5250406831748329
0.5970206623228745
0.6735567586569354
0.7571502076547112
0.8486933743877643
0.9467126771788381
0.0473468449208847
0.14564843441148984
0.23764235084158003
0.32170249593316025
0.39859891176548035
0.4707613879465636
0.5414701430087547
0.614229021659078
0.6922214753215498
0.7776530220888407
0.8709225007226356
0.9699612553485796
0.07049304597214534
0.1676143028772077
0.25782037998519974
0.34007831473592226
0.4156194003099749
0.4871363508100629
0.5580108189008773
0.6317220280194433
0.711292784922592
0.798587102393324
0.893471219106841
0.9932928679381569
0.09344977411799782
0.1891980821503515
0.27756231813757476
0.35808783950362055
0.43242131245264204
0.503476472781357
0.5747054429267024
0.6495340258859914
0.7307868393211243
0.8199394850499221
0.9162938034609912
0.016643129965853376
0.11616181578688003
0.21037451505259974
0.29687483886288474
0.37576007110060194
0.4490452629987733
0.5198260198646427
0.5915955159065858
0.6676961276442824
0.7507139427517615
0.841689424948242
0.9393382156497765
0.03994718862583868
0.1385797080792291
0.2311261879211992
0.31577081009417135
0.39312756487887196
0.46553332384631513
0.5362291877369727
0.6087209072635631
0.6862356445530908
0.7710779574329132
0.8638083320259109
0.962547136366908
0.06314134810717587
0.16066066023872516
0.2514433821892439
0.3342686842351144
0.41022587774024355
0.48192863712755096
0.5527297686817914
0.6261194194983501
0.7051754852366436
0.7918757686150184
0.8862599328774775
0.9858592308688887
0.08616463743844394
0.18236920741383278
0.2713237541579896
0.3523918714670766
0.42709305580151274
0.4982750545672506
0.5693708077498547
0.6438263129669768
0.7245335332825931
0.8130968453535412
0.9090006853346948
0.00921060260378681
0.10896024676445296
0.2036775971262133
0.2907718836473133
0.370168118867476
0.44376916356652163
0.5146167952140199
0.5861942396662557
0.6618737890883526
0.7443220211591158
0.8347229367615967
0.9319804612310207
0.03253637089369188
0.13147676981546738
0.22456592523551233
0.30979873101470773
0.38762891192347115
0.4602958524381394
0.5309981130063104
0.6032404987374473
0.6802904332596299
0.7645469237150553
0.8567279443690077
0.9551434958154331
0.05577229713438059
0.15366920763480568
0.24502205050990317
0.3284210383434272
0.40480890945718573
0.47671596403232974
0.5474629652843203
0.6205480951583029
0.6991006226835562
0.7852074005859211
0.8790780085785068
0.9784295829023503
0.07885637928673428
0.1754997084049399
0.2650413247146892
0.3466607053504127
0.42174541809803523
0.4930731619967408
0.5640546733260645
0.6381531527620232
0.7183239090309848
0.8062953222977205
0.9017318403546384
0.0017754748818159527
0.1017303375061809
0.1969380379049009
0.28462617860947453
0.3645441645739025
0.43847790834297196
0.509411584792915
0.58081556626774
0.6560889054897754
0.7379743912988402
0.8277949189553296
0.9246413179010278
0.025116428670656443
0.12434092409281562
0.21796179257209308
0.30378560404126165
0.3821017743080707
0.45504757093554327
0.5257755110853651
0.5977866003871382
0.6743851527731911
0.7580601001769351
0.8496825922040224
0.9477523524879801
0.04838782510004136
0.14664100692588172
0.23855638083822128
0.32253456932135605
0.3993672420072294
0.47149690971003516
0.5422090289250647
0.6150069467357525
0.6930676776971756
0.7785824213489311
0.8719269297241915
0.9710060088603963
0.07152678217622643
0.1685903948180151
0.25871480765680027
0.34089340022442516
0.4163770857661749
0.4878693651028513
0.5587556997823095
0.6325135415797257
0.712157636279983
0.7995355908863843
0.8944889560642965
0.9943398456223369
0.09447368324577066
0.1901563932045967
0.2784373019421622
0.35888715311459785
0.4331701371344349
0.5042089611357453
0.5754582086643794
0.6503405961453468
0.7316709314312272
0.8209063005221723
0.917322643677407
0.01768942205648738
0.11717354924800831
0.21131409693925196
0.29773082752039504
0.37654500058583995
0.4497870849668761
0.5205599677322069
0.5923579920607507
0.6685190648546205
0.7516175909681869
0.8426734532252345
0.9403756936960742
0.04098990257484081
0.1395771986515641
0.23204644196905577
0.31660851598048445
0.39389964411029005
0.4662700572060416
0.5369665696634189
0.6094948363344103
0.6870760746628186
0.7720011751813256
0.8648081091952623
0.9635905780823034
0.06417768068500207
0.16164215717534153
0.2523440483574722
0.3350890554532978
0.4109867628507698
0.4826622353534795
0.5534725331869782
0.626906440493629
0.7060343223261103
0.792818245364044
0.8872736582930291
0.9869058149306936
0.08719194246391715
0.18333329942246537
0.27220489330450504
0.35319606374098045
0.4278445031931648
0.49900749482612883
0.5701208615220437
0.6446279391251393
0.7254114514218553
0.81405792979118
0.9100262464306447
0.010257429135516416
0.10997609536359941
0.20462322365014673
0.2916338548632081
0.37095746812794084
0.444513009748771
0.5153500633152326
0.5869534307047598
0.6626913837414875
0.7452194265996639
0.8357016270029409
0.9330154704614554
0.033580533928317724
0.1324790007962962
0.22549237711033204
0.3106421657237782
0.3884049081957765
0.4610339955389784
0.5317341885864656
0.6040105981198679
0.6811251839794862
0.7654639286023618
0.8577228869843144
0.956185339209308
0.05681095737933228
0.15465596641818358
0.2459289615177538
0.32924681265719713
0.40557317242364954
0.4774503467331754
0.548203806824336
0.6213307771708625
0.6999535140487148
0.7861437996427096
0.8800875080177477
0.9794754788239421
0.07988683360789084
0.17646947385451647
0.26592865580275105
0.3474699119108521
0.422499674508966
0.4938057555762162
0.5648022026049682
0.6389499732183035
0.7191956945826319
0.8072505741473587
0.9027538799315503
0.0028225407170778816
0.10275008186437645
0.19788963724309785
0.28549419660307085
0.36533808484103963
0.4392239712842633
0.5101443739194194
0.5815716518776457
0.6569012781786626
0.7388655655105053
0.8287681338917579
0.9256735928856735
0.026161752437445784
0.1253477072776148
0.21889440527153498
0.30463485660032885
0.38288185198201535
0.45578732083036655
0.5265104789705891
0.5985530399701943
0.67521432412487
0.7589708715374976
0.8506725282264842
0.9487923150731282
0.049428538511536946
0.1476328732441619
0.2394695328901972
0.32336585770427684
0.4001350580297796
0.47223227683189395
0.5429481424379138
0.6157854476592791
0.6939146999393315
0.779512687928104
0.8729319985016283
0.9720509238804145
0.07256013154567609
0.16956571479444846
0.2596083579264989
0.3417077511768384
0.4171343351352196
0.488602313303606
0.5595008941240623
0.6333056998442925
0.7130233395751195
0.8004849199891556
0.895507240146292
0.9953868550115127
0.09549709482994784
0.19111388222437412
0.27931142243850915
0.3596857909281283
0.4339186075881231
0.5049414724408557
0.5762113712214643
0.6511478734264661
0.7325558957358778
0.8218739142065331
0.918351925716805
0.018735615251870952
0.11818468615255907
0.2122528225178555
0.2985859793684761
0.377329320099575
0.45052863745315685
0.5212940274224706
0.5931209450824628
0.6693427637160283
0.7525221186254172
0.8436582215138303
0.941413497713142
0.04203238950921473
0.14057400718192917
0.23296582090969822
0.3174454227279425
0.39467118517475575
0.46700660794365145
0.5377041514451568
0.6102693181318369
0.6879173121512268
0.7729252655318032
0.865808552714705
0.9646342219371626
0.06521366376500848
0.1626229014016728
0.25324383542959145
0.3359086751111525
0.4117471865512957
0.48339573920882273
0.5542155840495514
0.6276940849267622
0.7068940023650002
0.7937615729122435
0.8882879617907273
0.9879524722685715
0.08821878402702743
0.18429658361989587
0.27308516325246757
0.3539995606916648
0.42859556994182846
0.4997399296724789
0.5708712858925402
0.645430253241899
0.7262902366626536
0.8150198276576508
0.9110522841315066
0.011304198239765473
0.11099137753954705
0.20556800307626394
0.29249497956061743
0.37174618575868135
0.445256559201913
0.5160834150022349
0.5877130735355272
0.6635097235592908
0.7461177106541947
0.8366810774900703
0.9340508435456902
0.03462451027479463
0.13348057539545044
0.22641795821869481
0.31148478816467534
0.3891803428547664
0.46177192817801316
0.53247043612582
0.6047812265874072
0.6819607285606226
0.766381809855691
0.8587185210391001
0.9572274248619208
0.05784930632987728
0.15564199332730072
0.24683499314433727
0.3300718192637641
0.40633694906316953
0.4781846068563621
0.5489449073900079
0.6221140607279312
0.700807238217158
0.7870810581073213
0.8810976151535757
0.9805214894054461
0.08091685966711215
0.1774384473226543
0.2668151130985402
0.34827840437763286
0.42325352418049533
0.4945383153839873
0.5655500759527273
0.6397474618290634
0.7200683408607553
0.8082066530362835
0.903776429748663
0.0038695907394472595
0.10376929125492089
0.1988404002797241
0.2863613595423636
0.36613135246057404
0.43996971048729755
0.5108772183315843
0.5823281638096693
0.6577143786835951
0.739757616113132
0.8297421277206052
0.9267062687074757
0.027206930316135525
0.1263538612116249
0.2198261530734719
0.305483284807085
0.3836613451298584
0.45652683258728155
0.527245590786693
0.5993199845075736
0.6760442748317481
0.759882521534952
0.8516631792595667
0.949832559425452
0.05046897960916108
0.1486240300878014
0.24038180671715254
0.32419636315048994
0.40090236324383477
0.4729674932622761
0.5436874874399719
0.6165645276416428
0.6947625437214685
0.7804438209590578
0.8739377031957696
0.9730959946517522
0.07359308889741789
0.17054026022310098
0.26050103114410883
0.34252137005865513
0.4178911520139298
0.48933519939891207
0.5602464057228899
0.6340985057554296
0.7138898959783941
0.8014350881390628
0.8965260668887929
0.9964338902428392
0.09652000416533157
0.19207054733579856
0.2801846805580265
0.3604837557522762
0.43466672755742014
0.5056740106898023
0.5769649342640268
0.6519558603520774
0.733441732847102
0.8228423238312158
0.919381644593375
0.019781703730529232
0.11919522236658874
0.21319069061805446
0.29944029586624327
0.37811303274106245
0.45126992431220836
0.5220282029053345
0.5938843784693553
0.6701672264785304
0.7534275257258198
0.8446437268380868
0.9424516222991631
0.043074643794135614
0.14157013017717046
0.23388432425323763
0.3182815322669763
0.39544219141490544
0.4677429799912596
0.5384419369985016
0.6110443559438297
0.6887593588400346
0.7738502278328739
0.8668096589311456
0.9656780622386106
0.0662492920351343
0.16360289011037915
0.25414274355970656
0.3367275455538115
0.41250715238380714
0.48412915267183837
0.5549589251004495
0.6284823558311426
0.7077545266899897
0.794705749920733
0.8893028390912464
0.9889991970375328
0.08924515725920723
0.18525905790607394
0.27396456475376885
0.35480236502385537
0.4293462597484985
0.5004723631005548
0.5716220845729646
0.6462332580473489
0.7271698898006049
0.815982536907392
0.9120787936071476
0.012350904065876023
0.11200608896775774
0.20651193401197168
0.29335525903669024
0.3725342747716045
0.4459998157489693
0.5168168542555657
0.588473171714116
0.6643288109163867
0.7470168735243812
0.8376612854693994
0.9350865752016237
0.03566829422352469
0.13448148990970338
0.22734266785744825
0.3123266001239372
0.3899552191705429
0.46250965426615787
0.5332068595611135
0.6055523874994936
0.6827970689672572
0.7673005670359644
0.8597148430915053
0.9582697471585319
0.05888733855724082
0.15662728533303882
0.24774014534333533
0.33089606038230074
0.4071002428588057
0.4789187483687668
0.5496862708430201
0.622897948949066
0.7016617966861456
0.7880191748625784
0.8821083258990233
0.9815676088346243
0.08194645244267118
0.1784066264831265
0.2677006971690775
0.3490861853468201
0.4240069707671511
0.49527084541243926
0.5662982971227893
0.6405456214264642
0.7209418488391761
0.8091635571449957
0.9047994851415586
0.004916619084009088
0.1047879611705215
0.199790325398092
0.28722766855685056
0.366923970352094
0.44071512974006816
0.511610122017542
0.5830851056732337
0.6585282094982174
0.7406505435029258
0.8307168979126263
0.9277393402161785
0.028251956536571532
0.12735938198689317
0.22075703505815306
0.3063308902984069
0.38444025694458156
0.4572661100927707
0.5279808504876782
0.6000874374257125
0.6768750069947954
0.7607950499387978
0.8526545420770115
0.9508730800220931
0.05150914286026054
0.1496144742088063
0.24129320206790983
0.32502608774754704
0.40166916106932554
0.473702562953597
0.5444270678203109
0.6173441898837466
0.6956112106956884
0.7813758195438391
0.874944039918871
0.9741412154096606
0.0746256490674817
0.17151402855222336
0.2613928276866026
0.34333425935186557
0.41864754000651994
0.4900680273762773
0.5609922383704447
0.6348919622421821
0.7147573066363213
0.8023860937418935
0.8975454318024039
0.9974809454521494
0.09754240657049817
0.19302638669678646
0.2810570772569579
0.3612810504092284
0.4354145007917524
0.5064065798752899
0.5777189014514102
0.6527645595293511
0.7343284433506403
0.823811527092589
0.9204117953002218
0.02082768167627802
0.12020515378356723
0.21412770010059928
0.30029377849515115
0.37889614162145724
0.4520109494027881
0.5227624981489469
0.5946482957105625
0.6709924553741432
0.7543338122433162
0.8456299661909369
0.9434900620364562
0.044116659806415104
0.14256556417408606
0.2348019515395125
0.31911684654780453
0.39621266618321727
0.46847917728369937
0.539179930236625
0.611819953047941
0.6896022165304209
0.7747760614028598
0.8678114241621273
0.9667220932838821
0.06728456020074036
0.1645821205255285
0.2550407729297613
0.33754566914368317
0.4132666638982469
0.4848624797221319
0.5557025601659984
0.6292712562276261
0.7086158966146728
0.7956507750192259
0.8903182858887575
0.9900459833891571
0.09027105731428109
0.18622072021280128
0.27484309858589656
0.3556044794571397
0.43009657632040094
0.5012047991046236
0.5723732612687419
0.647036956256777
0.7280504116057859
0.8169460554629696
0.9131057700048775
0.013397540766387994
0.11302022535006526
0.20745501509608602
0.2942146946117196
0.37332173819120745
0.44674278321760724
0.5175503850544435
0.589233728788168
0.6651486481701846
0.7479169153841039
0.8386422481558845
0.9361226601295374
0.03671188007457582
0.13548174066509408
0.22826650535367227
0.3131676034087041
0.39072954042368857
0.46324717771749857
0.5339434628263942
0.6063240842057576
0.6836342071438802
0.7682201996744061
0.8607118496696315
0.9593123004725457
0.059925048648308055
0.15761183943734108
0.24864441809691845
0.3317195382500497
0.40786305730215977
0.47965277523904765
0.5504279010409256
0.6236824449419781
0.7025171909306637
0.7889581487602146
0.8831196361395945
0.9826138312937228
0.08297560693375616
0.17937400904152448
0.26858540860772756
0.3498932574300997
0.4247600179302295
0.49600334965439724
0.5670468698629274
0.6413444548286049
0.7218162194669457
0.8101212846221894
0.9058230414218968
0.005963619886942828
0.10580608712911034
0.2007394110131563
0.2880931247999736
0.36771594144848824
0.4414602328357091
0.5123430889645345
0.5838424810704137
0.6593427730997447
0.741544348048992
0.8316924419068873
0.9287728022422439
0.02929682533624889
0.12836426572393683
0.22168705033650926
0.3071776747325904
0.38521859063030406
0.4580051572369501
0.5287162620253002
0.6008554021418702
0.6777065226960665
0.7617084564894019
0.8536466134219589
0.9519138713264336
0.05254902274600748
0.15060420238979405
0.24220371872039087
0.3258550336018739
0.4024354549353267
0.47443748986049195
0.5451668874643427
0.6181244375753215
0.696460702492633
0.7823086827537873
0.8759510047547443
0.9751865803818156
0.07565780691123725
0.17248701726175392
0.2622837479580167
0.344146421554851
0.419403502724523
0.4908008012240756
0.561738395853212
0.6356860722202592
0.7156255726714316
0.8033379351717765
0.898565330372545
0.9985280147742587
0.09856429738798989
0.1939813984970469
0.28192861351627607
0.3620776777351963
0.43616193104619205
0.5071391839895592
0.5784732764361605
0.6535739735497978
0.7352160278058514
0.8247815216551978
0.921442372809588
0.021873543278523977
0.12121447632452313
0.21506384985730576
0.3011464287588863
0.37967864986372474
0.4527517165877584
0.5234969171196503
0.595412700286646
0.6718184526167729
0.7552409781233057
0.8466169365342605
0.9445288114917451
0.04515843193479041
0.14356030573952927
0.2357187023380279
0.31995136754033315
0.3969826128419352
0.469215203758472
0.5399181350695031
0.612596112711211
0.6904458870029223
0.7757027655298241
0.8688138446959505
0.9677663093606196
0.06831946298486513
0.16556058990265088
0.25593792374945673
0.3383630482603524
0.41402572465244486
0.4855957243406066
0.556446493067853
0.6300607891244442
0.7094781134294603
0.7965966468060082
0.891334297851097
0.9910928254719036
0.09129647936868013
0.1871815685037429
0.2757207655518406
0.3564059067258737
0.4308465233709299
0.5019372416789164
0.5731248196790387
0.6478413505705727
0.7289318028226393
0.8179103812150902
0.9141332084496645
0.014444102497349398
0.11403378241484236
0.20839724499880677
0.29507328762904106
0.3741085790544895
0.44748546544008116
0.5182840113767156
0.5899947482973389
0.6659692376607799
0.7488178363793709
0.8396239627330789
0.9371590930123549
0.03775526213797975
0.13648132401704755
0.22918947006462692
0.3140077998466183
0.39150330990518906
0.46398450244924194
0.5346802498529694
0.6070963200459585
0.6844721450151574
0.7691407072724886
0.8617095372716512
0.9603550791658064
0.060962431205897394
0.15859565267328646
0.2495478114156742
0.3325422551222274
0.4086253958933068
0.4803866914375968
0.5511698018370927
0.6244675518024511
0.7033734224033269
0.7898979786208441
0.8841315417334208
0.9836601509597824
0.08400431816070264
0.18034059273528563
0.26946924803411115
0.35069962325468557
0.4255126693377327
0.49673583210308003
0.5677957979151831
0.6421439648394346
0.7226914536682547
0.8110798335847571
0.9068470938776217
0.007010587285839032
0.10682366467403197
0.2016876555715042
0.2889577294490232
0.36850726869586004
0.44220502357243896
0.5130761231588679
0.5846002935958725
0.6601580719488684
0.7424390300932543
0.832668757110812
0.929806649597102
0.0303415309606212
0.1293685085718838
0.22261619805011382
0.30802363978925473
0.38599634940220706
0.45874397791352206
0.5294518293490249
0.6016238820640621
0.6785388239986071
0.7626227408979395
0.8546393900070465
0.9529549277883865
0.05358861376168966
0.15159321144408952
0.24311335648155769
0.3266832028386788
0.4032012482799916
0.4751722779397742
0.5459069502537728
0.6189052738948532
0.6973110207213914
0.7832424096295018
0.8769585937589052
0.9762320837886324
0.0766895573036479
0.17345922386336798
0.26317379238937466
0.34495785918229516
0.42015904378673125
0.49153352493150587
0.5624848819524584
0.6364808385919523
0.7164946951821829
0.8042906107711817
0.8995857580596502
0.9995750923432898
0.0995856719845265
0.19493558095809163
0.2827992903415967
0.36287364058033417
0.4369090220814049
0.5078718270243457
0.5792280628639688
0.6543841049891821
0.7361044867456314
0.8257523051518013
0.922473372073097
0.02291928273258259
0.12222318593820378
0.2159991388110277
0.30199824818327375
0.3804605606025637
0.45349222973403697
0.5242314637819361
0.5961775956695267
0.6726452204021205
0.756149023282596
0.8476046347989616
0.9455678652164329
0.04619995458021631
0.14455435147051326
0.23663457624789674
0.3207850972340568
0.3977520347629956
0.46995106335569703
0.5406565554038658
0.6133728381900907
0.691290372017336
0.7766303394715236
0.8698169167917988
0.9688107047471763
0.06935399512848694
0.16653829552879792
0.2568341962561754
0.33917968530048725
0.4147843382120538
0.4863288905094184
0.5571907276229445
0.6308509575171217
0.7103411784014854
0.7975433638479221
0.8923508706199439
0.9921397174314297
0.09232141862166232
0.18814160077444336
0.27659756648000394
0.35720664957909276
0.43159610461958864
0.5026696948175835
0.5738767634967039
0.6486464436741373
0.7298140641698866
0.8188755120226211
0.9151611040443606
0.015490583418633852
0.11504675591717327
0.20933862242169743
0.29593103945493776
0.37489480041087087
0.4482278662531798
0.519017737198813
0.5907562337732317
0.666790581710859
0.7497196366282424
0.8406064263531958
0.9381958685159049
0.038798434734029996
0.137480236350493
0.230111561377699
0.3148471912857229
0.39227653091635417
0.4647216323816618
0.5354172245693521
0.6078690983499053
0.6853108844858248
0.770062089301867
0.8627079023659077
0.961398077588883
0.0619994808490234
0.15957872210515342
0.2504503253385267
0.3333642132719198
0.40938726214071924
0.4811205009364856
0.551911977080644
0.6252532726142503
0.7042304925342697
0.7908386632339204
0.8851440385114074
0.9847065620049388
0.08503258116521195
0.18130637533370728
0.27035221609400506
0.35150528546321536
0.42626492866429455
0.49746829675204135
0.5685450850157937
0.642944154248648
0.7235675523423215
0.8120392021177748
0.9078716377731469
0.008057515419994665
0.10784068937420731
0.20263505755132338
0.28982148370502386
0.36929795505342394
0.44294950575348746
0.5138092285858475
0.5853585468367772
0.660974108489641
0.7433345899503486
0.8336458409002012
0.9308408770733725
0.03138606766337548
0.13037210670857835
0.22354447737111066
0.3088687871692163
0.3867735364864294
0.4594825760196977
0.5301875564059533
0.6023928805909594
0.6793719129463254
0.7635379028462952
0.8556328685144639
0.9539962438446409
0.054627910416949144
0.15258149821577088
0.2440221151873076
0.32751059760182
0.4039665445504487
0.4759069311503544
0.5466472600665161
0.6196867020094684
0.6981621669693638
0.7841769991807614
0.8779668029586722
0.9772777198435276
0.07772089513947034
0.17443064590047533
0.26406296143856395
0.3457685747650543
0.42091416681909827
0.4922662024885118
0.5632317004441405
0.6372762642460117
0.717364675242824
0.8052441188508669
0.9006067102993092
0.0006221722929384832
0.10060652575115454
0.19588893233318655
0.28366910876304036
0.36366894180861126
0.43765577766355473
0.5086045129707975
0.579983264373571
0.6551949564073878
0.736993820676284
0.8267238751833567
0.9235047880219382
0.02396489423993664
0.12323127860117657
0.21693356591557655
0.30284923831613625
0.3812418769842866
0.4542324927125069
0.5249661420983606
0.596942985322378
0.6734727609075433
0.7570579476092875
0.8485930578849972
0.9466072177468265
0.04724122215610316
0.14554769799426293
0.23754957289773293
0.3216180376379175
0.39852093532791394
0.47068676001802545
0.5413951951431071
0.6141501327303235
0.6921356733125738
0.7775587824553101
0.8708206366798109
0.9698552737128598
0.07038815139072185
0.16751523472254087
0.2577295907148497
0.33999558267769553
0.4155425081504381
0.4870619822118857
0.5579352676433809
0.6316417643883455
0.7112050927744545
0.7984909246802911
0.893367999810935
0.9931866534108421
0.0933458702954646
0.18910081505227966
0.2774735022240573
0.3580067107803726
0.43234532379188373
0.5034021625146019
0.5746290964081601
0.6494522382377411
0.7306971963403803
0.8198414457125464
0.9161894518698562
0.01653697769418483
0.11605914163895323
0.210279146097598
0.29678795147848497
0.37568040532205627
0.4489699894981218
0.5197515664956522
0.5915181887392775
0.667612682625547
0.7506223162206911
0.8415896361371034
0.9392329812891137
0.03984139219350902
0.13847847407991382
0.23103277871028707
0.3156857795943063
0.39304920676869076
0.46545857143800073
0.5361543909011632
0.6086424224373317
0.6861504274405366
0.7709843452042663
0.8637069413909644
0.9624412900812982
0.0630361922130993
0.1605610448284267
0.25135195993260584
0.33418541498993454
0.41014865956115176
0.48185420770937326
0.5526544306163589
0.6260396104489954
0.7050884027309996
0.7917802013576553
0.8861571222773379
0.9857530585966756
0.08606039101052265
0.18227135463791777
0.2712343134592056
0.35231024671361527
0.4270167995910797
0.498200747595086
0.5692947348950957
0.6437450258315571
0.7244445163632585
0.8129993882744642
0.9088966683495179
0.009104398430680227
0.10885715682426972
0.20358161546234527
0.29068438879259867
0.37008800349338483
0.4436936831870071
0.514542409229701
0.5861172443727024
0.6617908851493481
0.7442310279075078
0.8346236906192455
0.9318754794450786
0.03243042970669818
0.13137505634067803
0.22447188750213717
0.3097131185943609
0.38755015511996416
0.46022095545612307
0.5309234471407511
0.6031624011117944
0.68020579156387
0.7644539419869759
0.8566270455960234
0.955037813918922
0.05566690723603651
0.15356905957973044
0.24492999470238422
0.328337220053689
0.4047313472027141
0.4766414534531776
0.5473878207766301
0.62046872507484
0.6990141428021476
0.78511245038647
0.8789756283532942
0.9783234827532095
0.0787518153334783
0.17540128094824073
0.26495125559023563
0.34657857085004945
0.4216688754546627
0.4929988378857241
0.563978855098836
0.6380723520575483
0.7182355139032878
0.806198457689861
0.9016281825024497
0.0016692487567768755
0.1016268541034339
0.1968414509073394
0.2845380698351291
0.36446358429771525
0.4384022015642378
0.5093372458194199
0.5807388845966768
0.656006530348318
0.7378840300774262
0.8276962293190451
0.9245366155670978
0.025010372008535953
0.1242387503179685
0.21786713015567688
0.30369940072718704
0.38202260216673106
0.4549725093979573
0.5257009560294904
0.597708872699548
0.6743010762919497
0.7579677509626955
0.849582202661449
0.9476468636044044
0.048282229088597806
0.14654034196830729
0.23846369194558392
0.3224501907802011
0.39928931792770755
0.47142229769058674
0.5421340581872311
0.6149279995668652
0.6929817926065615
0.7784880936780816
0.8718250005612084
0.9709000105182346
0.07142192654907964
0.1684914048340238
0.25862410741788355
0.340810742822431
0.4163002380486097
0.4877950034324443
0.5586801169363933
0.6324332127078818
0.7120698577685549
0.7994393278069077
0.8943856810138484
0.9942336275510184
0.09436982963552176
0.1900592093964768
0.2783485736628525
0.3588060931077437
0.43309418461926996
0.5041346487637348
0.5753818220933483
0.6502587369164397
0.7315812000010244
0.8208081800799988
0.9172182469853183
0.01758327949234162
0.11707093538906566
0.21121881479061066
0.2976440251114629
0.37646539686196173
0.4497118390205108
0.5204855032405993
0.5922806167106784
0.6684355426923231
0.7515258752185422
0.8425735891744055
0.9402704259642888
0.04088412885800241
0.13947603364947908
0.2319531215097625
0.3165235666608168
0.39382134078383924
0.4661953235444308
0.5368917527710921
0.6094162956178315
0.686990775743777
0.7719074743914371
0.86470665075573
0.9634847109718381
0.06407255995021766
0.1615426179698764
0.25225271529318327
0.3350058625847133
0.4109095916795807
0.4825878157314655
0.5533971662846253
0.6268265683660825
0.7059471543783049
0.7927225917189973
0.8871707888080425
0.9867996348981445
0.0870877427816441
0.18323552848090463
0.27211554082744405
0.35311450967901126
0.4277682858057236
0.49893318862622454
0.5700447512774665
0.6445465823490018
0.7253223465799792
0.8139603900761998
0.9099221808246211
0.010151230461453276
0.10987306264474289
0.204527327845827
0.2915464459598699
0.37087741700084953
0.44443755968601373
0.515275669073526
0.5868763897755592
0.6626084043384073
0.745128344224473
0.8356023035805654
0.932910451467891
0.03347461136156871
0.13237735370377451
0.22539842767626822
0.3105566358075346
0.38832620855057004
0.4609591201268167
0.531659505495588
0.6039324470062748
0.6810404618565169
0.7653708579430313
0.8576219178732384
0.9560796324222585
0.05670559875806869
0.1545558924417369
0.24583699492029004
0.3291630723750958
0.4054956597016045
0.4773758488111589
0.548128636254245
0.621251346235088
0.6998669497634169
0.7860487621945966
0.8799850659140718
0.9793693667179606
0.07978231282067916
0.17637112661359727
0.26583867535569805
0.3473878500001528
0.4224231733334653
0.49373143511439455
0.5647263496816671
0.638869104887924
0.7191072121890733
0.8071536255354342
0.9026501700555055
0.002716315868542152
0.10264665248160572
0.19779313499726925
0.2854061746366673
0.36525757093894284
0.4391482975604046
0.5100700295600091
0.5814949271578842
0.6568188293397771
0.7387751154018771
0.8286693650962796
0.9255688495995688
0.02605571025307607
0.12524559712118402
0.21879983054690275
0.3045487370079074
0.3828027393191583
0.45571228366901023
0.5264359095338338
0.5984752612464683
0.6751301686956799
0.7588784331732582
0.8505720659665807
0.9486867972960679
0.04932296981684381
0.14753228008055086
0.23937693307884433
0.3232815587084167
0.4000571859628026
0.47215768032092065
0.5428731484327813
0.6157064419237849
0.6938287315961175
0.7794182723062126
0.8728300046084007
0.9719449094153982
0.07245531539968986
0.1694668032449878
0.2595177466850474
0.3416251681818766
0.4170575314951423
0.4885279581565817
0.5594252793042613
0.6332253054324702
0.7129354745803346
0.8003885716999936
0.8954039097927582
0.9952806339908951
0.09539329191065038
0.1910167818980913
0.2792227817003078
0.35960479935358247
0.4338426908390728
0.5048671575584667
0.576134944225648
0.6510659423499615
0.7324660757926638
0.8217757128882595
0.9182474844283925
0.01862948298612732
0.1180821330035209
0.2121576272960507
0.2984992617882387
0.3772497781166142
0.450453418670265
0.5212195514054043
0.5930435211943211
0.6692591641809044
0.7524303136553765
0.8435582825234861