1
0.27847457627118644
0.008798324390683732
-0.29165638054557425
-0.05404022405233977
0.3691032495102796
0.38403828084351155
0.028076483294150745
-0.42564410998850866
-0.6284835279883976
-1.2337375917266145
-1.2848547801355061
-0.7922344008162224
-0.8371578525003901
-1.3576625456339562
-1.4437904223213098
-1.3372491969483522
-0.7552932677442928
-0.7300715862441834
-1.2575311072128241
-1.22857185331969
-0.6476114645809496
-0.5123433882320743
-0.42023387456489675
-0.06048478578122768
0.5059018955613965
0.09294047744546496
0.37286275847879496
0.25364292158797597
-0.42247330157362184
-0.8378502450137195
-1.7275421690077453
-3.1687399256342577
-4.123937728918758
-4.687884884645336
-5.766986026908046
-7.399959980933758
-8.70539937961895
-10.546151279594902
-12.54617841027494
-14.70557176229574
-17.400444173478036
-19.769154312416433
-22.69087747829669
-26.131648174274506
-29.162425467678343
-31.718382474841523
-34.82042596264469
-38.425859807897304
-41.78108674848337
-45.68276376161311
-50.09251015149029
-54.19639791183225
-57.77453818168726
-61.903113175759536
-66.35023220208387
-70.34717271728141
-73.88771153304461
-77.78945708608268
-82.23121385183836
-86.11980436438952
-89.62757261276882
-93.53554440723738
-97.5668900367973
-101.82551916415692
-106.57964904204623
-111.60105902960261
-116.95288170111638
-122.46721990668846
-127.86763722794394
-133.679736956563
-139.99547094554697
-146.3270544857679
-152.16561547285713
-157.52361377458953
-162.96395739054756
-168.52937463691052
-174.19702039998464
-179.33820271777589
-184.00571811368448
-188.65322441703154
-193.75792789802122
-199.41898273364512
-204.8085658665486
-210.71790056969394
-217.1729863788933
-223.13498307902825
-228.67917535056375
-234.72615888963202
-241.32394653935344
-247.42374283568896
-253.2667346541027
-258.55576063142627
-264.0359806169563
-269.3913384152658
-274.3952460338417
-279.0584193217918
-283.5216855617399
-288.06061663676667
-292.3924816378313
-296.3760098769751
-299.9681569583942
-303.67101260518007
-307.8637056417473
-312.4772243338788
-317.0112999918583
-321.5058588984737
-326.0209193185313
-330.4629727652434
-334.77659680016023
-339.63950306366917
-344.930507049383
-350.4570811383769
-355.8352532308673
-361.6924432682773
-368.0706449814787
-374.2096289832242
-379.8093955965116
-385.92786204139986
-392.29025464955043
-398.1133278063043
-403.5724326903946
-409.27639071938665
-414.430947005085
-419.3513294608521
-423.8238059506423
-428.79449408341264
-434.30059772869834
-439.2775728777719
-443.7058443731057
-448.6698570445832
-454.12176836591607
-459.18786983125227
-463.7388373569782
-468.84547764595465
-474.4118950586133
-479.6854554847882
-485.4708750966679
-491.1549255396422
-496.3784036522269
-501.21650641319934
-505.50985647529745
-509.8376821534969
-514.640131047331
-519.8720806296983
-525.505077005411
-531.1558398865195
-536.3442380224939
-541.0704235462052
-545.5580915089125
-550.2445951797341
-554.3743777224852
-558.108734833286
-561.491442897904
-564.8442155327795
-568.6592447069391
-572.9431784886375
-577.4217895196068
-581.6375488111636
-586.2769973225365
-590.3673985187542
-594.0455549483164
-597.5664372820083
-601.3131554595266
-604.5461159357444
-607.9382330998288
-611.5411483347724
-615.2864836190307
-618.4893483331175
-621.6549600379118
-625.2812119771532
-628.3610990801653
-631.0142399585699
-633.6176074524689
-636.5961494630665
-639.8911149418432
-643.5381370873446
-647.3173653238122
-650.5887095897268
-654.1547089245365
-657.2605627938549
-659.8106007170736
-662.8777858003835
-666.3319047817389
-669.3011304807729
-671.7418135060534
-674.7388020857077
-678.2914547636957
-681.3058544181143
-683.7971642152111
-686.8212355371039
-690.3474774015161
-693.4179297896474
-696.2136983968
-698.4668520298367
-700.6048247285487
-703.0837276550293
-705.2829150630491
-706.9369303915145
-708.8059570841303
-711.1979499929395
-713.062425281934
-714.7139713414815
-716.9083475882209
-719.4060689718842
-721.5937876171645
-724.0910918460207
-726.2866983668283
-727.9400056019635
-729.7983555547793
-732.1882344726317
-734.0624951467669
-735.7236006546601
-737.9341029217724
-740.3687113760925
-742.3941793794775
-744.0759673149271
-745.5018514336189
-746.9342154238268
-748.5903250599721
-750.5458728638653
-752.6597618832491
-755.2435301840034
-757.2707163790133
-758.7455725668175
-760.7772555322858
-763.3578325248387
-765.50440539648
-767.6663951869411
-770.310321969791
-772.4367398166637
-774.3475311324502
-775.8026411105726
-777.784600468026
-780.3104900739332
-782.3190887301431
-783.8223107130333
-785.8260631506935
-788.3244435405477
-790.3256144460049
-791.8314370578681
-793.8229566157894
-796.3140103718024
-798.292470270734
-799.733603438755
-801.7288253916995
-804.2761668931714
-806.2739778888747
-807.7210564214938
-809.7159912830606
-812.2552993596969
-814.2378738980403
-815.6650221686482
-817.5716796504009
-819.7208201775794
-822.4176668878303
-824.8390296871942
-827.7325298233565
-831.1797197016107
-834.1233011265435
-836.6772210205056
-839.730949924151
-843.337735537296
-846.4699957691251
-849.4978621366125
-852.5182462072592
-855.6023522027454
-859.020503848663
-862.3670903697305
-865.300707547553
-867.7053165027882
-870.6451576593387
-874.025486572798
-877.3169932438012
-880.1000824302744
-882.5555170051217
-885.2013444724931
-887.3159580229121
-888.9206843475253
-890.7916664287574
-893.2007102702021
-895.0792124802637
-896.6917761714617
-898.8245208788643
-901.4543529679532
-903.9266018069331
-906.646734563271
-909.8107118132328
-913.491691593476
-917.1436051568631
-920.3583780015972
-923.140346076208
-925.492334606096
-927.817504628534
-930.6503581624721
-933.9346040717741
-937.4413492473462
-940.7474315358455
-944.610483588848
-948.8299102672582
-953.537628059126
-958.375820574398
-962.8221607456336
-967.769261506501
-973.2693301249396
-978.2164599318795
-982.6188710474216
-987.3997138901238
-991.852325875861
-996.7507616938158
-1002.20623343322
-1007.1255926353066
-1011.6495994856315
-1016.6234376402803
-1021.9872786238323
-1027.395597028147
-1032.4641537821312
-1037.4083068205334
-1042.0489950576962
-1046.5208963158111
-1051.0657247314477
-1055.3869993342605
-1059.3451732119315
-1062.842969254741
-1066.8054416203397
-1071.2914987798324
-1075.2393426109295
-1078.6313925513032
-1082.432829701514
-1086.0060881563384
-1089.558043260373
-1093.3086763179958
-1096.5396969955816
-1099.908221012246
-1103.5804616358782
-1107.5224741748252
-1111.542885172797
-1115.7115845144012
-1120.4211780714054
-1124.8660350034504
-1129.7263311028746
-1135.1375209434536
-1140.1250848931663
-1144.7185504107363
-1149.8582181051797
-1155.43104266458
-1160.769997222736
-1166.6616028549993
-1173.0265169396182
-1179.2990505248613
-1185.040787919671
-1190.6413251560289
-1196.6740123521613
-1203.2014489865103
-1209.1975617231967
-1214.6665949581973
-1220.617915437909
-1226.9452065260084
-1233.460508698678
-1239.8390052984964
-1246.689684527735
-1254.0578811069229
-1261.2279300468633
-1267.8462838646712
-1274.9228158494534
-1282.2590270428313
-1289.039091697095
-1295.6837069878384
-1302.837736265697
-1310.4662895895913
-1317.9777367034992
-1325.5668514801087
-1333.383126543498
-1340.826130007357
-1348.7636537564028
-1357.2561712125246
-1365.192065069317
-1372.6074170556083
-1380.37082903933
-1387.7301664693239
-1395.6422264773819
-1403.988420030435
-1412.3751077263248
-1420.3681737331563
-1427.950824627845
-1435.7028638249062
-1443.987693197766
-1452.315553466089
-1460.1329580033878
-1467.5372795941955
-1475.0708898972355
-1482.3645086354193
-1489.23914846238
-1495.5580402803944
-1502.0756003079916
-1508.3383981522443
-1514.1278894030568
-1519.5164066599727
-1524.9622455770457
-1530.5389891464897
-1536.2508338968426
-1541.405643992502
-1546.2492166461152
-1550.5357537462537
-1554.9463790647471
-1559.5411473327815
-1564.2783322597188
-1568.467277935324
-1572.5425015417627
-1576.764718803987
-1581.5415979480506
-1586.462417915262
-1591.2529195986267
-1595.486472705434
-1599.6727372652038
-1604.351684699876
-1608.583466475366
-1613.0941728691007
-1617.2941736259556
-1620.958450464421
-1624.7665044304592
-1629.128608227531
-1633.087995715045
-1636.7548514811142
-1640.9784907666526
-1645.2771834114958
-1649.0269390688009
-1652.6828575602694
-1656.846979942416
-1661.4678905160965
-1665.9771787348398
-1670.566067949732
-1675.3796107385022
-1679.8108398159084
-1684.758904471819
-1690.2631398210588
-1695.2122302311366
-1699.6198906585132
-1704.4085937180323
-1708.8946745214998
-1713.7230698904034
-1719.1005522388725
-1724.1490516149545
-1728.74885335613
-1733.9056829412948
-1739.373636901803
-1744.44434346554
-1749.3241982681204
-1753.7064571238354
-1758.6250405810986
-1763.93761284697
-1769.462991019418
-1774.8600019492808
-1780.6862169998667
-1787.0253368875556
-1793.2761517673114
-1798.977427478915
-1804.757442420354
-1811.0938907328991
-1817.1204534926667
-1822.7645390703155
-1828.96334427002
-1835.2893132964598
-1841.0751478375366
-1846.6076295405223
-1852.4887515767293
-1858.330536898966
-1863.685090393412
-1869.550997602112
-1875.5923576610364
-1881.9391301436115
-1888.4937911992504
-1895.0267269637257
-1901.4665574041828
-1907.790198203413
-1914.6532078577686
-1921.9733815776451
-1929.386286049181
-1936.4342002064354
-1943.2583199432324
-1949.5261583355468
-1955.8851392597423
-1962.6121331150266
-1969.6999196097347
-1977.3173978000596
-1984.4270387182726
-1991.2901660874293
-1997.6138965226558
-2004.3030997529147
-2010.4659771048666
-2016.5106792183453
-2022.5927305547955
-2028.981284951744
-2035.4351911662663
-2041.6684834184985
-2048.387336271561
-2054.7439835307378
-2061.6572751214076
-2069.0357141809154
-2076.2902000249915
-2083.0053186071946
-2089.7018255287603
-2096.930050685495
-2104.3952923907964
-2111.519928135628
-2118.714130244195
-2126.4512870972844
-2134.020598352905
-2141.5180164725284
-2149.078357657624
-2156.375393050692
-2163.2795140064427
-2169.6361432321232
-2176.413251366741
-2182.901551192921
-2189.712864491714
-2197.0661253586613
-2204.194548800376
-2210.799398893667
-2217.9346740491537
-2225.2922239148606
-2232.1122203254563
-2238.5711915907905
-2245.2711068921803
-2251.4188712556806
-2257.2948232803856
-2262.635678869545
-2268.395945554581
-2273.817418065678
-2279.746698697712
-2286.232901798534
-2292.1652740475947
-2297.6176890330385
-2303.445489544437
-2309.0862117057536
-2314.4397341376057
-2319.5873307340394
-2325.0254758382816
-2330.374835790377
-2335.3299011657946
-2339.796660097972
-2344.7966931301876
-2350.3299668397617
-2355.3750447579214
-2360.02634507354
-2364.585858145094
-2369.4315099291375
-2374.044777025427
-2378.503383850133
-2382.9738332580273
-2387.5354542236582
-2392.220141201087
-2396.3575602390993
-2400.060378382703
-2403.55690481949
-2407.2483816710774
-2410.3828450188776
-2413.143305961287
-2415.4672760108456
-2417.677517397432
-2420.388024916374
-2422.7381613886987
-2425.6437998126544
-2428.987000900729
-2432.375648268756
-2435.372014894821
-2437.967175087563
-2440.676409711567
-2443.884193145792
-2447.4624688260815
-2450.9105994722354
-2454.655434666986
-2458.8618421253186
-2463.4933196433553
-2468.101422778083
-2472.3780891193956
-2476.2685859650974
-2479.605834485663
-2483.286801263627
-2486.4255511770916
-2489.3131295494545
-2491.6869151788305
-2494.5745540112443
-2497.7136929389703
-2501.3954425211127
-2504.7370020770004
-2508.6337473076665
-2512.9454237504497
-2517.444395431271
-2521.752686232953
-2526.6179399949524
-2531.859227780691
-2537.531441785958
-2543.3129876269636
-2548.5805490256425
-2554.1181499012496
-2559.279175063033
-2563.892491004982
-2568.8541181241812
-2574.2577800206386
-2579.105065031803
-2583.6107550679
-2588.4735494906354
-2593.244192708296
-2597.458164405745
-2601.5273919278093
-2605.6920185891895
-2610.377129179778
-2614.6736559228907
-2619.4643576230037
-2624.131351133084
-2628.3890557533186
-2632.289148070718
-2635.6489647970257
-2639.4572990237552
-2643.1179664310325
-2646.4025315568597
-2649.3668848042244
-2651.9177862056317
-2654.7438084725713
-2658.126451578019
-2661.111630255161
-2663.7373590446305
-2666.9183740343174
-2670.3727190640516
-2673.4275713205316
-2676.237583041525
-2678.492246909028
-2680.7197856893617
-2683.4943589715485
-2686.249192787714
-2688.4469914676674
-2690.4626714651586
-2692.3488961418743
-2693.7822040777796
-2695.7611896305675
-2698.2958413191627
-2700.296397795589
-2701.763415584563
-2703.78549788536
-2706.350824309071
-2708.467195890174
-2710.4695643070677
-2712.3660558836955
-2713.847156981227
-2715.7846913523326
-2718.266087272432
-2720.193284127988
-2721.5984353231784
-2723.326561540808
-2724.560864519991
-2726.0030387441584
-2727.434578009949
-2728.6435343885696
-2730.289477922897
-2731.3954281447354
-2732.1611484976293
-2732.4544008594403
-2732.5902307514502
-2733.025220424853
-2733.37230757904
-2733.3188996217887
-2732.7598369671914
-2732.7567529551925
-2733.3102098946183
-2733.3460128871857
-2732.923098975024
-2732.7589871842756
-2733.1510298234816
-2733.0903066209103
-2732.7301996720116
-2732.9228297334503
-2733.3750960117586
-2733.433711590385
-2733.2669677348154
-2732.5463442512355
-2731.985643084185
-2731.47512300113
-2730.877887533461
-2730.6673297400584
-2730.940340918536
-2731.4173031520936
-2731.6176757012445
-2732.1933993002226
-2732.246936748358
-2731.743535069575
-2731.796716191195
-2732.383114642953
-2732.596210579062
-2733.125906004536
-2733.259477189057
-2732.8369933717036
-2732.890390279293
-2733.297805742441
-2733.1731196998576
-2732.55512763552
-2732.1262471752502
-2731.300403850584
-2729.9452203093824
-2728.7780024410895
-2728.1592270595806
-2727.0715804162764
-2725.741763460536
-2724.968243025924
-2724.3051359133556
-2723.1180797400634
-2721.55462884004
-2720.1786465180508
-2718.3006724504144
-2715.8936516944123
-2713.831762594204
-2712.2550115325507
-2710.121494306148
-2707.6028596900687
-2705.419690417969
-2702.9672149682947
-2700.6286773219454
-2698.693023026771
-2697.2790948807415
-2695.3174064276136
-2692.8478931117133
-2690.8333312628633
-2689.3011858207897
-2687.2405588973597
-2684.6238694698677
-2682.398260597663
-2679.840324906856
-2677.752105278398
-2676.2208792169195
-2674.141909336531
-2671.6295022752906
-2669.5219670857473
-2667.4910728140744
-2665.428949773097
-2663.1263288858186
-2660.4265445539913
-2657.478696869707
-2654.456510671888
-2651.2839989613344
-2647.5671067960047
-2644.0781905515737
-2640.326484066897
-2636.080828934293
-2631.5642778756683
-2627.2666331572977
-2622.414985427003
-2617.279736193885
-2611.597139149122
-2606.2338102253975
-2600.316318553319
-2593.8894490686907
-2587.8191353291286
-2582.2541296442296
-2576.1322691660885
-2569.598947053583
-2563.390057566225
-2556.826251220627
-2550.7567697339723
-2545.2438267046605
-2539.1742603586595
-2532.6095463093425
-2526.398679433556
-2519.856663359712
-2513.751204881758
-2508.2027727419863
-2502.1216435540637
-2495.6550197302877
-2489.6491535842633
-2484.0921964740196
-2478.230298898028
-2471.815621324316
-2465.9113043536763
-2460.3016010353253
-2454.163877398062
-2447.5486960304183
-2441.101303950783
-2434.322809437887
-2427.0445529916365
-2419.612389716346
-2412.5417028781126
-2405.615311614024
-2399.0581164342975
-2392.3020040570063
-2385.018322418214
-2377.6706538745498
-2370.812223620025
-2364.468802750945
-2358.0168894067137
-2351.50597402459
-2345.0159628189226
-2338.4701753709523
-2331.8206115938956
-2325.674159626754
-2320.0226937459706
-2314.292068631252
-2308.02374781384
-2301.672617728314
-2295.8139751581157
-2290.467974675827
-2285.010640438838
-2279.516092402827
-2274.077771854933
-2268.3779540911814
-2262.291626370187
-2255.667200618502
-2249.52611934938
-2243.4760459966915
-2237.3424498011714
-2230.743177112133
-2224.70043493854
-2219.187939908068
-2213.1602176544006
-2206.6617612826903
-2200.6369055130804
-2195.034273771023
-2189.3126088589174
-2183.076449891475
-2176.5828880481718
-2170.3664965680296
-2163.7357438572453
-2157.6598002268715
-2152.05380794307
-2146.263055106797
-2139.917132958791
-2133.8483173949558
-2128.2335948064474
-2122.0647865409583
-2115.675435960054
-2109.7831045665416
-2104.4358086716743
-2098.8698850141664
-2093.7103031083707
-2089.0905258465036
-2084.170718071786
-2078.761564612189
-2073.9079835494144
-2069.358815471468
-2064.3778081715946
-2059.0099233039987
-2053.607329371293
-2048.552555772967
-2043.6784025484237
-2039.3058703523052
-2034.4102674742117
-2029.216977252349
-2023.478592467686
-2017.6655070469071
-2012.3327922880494
-2006.5167207057775
-2000.759063996602
-1995.557546479603
-1990.5530815712016
-1985.730976913779
-1981.4619402377712
-1977.0609603915386
-1972.4517980267428
-1967.676496069465
-1963.3998776780886
-1958.795491772356
-1954.725547317542
-1951.2060834622807
-1947.1506498389062
-1942.6432264077832
-1938.5721208267762
-1934.7448875007747
-1931.4744091018533
-1928.1147480126413
-1924.3873702666308
-1920.2978773306445
-1915.676357077035
-1911.5533034290095
-1907.6133435680342
-1904.0373937396198
-1900.3317666329542
-1896.1410084345437
-1891.5188005960506
-1886.9622419152554
-1882.5366003441502
-1878.237933860378
-1873.3838251737848
-1868.158263492865
-1862.4656600065805
-1856.6537969357892
-1851.3002728126241
-1845.417265820657
-1839.2575557366292
-1832.5414309619475
-1825.9686823293662
-1819.504839545064
-1813.0579325583074
-1806.4127096409493
-1799.477058792268
-1792.4613914793847
-1785.3119157862448
-1777.6470210903315
-1770.426576146643
-1762.958166860316
-1755.6344934534532
-1748.72748908
-1742.3719643761658
-1735.6151105987908
-1729.2269257802873
-1722.2875426733126
-1714.8065432747037
-1707.847799973573
-1701.3441961619817
-1694.378297983367
-1687.026757488493
-1679.5820063375224
-1672.4117444601795
-1664.9481773556213
-1657.6628014007936
-1650.8529324180765
-1644.4876112604563
-1638.0789732894498
-1631.4051327020475
-1624.418572148884
-1617.1592859548232
-1609.4310172353566
-1601.4687977394274
-1593.3980685639874
-1584.9944734072124
-1576.6102174381206
-1568.5816196496512
-1560.826332639091
-1553.5652390594685
-1546.5261412975242
-1539.5781272374957
-1532.8927080068547
-1526.5550069147173
-1520.4060199436067
-1513.9468876780236
-1507.670217356947
-1501.882052963591
-1496.4699407759626
-1490.9532456643985
-1485.5978472107058
-1480.5637444887877
-1475.7468302206864
-1471.486847779016
-1467.180884939082
-1462.3695841935034
-1457.1512222364713
-1451.4797024609425
-1445.7373337201686
-1440.5502441400574
-1435.5361025631162
-1430.647239087692
-1426.2032848964302
-1421.226112273655
-1415.698159912999
-1410.6979607356188
-1406.22529125532
-1401.2022790423416
-1395.6470775989312
-1390.5364451062833
-1385.552258611903
-1380.7477083061017
-1376.500142554893
-1372.2530757457432
-1367.4490706529969
-1362.4698394595994
-1357.3856770620296
-1351.9349168604556
-1346.7056518594054
-1342.0119430944044
-1337.2764727187405
-1331.9916480442448
-1326.7360418001824
-1322.035336947231
-1317.2119664407887
-1311.8473837488439
-1306.938778893903
-1302.2392026573102
-1296.983865521052
-1291.7849023852175
-1287.1296405946273
-1282.0691745819072
-1276.7741486831205
-1272.0297652105955
-1267.181809739985
-1261.827163044519
-1256.965361935601
-1252.2238392600643
-1246.932782554282
-1241.870055069718
-1237.213261979938
-1232.0142013402053
-1226.7655019410531
-1222.0712045826763
-1217.1359221912192
-1211.780668733922
-1206.9721474191135
-1202.260613307418
-1196.9932750026983
-1191.7494671850513
-1187.0626985466758
-1182.1621171984568
-1176.7872806308603
-1171.9542739638775
-1167.2791157466602