0
0.23728813559322037
0.34765822458460316
0.3539310916416383
0.2590764576222542
0.03710486177711436
0.7857175467602246
0.6584613283020864
0.6380436973626857
0.7147258780359624
0.9156176175105954
0.1808967486051105
0.3306660980062486
0.3691183081260132
0.3142739289222862
0.14234793223580988
0.8711305586437458
0.6921068803611563
0.6320761057284274
0.6659895242924547
0.8098968678099747
0.07221737782360105
0.2787262232201182
0.35997943344444794
0.3431173637507763
0.22010895300100164
0.9720155417615765
0.7461945169173876
0.6476610517951005
0.6510239065838332
0.7578733391093839
0.9918909613509101
0.23239300810756047
0.3463494365643327
0.35560927026612665
0.26456292042716045
0.04672525611686851
0.792042051887197
0.6602662760974054
0.6361076624379849
0.708039846962502
0.9028965504603026
0.1707054193898725
0.32666868261684434
0.36979774886194505
0.3200009614043662
0.1549983429911559
0.8846893003004914
0.6987673863062518
0.6336294014777761
0.6632698773717696
0.8017924072074423
0.060956436380045886
0.27253882474414404
0.35807186609943176
0.3445241066980014
0.2254556556264138
0.9805743105118525
0.7511949598932652
0.6491359749876799
0.6496764281893659
0.7530717589833984
0.9837673304782746
0.22742653448674677
0.3450403059064473
0.3573650355420781
0.2702548068315016
0.056850321550044214
0.7989265852322563
0.6623577321095993
0.634290885275548
0.7013550426006863
0.8898420685775712
0.1595857482333689
0.3220041952477941
0.3699082760454899
0.3249469724354177
0.1665199417927612
0.8978858688643695
0.7054525901981912
0.635388221452112
0.6610360644094866
0.7946289175961538
0.05057265083493023
0.26673567532790576
0.35627802189050084
0.34584459139438284
0.230485257149033
0.988757887983218
0.7560167313194084
0.6505085567877076
0.6482462366858193
0.7481602535916383
0.9753897184700937
0.22222904233621943
0.34367780136748594
0.35922848310097644
0.27628209931025616
0.06774386046949399
0.8066322435579149
0.664868672360643
0.6326446615531713
0.6946712549265925
0.8764051662567767
0.14737232850605686
0.3165818356963044
0.36944753606081226
0.3291960778157259
0.17706137846796244
0.9107410644061538
0.7121430379411144
0.6372840187002877
0.6591305899832598
0.7881060469398771
0.04077340696633858
0.2611776761722795
0.3545718714425248
0.3471508477320868
0.23539940593619368
0.9968594071307465
0.7608317195691494
0.6518332275069418
0.6466971613967347
0.7429931821135674
0.966489786790478
0.21659692544788545
0.3421740554895143
0.3611899495934856
0.2827105889817252
0.07958698075916604
0.8154143410991259
0.6679618100232385
0.6312894587243545
0.6881353780012156
0.8628068738182362
0.1341366454256394
0.3104174696273545
0.3684388266405867
0.3327945369373311
0.1866695818609101
0.923168461113947
0.7187728802587556
0.639258329477113
0.6574693010170596
0.7820850854511987
0.031446278206963996
0.25581381319162566
0.35294233398741826
0.34846470371837435
0.24026269475728812
0.004974953371297941
0.7657078973916692
0.6531451787636686
0.6450484457208203
0.737581123018729
0.9570503329127371
0.21046375222926805
0.34046159251168384
0.36315458121335964
0.2893705864680769
0.09213849509402672
0.8252445463237241
0.6717081204243347
0.6303984025305447
0.6821217421799184
0.8497636966910438
0.12052389706459898
0.3038198020299112
0.3670025211762198
0.3357450973643066
0.19519922310458604
0.9348027949857591
0.7251175566100043
0.6412033811644688
0.6560048398357656
0.7765632090624817
0.022676269095198265
0.25070962965937094
0.3514203013680708
0.3497956886324789
0.24506784487174516
0.013077180038646885
0.7706365389448054
0.6544510311945966
0.6433252138818832
0.7319783118176739
0.9471399717239752
0.20381646646726725
0.3384921061953068
0.3650230342332126
0.2960590418410125
0.10506573566909072
0.8359931332641602
0.6761070417069412
0.6300667457659859
0.676878162489144
0.8378102726627459
0.10717400047342629
0.2971330635884668
0.36531078862986077
0.3381460105478369
0.2026906402251818
0.9454951661836302
0.731056221667636
0.6430403654784786
0.654661709332921
0.7714378667528232
0.014384668117034316
0.24583939602862714
0.3500136733359729
0.3511871376515441
0.24991444491570425
0.021317816102691012
0.7757178835661983
0.6557832159766859
0.6415066273794177
0.726098712996101
0.9365816875115247
0.19646734319938464
0.33616379987364353
0.3667440415323371
0.30274557555754855
0.11835156075965036
0.8477642876545459
0.6812253549239649
0.6303065466058131
0.6723706108240619
0.8269107366704336
0.09419521271756537
0.2904464221851599
0.3634630949122719
0.34016402677584456
0.20943215732559173
0.9554902076414018
0.7366937462981777
0.6447765073348071
0.6533552458529908
0.7664959525177248
0.006277322454722345
0.2410381363590599
0.34867679607156865
0.35268957217628216
0.25497446581248506
0.029997591659966627
0.7811644800880473
0.6572221581635405
0.6395759393630309
0.7198179204867452
0.9251012223226955
0.18811622639316017
0.33331146142277324
0.3682321696450548
0.30937532458003414
0.13195260619684945
0.8606524106707325
0.6871234950958443
0.6311109802618942
0.6685197821682458
0.8169281183105535
0.08156744423145312
0.28377213028307957
0.36150865380842045
0.3419141020083538
0.2156446363590736
0.9650061104506024
0.7421376740250079
0.646437862685888
0.6520446178549208
0.7616115265766161
0.9981636814598687
0.23618485858107796
0.3473614589203653
0.3543043118816296
0.26030135250919906
0.039241048846820004
0.7871050089483789
0.6588483382327133
0.6375983547001509
0.7132173482368405
0.91277503652641
0.17867160328870524
0.3298185023127267
0.36932069232513687
0.31563654609103975
0.14530342808875107
0.874216053617941
0.6936026838256106
0.6324027028969881
0.6653230745039416
0.8079678655255738
0.06958427234166509
0.2772898899306673
0.35953870260459886
0.34344790102259815
0.22135702141378633
0.9739985689192205
0.7473488530626249
0.648005427339561
0.6507232758730237
0.7567874072445122
0.9900597268697522
0.23127909597314122
0.3460543282950923
0.3559987947615957
0.26582931296004686
0.04896510166858348
0.7935438483409893
0.6607108652289373
0.6356846996398162
0.706526996787493
0.8999728655234229
0.16827543767682585
0.32567436650137216
0.369872763644828
0.32118634270231694
0.1577010562510477
0.8877092487345244
0.7002803723366435
0.6340128964433314
0.6627284680255621
0.8001009445605931
0.058540718455692975
0.27119681808600204
0.35765652193108344
0.34482707951365454
0.22661277329744678
0.9824467071437888
0.7522948234502147
0.6494536590184117
0.6493622262034222
0.7519773108784751
0.9819065238590476
0.22627935872737837
0.3447397643255483
0.35777612204706055
0.2715832582177822
0.0592354229166876
0.8005857611259072
0.6628827479927908
0.6339009264665905
0.6998424756627362
0.8868372999781011
0.15692483687471492
0.320847391846395
0.36985406149008293
0.3259656804069688
0.16898363910300107
0.9008207468261562
0.7069648059812024
0.635806457192992
0.6605806439236577
0.7931061846724288
0.04831413513263971
0.2654616854087537
0.3558856414625924
0.3461397448114898
0.23160187991782766
0.990589833844018
0.7571015352422363
0.6508104631970588
0.6479063995574372
0.7470162252231254
0.9734276305595415
0.22099830713477786
0.34335309661462254
0.3596658102461676
0.27770353078041365
0.07034133316494207
0.8085202792941713
0.6655126988020288
0.6323064159081033
0.6931685916293842
0.8733232133035216
0.1444529862189814
0.31524590688886933
0.3692649479496444
0.3300672697915863
0.1793206957397655
0.9136003988817725
0.7136545059469825
0.6377269485156511
0.6587351001734219
0.7867008189447275
0.038620211805973526
0.25994575301799405
0.35419586692067306
0.3474473187334248
0.23650448527540346
0.9986951630367813
0.761929698674662
0.6521306728054537
0.6463315319258371
0.741787407607502
0.9643977633925216
0.2152529655863482
0.34180659720045803
0.36163838617213284
0.2842060428121602
0.08237910767389556
0.8175524424908852
0.6687519756394726
0.6310419229338922
0.6867156418214817
0.8597798000039454
0.13106094590542838
0.30894797603353474
0.36814495501207367
0.33351720064911916
0.18869728769510363
0.9258821654426452
0.7202412120543487
0.6397049711090761
0.6571229079423657
0.7807932189390896
0.029411766764130487
0.25463459772960184
0.35258745426866955
0.34876332057625925
0.24135353787009173
0.006807650140296717
0.7668173028424227
0.6534407627439098
0.644665212480958
0.7363309456740483
0.9548513341271683
0.2090081682695164
0.3400408843415703
0.3635879591536926
0.2908846554620026
0.09503542157348477
0.8275960738493834
0.6726452758217594
0.6302733488704775
0.6808661494249761
0.8469584317054415
0.11746929148483476
0.30230770860712086
0.36663705528132606
0.33633041455961377
0.19697630674799527
0.9372992283432982
0.7264952701099636
0.6416292738222698
0.6556937461560208
0.7753763409995862
0.020767871457867848
0.24959221383666574
0.35109301967295425
0.35010297631993237
0.2461541339343536
0.014918508314343049
0.771765545679792
0.6547477560982768
0.642923578005524
0.7306784046289403
0.9448200718569979
0.2022265957741718
0.3380022664132545
0.3654269066162761
0.29757063717976573
0.10803564956976519
0.838558316179559
0.6771977284392414
0.6300709718386084
0.6757982411922092
0.8352604717037628
0.10420956144563931
0.29562151695767636
0.3649047330499551
0.33863045764398136
0.20426992929129906
0.9478052438295103
0.7323518998906824
0.643440539271436
0.6543653786770427
0.7703111829708964
0.012545511639563411
0.2447538213107856
0.34970734155829497
0.3515161768188684
0.25103538149106086
0.023233325947371597
0.7769105528244683
0.6560960087810246
0.6410789719073218
0.7247146794863744
0.9340708631458952
0.19467479690509837
0.3355704473903578
0.3671060277491869
0.30425702238331254
0.12141132314769876
0.8505867687458865
0.6824928426638941
0.6304400294886441
0.671443006325704
0.8245723603056316
0.09130309418557392
0.28893234712424354
0.36302812658915795
0.3405809366726622
0.21088031716096367
0.9576826059384204
0.7379413257034606
0.6451587154625662
0.653059538267337
0.7653871640982215
0.004444152868622098
0.23994628135107576
0.34837840575545087
0.3530461276523853
0.25615776029574566
0.03204072493616272
0.7824639023148937
0.6575714531672934
0.6391286752567367
0.7183448997661299
0.9223749553074352
0.18607207497986789
0.33257908222916654
0.368519849312515
0.31083888727030073
0.13502380159021987
0.8636890170792711
0.6885516671635883
0.6313657068311995
0.667739401051765
0.8148054601759889
0.07878538903406263
0.2822798103496178
0.36106010910711483
0.34227837830774543
0.21698111199359982
0.9670901667132985
0.7433398703181247
0.6468020625410142
0.6517470452570622
0.7605145585325452
0.9963282699416114
0.23507910484254513
0.347065113605598
0.3546814045625186
0.26153602086073535
0.04140100223745469
0.7885174548194964
0.659247346202108
0.6371565733764815
0.7117050396348665
0.9099094817315594
0.17639864092190605
0.328937737344114
0.36949509100331546
0.3169612366639707
0.14820721116742597
0.8772954798360435
0.6951075415908559
0.6327453789185347
0.6646879745987073
0.8060963713217366
0.06700148213403789
0.2758746945762056
0.35910288626159326
0.3437703723955794
0.22258091497116883
0.9759523294518812
0.7484887628004608
0.6483434107550559
0.6504207608941233
0.7557028474300644
0.9882271593053884
0.23016115709238916
0.34575909390694237
0.35639239707857273
0.2671066088427563
0.051231632991880716
0.7950754968059344
0.6611708860307619
0.6352684455310207
0.7050149977598896
0.8970332863555146
0.16579770225361745
0.3246455666196051
0.369918510773634
0.3223316721939642
0.16034523220713015
0.8907078871696952
0.7017927346928268
0.634405355827524
0.66220982255493
0.7984543325391937
0.05616751259976738
0.26987361732996407
0.35724712286678484
0.34512678057432167
0.22775631130501184
0.9843033867260009
0.7533874055438547
0.6497665413189195
0.6490430304178121
0.7508749090476443
0.9800288183303458
0.22511777740456607
0.3444356460456546
0.3581932367014755
0.27293103615207137
0.06166415752827081
0.8022909542812838
0.6634311471048506
0.633520215617295
0.6983293957275278
0.8838111929395034
0.15420486630674635
0.31965022816450306
0.3697705694115203
0.32695019397402536
0.17140013901186668
0.9037399590160996
0.7084779301706847
0.6362312860270547
0.6601402961878828
0.7916125744857119
0.04608154168066925
0.2641982064603732
0.3554972294303802
0.3464348865030382
0.2327148658962046
0.9924210586558746
0.7581881132282278
0.6511106564756979
0.6475601922817051
0.7458576463862534
0.9714359318931793
0.21974299357693816
0.34302004768044103
0.36010778549382993
0.2791457168040301
0.0729886918649203
0.8104660496868962
0.6661884676444463
0.631984887642473
0.6916762290986431
0.8702374635562693
0.14148371909035884
0.3138728490731464
0.3690546477932708
0.33090520805776436
0.1815316090971093
0.9164354923572736
0.7151614479009525
0.6381730958897045
0.658351484189025
0.7853206335368872
0.03649115690177629
0.2587238602109643
0.3538238357398713
0.3477441993720607
0.2376069609435083
0.0005315803190755197
0.7630309362300698
0.6524277177053315
0.6459612956531584
0.7405700443456038
0.9622793223376702
0.2138834228390607
0.34142785731948244
0.3620855069217903
0.28571023718244026
0.08520256967118289
0.8197423004678254
0.6695758171407471
0.63082028824139
0.6853279136707793
0.8567916233638144
0.12797615913067606
0.30746133227302375
0.3678311412818125
0.33420668791512576
0.19066745570609456
0.9285498806755211
0.7216916297714908
0.6401485905760937
0.6567860738158653
0.7795272164614457
0.027407377008521916
0.2534698433400431
0.3522386133494779
0.34906295421701694
0.24244121464394386
0.0086390901182134
0.7679290869248675
0.6537359948333012
0.6442783759579693
0.7350715542194961
0.9526289930041838
0.20752616399661017
0.33960654863487605
0.3640154341685631
0.2923981587755584
0.09794814516849115
0.8299931597758196
0.6736156423573474
0.630177525671535
0.679651739304501
0.8442132099003001
0.1144343549686555
0.3007946265507986
0.3662605725065853
0.33688930475792267
0.19870204945481218
0.9397474118335798
0.7278516693219474
0.6420489866944861
0.6553877968356827
0.7742078429084027
0.01888185272869336
0.248485790425081
0.3507715361163928
0.3504140458122824
0.24724435691949376
0.016769797796355235
0.7729042112416035
0.6550463822303421
0.6425165746763235
0.7293625427928598
0.9424635492657425
0.20059764757234433
0.33749257679884415
0.3658228857853567
0.29908270902636547
0.11102550135896427
0.8411785098771487
0.6783265643831422
0.6301044082010185
0.6747545782388609
0.8327619522352419
0.10126294666988578
0.2941097670014745
0.36449141789632744
0.3390973840920717
0.20581499422738725
0.9500839177969918
0.733634253169481
0.6438359864691119
0.6540699492905968
0.7691910730002627
0.010711640150962154
0.24366936315145216
0.3494038427926245
0.35185147283194307
0.2521694249270605
0.02517525085019434
0.7781247595944568
0.6564153856864938
0.6406454603610694
0.7233086659263468
0.931509493516768
0.19282713788779837
0.33494809272400117
0.367454836366945
0.3057645113854899
0.12448608271991546
0.8534672068136469
0.6838008822259274
0.6306024111837933
0.6705483458841415
0.8222797838929035
0.08842903994912854
0.2874191401421906
0.36258817175117786
0.3409851340472003
0.21230327167263696
0.9598522606466221
0.7391798941131165
0.645537354573192
0.6527633806609376
0.7642804776383227
0.002609335740070051
0.23885081876502956
0.3480806302140482
0.35340816925525265
0.2573545770729986
0.03411294873271964
0.7837894386287673
0.6579311740984832
0.6386801967718587
0.716857627660167
0.9196083518969556
0.18397223608538749
0.3318129456597174
0.3687847615796447
0.3122786109182045
0.13807280100179598
0.8667521206242064
0.690005820649541
0.6316440537346935
0.6669928329622079
0.8127376261489916
0.07604153531468683
0.28080041000116496
0.3606121541139016
0.34263199145965384
0.21829154002612494
0.9691456990897219
0.7445289763051939
0.6471609878287001
0.6514489417265028
0.7594211937283448
0.9944943899106491
0.23397119577148384
0.34676921839090924
0.3550621203201263
0.2627798282750966
0.043583839258017676
0.7899549353930201
0.6596588305852262
0.6367194030688927
0.7101911415047752
0.9070246572724068
0.17407945303525718
0.32802400610337723
0.36964079231617575
0.31824593109704225
0.1510544432843295
0.8803621478663556
0.6966176759950566
0.6331020432790799
0.6640826380154108
0.8042809127749901
0.06446949000406121
0.2744814098851516
0.35867271186237315
0.34408580392013044
0.22378238257861405
0.9778786365700016
0.7496150547860647
0.6486750550517844
0.6501157096308154
0.7546179898737508
0.9863906306925849
0.22903750359324215
0.3454632250016678
0.35679051962754094
0.2683964391721845
0.05352802244077681
0.7966399472835023
0.6616477527299356
0.6348592825146293
0.7035034361442396
0.8940765563659203
0.16326984042858594
0.323581085869707
0.36993503366754976
0.3234382428566631
0.16293323060910625
0.8936860134209758
0.7033044794730925
0.6348059758960598
0.661711860700168
0.7968484918967453
0.05383270506090998
0.26856724711319613
0.35684328528592957
0.34542419981065375
0.22888906730351866
0.9861484335988537
0.7544750690395183
0.650075330831553
0.6487182467254939
0.7497623551145727
0.9781302760398078
0.223938969083465
0.3441268558398871
0.35861653606759814
0.2742996560610831
0.06413996221798857
0.8040460065660539
0.6640050804514437
0.6331499300822903
0.696816678254063
0.8807645740246761
0.15142482994858586
0.31841198445664043
0.3696578089071758
0.3279012829628143
0.17377079748485724
0.9066436539529898
0.7099918443288196
0.6366622502677313
0.6597139515591683
0.7901460316964304
0.04387284495185151
0.2629442108170914
0.35511249573357095
0.34673030449744124
0.23382521227739983
0.9942531320562153
0.7592775471939099
0.6514096533076734
0.6472078121020852
0.7446844640204782
0.969414064646904
0.21846207797912331
0.3426777718810219
0.3605533143797983
0.2806068128288266
0.07568348722334517
0.8124696371589611
0.6668970759753592
0.6316823420172641
0.690198887827606
0.867156732541899
0.13847193257464996
0.312466070758447
0.3688178287519781
0.331709583240968
0.18369180846479582
0.9192414645963558
0.7166609726446931
0.6386211541145475
0.657979328165514
0.7839658473788331
0.034387798279682524
0.257513059682307
0.3534562047056178
0.3480414712654607
0.23870636189717453
0.0023677222869227244
0.7641349747163623
0.6527243656845232
0.6455869196392792
0.739342231430739
0.9601361265012209
0.21248871000447878
0.3410374188207952
0.362529939380299
0.28722012236499905
0.08805224442040416
0.8219814916324966
0.6704330436133135
0.630625910495852
0.6839759992510392
0.8538504760313268
0.1248916256768231
0.3059624703495838
0.3674996639280379
0.3348639206979396
0.1925797228731536
0.9311685627738084
0.7231219743845827
0.6405879913828869
0.656457971077433
0.7782862934564505
0.02543295117963229
0.2523197316511452
0.3518960817271637
0.3493640686702344
0.24352660287875505
0.010470486521324762
0.7690440218945424
0.6540310976676325
0.6438877109999264
0.7338021488857052
0.9503817015378566
0.20601599124988423
0.3391576222468322
0.36443649551288293
0.29391073859103556
0.10087634221581876
0.8324367599082074
0.6746198345489347
0.6301109865971266
0.6784780648460782
0.8415276352758205
0.11142059570388518
0.299281787471422
0.3658743843243992
0.337423905102175
0.20038011324116067
0.9421504210858836
0.7291880442792422
0.6424625789971037
0.655085878856368
0.7730549496301251
0.017014426896031498
0.24738827472510816
0.35045531101248306
0.35072962564186594
0.24834086908575292
0.018635076321829924
0.7740552628724435
0.6553478500539098
0.6421037715628417
0.7280286798544588
0.9400662130160846
0.19892556526518756
0.336961013124361
0.36621027058242994
0.3005954686204697
0.11403644521754663
0.8438563380487004
0.6794949437127027