0
0.10169491525423724
0.1274579801004272
0.061809761839139554
0.947947389808786
0.8749886867271184
0.8920680147872755
0.9890251243010317
0.09475517782177345
0.12908062767330675
0.07109593789493762
0.9581073291173479
0.8782471940185186
0.8865631895141037
0.978137928009899
0.08714737473058687
0.12987093104926073
0.07985003257165801
0.9685955124078143
0.8823018671266054
0.8818160062314062
0.9674246898222081
0.07891204723716161
0.12982475318469033
0.08801831880896827
0.979332102836093
0.8871337721922352
0.8778483016174667
0.9569688886119216
0.07009647791914908
0.12894233739116623
0.09555428964106127
0.9902332444886255
0.8927207006803215
0.8746786546676097
0.9468498370042173
0.060755208206486166
0.12722829554016868
0.10241810208597579
0.0012124353208311511
0.8990368296805362
0.8723223694131326
0.9371414245389125
0.050950148120994854
0.1246913957624527
0.10857575384799456
0.01218192722357303
0.9060520718588527
0.8707912178030279
0.927911086238749
0.040750229561817175
0.12134421918155569
0.1139981673958439
0.02305412653759742
0.9137312145559724
0.8700930774033839
0.9192191200182327
0.030230637281399186
0.11720280804265193
0.1186603633970662
0.0337429949753667
0.9220330083034899
0.8702316080231052
0.9111184405584829
0.019471716717071708
0.11228645118074998
0.1225408733390605
0.04416544741301087
0.9309093884848755
0.8712060798748806
0.9036547861171467
0.008557684037849178
0.10661773313672929
0.1256214733855232
0.05424271086335386
0.9403049979147771
0.8730114089148084
0.8968673116030075
0.9975752475712283
0.10022291044198006
0.12788723339210795
0.06390156261035296
0.950157126593493
0.8756383881285013
0.8907894311288553
0.9866122070844314
0.09313259119816486
0.1293267928117905
0.07307532894159152
0.9603961081199803
0.879074038495105
0.8854497327622455
0.9757560534362502
0.0853826101929247
0.12993272550705348
0.08170452282903318
0.970946130094008
0.8833019529155541
0.8808727850978961
0.9650925674581727
0.07701493475372923
0.1297018510523109
0.08973703938465194
0.9817263542998255
0.888302487048275
0.8770796917154484
0.9547044238986753
0.06807841746738408
0.1286353852689821
0.09712790169866903
0.992652221160037
0.8940526757418206
0.8740883206024421
0.9446698409124163
0.05862923204843984
0.126738881479874
0.10383863249696157
0.0036368331337883752
0.9005258204598291
0.8719132245131229
0.9350613621066024
0.048730883603582686
0.12402198117980223
0.10983639452890914
0.014592355835716386
0.9076907815104305
0.8705653480037323
0.9259448920351756
0.03845376306107706
0.12049805694795501
0.11509307922372658
0.025431418264202588
0.9155110907617595
0.8700516618833989
0.9173791044519684
0.027874296701982715
0.11618387828678634
0.11958452189969115
0.036068514075778824
0.92394405369614
0.8703748653124113
0.9094152976235192
0.017073799533374512
0.11109944600384636
0.12328998113475031
0.04642139542507362
0.9329400243386168
0.871533257169403
0.9020976949076098
0.0061371576408801864
0.10526811091805999
0.12619194586047788
0.05641241394144858
0.9424420122897036
0.8735208179726075
0.8954641065921911
0.9951514407084325
0.09871702230600077
0.12827624442631302
0.06596971699262011
0.9523857228136768
0.8763274762287763
0.8895468043428993
0.9842045007018929
0.09147786242455513
0.12953235286215703
0.07502817646492854
0.9627000509221509
0.8799394700201595
0.8843734269290804
0.9733835717042973
0.08358774386906154
0.12995375941805265
0.08352993363887706
0.9733079705415171
0.8843396695787169
0.8799677415226919
0.9627738685607994
0.07509009733741223
0.12953824780697376
0.09142449312392786
0.9841277060165283
0.88950771623414
0.876350129708805
0.9524571957967427
0.06603536708032065
0.12828800342637559
0.09866837690480867
0.9950740616975439
0.8954198679961873
0.8735377442008865
0.9425106173091051
0.05648135971532797
0.12620950858325686
0.10522443084882349
0.006059812826380462
0.9020485157794014
0.8715443716438471
0.9330052833269793
0.04649315353034922
0.1233132602286875
0.11106093766910496
0.016997106893118286
0.9093614236608294
0.8703801108414837
0.9240055388201005
0.0361425566315865
0.11961340554116928
0.11615071899530327
0.027798863798863316
0.917320823587206
0.8700510109383996
0.9155684263409642
0.025507180495202064
0.11512743274745474
0.12047039919334712
0.038380177178933605
0.925882540055998
0.8705588040206822
0.9077436427105612
0.014669245140945364
0.10987606022197705
0.1239999546451731
0.048659702120148474
0.9349953261989223
0.8719008217243747
0.9005739292019146
0.003714238802347225
0.10388342707032194
0.12672259277741182
0.05856097360779211
0.9446005602730085
0.8740701224511309
0.8940957947779946
0.9927295242460483
0.09717761156987148
0.12862491601877868
0.06801355478802074
0.9546323871044877
0.8770557883705172
0.888340413455116
0.9818029374896233
0.08979141451040196
0.12969725527543186
0.07695388994981567
0.9650183068690185
0.880843290956522
0.8833345122939655
0.9710213875791487
0.08176327024473284
0.12993402735505155
0.08532575321445068
0.9756801373601494
0.8854147849823306
0.8791010809229003
0.9604694554520872
0.07313810731517556
0.12933398541472751
0.09308024147728333
0.9865352306030095
0.8907491900776998
0.875659786417953
0.950228010256873
0.06396797898930062
0.12790027919467994
0.10017534124015626
0.9974978227888753
0.8968219636457406
0.8730270590951941
0.9403729040178239
0.054312320415471405
0.12564030586515385
0.10657517759770618
0.008480430204345968
0.9036045485398999
0.8712159032408997
0.9309738497155615
0.044237756408088025
0.12256539954091239
0.11224910882051597
0.019395250361723626
0.9110635678301076
0.8702355537526063
0.9220936082859321
0.03381746667095076
0.11869046636919767
0.1171708504004767
0.030155562337993436
0.9191599102030237
0.8700911247363616
0.9137875890499838
0.023130189205455842
0.11403370748272779
0.1213177936293175
0.04067712752613595
0.9278478862536029
0.870783377039138
0.9061039067805035
0.012258983420555758
0.10861656799378738
0.1246706269859339
0.050879568540005415
0.9370746331063662
0.8723086814091379
0.899083856510881
0.0012898716694049739
0.10246400078871387
0.1272132848426466
0.060687660133748045
0.9467799045552301
0.874659188993721
0.8927626902994266
0.990310441555144
0.09560505183348589
0.12893316053023907
0.07003242320659853
0.9568963139575145
0.8778231539836852
0.8871705284217197
0.9794084449958276
0.08807368551726658
0.1298214577563066
0.07885189650776936
0.9673500139888319
0.8817852961277994
0.8823332212401529
0.9686703977217281
0.07990970056666225
0.1298735344094113
0.08709148653941767
0.9780617260323939
0.886527059101925
0.8782730011766884
0.9581801791586697
0.07115955463820356
0.12908911609889806
0.09470386096149119
0.988947995864611
0.8920266298482713
0.8750088247552998
0.9480176591041916
0.0618769228391125
0.1274723094563055
0.10164843357764353
0.9999225596350134
0.898258637981928
0.8725563901893274
0.9382574225773817
0.052122859459105
0.12503141097350867
0.10789056389584673
0.010897742902903351
0.9051935385163898
0.870927902100997
0.9289677053004157
0.041965504602504033
0.12177857359149846
0.1134006424373184
0.0217858613628521
0.9127967682669714
0.8701317138658662
0.9202096645426407
0.031479360554382385
0.11772944837895549
0.11815324494551094
0.032500621543707364
0.9210278308764999
0.87017199292977
0.9120370793256214
0.020744231141634817
0.11290294653064614
0.12212651110658834
0.04295851998930922
0.9298394935035014
0.8710485270608246
0.9044965059526113
0.009843948697079608
0.1073212527117069
0.1253018392552503
0.05308021012899777
0.9391772667802888
0.8727567346383436
0.897627831702551
0.9988650015099836
0.10101016241310745
0.12766390159348528
0.06279176025928201
0.9489792919313728
0.8752878757107885
0.891465096823969
0.9878951338110402
0.09399973007075602
0.12920090005111917
0.07202568701163448
0.9591766842978572
0.8786293947184047
0.886037410455119
0.9770219452460513
0.08632512899098232
0.12990492836515388
0.08072164077542476
0.9696942996754792
0.8827652728097228
0.8813697784040984
0.9663314899673929
0.07802756311657211
0.12977229617834607
0.08882665505333875
0.9804518246402453
0.8876762438336694
0.8774836925970115
0.9559068787460225
0.06915504693199992
0.1288037022165427
0.09629494270509564
0.9913650655298768
0.8933397473979705
0.8743973995709293
0.9458269194929063
0.05976288549008091
0.12700420044969252
0.10308730518387499
0.002347326682029305
0.8997295549137464
0.8721258534530043
0.9361648778862068
0.04991373783450026
0.12438296999106413
0.10917029114797416
0.013310811119469967
0.9068150918629291
0.8706804412037943
0.9269874765043367
0.039677223746025
0.1209529645783809
0.11451528156816893
0.024168020907599397
0.9145605635298368
0.8700686179121737
0.9183542542452627
0.02912911594463008
0.11673056808370119
0.11909768182406744
0.03483315826164812
0.9229240487196129
0.8702935946814141
0.9103173676304095
0.018350221648158804
0.11173540211804989
0.12289636511530899
0.045223521726962757
0.9318567453411797
0.871354186714584
0.9029218419688336
0.007425079004993229
0.10599040737659537
0.12589344069800013
0.055260857261678176
0.9413025318435265
0.8732448705711207
0.8962061974994104
0.9964405739811266
0.0995222539070153
0.12807433160481785
0.06487257752413722
0.951197953746649
0.8759560323735252
0.8902033079796186
0.9854845392602065
0.09236204712151608
0.12942806657246742
0.07399272860993378
0.9614726660905674
0.8794743245519285
0.8849413123132066
0.9746443540092289
0.08454621436622789
0.12994764559626248
0.08256258476155409
0.9720502813853583
0.8837830006835186
0.8804444007841572
0.9640055426122018
0.0761174034401626
0.12963033872614527
0.09053079629892125
0.9828495145959135
0.8888620827655633
0.8767333378716089
0.9536503806731431
0.06712520949218392
0.12847781611458187
0.09785309197550562
0.9937854999847853
0.8946882447718301
0.8738256574797991
0.9436565533972341
0.05762657076686439
0.1264960675668978
0.10449161922447758
0.004771178352634076
0.9012343664825186
0.871735555715422
0.934095957896214
0.047685731741124116
0.12369513724726233
0.11041407059179131
0.015718698347155335
0.9084688006254277
0.8704735835489124
0.9250337720821353
0.03737375211799687
0.12008876232962384
0.11559277758585118
0.026540816630080677
0.9163544760977159
0.8700462821587145
0.9165279067718286
0.02676762008901079
0.11569404962921759
0.1200039478286179
0.0371522992300235
0.9248480094836796
0.870455898716008
0.9086289085132313
0.015949082372883616
0.11053133490909905
0.12362717681263002
0.0474713128180122
0.9338990076547128
0.8717002787182526
0.9013803026740876
0.00500331535447085
0.1046243350020446
0.12644528888628193
0.05742075573248462
0.9434497160996871
0.87377296931583
0.8948192849692758
0.9940175343974837
0.09800062934790965
0.12844447269410741
0.06692943254840866
0.9534351063836293
0.8766635005953818
0.8889776077609675
0.9830795924864002
0.09069241817266471
0.12961460214030285
0.07593294808698614
0.9637834149729312
0.8803577498664383
0.8838824785503754
0.9722765800654452
0.08273742733912748
0.12994959843108633
0.08437420764477732
0.9744170673457672
0.8848382517498765
0.879557297809288
0.9616934237092172
0.07417978452818463
0.12944769851990268
0.09220346353495334
0.9852538713749572
0.8900843109095351
0.8760221119720928
0.9514114981711039
0.06507068522529647
0.1281115399678876
0.09937792769255283
0.9962083570062946
0.8960718137899506
0.8732937366744311
0.9415073071419178
0.055468699155554635
0.12594803514742559
0.1058610502781594
0.007193169777720554
0.9027727123676603
0.8713855944624962
0.9320513333582487
0.04543963208299395
0.12296807514439134
0.11162162290619881
0.01812047210895318
0.9101542422677322
0.8703073820108471
0.9231071831129412
0.03505594000078904
0.11918616424135298
0.11663288995592813
0.028903343518331015
0.9181780120151499
0.870064712368527
0.914731134449372
0.02439576910624952
0.11462012489993034
0.12087183730133133
0.03945718177728397
0.9267991414031489
0.8706588633968657
0.9069721410119924
0.0135417405332392
0.10929101429217147
0.12431877512789247
0.049701086869960776
0.9359656287715195
0.8720867160486181
0.8998722625076356
0.002579600998238618
0.10322334904487396
0.1269572499124616
0.05955916720421195
0.9456180908611492
0.874340902136683
0.8934674140051304
0.9915968269996753
0.09644565542418793
0.12877423212102035
0.06896166326066444
0.9556899517875297
0.8774101139972912
0.8877882709058493
0.9806812236762086
0.08899127322364597
0.12976045899087452
0.07784576318735947
0.966108074909118
0.8812794694946602
0.8828611457289217
0.9699195244767362
0.08089927020379761
0.12991078636570053
0.08615600552455516
0.9767937572722303
0.8859307902025768
0.8787086713689138
0.959395990377536
0.07221528694723434
0.12922442234074216
0.09384422531913561
0.9876639652506324
0.8913426543960048
0.8753501820352994
0.9491910306490008
0.06299213453450214
0.12770496560199107
0.10086908193344302
0.9986326924951011
0.897490135605314
0.8728017667271335
0.9393799109755214
0.05329000745112911
0.12536023627213955
0.10719528386412502
0.009612357528169913
0.9043442193881973
0.8710760576412349
0.9300316576207344
0.043176243925596935
0.12220195400197853
0.11279267785056635
0.020515204692392874
0.9118709792157896
0.8701818792140603
0.9212082830468615
0.03272464901521133
0.11824537524925738
0.11763538604550683
0.031254704641429765
0.9200306605751496
0.8701239037861064
0.91296443282515
0.02201446726551959
0.11350903366561771
0.1217011521230622
0.04174695450568122
0.9287768550907304
0.8709024368264338
0.905347489084152
0.011129128181586623
0.10801471870329471
0.12497099689386792
0.05191205159796297
0.9380559396001409
0.8725134021253185
0.89839808300055
0.00015488069915337022
0.10178777385799043
0.12742919859066326
0.06167536961223474
0.9478069113255806
0.8749485316583283
0.8921508937893481
0.9891793942222344
0.09485771193392711
0.12906352677819033
0.07096862507225232
0.9579616780262332
0.8781956983527097
0.8866355632394354
0.9782903578843105
0.08725905753143826
0.12986559966471867
0.07973060924127662
0.9684457788638953
0.8822392747306571
0.8818775425899912
0.9675740798624826
0.07903226214900361
0.12983121941206432
0.08790749112854468
0.9791794430925687
0.8870603722614354
0.8778987158055802
0.9571140881269133
0.07022450891827159
0.1289605671718992
0.09545266506530803
0.9900788620286322
0.8926368301330516
0.8747177072203762
0.9469897631307813
0.06089023515049341
0.1272581943033424
0.10232619943408716
0.0010575612077521335
0.8989428802412861
0.8723498683858164
0.9372750786893962
0.05109124835761936
0.12473281256117663
0.10849401598728425
0.01202780034720674
0.9059485010049654
0.870807023474657
0.9280375664826501
0.04089638591981348
0.1213969519232494
0.1139269739379194
0.022901973884206672
0.9136185584246708
0.8700971074302302
0.9193376278048377
0.030380751438470632
0.11726660783605114
0.11860004097263088
0.03359401187109068
0.9219118940437937
0.870223841149282
0.9112282809798675
0.019624626259770572
0.11236102376877066
0.12249170173850454
0.044020777957662904
0.9307805434855798
0.871186556969155
0.9037553620605718
0.008712181470542646
0.10670273598374469
0.125583687000419
0.05410342937122037
0.9401692538264327
0.8729802310056007
0.8969581132743403
0.9977300999983418
0.10031794516145576
0.12786101866265698
0.0637686575217109
0.9500154169983983
0.8755957120644162
0.8908700232379887
0.9867661759608974
0.09323719228049221
0.1293122833698488
0.07294969099689164
0.9602494598815503
0.8790200717087444
0.8855197419831464
0.9759079142990377
0.08549623203036294
0.12992999709771968
0.08158693903876935
0.9707956494922526
0.8832369493036172
0.8809318901838319
0.965241129681323
0.0771369395114716
0.12971091807306157
0.08962819347972939
0.981573209675751
0.8882267459647601
0.8771276178725658
0.9548485502011295
0.06820806634141086
0.12865620006540013
0.09702838057973895
0.9924976237816103
0.8939665454327688
0.8741248385453204
0.9448084657264622
0.05876568190845166
0.12677133662037865
0.10374893709177035
0.003482017488336542
0.9004297061130978
0.871938153367392
0.9351935072849045
0.04887319004372337
0.1240659139799063
0.10975695270545938
0.014438559883502844
0.9075851568284612
0.8705785602903728
0.9260696781014663
0.0386008896963399
0.12055325468727673
0.1150242581444616
0.025279863704337213
0.9153965109730655
0.8700530884992368
0.9174957559299999
0.02802512950769165
0.1162500820768495
0.11952663749629688
0.03592038659569141
0.9238211674297879
0.8703644987271772
0.9095231418792564
0.017227164475098533
0.11117635135211934
0.12324330321515808
0.0462778252619096
0.9328095818557716
0.8715111517947303
0.9021961551179054
0.006291839918711517
0.10535536376896681
0.12615669856676726
0.056274457723271
0.9423048681630986
0.8734870875865615
0.8955526905358049
0.9953062044836434
0.09881421052733508
0.1282526030041753
0.06583834243532505
0.952242832158292
0.8762822892860989
0.8896250914211563
0.9843581088391427
0.09158450396000539
0.12952043857530948
0.07490425171512927
0.9625524594681928
0.87988304447988
0.8844410560262499
0.9735348055090942
0.08370327372221942
0.129953634687759
0.08341422265330034
0.9731567998419864
0.8842722693129379
0.8800244019596835
0.9629215475218267
0.0752138559827813
0.12954991329168375
0.09131765752707643
0.9839741355638849
0.8894296509220776
0.8763955566590513
0.9526001969434374
0.06616659276605041
0.1283113979894388
0.09857098358124672
0.9949193095830813
0.8953314976078501
0.8735717187068994
0.942647893141211
0.056619186472450345
0.12624451215889132
0.10513696347396273
0.005905115999956578
0.9019502595377976
0.8715667241526885
0.9331358766912339
0.046636615656964864
0.12335969865700847
0.11098380972239341
0.016843701424972934
0.909253772137252
0.8703907263656734
0.924128592956263
0.036290599234214405
0.11967105567021252
0.116084285657295
0.027647965138207553
0.9172043516895629
0.8700498337751021
0.9156831887884522
0.025658674711897866
0.11519602572394794
0.12041496594647505
0.038232960424290585
0.9257579183017824
0.8705458403836697
0.9078494627601328
0.014823006257710603
0.10995528112533326
0.12395578133329654
0.04851728275556533
0.9348633278556941
0.8718761394394783
0.900670249764701
0.003869045677152627
0.10397290990561192
0.12668989312840462
0.0584243898227641
0.9444620626509379
0.874033847811237
0.8941821405633312
0.9928841390580974
0.0972769298737397
0.1286038538278509
0.06788375304950689
0.9544883663626244
0.8770081011763824
0.8884163779557108
0.9819561254740317
0.08990006903578651
0.1296879391946848
0.07683171558378854
0.964869826876935
0.8807844195110488
0.8833997461584566
0.9711719367725629
0.08188067603251703
0.12993650633598697
0.08521194721726788
0.9755283340665712
0.8853450031233763
0.8791552838161081
0.9606161964043958
0.07326358276718015
0.12934824637515563
0.09297544374385147
0.986381293706051
0.8906688180284297
0.8757027034858023
0.9503698351874899
0.06410073930586702
0.12792624765892224
0.10008009921012695
0.9973429762406087
0.8967313735418747
0.8730584818879246
0.9405087842254869
0.054451477009027194
0.1256778493754125
0.1064899583380785
0.00832591245637726
0.9035041742374346
0.8712356737865847
0.9311028495355531
0.04438232279954768
0.12261433271866684
0.11217431201013484
0.01924229463324645
0.9109539174119364
0.870243569791618
0.9222148938655683
0.03396637020680515
0.11875055579859506
0.11710681966175152
0.03000537686607263
0.9190415788149155
0.8700873440976973
0.913900430816807
0.023282287074900765
0.11410467433188476
0.12126482419304452
0.040530875878080685
0.9277215666559673
0.8707678196654056
0.9062076755466526
0.012413081179573293
0.10869808666927261
0.12462896870378692
0.05073835057924381
0.9369411216386171
0.8722814283831897
0.899178014336238
0.001444742796574694
0.10255569289299094
0.12718314083460047
0.06055249490159387
0.9466401010098635
0.8746203788747653
0.8928467781799692
0.9904648472081301