0
0.29724137931034483
0.5183852451603197
0.7487013022437925
0.05859218155791268
0.33984425551661923
0.553865154151608
0.7943074019428658
1.1112632836471477
1.3770094905584074
1.5872008561226298
1.8388437319405586
2.1579840930518537
2.410480436453909
2.6205400552487026
2.885270729559638
3.2025253153082565
3.443716588719391
3.6573490693894115
3.9374515245007053
4.248029350910054
4.479035805816823
4.699590449235993
4.995764235938859
5.294055654661713
5.515798943926869
5.745428737881606
6.054603181591727
6.337008481088294
6.551434746976374
6.791133058237037
7.107765926312714
7.374539865705529
7.584881588690811
7.835680568451846
8.154801377906104
8.408161078822467
8.618107575431551
8.88183500622965
9.199364527995726
9.441310165740601
9.654571448716915
9.933529033326494
10.244764276710836
10.476465104589003
10.696441323874252
10.99153149771159
11.290853924962914
11.513206243429435
11.742154108885618
12.050582770376757
12.334143682480853
12.54899196236179
12.78795119290701
13.104236187809875
13.372049914624501
13.582560585047679
13.832524913743795
14.151606569351989
14.405839827234724
14.615691834623647
14.878428346547143
15.196209564002782
15.438915170484389
15.65182271577941
15.929641237015147
16.241504420716446
16.473903477971184
16.69331266475875
16.987304779523026
17.287637775362473
17.510608142030232
17.738878653263775
18.046532432157406
18.331250052283437
18.546536659006083
18.784761448225044
19.100673157780943
19.369538524297653
19.580236703752792
19.82937529260361
20.14839809131546
20.403515405367724
20.613291560582248
20.87504946264448
21.193059644063712
21.436531105106877
21.64910258218591
21.925788819586554
22.238250609069727
22.471351674127604
22.69020580386544
22.983087014311174
23.284408810387742
23.508005672028123
23.73560368189831
24.042453831446476
24.32832789786287
24.54406877967225
24.781563568308346
25.097076031156135
25.367004627063086
25.57790883983266
25.826230260320582
26.145174348341374
26.401186506422874
26.610905447599826
26.871696985116362
27.189913883251315
27.434157381211552
27.64641064029448
27.92197225762423
28.235003541580685
28.468810355000233
28.687121972634163
28.978881047754477
29.281168638121613
29.505399889486082
29.732330567619417
30.038348804311198
30.325377639460985
30.541588350165878
30.77835739961055
31.093444115263416
31.364447205013185
31.575575927947327
31.823088407637073
32.141933731306786
32.39885179683649
32.608532161503796
32.86836947183854
33.18677129502578
33.431793322791755
33.6437463683012
33.918191825334716
34.2317637882655
34.466280091486155
34.68406229324517
34.974689616971716
35.27791885696801
35.502791865880404
35.729060736142486
36.034219350820905
36.322399809516504
36.5390954796569
36.77514289338349
37.08977683952809
37.36186529633588
37.57323694725028
37.81994836792455
38.13867462576551
38.3965099217928
38.60617034631293
38.865065419105264
39.18363079794016
39.42943817124666
39.64110913780574
39.91444760376623
40.22853178936287
40.46376136138495
40.681027773542915
40.9705153342081
41.27466104526695
41.50018268167204
41.725795658893084
42.03006762872777
42.31939505326143
42.53659036232544
42.771920110022755
43.086073767742334
43.35925800359603
43.570890927850144
43.816808826398635
44.13539542282603
44.39415951241833
44.6038186322991
44.861783274643756
45.180491224655974
45.42709109213114
45.638498223314265
45.910739493356225
46.22530785833741
46.46125454972851
46.67801930510405
46.96636067505053
47.27139675346891
47.49757342147829
47.722536847233165
48.02589594781462
48.31636413018713
48.53407327994171
48.76868922473964
49.08233461233523
49.356624503585316
49.56853695847069
49.81366853078336
50.13209453204061
50.391799194246744
50.60147564493387
50.85852145169538
51.17735133254487
51.424751183027944
51.63591281285788
51.90706722855428
52.22209218696486
52.458759950780696
52.67503766355119
52.96222797010929
53.26812749810883
53.49496517017616
53.71928584719799
54.02170676380676
54.31330791557728
54.53154460468025
54.76545053361968
55.07855924959247
55.35396405804844
55.56617419465885
55.810526302534846
56.128770395447674
56.38942759632691
56.59914001402897
56.855278343138515
57.17420981490959
57.422417481771475
57.63335201877302
57.903430393070714
58.21888485135556
58.45627777081671
58.67208351001504
58.95811939876041
59.264854756529346
59.49235900906971
59.71604423364284
60.01750267043173
60.31022740105095
60.529004801284856
60.76220445891148
61.07474773445603
61.351276024383004
61.56380186675476
61.80738104759166
62.12542150172335
62.38704336024064
62.59681038233252
62.85205233459639
63.17106531178473
63.42008897422771
63.63081488772137
63.89982843435148
64.21568581774336
64.45380813078307
64.66915739266507
64.95403698350772
65.26157996123843
65.48975601123824
65.71281360272327
66.01328638819395
66.30712369300525
66.52645442768028
66.75895155238304
67.07090031344413
67.34855986535233
67.56141928684019
67.80423176566285
68.12204639940049
68.38464514832461
68.59448541293193
68.84884181563713
69.16791641939872
69.4177646009548
69.62830040922175
69.89626067617476
70.21249494706103
70.4513510681063
70.66625974746292
70.94998258380619
71.25830449297162
71.48715723536095
71.70959556189909
72.00906074873991
72.3039980080215
72.52389413328615
72.75569249579797
73.06701743439909
73.34581515696354
73.55902585402575
73.80107755728852
74.11864370830634
74.38223165054634
74.59216379501734
74.8456451884898
75.16476169765704
75.41544326230057
75.62580752227198
75.89272632872469
76.20931199768239
76.4489065372099
76.66339089766987
76.94595788869218
77.25502967190374
77.48456371763861
77.70639171709503
78.00482867425505
78.30085166466303
78.52132465458972
78.7524280979509
79.0630997521571
79.343041593921
79.55662105769088
79.79791762826375
80.11521212871433
80.3798015897382
80.58984424783908
80.84246087411404
81.16159967539834
81.41312382179868
81.62333512000514
81.88922449604362
82.20613662617598
82.44647440866716
82.66055105209581
82.94196440820397
83.2517567469623
83.48197646185409
83.70320365720409
84.00059315208209
84.29768607160561
84.51874680794259
84.74915928821372
85.05914812980033
85.34023899244387
85.55420447862677
85.79475129146357
86.11175044816372
86.37735372521581
86.5875255230105
86.8392873159089
87.1584288536178
87.41080510805332
87.62088205268603
87.88575418129768
88.20296838639426
88.44405446728346
88.65774030250735
88.93800346419042
89.24848688371216
89.47939642803189
89.7000329366507
89.9963572055053
90.29450271258017
90.51616147996208
90.74588710705353
91.05516363575428
91.33740729063913
91.55177578836506
91.7915779665303
92.10825754635678
92.37488685511929
92.58520640558832
92.8361229817267
93.15524770724758
93.40848591558373
93.61844712963723
93.88231429070018
94.19980672761837
94.44164640969443
94.6549586209372
94.93407618157946
95.24522115171465
95.47682452049857
95.696881057153
95.99212386228521
96.29130312909224
96.51356961628125
96.7426126944207
97.05114753755232
97.3345465469977
97.54933474726569
97.78839717823784
98.10473239894608
98.37239981808214
98.58288571457592
98.83296636512637
99.1520546863827
99.40616500529745
99.61602912085219
99.87890363717062
100.19665099272729
100.43924984223509
100.6522058577934
100.93018348141138
101.24196051251893
101.47426157633724
101.69374945003929
101.98789612290453
102.28808890219803
102.5109722096149
102.73933727716145
103.0471012934622
103.33165693783421
103.5468812021107
103.78520855453904
104.10117408127034
104.36989149498964
104.5805623035911
104.82981598690066
105.14884821798101
105.40384110533842
105.6136267590791
105.87552094482695
106.19350041742258
106.43686427985448
106.64948174163715
106.92632607690145
107.23870580947933
107.47170835523981
107.69063946045478
107.98367693054239
108.2848616347159
108.5083702881597
108.73606215665033
109.04302654330128
109.328738754583
109.54441508398209
109.78201182530363
110.09758177314461
110.36736081160592
110.57823506240078
110.82667039781938
111.14562670901468
111.40151291299176
111.61123874303331
111.87216485520419
112.190354131389
112.43448914670665
112.64678588127747
112.92250447347404
113.23545776038442
113.46916553157605
113.68755233452684
113.97946914449116
114.28162293509199
114.50576490519853
114.73278869763452
115.03892509960093
115.32579240175276
115.54193640707085
115.77880682255449
116.0939547656368
116.36480674272126
116.57590291986239
116.8235281832799
117.14238855183349
117.399179098151
117.60886374216389
117.86883393574007
118.18721116196983
118.43212377879539
118.64411777049234
118.91871897320597
119.23221695349957
119.46663368917568
119.6844892101201
119.97527551816484
120.27837440377539
120.50315713047908
120.72951831889677
121.03479893987272
121.32281839606361
121.53944526880305
121.77559348264732
122.09029247039274
122.3622283182126
122.57356484854411
122.82038797017202
123.13913213213583
123.39683830857815
123.60650040308553
123.86552669060357
124.18407044051075
124.42976742871238
124.64147679527142
124.91496968350016
125.22898384711426
125.46411331890197
125.68145111126827
125.97109868209732
126.27511762243893
126.50054804352585
126.72625248583417
127.03065020013639
127.31981736687922
127.53694185131579
127.77237185037615
128.08659443156844
128.35962463106782
128.5712198709803
128.81724843583507
129.13585583951468
129.39448917688168