1
0.42949152542372904
0.620196902371334
0.1927260570524736
0.24389417303960503
-0.26157013471396795
-0.2114634492277787
0.3794360094577519
0.5875772105296302
0.0870025948035571
0.29685997218812565
-0.026354162618636878
-0.2577496765704047
0.06723687420593749
0.1638321807272802
-0.2169487037981487
-0.05265561804507404
0.29258838312166147
0.10061481021397106
-0.4205184364095838
-0.6748860114307669
-1.4254006594041788
-1.9242736603695245
-2.6783010391603597
-3.933794853522547
-5.414381563982824
-6.609549719860864
-8.158574268314426
-9.239965090373529
-9.765420492698604
-10.845305585509372
-12.385307519633324
-13.557738816471884
-14.927852229660228
-16.54192267917949
-18.30103161002408
-19.53148869954969
-20.87143862390465
-22.61399154730736
-24.722268196172763
-27.379152340280022
-29.652557497337302
-32.38182234011096
-34.734439883355414
-37.6414396293038
-40.98084203205032
-44.387135510811774
-47.43068984488484
-50.23925398994603
-52.492045084869304
-54.71700556804941
-57.48708102126761
-60.211989687348506
-62.39566691477258
-64.23977636007308
-65.5279923977638
-66.9136774856945
-68.5868945422735
-70.54935646830478
-72.68181040802273
-75.3209565439998
-77.45751029959506
-79.44711037554842
-81.25498512660447
-82.50609081087305
-83.77850913000265
-85.59905674245795
-87.74434897966815
-90.44633242158015
-92.96401884866326
-95.60656928570567
-98.59485813779618
-101.89584042345746
-105.53590888844093
-109.30059486633712
-112.5361492165313
-115.89714076674922
-119.59359638453337
-123.59908093602849
-127.92937890783821
-132.49881907835194
-137.06412606102361
-141.41101540547814
-145.46243328669286
-149.38358519169398
-152.93265859594044
-156.71045688458824
-161.02819242117667
-165.24776970311666
-168.91035937779154
-172.87036446868788
-177.2355616210954
-181.04600711307404
-184.69766095633892
-188.87650657309027
-193.4454944083007
-197.82741992828429
-202.70177136373113
-208.107784492717
-213.1647344770028
-217.74268847690146
-222.87709707551355
-228.40017002349197
-233.5963033405167
-239.10930322148968
-244.26911344314456
-248.875893482446
-253.87434445855683
-259.2683028594974
-264.10889836064234
-268.59740111517675
-273.4059228974236
-277.90401729760686
-282.71805463852934
-288.077950851647
-293.1757968469474
-297.7760545807744
-302.92590702181315
-308.32581871569676
-313.23070955853655
-317.58264477939434
-322.21101148243014
-326.2989668857747
-329.8560373738519
-333.8510229459225
-338.2945514580942
-342.2027199038614
-345.57824540573284
-349.21673041462185
-352.31029948835555
-354.8863305174441
-357.8272342722214
-361.26086737742804
-364.1387562534893
-366.59022451593995
-369.34083414967336
-371.62268822484117
-374.29266798641464
-376.42550390840495
-378.3070206326682
-379.6668647711709
-381.50946800224835
-383.38518969893715
-384.89303100761185
-386.74770653762283
-389.159366533069
-391.1018918804826
-392.71166226491493
-394.8623918479503
-397.4369454587861
-399.7965363550998
-402.68952635282983
-406.0998286268368
-409.18319509454017
-411.75787508428647
-414.8889156019634
-418.3779443817286
-421.48043873344784
-424.51464089437434
-427.60001394264106
-431.0128477183947
-434.38076330148436
-437.36930904755917
-439.9501368008427
-442.7026446594685
-445.98771831323086
-449.31573522046574
-452.13355139998595
-454.5368941620587
-457.0682130845012
-459.3680287338157
-461.2570863031554
-462.5896536308389
-464.21967487116456
-465.30273493360846
-465.8590523518756
-466.84668480663055
-468.29169586865595
-469.1986718481476
-469.5773240227819
-470.2160884093911
-470.3104075939535
-469.88732880213513
-469.82647546561185
-470.2595846929713
-470.1366614374173
-469.5920718737276
-469.35205772997335
-468.6656577077107
-468.4598951087951
-468.1152461675612
-467.40157269866216
-466.36494708319367
-464.91035541393273
-463.7531908913453
-463.15295671872786
-462.09606126802345
-460.72299644338045
-459.8989752500074
-459.40527013957603
-458.5992432569208
-458.11849116750926
-457.2602840815798
-455.84619720785435
-454.8904609304249
-454.28855225601853
-453.1458639909891
-451.5611790429246
-450.185386243027
-448.29782991621107
-445.8781971233268
-443.84446130365103
-442.2725014818476
-440.1490573346853
-437.5769036897002
-435.2635604249284
-432.39519555899705
-429.1859566220308
-425.46416905803926
-421.6180298943404
-418.1481568313997
-414.2314490718154
-409.76147871250566
-405.84710249580934
-402.3892688423254
-398.5743950334423
-395.0105247126528
-391.4098447394205
-387.51022789961854
-383.6463840738413
-380.22564241335897
-376.25436931546994
-371.72626381917905
-367.7490171221822
-364.3288021037793
-360.4184412234406
-356.23495523324266
-351.49691388284367
-346.7480717992681
-342.55623113593003
-338.5571303696914
-334.75371932415106
-331.50719848048357
-328.2858637292711
-324.5215695202354
-320.83253774520404
-317.6273049997748
-314.8216237183647
-312.51752348211676
-310.27463158940765
-307.48135527275497
-304.622971568769
-302.1534242875839
-299.2262805554421
-295.74826932330825
-292.8272674579167
-290.39894075368755
-287.64020075485456
-285.311116764881
-282.4655595603889
-279.5003993851558
-276.53663705650075
-273.69997492231096
-271.39306436858084
-268.73941096990364
-266.64156741988387
-264.97640835706864
-263.3935179979112
-261.46512880434443
-259.41566459554326
-257.08464741029235
-254.47113552929946
-251.75715090909395
-249.59964642009436
-247.76856119071002
-246.49073438271338
-245.18049623001835
-243.3654940896451
-241.13379398055707
-238.48705368741693
-235.79505125433298
-233.63792294938472
-231.90533282904033
-230.4848827752943
-229.01160195882315
-227.49775024112364
-225.97602462958554
-224.53789579956234
-223.23115253119227
-221.37126832522483
-219.10836941885702
-216.49481428989984
-213.8631123868721
-211.65359364325278
-209.9020091007685
-208.4721309827635
-206.94520901360727
-205.60628993330928
-204.6123421211667
-203.9797439841796
-203.41785065898338
-202.58103264322926
-202.01573332424795
-201.3954570153434
-200.43503085230262
-199.25347562060426
-197.51501090866776
-195.82900651887695
-194.63280764336994
-193.84933847203797
-193.517883019185
-193.24888651256646
-192.42286133798035
-191.33729781716067
-189.77640829990517
-188.7649103662149
-188.30801199544248
-187.33066784593169
-185.86631418174863
-184.8167481096343
-184.27594949409027
-183.18549634818845
-181.58312760848912
-180.25865621639855
-178.3779662196936
-176.11079683534172
-173.48641088170947
-170.8145207826894
-168.6545226340042
-166.95430216219083
-165.41183548894227
-163.57633449484905
-161.9978781272957
-160.42684809420334
-158.60870639239886
-157.1421365299202
-155.24163045018568
-152.78485212512996
-150.87181338655154
-149.3604700262015
-147.42096868740023
-145.21608616114457
-142.46676009687937
-139.60193830581522
-137.07000177509164
-134.30088254663897
-131.00294727506846
-127.69469713032254
-124.91019734807907
-122.42359233451177
-119.67971552015239
-117.43944090430433
-114.99228719054665
-112.57211774502558
-110.39581085694698
-107.880335694177
-105.74532489189696
-104.16711608145647
-102.105709935967
-99.7009286801572
-97.82692153258753
-96.44615335871067
-94.88049686132904
-93.69489251559516
-93.03327100703412
-92.25604727584748
-90.92218329861555
-89.849955119333
-89.22847594076106
-88.05504078798421
-86.69277997273157
-85.85194661788996
-85.45773166644908
-84.91731051414484
-84.65345667957426
-84.84726393618902
-85.49728977508599
-86.13783028522786
-86.35404265853226
-86.12805957617938
-85.5006892871669
-84.8757314956968
-84.6428475791224
-84.84545599949172
-85.50788431206462
-86.19789643152342
-86.36045118250189
-86.0948057681444
-85.51661862763932
-84.99649104463845
-84.488643810457
-83.9410836310355
-83.59505330231295
-83.56228147265702
-83.74197367664468
-84.4779999761497
-85.13727117242107
-85.37348465836715
-85.21207738684333
-84.50936614656145
-83.83941750085458
-83.64088448819155
-83.87352658593541
-84.50368665457248
-85.146748860329
-85.3459363372989
-85.0862549594304
-84.53924414728118
-84.12820019769984
-83.3154279318685
-81.99202419783988
-80.69652408862085
-79.9269172423787
-79.40420514008557
-78.56609178792594
-77.95270835470276
-77.50242067673106
-77.06060504066865
-76.4117610092506
-75.46966099438711
-74.42201639546398
-73.11222042606197
-71.4413990432434
-69.57007736794256
-67.93617775695
-66.51971717633366
-65.17209032148386
-63.33284120964527
-61.01032040542965
-58.65170349124012
-56.7472218889295
-55.39969772684013
-53.723897002029204
-52.59766334113492
-51.792199491316346
-51.52431150371819
-51.341183253385346
-50.689960676563395
-50.556612251153396
-50.61725468025827
-51.05215804188503
-51.307758440695515
-51.042597364138906
-50.630119167671566
-50.62399273439301
-51.00925396247056
-51.36214456868468
-51.29065002359407
-50.68018397434776
-50.57401869508528
-50.71768031898587
-51.40693810261082
-51.78872512899506
-52.71114629294812
-54.17409299693594
-55.14216062618247
-55.67623916193143
-56.708599945540755
-58.27926303388948
-59.302273111993145
-59.79801693522259
-60.82564309179097
-62.348571672184484
-63.41792332696827
-64.21257152290411
-64.46551015741154
-64.59867694919393
-65.05550742315386
-65.32197652207789
-65.08740293675494
-64.56206526294979
-64.2484918989615
-63.37790124195493
-62.12066744882126
-60.480412396570614
-58.77177367075157
-57.61497244937131
-56.826477574382146
-56.53194185164537
-56.348453609174136
-55.711148690896934
-55.614371341200055
-55.88431933129758
-56.52442964996312
-57.24970837935515
-57.41794574301751
-57.3115479032118
-56.689244068317905
-56.583885258502626
-56.75871885526475
-57.48975909549729
-58.18498089868668
-58.36900110843923
-58.144569710956596
-57.48091320002345
-56.750612905237304
-56.577350780759296
-56.66428368021664
-57.22940521930651
-57.24214167130851
-56.69851469787711
-56.68303694505592
-57.176019841794336
-57.17106412037685
-56.67618518012956
-56.67950399708389
-57.18610815352735
-57.17995621324486
-56.669842601112954
-56.64760324336516
-57.071038936887376
-57.25401242720445
-56.88012063136463
-56.88724264324836
-57.25681915160214
-57.069864584234075
-56.646161873917976
-56.665089601478996
-57.16364661020691
-57.18516246624515
-56.69522460946002
-56.72966291209281
-57.31660196206891
-57.39456547841413
-57.129913425397
-56.45940249637974
-55.64833619961469
-55.284479177616234
-54.37660050003767
-53.07881431927423
-51.51631494652907
-50.010817931455094
-48.467487304296455
-46.81115206418569
-45.671243740088464
-45.02155749620433
-44.29665051674886
-43.038459747073034
-41.6469661168173
-40.69980622457293
-40.28221507011414
-39.31895403188298
-37.850118216006706
-36.83169576409827
-36.29852625579913
-35.234006830739766
-33.61525520308012
-32.36555179186493
-30.699284466039877
-29.562016606262674
-28.636355533770033
-28.13166037122872
-27.216942908278227
-25.757155657591056
-24.853847791380314
-24.39314982416269
-23.585943146103013
-23.06513039323154
-22.322670698418584
-21.080234783491928
-19.568721887574096
-18.29033081610095
-16.472687064516204
-14.559916573836468
-12.851935515915535
-11.59059608260099
-10.629494254623875
-10.073245017092484
-9.269592085075063
-7.913112173992463
-6.845857042571862
-6.237628052622935
-5.074038952984461
-3.6605595802185515
-2.7184531017671754
-2.3224818351197003
-1.4262432546792216
-0.2809975562187348
0.4107587168022231
0.8062823024278047
0.7243790061883209
0.1923157015800374
0.13939885805528496
0.6586177414331402
0.6455530105362595
0.07382169052542498
0.2528799401917978
0.8749870844515932
0.8910145800846356
0.2593708895417586
0.07165017990500289
0.6415392902789772
0.6440508745306177
0.08466837036257813
0.24272794608079717
0.8443265962270243
0.9079647662385608
0.2760709752727708
0.09459183166841356
0.6011910567273744
0.4385748790757753
0.06626838262841783
0.4686665558152765
0.7621047392093634
0.6109748765641347
0.817539505813424
0.5317373973830328
0.3562814512192367
0.7434389129529233
0.6871654065609678
0.14508259190987616
0.16267289635869986
0.7049906588538266
0.7822235032231255
0.4051202969059995
0.7152611952618377
0.5692277028581509
0.657922720201813
0.21300844062373425
0.22603032211774465
0.6883154279536585
0.666325932511759
0.12615183069495295
0.1892490451264619
0.7353947455820609
0.8362388884502767
0.41433098715049077
0.7068525293586081
0.5360709355183859
0.49045957993910694
0.41147674820681157
0.038392520754730874
0.5322339001943774
0.13812422525575752
0.31902061671790083
0.9944401133764007
0.6893152554722377
0.9012281902811052
0.4370749659709334
0.7583772629626848
0.635950385625291
0.9335593960768911
0.45701487863097245
0.8318448497211524
0.6916713150319733
0.07154739928703524
0.20935724390985921
0.8081891586269192
0.9272454852989043
0.2921661899434076
0.11948050079141748
0.566800590943636
0.24111832702092517
0.35926091334550403
0.04655077349544712
0.5732260528894377
0.3472455560367882
0.6650095676562433
0.4622603437119528
0.12865670392565765
0.3922195508317454
0.3067302822948754
0.69921295072254
0.6206166142655327
0.9249123305154097
0.48237332019980883
0.9782669744512953
0.5499900440677923
0.2938155105974172
0.5015749809817605
0.714846794831721
0.4716283029578703
0.12963397188508008
0.38245132467650844
0.2602462497559239
0.5821528526981181
0.1789948357725395
0.27331784121576774
0.8165663918027253
0.8688410541235063
0.3299480230902212
0.3028274885773481
0.7490697818200722
0.7523448613766255
0.3126017850590159
0.358355163600089
0.9712534555811083
0.6842184865629979
0.9073191893999311
0.43677755841267896
0.7507312004624684
0.6217212645151786
0.878402254894163
0.520462128252908
0.23394231265581755
0.3932129933636004
0.20614810057035982
0.48305184699900927
0.7007491041971985
0.4490294009581337
0.021946550251875863
0.5182939730147429
0.0785294004416448
0.3749294812809252
0.27726668754601924
0.6307165216862742
0.3919453212955002
0.8033745228577018
0.7408138824092552
0.23436794148348294
0.1735644327094854
0.6187338277233323
0.441982385042508
0.06663684704309292
0.46481714306835054
0.7408579203300829
0.5730222671317997
0.6518915549295499
0.1852770094588312
0.20705004221728096
0.6919414991163411
0.69722068825335
0.22919197224738141
0.20887497586120762
0.6500088957401005
0.541817803612398
0.5783107575591333
0.877964837798503
0.5641017888283875
0.46857822573032326
0.2637915063345222
0.5040525980564476
0.7584962502551549
0.5691886622783748
0.6144856587259007
0.026809071100557524
0.3457438386247471
0.20542811419523588
0.5297720812183653
0.9577116740905205
0.5319249866993285
0.21712793643817818
0.35712792316791475
0.06158211483241072
0.5558370291483246
0.24153707789940748
0.370982154870271
0.09672174680304435
0.5043914573876398
0.9274293185981461
0.5957540415004074
0.579362246005851
0.8293694379872001
0.5685758997971493
0.5404400279557389
0.6523261245266747
0.21960602261800144
0.23997043071248836
0.7043982416649328
0.7031588363286607
0.2350100428978008
0.2122878152774219
0.6480882586552146
0.5305800468977746
0.519444660469035
0.5761964039405743
0.8895638925428861
0.5591782655114006
0.4311767620381026
0.0697313128624586
0.47196002891842337
0.7765557612274585
0.6304575957341108
0.891520472219641
0.5035389298236463
0.12794262114911792
0.35124304562498754
0.1264577548405441
0.5041928892538512
0.8966014385874863
0.6259790880567628
0.7516607766371362
0.4343544385518223
0.8937481167570631
0.6980084891854341
0.02985221570621377
0.2578247517416994
0.9294280745266157
0.840018165997499
0.22090055627558502
0.05402554297876616
0.7016716634751399
0.8808752417165113
0.4391616769657096
0.7896619360435766
0.6799970261441999
0.0743546275864091
0.2178349987411341
0.8156102837455297
0.9237616555121102
0.2886590513975591
0.11286663757348592
0.5743293725354706
0.28659041409699526
0.4564659426248472
0.47586522026335665
0.41111614438144173
0.05119456204259176
0.5151659920391358
0.03213809855875471
0.43738973197715136
0.629113996643289
0.2247755529906783
0.2703763600232998
0.7634939526749998
0.8116528967477485
0.3755791296452733
0.5470528514873205
0.8808229931716607
0.5938099642598997
0.6164475388574813
0.011248859926334731
0.3667119425463454
0.3083179726565861
0.7298609497011004
0.703992575047149
0.2120539756630171
0.17883075318550024
0.6433366173870576
0.544400027692709
0.5988556624703492
0.9774838513480866
0.43465594266484064
0.6694952162686709
0.39162079043043807
0.7630635167120534
0.6896731421985764
0.133785373363561
0.16287751388066862
0.7163239756395354
0.814389391428386
0.42452794764600377
0.7803035998091259
0.6830546955056738
0.09429181240334117
0.19447785286181407
0.7711753730742377
0.8999920867374449
0.3562524561955609
0.3750633978091118
0.0001428839224528744
0.6247222763743867
0.642502126895204
0.09501938150173572
0.23437631515514035
0.8193728077623312
0.9093269865642029
0.2997455356540897
0.16011083362636924
0.5499420186959938
0.11171572764710369
0.3138110641932279
0.003039890702499548
0.681629746661014
0.8666487713539279
0.46567280691269985
0.9454810207084536
0.6123956846106955
0.6408026787768106
0.10020343980778179
0.23160716724373565
0.809684217853337
0.9060919467472077
0.3124356015003755
0.2040530630770787
0.5616804375919875
0.12982573788396934
0.29232243724890683
0.9173561982963703
0.8188184706748158
0.22605452856311015
0.08254110562535377
0.6629112855228518
0.7189886539618398
0.32156725409425757
0.4224788761261866
0.26266846015764234
0.5475794902590385
0.9965493160420307
0.4575955894802384
0.7719761439309574
0.6380971086001557
0.9291506462220136
0.460067683885768
0.8526833982843307
0.6903715929747447
0.04646198225708176
0.24223538663378097
0.8816292733196596
0.8981680350891255
0.24729355892136518
0.03945732063001728
0.6949308024936522
0.8744325837916884
0.449224530644031
0.8493016903095256
0.7014677919829158
0.08497755610637903
0.18499733601471213
0.7737926707004412
0.91341739225129
0.3413533772758033
0.30151808128428215
0.7335700452172897
0.7196987621504736
0.2528044870991728
0.22895439080641822
0.6529250354596607
0.5334934466053802
0.5304255561173576
0.6331996735859153
0.14962372314171013
0.2161664384616273
0.7382062659243775
0.8157596957094686
0.4034794633431993
0.6737077469650945
0.43819467001510404
0.9917590267641323
0.5741539027795532
0.40679855666156683
0.9315653034233957
0.6885405843662475
0.96153858640203
0.36784511237176076
0.36295972672617616
0.935542808284989
0.7276092044825102
0.071214381678665
0.173803605252699
0.7819795412697346
0.9359904859731429
0.30804376102978637
0.1596909012574148
0.5415922397106048
0.06741510057242017
0.3642779105551739
0.2416300886185745
0.5627100878801325
0.09764009649870786
0.31186681099061087
0.010609531805073402
0.6722463872494107
0.8257621024311579
0.4743895009365957
0.033766491550888844
0.4758453819589272
0.8337072822482972
0.6733262244353746
0.006586519566502247
0.3168005759331596
0.11832197908935349
0.5428240880728357
0.11540844787320914
0.3185430044833
0.015500513597975107
0.6582919503820275
0.768179468476796
0.43147927565573596
0.8622968940378808
0.7171541297161816
0.1172331216562057
0.14310707166017167
0.7329229528167271
0.8765776197532436
0.4101969782301236
0.6459204742141758
0.3237609420130827
0.5033193245872916
0.6944945010150487
0.4091781123439606
0.8229587241485206
0.7362702685778775
0.2045526724257165
0.1383497858872733
0.6466430364771742
0.5985871366154321
0.8739390305956327
0.5457963067640339
0.37573788341591374
0.8136214667780575
0.7646301831205218
0.2703293395461781
0.22352429336067203
0.6273666798821953
0.430910924162891
0.00016676213992639077
0.5688389327340193
0.37100492315781786
0.7695203409938625
0.7208935148282745