0
0.9393939393939394
0.9261094123718898
0.9698365582095769
0.03755025884142604
0.07550167792777929
0.05529192040885045
0.9917330541875327
0.9347847710667838
0.9285609034861433
0.9775884154502403
0.04448599998017988
0.07625639096772097
0.04932916458121683
0.9835674223823103
0.9309283978052694
0.931828326274033
0.9856131546611315
0.05089179116794629
0.07614726811787254
0.04278260953603952
0.9756025693359867
0.9278641216590349
0.9358787294144619
0.993813843277934
0.056696636489278696
0.07517538686370906
0.035725289969203544
0.9679343651937513
0.9256227527987155
0.9406706633071158
0.002090379356673999
0.06183784000151227
0.07335035787125599
0.028237967489981308
0.960653538652835
0.9242266189266575
0.9461541503636937
0.01034127260999762
0.06626119684564791
0.07069030308779145
0.020408333756566144
0.9538444032396065
0.9236895492679158
0.9522706871723359
0.018465503618401158
0.06992103711682396
0.06722183235239543
0.012329890376122865
0.9475838999337959
0.9240168491725091
0.9589533518426574
0.026364356467081684
0.07278020426603016
0.0629800392213502
0.004100529697361743
0.9419409593296688
0.9252052863832845
0.9661271019075621
0.03394312233217134
0.07481002865317432
0.058008522967085696
0.9958208769231037
0.9369761451568939
0.9272430996883629
0.9737093388518856
0.041112583387406865
0.07599032512552473
0.05235941580796677
0.9875924796750131
0.9327415085194057
0.9301100232429369
0.9816107865488384
0.04779020929823119
0.07630941341123054
0.04609336192999436
0.9795159455425981
0.9292805677155678
0.9337773068202602
0.9897366907053917
0.053901032574395824
0.0757641423732287
0.03927937011812799
0.9716891326388598
0.9266283356204945
0.9382077131269067
0.9979883052205831
0.05937821028478929
0.07435989845277069
0.03199445489657071
0.964205493606969
0.9248113414832377
0.9433554912130839
0.006264597451515197
0.06416331975871459
0.072110591750564
0.024322995771472122
0.9571526590205781
0.9238476265017885
0.9491663551656646
0.014464081595675804
0.06820646453260926
0.06903863061334992
0.016355776766728614
0.9506113203060091
0.9237467203424843
0.9555775289730535
0.022486677648782205
0.07146627590117283
0.06517490581305907
0.008188709844348718
0.9446544359309198
0.9245096193560447
0.9625179394505319
0.030235491210204746
0.07390988317567682
0.06055880021772664
0.9999212857848053
0.9393467427214726
0.9261287838627386
0.9699086406350483
0.03761841635173546
0.07551289782560211
0.05523821812159313
0.991654827381028
0.934744515980269
0.9285881566073404
0.9776635332238319
0.04454948102490164
0.0762594242183341
0.049269596695395546
0.9834906396868188
0.9308954978058379
0.9318631878395292
0.9856904068283525
0.05094988317974991
0.07614208477525164
0.042717831917517435
0.9755281612667007
0.927838909432344
0.9359208456042971
0.9938922908661398
0.0567487042076964
0.07516203811630073
0.035656034668140935
0.967863220308808
0.9256054804300091
0.9407195994032864
0.0021690616150835673
0.06188332825161069
0.07332897590507326
0.028165036667677557
0.9605864900683669
0.9242174578552005
0.9462093905230851
0.010419224471650779
0.06629963150994578
0.07066110083584798
0.020332590557542662
0.9537822180055011
0.9236885900548517
0.9523316348196968
0.018541773405981843
0.06995202512035492
0.06718510333728878
0.012252246780286136
0.9475272714981711
0.9240241012864214
0.959019331469769
0.026438022843940256
0.07280343327563998
0.06293615764898464
0.004021931769980114
0.9418905029183143
0.9252206781735026
0.9661973630799601
0.03401330956532256
0.07482526692216562
0.05795794402030019
0.9957422881785292
0.9369323955267705
0.9272664785665476
0.973783063033757
0.04117847415268461
0.07599742160127976
0.052302675782744945
0.9875148634586381
0.932704919311826
0.9301411559306614
0.9816870970124079
0.04785105453105398
0.07630829798351169
0.04603107756600888
0.9794402474223635
0.929251511600659
0.9338158794522227
0.9898146653884476
0.05395615823737909
0.07575482605270634
0.03921223631389159
0.9716162637968174
0.9266071045893343
0.9382533310907712
0.9980669920294181
0.059427021325923146
0.07434247333999977
0.03192324003751157
0.9641363161328131
0.9247981469364062
0.9434076788491896
0.006343031235342522
0.06420530187605511
0.07208523081928275
0.024248534136046995
0.9570879738184129
0.9238425990882839
0.949224555763637
0.014541301857192934
0.06824118454852335
0.06900558748012586
0.01627895784446287
0.950551858025457
0.9237499097095072
0.9556411057703567
0.022561745991821702
0.07149338153001183
0.06513451469666087
0.008110464801140527
0.9446008509496907
0.9245209940157779
0.962586178453182
0.03030750754762579
0.0739291027626412
0.06051147615825192
0.9998425716569318
0.9392996098095288
0.9261482312794809
0.9699807559894889
0.037686533009498646
0.07552404032739957
0.05518445725934962
0.9915766098226451
0.9347043289647265
0.9286154834377536
0.9777386755905424
0.04461291409673951
0.07626237940665148
0.04920997609576627
0.9834138752309269
0.9308626694183886
0.931898120131937
0.9857676748210906
0.05100792081237415
0.07613682347497264
0.04265300818999318
0.9754537801009937
0.9278137715921222
0.9359630287715444
0.9939707452262287
0.0568007118920395
0.07514861228647529
0.03558674056233668
0.9677921105238977
0.9255882844565899
0.9407685979571458
0.0022477414673773843
0.061928751580583086
0.07330751850018502
0.028092074972253744
0.9605194841977799
0.9242083744205778
0.946264687849901
0.010497164793513036
0.06633799713714672
0.07063182555510439
0.02025682494278591
0.9537200824303343
0.9236877089504314
0.9523926335828294
0.018618022730597872
0.06998294073945677
0.06714830446906106
0.012174589623026089
0.9474706989407251
0.92403143120974
0.9590853554261167
0.026511660199520115
0.07282658731954039
0.06289221016710878
0.003943329381884908
0.9418401078471403
0.9252361467036989
0.9662676611110379
0.03408345971801818
0.07484042841004879
0.05790730387840459
0.9956637041560324
0.9368887119292384
0.9272899323474582
0.973856815999272
0.041244320385489086
0.07600444024842434
0.05224588004624353
0.9874372610602571
0.9326684000585128
0.9301723609180104
0.9817634276889347
0.04791184846524299
0.07630710444992306
0.04596874373121618
0.9793645719651142
0.9292225285938471
0.9338545210146119
0.9898926513530744
0.05401122657151314
0.07574543212009277
0.03914506000389317
0.9715434260618252
0.9265859490543535
0.9382990138471337
0.9981456809825502
0.05947576976984559
0.07432497187859144
0.03185199030448005
0.9640671776807127
0.9247850295075952
0.9434599263687651
0.006421457986690804
0.06424721689844914
0.07205979557002129
0.02417404583815408
0.9570233349234817
0.923837649646098
0.9492828105684561
0.014618506038567958
0.06827583374190316
0.06897247282523411
0.016202120935088438
0.9504924486362362
0.9237531771305036
0.9557047303472219
0.02263678949750192
0.07152041337584669
0.06509405562149428
0.008032210769385983
0.9445473246993679
0.9245324460412556
0.9626544580955043
0.03037949072606283
0.07394824637175246
0.06046408847243434
0.9997638577037045
0.9392525407026973
0.9261677546046576
0.9700529041961237
0.03775460874387182
0.07553510542321651
0.055130637874234445
0.991498401598883
0.9346642100574218
0.928642883952647
0.9778138424688747
0.044676299131376496
0.07626525653003746
0.0491503028416429
0.9833371290987458
0.9308299126728914
0.9319331231192405
0.9858449585544109
0.05106590400850397
0.07613148422172777
0.042588138419677124
0.9753794259191593
0.9277887081610634
0.9360052788768833
0.9940492062713058
0.05685265949224183
0.07513510938623957
0.03551740772434586
0.9677210359142728
0.9255711648938709
0.9408176589220458
0.0023264188262874796
0.06197410994569075
0.07328598567588784
0.028019082481784086
0.9604525211103282
0.9241993686308985
0.9463200422901938
0.010575093489547882
0.06637629369183173
0.07060247727213098
0.020181036994785684
0.9536579965766863
0.9236869059554413
0.9524536834006474
0.018694251508982518
0.07001378394599977
0.06711143578156387
0.012096918989907834
0.9474141823169524
0.9240388389359255
0.9591514236438345
0.02658526845470277
0.07284966637687562
0.0628481968168868
0.0038647226202095375
0.9417897741643626
0.925251691960026
0.9663379959267637
0.03415357271644481
0.07485551310325267
0.05785660258989278
0.9955851249427172
0.9368450944051845
0.9273134610099627
0.9739305976691308
0.041310122018201056
0.0760113810606966
0.05218902865423103
0.9873596725653457
0.9326319507930414
0.9302036381765779
0.9818397784950192
0.04797259103997842
0.0763058328115287
0.045906360488457754
0.9792889192531938
0.9291936187214245
0.9338932314717316
0.9899706485131621
0.05406623752313067
0.07573596058377596
0.03907784125762559
0.9714706195117607
0.9265648690345696
0.9383447613529783
0.9982243719927011
0.05952445557019059
0.07430739408423537
0.03178070577293468
0.9639980783229897
0.9247719892085331
0.9435122337214703
0.006499877618717953
0.06428906478685836
0.0720342860257479
0.024099530958247684
0.9569587424017342
0.9238327781796443
0.9493411195225419
0.014695694054978947
0.0683104120810134
0.0689392866789178
0.016125266122827275
0.9504330921973853
0.9237565226025604
0.95576840263908
0.022711808084487473
0.0715473714142183
0.06505352862509906
0.007953947835640296
0.9444938572317866
0.9245439754222464
0.962722778306424
0.030451440668945118
0.07396731398582879
0.06041663720514023
0.9996851440124451
0.9392055354454953
0.9261873538207408
0.9701250851781305
0.03782264348407516
0.07554609310316951
0.055076760018429205
0.9914202027962202
0.934624159295546
0.9286703581272169
0.9778890337772983
0.04473963606456799
0.07626805558592764
0.04909057699240038
0.9832604013743482
0.9307972275992429
0.9319681967693592
0.9859222579433626
0.05112383271089982
0.07612606702027902
0.04252322267283559
0.9753050988014396
0.9277637191617902
0.936047595880928
0.9941276739144722
0.056904546958309155
0.07512152942766859
0.03544803622677728
0.9676499965551294
0.925554121757195
0.9408667822512695
0.0024050936045512117
0.062019403304264475
0.07326437745154624
0.02794605927438898
0.9603856008752053
0.9241904404942038
0.9463754537899491
0.01065301047373568
0.06641452113864932
0.07057305601356734
0.020105226796070852
0.9535959605070736
0.9236861810705976
0.9525147842119941
0.018770459657893923
0.07004455471192061
0.06707449730872228
0.012019234966527126
0.9473577216822847
0.9240463244583683
0.9592175360549868
0.02665884753040748
0.07287267042685674
0.06280411763955662
0.003786111572102069
0.9417395019181327
0.9252673139285659
0.9664083674530448
0.03422364848683923
0.07487052098827363
0.05780584020333057
0.9955065506256837
0.9368015429954293
0.9273370645328602
0.9740044079639856
0.04137587898325856
0.07601824403190194
0.05213212166254655
0.9872820980593621
0.9325955715489211
0.9302349876778886
0.9819161493472264
0.04803328219450309
0.0763044830694608
0.04584392790064218
0.979213289368914
0.9291647820096185
0.9339320107878168
0.9900486567825786
0.054121191038626115
0.0757264114522107
0.039010580144645424
0.9713978442244612
0.9265438645489359
0.9383905735652196
0.9983030649725839
0.05957307868065609
0.07428973997268806
0.031709386518388394
0.9639290181319141
0.9247590260508811
0.9435646008568948
0.00657829004459165
0.06433084550231105
0.07200870220949906
0.024024989576826306
0.9568941963190597
0.9238279846932691
0.9493994825682452
0.014772865821627512
0.06834491953418564
0.0689060290714889
0.016048393491932433
0.9503737887678788
0.9237599461226955
0.9558321225812965
0.022786801671482948
0.07157425562073683
0.06501293374508332
0.007875676086473105
0.944440448598714
0.9245555821484501
0.9627911390148083
0.030523357299752973
0.07398630558775698
0.060369122401303876
0.9996064306704745
0.9391585940823712
0.9262070289101345
0.9701972988586378
0.037890637159386564
0.07555700335744131
0.055022823744182325
0.9913420135011193
0.9345841767162231
0.9286979059365916
0.9779642494342444
0.04480292483213155
0.07627077657182535
0.04903079860748161
0.9831836921417785
0.9307646142272712
0.9320033410501416
0.9859995729029669
0.05118170686238965
0.0761205718754574
0.04245826101579797
0.9752307988280347
0.927738804616856
0.9360899797442233
0.9942061480688196
0.056956374240319185
0.07510787242290706
0.03537862614229281
0.9675789925216068
0.9255371550618348
0.9409159678980339
0.002483765714917041
0.06206463161371012
0.07324269384659421
0.027873005428231457
0.9603187235615369
0.9241815900184618
0.946430922295086
0.010730915660086104
0.06645267944232414
0.07054356180612054
0.02002939442919649
0.9535339742839385
0.923685534296546
0.9525759359556545
0.01884664709413686
0.07007525300923167
0.06703748908452623
0.011941537638489486
0.9473013170920748
0.9240538877703877
0.9592836925915855
0.02673239734761168
0.07289559944876944
0.06275997267642097
0.0037074963247065718
0.9416892911565231
0.9252830125953309
0.9664787756157418
0.03429368695550261
0.07488545205168218
0.05775501676735173
0.9954279812920166
0.9367580577407169
0.9273607428948787
0.9740782468044482
0.04144159121317026
0.0760250291559208
0.05207515912709537
0.987204537627733
0.9325592623595855
0.9302664093933972
0.9819925401620933
0.04809392186813444
0.07630305522492509
0.045781446030740636
0.9791376823945416
0.9291360184845807
0.933970858927033
0.9901266760751799
0.05417608706447252
0.07571678473392529
0.03894327673456521
0.9713251002777055
0.9265229356163296
0.9384364504407023
0.9983817598349147
0.05962163905501772
0.07427200955977953
0.03163803261640474
0.9638599971796921
0.9247461400462265
0.9436170277245584
0.006656695177494676
0.06437255900591055
0.07198304414438339
0.023950421774428854
0.9568296967412793
0.9238232691912445
0.9494578996478487
0.01485002125374546
0.0683793560698247
0.06887270003333068
0.015971503126684272
0.9503145384066196
0.9237634476878547
0.9558958901091712
0.0228617701772329
0.0716010659710844
0.06497227101912895
0.007797395608470037
0.9443870988518454
0.9245672662094933
0.9628595401494628
0.030595240542016455
0.07400522116049535
0.06032154410593282
0.999527717765115
0.939111716657703
0.9262267798551713
0.9702695451607213
0.03795858969914212
0.07556783617628748
0.05496882910381573
0.9912638338000298
0.934544262356507
0.9287255273558275
0.978039489358101
0.044866165369948696
0.07627341948530564
0.04897096774640031
0.9831070014850539
0.9307320725867365
0.932038555929366
0.9860769033482168
0.0512395264058676
0.07611499879216543
0.04239325351496159
0.9751565260791051
0.9277139645487451
0.9361324304272407
0.994284628647423
0.057008141288414915
0.07509413838417078
0.035309177543619175
0.9675080238887985
0.9255202648229943
0.9409652158154795
0.0025624350701272114
0.06210979483149637
0.0732209348805366
0.02779992102153095
0.9602518892383979
0.9241728172115737
0.9464864477514483
0.010808808962615934
0.06649076856764324
0.07051399467657049
0.01995353997676541
0.9534720379696673
0.9236849656338624
0.9526371385703369
0.018922813734536525
0.07010587881000796
0.06700041114303912
0.011863827091433965
0.9472449686016169
0.9240615288652354
0.9593498931855722
0.026805917827325665
0.07291845342196246
0.06271576196885631
0.0036288769651844355
0.9416391419275462
0.9252987879462657
0.9665492203406538
0.03436368804878143
0.07490030628011213
0.05770413233066041
0.9953494170287999
0.9367146386817298
0.92738449607468
0.9741521141110814
0.041507258640497646
0.07603173642669603
0.052018141103852944
0.9871269913558708
0.9325230232584067
0.9302979032944914
0.9820689508561196
0.04815451000024851
0.07630154927919186
0.04571891494179203
0.9790620984123146
0.9291073281724012
0.9340097758534769
0.9902047063047978
0.05423092554720288
0.0757070804375124
0.03887593109705989
0.9712523877492331
0.9265020822555661
0.9384823919362038
0.9984604564924027
0.05967013664711285
0.07425420286140283
0.03156664414259924
0.9637910155384778
0.924733331206093
0.9436695142739138
0.006735092930618691
0.06441420525882235
0.07195731185357346
0.023875827631636648
0.956765243734156
0.9238186316777783
0.9495163707035683
0.014927160266587247
0.0684137216563998
0.06883929959489299
0.015894595111393794
0.9502553411724478
0.9237670272949181
0.9559597051579418
0.022936713520520513
0.07162780244100775
0.06493154048498284
0.007719106488230487
0.9443338080428098
0.9245790275949375
0.9629279816391372
0.030667090319316692
0.07402406068706857
0.06027390236410035
0.999449005383686
0.9390649032158007
0.9262466066381176
0.97034182400741
0.038026501032737414
0.07557859155002955
0.05491477614971618
0.9911856637793833
0.9345044162533835
0.928753222359916
0.9781147534672223
0.04492935761396666
0.07627598432401017
0.04891108446873238
0.9830303294881583
0.9306996027073291
0.9320738413747442
0.9861542491940842
0.05129729128429661
0.07610934777537182
0.042328200236780855
0.9750822806347654
0.9276891989798739
0.9361749478903876
0.9943631155633528
0.05705984805281261
0.07508032732374192
0.035239690503530374
0.9674370907317373
0.9255034510558087
0.9410145259566856
0.002641101582939509
0.06215489291516718
0.07319910057294354
0.027726806132543524
0.9601850979747929
0.924164122081371
0.9465420301048195
0.010886690295372592
0.0665287884794672
0.07048435465176017
0.019877663521403743
0.9534101516265725
0.9236844750830562
0.9526983919946945
0.018998959495961643
0.07013643208639642
0.0669632635183881
0.011786103411011606
0.9471886762661303
0.9240692477360946
0.9594161377688346
0.02687940889061391
0.0729412323258567
0.0626714855583046
0.003550253580697049
0.9415890542791393
0.9253146399672452
0.9666197015535307
0.03443365169308521
0.07491508366027078
0.05765318694202848
0.9952708579231025
0.9366712858590744
0.9274083240508548
0.9742260098044078
0.0415728811978715
0.07603836583824508
0.051961067648861325
0.987049459329158
0.9324868542786819
0.930329469352488
0.982145381345777
0.048215046530292405
0.07629996523360427
0.045656334696900114
0.9789865375044301
0.9290787110990959
0.9340487615311748
0.9902827473852487
0.0542857064334239
0.0756972985716382
0.03880854330186523
0.9711797067167306
0.9264813044853863
0.9385283980084282
0.9985391548577542
0.059718571410853905
0.07423631989352564
0.0314952211726407
0.9637220732803649
0.9247205995419301
0.9437220604543419
0.0068134832171713455
0.06445578422228859
0.07193150536031534
0.023801207229070753
0.9567008373633832
0.9238140721570056
0.9495748956775529
0.01500428277543886
0.06844801626245389
0.06880582778669608
0.015817669530398426
0.9501961971241313
0.9237706849406924
0.9560235676627808
0.023011631620172057
0.0716544650063271
0.06489074218046342
0.007640808812366284
0.9442805762231634
0.9245908662942721
0.9629964634125234
0.030738906555288104
0.07404282415057262
0.060226197220950795
0.9993702936135052
0.9390181538009013
0.9262665092411688
0.9704141353216833
0.03809437108963021
0.07558926946906186
0.05486066493434105
0.9911075035255934
0.9344646384437654
0.9287809909237761
0.978190041679923
0.04499250150020018
0.07627847108565389
0.048851148834123004
0.9829536762350438
0.9306672046186679
0.9321091973539164
0.9862316103555147
0.0513550014407107
0.07610361883011918
0.042263101247777435
0.975008062575087
0.927664507932586
0.9362175320939967
0.9944416087296659
0.05711149448379782
0.07506643925397571
0.035170165094862815
0.9673661931254062
0.9254867137753418
0.9410638982746544
0.002719765166109056
0.06219992582233402
0.07317719094345931
0.027653660839580763
0.9601183498396709
0.9241555046356129
0.946597669300907
0.010964559572416821
0.06656673914272626
0.07045464175860894
0.019801765145782246
0.9533483153169042
0.9236840626445613
0.9527596961673042
0.01907508429531024
0.07016691281061571
0.06692604624477694
0.01170836668290165
0.9471324401407664
0.9240770443760735
0.9594824262731925
0.026952870458584854
0.07296393613994456
0.06262714348628218
0.00347162625841535
0.9415390282591695
0.9253305686440714
0.9666902191800637
0.034503577814875896
0.07492978417893581
0.05760218065030176
0.9951923040619894
0.9366279993132895
0.9274322268019233