1
0.6868686868686869
0.4911751698883977
0.28842540583767473
0.962044575532217
0.6657410827749688
0.4793312729672623
0.27643291952569227
0.9479626015826419
0.6603844280569702
0.4804739005977905
0.28498165140095266
0.9652286195645632
0.6730719283381816
0.4936531428181874
0.3091582172275382
0.006034224944258648
0.6980840091685819
0.5107436478244685
0.3319916786235584
0.04244119267520019
0.7193387272518413
0.5212047516392775
0.33998443407709633
0.05125427417088746
0.7222257717343963
0.51858737986947
0.32978511212016426
0.029325295840493926
0.7055377650242929
0.5041379508662449
0.30604812446049134
0.9884482651677
0.6800816817824233
0.48694906438722363
0.2833873955801387
0.9552931055122783
0.662495832318371
0.4782583344696185
0.2766815512058587
0.9495658397768376
0.6621255759953741
0.48309002060003414
0.2905519196619091
0.9748005271919827
0.6791245873153533
0.49835487857310046
0.3162690961256809
0.017738091258023836
0.7050459729339589
0.5146324998569236
0.33590854236547374
0.047963278431938816
0.7222255579940934
0.5218779184389641
0.33897754476845443
0.0481379350287412
0.7193724632818788
0.5155806458452497
0.32423344537549514
0.019162680896328776
0.6987987845457969
0.49922676186324
0.29903615110481097
0.9775172092307615
0.6739247392558774
0.4833856307560085
0.2795791544211643
0.9506413313336953
0.6605605019769114
0.478222441392393
0.2785166488826003
0.9535252326168442
0.6651874938512066
0.48651911138813153
0.29707890938078396
0.9858447330346609
0.6859198464101657
0.503137406763555
0.3228647299719696
0.028380298339346854
0.711311760072418
0.5178238455962627
0.33856522035058756
0.05119276674401596
0.7235686499628027
0.5215167052518095
0.33662573709545063
0.04280945032298211
0.7151570809229209
0.5117896452787101
0.3178453023978891
0.007971440759833026
0.6917230924790624
0.4943580654103421
0.2924804359387003
0.9677874126173035
0.66868887488635
0.4806560772227162
0.27718621383240905
0.948245420072962
0.65998243781929
0.47921509702887066
0.2818670588784613
0.9597388044382242
0.6694770788356501
0.49058804783884247
0.30417384306306383
0.9977407125369013
0.6931149512784387
0.5077666295515513
0.3286291457414905
0.03739264418248123
0.7165164741537013
0.5201568878343743
0.3398797372475284
0.05204789500523921
0.7233159560275443
0.5201226124433731
0.3329845035244412
0.03544134855779624
0.7097788651256585
0.50739610577395
0.31092810162340845
0.9963526153953127
0.6846947814445814
0.4897919073312331
0.28672815721253553
0.9597157335753138
0.6645877077234581
0.47888449391887167
0.2763383884187127
0.9482078382269895
0.6607835882143789
0.48119709829675217
0.28660325495350425
0.9680379214478417
0.6748707256697868
0.4951030151404603
0.31141833483126735
0.009773229947929396
0.7003144539272613
0.5120254553720589
0.3333476698924174
0.04440984039940643
0.7204033844268868
0.5215256932312098
0.3398161033360583
0.050524585465755445
0.7214888879788718
0.5177396035878328
0.3281526350100319
0.026286386856638533
0.7034865062241846
0.502611690725796
0.30382613403935044
0.9849290721526827
0.678070742128432
0.4857529720944924
0.2820527956237364
0.9536020409871193
0.6617461140929468
0.47813536448970106
0.27708787516539735
0.9505561064231858
0.6629462531748214
0.4840840237206636
0.29251022522064485
0.9781273206674003
0.681187530241345
0.49985518817010766
0.3184069966509413
0.021215812276210055
0.707102199801837
0.5157154936315793
0.33688076165705727
0.0492264936649387
0.7228159408997248
0.5218766115125353
0.3383835123310037
0.04669987366913153
0.7181901326841788
0.5144696998624791
0.3223090865917664
0.015740941198577385
0.6966005628840387
0.49768451670511293
0.2969161492362513
0.9743159140932354
0.6721738789405327
0.48243406108080267
0.27867000542326115
0.9496422489121907
0.6602318516984131
0.47842389660878193
0.2794078812424896
0.9552352728529904
0.6664041317723717
0.4877336058476409
0.2992596768594944
0.9895117640539889
0.6881483682883407
0.504614487243157
0.3247716788019641
0.031399588482249996
0.7130704665276528
0.5186530707334727
0.33912399249379366
0.051717863584058055
0.7236617579434033
0.5211901162829886
0.33562052808047205
0.040711393153304964
0.713587161759586
0.5104690581565245
0.31572016260256675
0.0043491231996197754
0.6894992182364713
0.4928840664027532
0.29057806418196996
0.9650640438153375
0.6672748801913007
0.47999397530947174
0.2767503657674819
0.9479770257655356
0.6600849019882578
0.47973232746848327
0.28320940321064647
0.962124282910646
0.6710545351936288
0.49196358814422525
0.306446243289207
0.00152909680508162
0.695388691696102
0.5091499211068511
0.3302270557908833
0.03981698012286117
0.7178845614651361
0.520692686690073
0.34000836168269677
0.05182445080726117
0.7229097650735071
0.5194790389912773
0.331592668621163
0.032750861883303006
0.7078928871960394
0.5059287409337867
0.30870649054704113
0.9927243971295296
0.6825607589789775
0.4884605842269705
0.2851369628946854
0.9575797082269177
0.6635583030195495
0.4785383813965789
0.276401151444404
0.9486877579612989
0.6613166946049445
0.4820095324520186
0.28834062635689905
0.9710244552528132
0.6767608779539427
0.49657635577645864
0.3136531294495133
0.013454018843517268
0.702504507595661
0.5132514029331992
0.3345871763298627
0.046162124452348685
0.7213229919697441
0.5217465565145649
0.3395132828011522
0.049568704866643776
0.7206071541125892
0.5168044057261512
0.3264202172485926
0.023109876679161978
0.7013765330947532
0.5010712303949401
0.3016229055404551
0.9814897969453605
0.6761314898527226
0.48462773498383704
0.28084528024929734
0.9521226034264219
0.6611267684685069
0.47811440788269
0.2776487003995618
0.9517754854049305
0.6638942463531234
0.4851531450487174
0.2945517789805985
0.9815824686591138
0.683314320809397
0.5013562059159935
0.3204830426251104
0.024568786895120542
0.7090774724746874
0.5167243870453335
0.33772620138231346
0.05026115978385626
0.7232522033504266
0.521773321185147
0.33765881268663445
0.04504922427680169
0.716879570872944
0.5132868388288374
0.3203112350921389
0.012235707102641102
0.6943812529940386
0.49615487972412975
0.2948527094707274
0.9712493278668104
0.670521592194576
0.48156911198151064
0.27790485547185595
0.9488686748682456
0.6600375220297332
0.4787256207979471
0.2804448547422822
0.9571625659374222
0.6677379412493005
0.4890051043693051
0.30148334566995505
0.9932412675936029
0.6904045504359928
0.5060694096283038
0.32658861971355235
0.03424397211555785
0.7147150317586572
0.5193937424987998
0.3395490799668548
0.052008386786430716
0.7235975296101163
0.5207626617292029
0.3344908495685226
0.03841917697240893
0.711909793143682
0.5090953169066437
0.3135531343236917
0.0007039427580628477
0.6872915988221419
0.4914473482532342
0.2887642688805281
0.9625152198572627
0.665977518112634
0.47942890318978537
0.2764691942188504
0.9479423215670991
0.6603229575114162
0.4803449818079748
0.28468292967298603
0.9647082093917799
0.6727361131163845
0.49337681532509103
0.3087204989839154
0.005308380731082973
0.6976503452301079
0.5104905446833676
0.33171710415643263
0.04203708953804952
0.7191170593028657
0.5211314450681737
0.34000136157531946
0.05136869139389377
0.7223508609212146
0.518740477299201
0.33008785453823064
0.029894276337099956
0.7059256542312276
0.5044299519639415
0.3064777536755159
0.9891345102786586
0.6804769080152568
0.4871873927699837
0.28365885976950067
0.9556431112537949
0.6626552644229078
0.4782937837413157
0.27662111328929084
0.949401455940879
0.661982184388092
0.48290740976780744
0.2901848336625861
0.9741752754125658
0.6787349582212778
0.4980662618696421
0.31585061307542617
0.017054739064010782
0.7046411704273077
0.5144155924108111
0.3357067260876123
0.047693662911656665
0.7220941691790168
0.5218664634303916
0.33907694595999915
0.048390390713623166
0.7195852245333668
0.515786153955935
0.32459530923629676
0.019811376691478477
0.6992192411603603
0.49952491172024427
0.299450512220768
0.9781487172675855
0.6742730803969101
0.48357872359617726
0.2797706420306223
0.9508596112361618
0.6606392443652016
0.4781951993822857
0.27836183282452787
0.9532208289537081
0.664966649345788
0.48629196450012646
0.2966644051161067
0.9851466186959924
0.6854942954108376
0.5028506031966526
0.32248727161224977
0.027779038448331628
0.7109602394029254
0.5176540743958866
0.33844222439923444
0.051064605799644
0.7235326075249933
0.5215680115392036
0.3368050617210292
0.04319114685243086
0.7154468695929865
0.5120376690687389
0.31824942467097794
0.008665715758010784
0.6921528591348574
0.4946459880183678
0.29285671513157707
0.9683317878232222
0.6689745867366785
0.4807947071797849
0.2772878535572807
0.9483239170593899
0.6599782806239758
0.4791265032759855
0.28162375967183473
0.9593022334882227
0.6691852570479906
0.4903276475229188
0.30373691829277893
0.9970110220783138
0.692676167642108
0.507495490089239
0.3283089881961687
0.036902243557281666
0.7162375128927523
0.5200425692676405
0.33983933487266693
0.0520641139743514
0.7233765090402335
0.520235574308411
0.3332395183395547
0.03594017644744962
0.710132436142292
0.5076748398726207
0.31135473616410647
0.9970550666892865
0.6851112094264646
0.4900548050839504
0.28704742151555873
0.9601500332689362
0.664800555083294
0.4789628489488291
0.2763443863071797
0.9481422695111685
0.6606961513964003
0.4810505875449578
0.2862812850637111
0.9674820283725337
0.674516530460544
0.49482139104767375
0.31098409546866623
0.00905605788269348
0.6998870828111453
0.5117824391836101
0.33309513924339007
0.04404690610856821
0.7202092546928078
0.5214715606944895
0.3398590564603352
0.05068300698088213
0.7216423930842131
0.5179100157273968
0.3284754297745731
0.02688356615521137
0.703886976363798
0.5029073692967798
0.30425352830962193
0.9856020589092759
0.6784532379602157
0.4859782797151384
0.28230045077960764
0.953911826455113
0.6618805891679809
0.4781511348143983
0.2769974382179874
0.9503472280664297
0.6627780033977091
0.48388633562212235
0.2921257483097275
0.9774752318307494
0.680784434033747
0.49956559088205976
0.3179992208675346
0.0205543013940519
0.7067116122186843
0.5155122543585118
0.336703061095045
0.049000593197490616
0.722714024181648
0.5218847943300657
0.33850827917052895
0.04699388180006814
0.7184282914860836
0.5146896967059618
0.3226861809832724
0.016407847954136523
0.6970264758352916
0.49798119371716965
0.2973209098818599
0.9749232290253211
0.6725040611913551
0.4826109484534391
0.27883425541835094
0.9498174706806216
0.6602848023192525
0.4783772158885897
0.27922456798582784
0.9548884666230211
0.6661602912527016
0.48749478703861393
0.29883540298414757
0.9887990825708141
0.6877161008704622
0.5043311648298663
0.3244107329952355
0.03083058780958048
0.7127399398563301
0.5184999449457237
0.3390266004593223
0.05163484001098073
0.7236560512375929
0.5212609742941297
0.3358241338524852
0.041131297151343116
0.7138984835893197
0.5107280462413124
0.31613354815547523
0.005050011623811912
0.6899271436745403
0.4931656261202755
0.2909382896376713
0.9655759314118058
0.6675386035548354
0.48011417301566084
0.2768224418323515
0.9480106389868137
0.6600545846805388
0.47962509274613074
0.2829401616384897
0.9616485940414788
0.6707420900984533
0.4916952078051644
0.3060075063279839
0.0007985676313218004
0.6949507775102086
0.5088863030322854
0.3299271778541022
0.039365166652545636
0.7176311372809997
0.5205968605229752
0.33999411664339396
0.05188568052183684
0.7230000627980302
0.5196106211159583
0.33187000809585765
0.03328295482190624
0.7082631863133704
0.5062143774833108
0.30913580748020975
0.993421660552603
0.6829686868434628
0.48871297613421105
0.2854352133995153
0.9579762848685889
0.663747043362499
0.4785972442126807
0.276376800664649
0.9485769783448478
0.6612035338498439
0.4818460896046317
0.2879969892000527
0.9704353246500242
0.6763896101643896
0.4962907350562271
0.3132247166204061
0.012749791041940295
0.7020859387008896
0.5130196203527522
0.33435738518807323
0.04584127136559024
0.721157111855639
0.5217117994980658
0.3395821020153882
0.049770468229007214
0.7207882477253233
0.5169913523254717
0.32676173194720315
0.02373242221334637
0.7017874563386735
0.5013690044463277
0.3020457426055201
0.9821459289155489
0.6764994331145275
0.48483895141165156
0.2810679661854443
0.9523911918270825
0.6612359841695687
0.47811051856924136
0.277528623997467
0.9515226534979555
0.6637016621536813
0.48494138256378916
0.29415217535512683
0.9809070859190059
0.6828997175042577
0.5010670438671019
0.32008799892857187
0.023932787661131938
0.7087034217046334
0.5165358478433464
0.33757316504888
0.05007955916255513
0.7231801602633247
0.5218011821769055
0.3378086580329547
0.045383839198291476
0.7171419943856232
0.5135202755603006
0.3207017725413832
0.01291727043270674
0.6948102934045238
0.49644848282386134
0.2952456942944792
0.971829499136776
0.6708322144137415
0.48172897260923264
0.2780409938293702
0.9490001345942812
0.6600645024532106
0.4786596815441011
0.28023371644300044
0.9567742242649006
0.667471782909353
0.4887557548925261
0.3010518121573855
0.9925182575746261
0.6899678926928494
0.5057908887715112
0.3262455737391232
0.03370963710359742
0.7144071715760774
0.5192579684378678
0.3394775725800594
0.051970641454367694
0.7236221458031796
0.5208528898777769
0.3347182561710933
0.03887598016288374
0.7122412720598408
0.5093640647932582
0.3139737880402289
0.0014077481005410064
0.6877155243653416
0.4917211703726774
0.28910673906836193
0.962992696789046
0.6662184327471579
0.47953021715867883
0.27651128593509267
0.9479307698885384
0.6602665137149937
0.4802195212605247
0.28438885322186613
0.9641948661475385
0.6724039760266076
0.49310165429420216
0.30828238379347317
0.004581360717363037
0.6972157551995338
0.5102356292904786
0.3314383632647524
0.04162516377567638
0.7188901720625938
0.5210544692748229
0.34001325661881676
0.05147455658964617
0.7224703862241876
0.5188901555063941
0.3303865924242593
0.03045752037398808
0.706310884286673
0.5047210671079254
0.3069075497556635
0.9898228917936124
0.6808743730812652
0.4874281046732818
0.28393477599608596
0.9560007533323808
0.6628194706982753
0.4783330251186029
0.27656649188252724
0.9492457041612228
0.6618436405124353
0.4827278144130709
0.28982134704111306
0.9735555757136442
0.6783481359708232
0.49777799604840167
0.31543031071160765
0.01636762172384776
0.7042339041859516
0.5141961732137197
0.33550032724006806
0.04741569362829212
0.7219571518357087
0.5218512304725544
0.3391714257774412
0.04863473136673635
0.7197929642212053
0.5159887527466742
0.3249540392799348
0.020456163838207253
0.6996383780339486
0.49982315844669456
0.2998664656459069
0.9787845273805276
0.674624747900022
0.4837748386253391
0.2799672721546709
0.9510861050673122
0.6607229361308256
0.478171722268522
0.2782125813201377
0.9529246929871644
0.6647503138606468
0.48606719810109267
0.29625207221646654
0.984451791101447
0.6850703013840422
0.502563284481742
0.3221068065139119
0.02717187047497127
0.7106048826047053
0.5174811846321343
0.33831433159868474
0.050927770327904076
0.7234907262196737
0.5216155338263291
0.33697965610693714
0.04356533836799148
0.7157323552231188
0.5122834441541393
0.3186515356023001
0.009358290598440178
0.6925827264487183
0.4949349727770338
0.29323588127300537
0.9688821805213561
0.6692644299258337
0.480936829670493
0.2773951326440405
0.9484110240510588
0.6599791649514497
0.47904154409620237
0.2813855757275361
0.9588733518841178
0.6688975091712521
0.490068921510999
0.3033006257568438
0.9962819934270761
0.6922374958246198
0.5072230385462269
0.32798502869003476
0.036404573740305146
0.7159537568466172
0.5199247336725259
0.3397938933765574
0.052071622940365714
0.7234312799078435
0.5203448951779883
0.33349013614974155
0.03643237266887889
0.7104825877907349
0.5079520859098425
0.31178060616203296
0.9977580932225932
0.685529046392499
0.4903195895731769
0.2873705785996714
0.9605914548259261
0.6650179947849357
0.47904494077576487
0.2763562330737066
0.9480854331757813
0.6606137060644708
0.48090742154229993
0.28596368256770077
0.9669328156891769
0.6741657841274642
0.4945406888179831
0.31054900098224203
0.008336878769501954
0.6994583031865937
0.5115373882398364
0.3328383021075796
0.04367595809822289
0.7200097559587666
0.5214137132435344
0.33989700170770076
0.050832990943574075
0.721790479069767
0.5180771462877405
0.32879445576414845
0.027475518369135088
0.7042851819626874
0.5032024601071159
0.30468153345878446
0.9862778851507662
0.6788383330650523
0.4862061831605127
0.28255278962689134
0.9542294464449398
0.6620199016774788
0.4781707002049993
0.2769127616741138
0.9501468914390995
0.662614508537287
0.4836914794385758
0.291744453813092
0.9768280531809507
0.6803837877153784
0.49927607269125995
0.31758921781717175
0.019888283403258544
0.7063180985314581
0.5153062969075441
0.3365206655846309
0.048766213973204575
0.7226063896527012
0.5218891854841452
0.33862817576544524
0.04727994825708759
0.718661638631493
0.514906979392775
0.32306047448947073
0.017071515742741905
0.6974515180873831
0.4982782806899233
0.29772769470916316
0.975535448089101
0.6728378595828863
0.48279102794820816
0.2790038294478545
0.950001053610142
0.6603427418606731
0.47833427128446404
0.279046700761028
0.9545497730777333
0.6659208337411169
0.48725813066524015
0.29841281788099194
0.988088883400595
0.6872849494867141
0.5040470667313608
0.3240464884574332
0.030255165958349428
0.7124052272262816
0.5183435506094716
0.33892424613025307
0.05154309631570975
0.7236444910164496
0.5213280734020056
0.33602309181493095
0.04154392991802269
0.7142057571715611
0.5109850121610606
0.31654530103713396
0.005749912398719692
0.690355594425932
0.4934485222769598
0.29130174801010833
0.9660942428372301
0.6678066361314152
0.48023796390415296
0.2769002565095757
0.948052934171429
0.660029312046283
0.4795214233890166
0.2826758422120521
0.9611803434205365
0.6704335534867407
0.49142827398751665
0.30556892834854077
6.78616755225292e-05
0.6945125056637313
0.5086211418256008
0.3296233191252431
0.03890580330426241
0.71737270564782
0.5204974377321245
0.3399748263835205
0.051938255073787465
0.7230846600863724
0.5197386496665715
0.33214310914243095
0.033808787667857665
0.7086303946006559
0.5064987912921266
0.3095647763759637
0.994120212090499
0.6833784082064445
0.4889674867977645
0.28573762154100546
0.9583802346809138
0.6639404681276349
0.4786598784309011
0.2763583006378312
0.9484749033219642
0.6610953100794397
0.4816858548742906
0.2876573960930924
0.9698524090838941
0.6760215231072091
0.49600578136504003
0.3127950001282167
0.012042738701396605
0.7016654770419315
0.5127855829268133
0.33412315699564754
0.04551223792977477
0.7209857335609553
0.5216732930683152
0.33964594800116776
0.04996393027564827
0.7209640913140976
0.5171751761848831
0.3270997488138303
0.024350311009014858
0.7021965352188194
0.5016664998499492
0.30246963999909493
0.9828055858780448
0.6768703202365449
0.4850529658238938
0.2812955540812001
0.9526677967916177
0.6613500925007751
0.47811041630455264
0.2774142300976947
0.9512782500364629
0.663513726762436
0.48473225256903474
0.2937553055047666
0.9802359039024456
0.6824871727795006
0.500777687712681
0.3196903503402173
0.023291598714676898
0.7083260083730631
0.5163443971610397
0.33741533287457104
0.04988937572160568
0.7231023302955513
0.5218252479094794
0.3379536915099217
0.04571070100465313
0.717399830243453
0.513751204824975
0.3210898609818673
0.013596289125137995
0.6952389111355477
0.4967428009488415
0.2956411134168433
0.972415119937743
0.6711467091917129
0.48189217553550234
0.27818261548781065
0.9491400829856808
0.660096502473607
0.4785974394333845
0.2800278867614878
0.9563938191841785