0
0.4747474747474748
0.9293775869472869
0.43866972751389155
0.900102958196872
0.43630867998321765
0.9229104981329906
0.468800565487153
0.9898906379241118
0.5190627627365534
0.06344866058193355
0.558409501748536
0.09905604965348869
0.5654757050733716
0.08281083847030457
0.5368463321027392
0.020096277752349456
0.4873118885432806
0.9443877587568759
0.4450535970631495
0.9026303290352887
0.43333367607268714
0.9122499557708954
0.45786329496448164
0.9701596963258069
0.5061887215334702
0.04716747638773433
0.5509621947835269
0.09483353670833106
0.5672483821900938
0.09187533749156329
0.5470167518745443
0.03922686308383705
0.5003722435868192
0.9618154186877503
0.45351403708391524
0.9085504007940346
0.43278665727884347
0.9048363714836243
0.4485609934319057
0.9518471115329509
0.49307051119623235
0.028752071117926548
0.5415568841326015
0.08723072020181633
0.5665617469550568
0.09760340114580446
0.55536545016475
0.05653191280352887
0.5134178617494118
0.9810253886747904
0.46377667041831727
0.9177988276319076
0.4346969738358639
0.900806288950907
0.4412319474592947
0.9357042758148304
0.4802254688130838
0.008967707579669693
0.5305395758249174
0.07639345087780858
0.5634524293182315
0.09993924298352574
0.5616262421650577
0.0713914806486593
0.5259396612963917
0.0011478191934797266
0.47543772969587056
0.9301557328036844
0.43897288410867974
0.9001559524169277
0.4360771929911309
0.9222240248448674
0.46814455928447085
0.9887505574467157
0.5183486179064807
0.06259307743837028
0.5580439835141269
0.09890753373186945
0.5656407577991264
0.08341045748224163
0.5374647542275761
0.02121481958078486
0.48804324394552023
0.9453152587743134
0.4454793439464977
0.9028749770512797
0.4332369198228143
0.911741091775597
0.45728874942470177
0.9690760658692843
0.5054471611576097
0.046175134657768124
0.5504790542492658
0.09449254691176368
0.5672754880410251
0.09229031580484737
0.5475416523877569
0.04026321352045903
0.5011166828304044
0.9628634910749612
0.45405065069511563
0.9089868723894732
0.4328296231942641
0.9045171864669973
0.4480905589114066
0.9508687429566676
0.49233063094441576
0.02765939794050376
0.5409718634815298
0.08670097834967883
0.5664493682034174
0.09782621804415781
0.5557777631304753
0.05744366833178871
0.5141459175326136
0.9821500064528061
0.4644041717313754
0.9184184895606754
0.43487725419706225
0.9006794735117343
0.4408803903416523
0.9348658001429484
0.47951616193453495
0.007824656847484901
0.5298759476832604
0.07568787724178794
0.5632061600115689
0.09997065480770773
0.5619150007801947
0.07215141145515469
0.5266235951531826
0.0022954597152651246
0.47613102017046394
0.9309428976813591
0.43928320347987126
0.9002197442179052
0.4358531349253796
0.9215471839907837
0.46749248856164627
0.9876122285020655
0.5176321822675047
0.06172904484203556
0.5576715246794671
0.09874815466222309
0.5657981599452409
0.08399997882974475
0.5380785147489544
0.022330064468901734
0.4887761145060564
0.9462504969571233
0.4459117545258713
0.903130546359525
0.43314800217240945
0.9112427285495832
0.45671955380477813
0.9679971970819736
0.5047049019848604
0.04517598028547276
0.5499896352391428
0.09414066985404101
0.5672946546917499
0.09269450951097791
0.5480606022989354
0.0412934947426995
0.501860978310418
0.9639172106015035
0.45459302357809994
0.9094340486374677
0.43288050683037094
0.9042089151803703
0.44762654842825245
0.9498975285876236
0.491591731193457
0.026562447408709167
0.5403817196763712
0.08616086226008424
0.5663292075998678
0.09803812718073335
0.5561833085049956
0.05834742287328587
0.5148721899527402
0.9832774015226344
0.4650360898963508
0.9190480954354654
0.4350651110170336
0.9005634956320506
0.44053585260637806
0.9340359792229584
0.4788094014738542
0.006680387886775607
0.5292086331431458
0.07497283633887752
0.5629525370555982
0.09999128005624658
0.5621965241322777
0.07290214757183566
0.5273042436124209
0.003442742915602315
0.4768272626703842
0.9317390215412813
0.4396006614469812
0.900294338942961
0.4356365311015873
0.9208800299764743
0.46684443625747507
0.986475828285637
0.5169135418002315
0.060856634703548185
0.5572921527832021
0.09857790389494125
0.5659478875283325
0.08457935270659034
0.5386875329219101
0.023441841081492942
0.48951040972192134
0.9471933802089
0.4463507914187077
0.9033970392008955
0.4330669398539997
0.9107549052737143
0.4561557815250561
0.966923247504089
0.5039620386811836
0.04417013343151277
0.5494939897969515
0.0937779182368188
0.567305878176833
0.09308789602574641
0.5485735411278774
0.04231757178564699
0.5026050342728449
0.9649764311247613
0.45514108881666315
0.9098918989280713
0.43293929794942154
0.9039115627681505
0.44716900704073037
0.94893357600099
0.4908539049643996
0.025461384456699765
0.5397865302107204
0.08561041680907566
0.5662012859728414
0.0982391349159435
0.5565820541580278
0.05924309399076222
0.5155965906932342
0.984407399103399
0.4656723426938112
0.9196875928252213
0.43526051911021724
0.9004583472022012
0.4401983595197032
0.933214878429432
0.4781052719647425
0.0055350788899890535
0.5285377152760578
0.07424838388946609
0.5626915852594345
0.1000011205730118
0.562470787935265
0.07364363165415488
0.5279815235154839
0.004589490189316869
0.47752637354292066
0.9325440434474045
0.4399252337324491
0.9003797426707779
0.4354274068978561
0.9202226168644081
0.46620048523022595
0.9853415336194302
0.5161927829241257
0.059975920882596956
0.5569058961485557
0.09839677308130224
0.5660899170582678
0.08514853015763735
0.5392917285327921
0.024549979194766314
0.49024603854268434
0.9481438125489058
0.4467964157540316
0.9036744564833536
0.4329937483804356
0.9102776594898158
0.45559750479314354
0.9658543725281302
0.5032186662279874
0.043157717393948136
0.5489921717390167
0.09340430677521017
0.5673091561671735
0.09347045482832961
0.549080410105016
0.043335312664420034
0.5033487550953397
0.9660410039333232
0.4556947780179943
0.9103603907495946
0.43300598485095887
0.9036251326602315
0.4467179781257937
0.9479769896732485
0.4901172447903879
0.02435637556610959
0.5391863733984253
0.08504968806874835
0.5660656249669014
0.0984292483179523
0.556973969075823
0.06013060165497963
0.5163190319610843
0.9855398237760595
0.4663128476765699
0.9203369288074712
0.43546345316300594
0.9003640205080291
0.4398679359859863
0.9324025618130061
0.4774038576627784
0.004388908199298935
0.5278632771676096
0.07351457597960742
0.5624233292803431
0.10000017724280896
0.5627377677882746
0.07437580684978151
0.528655351739325
0.005735522999853249
0.47822826895219284
0.9333579014627627
0.44025689589964623
0.9004759621392855
0.43522578771428977
0.9195749983479591
0.46556071822713974
0.9842095208912041
0.5154699925240838
0.059086979312393595
0.5565127839714719
0.09820475420458186
0.5662242256209573
0.08570746316578748
0.5398910219715112
0.02565430980563521
0.4909829093794108
0.9491016950417329
0.44724858711288995
0.9039627976716881
0.4329284419739847
0.9098110270230293
0.4550447945299929
0.9647907252830463
0.5024748798773282
0.04213885858216271
0.5484842366488869
0.09301985222617293
0.5673044879815379
0.09384216746350549
0.549581152198302
0.04434658843002204
0.5040920453381181
0.9671107778505211
0.45625402137616744
0.9108394897475942
0.4330805544274723
0.9033496266606145
0.44627350342001404
0.9470278710235495
0.4893818426945544
0.023247588647932194
0.5385813282952842
0.0844787232147115
0.5659222469573715
0.09860847502966519
0.5573590232763748
0.061009868130048606
0.5170394264694299
0.9866744995610728
0.4669575222160265
0.9209960500195131
0.4356738877925044
0.9002805083317816
0.43954460662367145
0.9315990922189552
0.4767052425796554
0.003242054275125028
0.5271854019207001
0.07277146909659393
0.5621477936295971
0.09998844998067602
0.5629974391552636
0.07509861674463636
0.5293256451845172
0.006880662905354162
0.4789328648462921
0.9341805325395739
0.44059562328540247
0.9005830046600214
0.43503169892564175
0.9189372277161365
0.46492521784818486
0.9830799659877807
0.5147452579741032
0.0581898881215801
0.556112846408256
0.09800183971280552
0.566350790962767
0.08625610474185263
0.5404853343064884
0.026754665244755227
0.49172093011834295
0.9500669257367942
0.44770726347498346
0.9042620606842078
0.43287103350026945
0.909355041909987
0.4544977202990743
0.9637324565219048
0.5017307751045301
0.04111368647988156
0.5479702418642126
0.09262457340600472
0.5672918745899379
0.09420301753312099
0.5500757121326465
0.04535127321505117
0.5048348097931274
0.9681855993431757
0.45681874773991993
0.9113291597912312
0.4331629922259901
0.9030850450443597
0.44583562306748536
0.9460863184657137
0.48864779017247173
0.022135192926877822
0.5379714746223194
0.08389757043459145
0.5657711749651776
0.09877682313543801
0.5577371877227748
0.061880817854414794
0.5177576874166016
0.9878112499900676
0.4676062835430639
0.9216649027011186
0.435891797599232
0.9002078040449452
0.4392283958368366
0.9308045314013567
0.47600951051687135
0.002094695667841595
0.5265041726636086
0.07201912017469869
0.5618650026862989
0.09996593773291074
0.5632497773525964
0.07581200531891774
0.5299923207680032
0.008024731587471079
0.4796400769234602
0.9350118724042421
0.44094139092764695
0.9007008780238384
0.4348451658275234
0.9183093578093656
0.4642940665041988
0.9819530442223275
0.5140186671576432
0.05728472775254945
0.555706114661941
0.09778802265205266
0.5664695915757598
0.08679440901629443
0.5410745873616933
0.027850879292643516
0.4924600081392521
0.9510393996181572
0.448172401171957
0.9045722417972119
0.4328215344076831
0.9089097363337029
0.45395635023931646
0.9626797145140145
0.5009864475586929
0.04008233359767077
0.5474502464559916
0.09221849119698655
0.567271318608817
0.094552990676676
0.5505640364016714
0.04634924426877163
0.5055769535309889
0.9692653126345832
0.4573888846840539
0.9118293630461634
0.4332532825150266
0.9028313866621615
0.4454043756743127
0.9451524274705103
0.48791517817930696
0.021019358828966883
0.5373568926912732
0.08330627883861697
0.5656124325726712
0.0989343010285415
0.5581084342354293
0.06274337731842516
0.5184737284619056
0.988949898171475
0.4682590487832812
0.9223434327281628
0.4361171572132907
0.9001459016922823
0.43891932788174315
0.9300189401319987
0.47531674509836064
0.0009470109921103642
0.5258196725627405
0.07125758665085935
0.5615749807190686
0.09993263848982759
0.5634947575445907
0.0765159169133307
0.5306552954208354
0.009167550883463882
0.4803498205978104
0.9358518554381055
0.441294173488735
0.9008295903986515
0.43466621357662616
0.9176914409668586
0.4636673463696037
0.9808289302556343
0.5132903084843559
0.05637158107525564
0.5552926210666881
0.09756329679933007
0.566580606783039
0.08732233133186362
0.5416587037951737
0.028942787298172012
0.49320005033834496
0.9520190085650888
0.4486439548476966
0.9048933355578778
0.43277995467280683
0.9084751405659254
0.45342075100240553
0.9616326449423505
0.500241993011528
0.039044935415333715
0.5469243112004046
0.09180162854330831
0.5672428242881105
0.09489207454106152
0.5510460732716613
0.04734038198128587
0.5063183819453285
0.9703497598209041
0.4579643585838471
0.9123400600531457
0.43335140835628194
0.9025886490517576
0.444979798369207
0.9442262906376377
0.487184097121669
0.019900257872916827
0.536737663332861
0.0827048983732328
0.5654460438411789
0.09908091728043322
0.5584727354039062
0.06359747493954337
0.5191874636986004
0.9900902668503064
0.4689157349865072
0.9230315856367972
0.4363499413336227
0.9000947960664356
0.43861742692782846
0.9292423783031618
0.4746270298015034
0.9997991789031222
0.5251319848396121
0.0704869265299033
0.5612777519154002
0.0998885493101227
0.5637323547470674
0.07721029620569198
0.5313144860911981
0.010308942822200073
0.48106201096515805
0.9367004145549116
0.441653945175132
0.9009691502200575
0.4344948671254967
0.9170835289662163
0.46304513932993885
0.9797077980114521
0.5125602709028616
0.055450533495527754
0.5548723991694697
0.09732765679391386
0.5666838168233873
0.08783982833607684
0.5422376071784143
0.03003022629867269
0.4939409631555802
0.9530056413236558
0.4491218774259811
0.9052253347062422
0.4327463027523675
0.9080512829177294
0.4528909876950755
0.9605913908072072
0.4994975073050434
0.038001630314777435
0.5463924985435524
0.09137401043649596
0.5672063974902748
0.09522025873949191
0.5515217727775849
0.048324569896468716
0.5070590007940281
0.9714387809899478
0.4585450946917504
0.9128612098113746
0.43345735168041877
0.9023568285553354
0.44456192686971363
0.9433079977768956
0.486454636854202
0.018778062565987907
0.5361138678283817
0.08209347973875492
0.5652720332310255
0.09921668051284316
0.5588300644991201
0.0644430409361525
0.5198988076244229
0.9912321784621534
0.46957625915046664
0.9237293066377019
0.43659012475997017
0.9000544827724853
0.43832271711263315
0.928474905023526
0.47394044798602675
0.9986513780741545
0.5244411927917305
0.06970719845896411
0.5609733404184956
0.09983366635671542
0.5639625438388935
0.07789508819797852
0.5319698097529163
0.011448729664528035
0.48177656276945835
0.9375574810759362
0.442020679654088
0.9011195660756278
0.4343311511524113
0.9164856729559359
0.4624275269245035
0.9785898205860711
0.511828643909328
0.05452167305703148
0.5544454838083805
0.09708109826620381
0.5667792029344842
0.08834685807255704
0.5428112220758882
0.031113035140850398
0.49468265260618166
0.9539991834895709
0.4496061200857149
0.9055682301067673
0.4327205855421452
0.9076381896989385
0.4523671238268894
0.959556092336824
0.49875308629852766
0.03695255950389642
0.5458548725594328
0.09093566389066421
0.5671620456615019
0.09553753479987526
0.551991086711231
0.049301694713618005
0.5077987162370986
0.9725322143415442
0.45913101721575567
0.9133927698656953
0.43357109336625355
0.902135920442037
0.4441507955534836
0.9423976359977789
0.4857268866807736
0.017652946304632877
0.5354855878450966
0.08147207431189152
0.5650904255247104
0.0993415992736808
0.5591803953866332
0.06528000720105931
0.5206076751102073
0.9923754551818122
0.4702405382386985
0.9244365406202535
0.436837682417317
0.900024958282013
0.4380352225902153
0.9277165787064613
0.4732570829202478
0.9975037871746537
0.5237473798168535
0.06891846181045658
0.5606617703712027
0.09976798494370565
0.5641852995813681
0.07857023821375919
0.5326211834196157
0.012586733948512618
0.48249339037040234
0.9384229846038031
0.4423943499680445
0.9012808465838346
0.4341750899869967
0.915897923381628
0.4618145902844857
0.9774751701524053
0.5110955175516327
0.053585090535999136
0.5540119111868831
0.09682361796302663
0.5668667474339039
0.08884338007016179
0.5433794741240899
0.032191054601624636
0.4954250243160871
0.9549995175024104
0.45009663224393615
0.9059220106899726
0.43270280834324293
0.9072358851870042
0.45184922126407434
0.9585268869058541
0.4980088258153992
0.0358978669322203
0.5453114989016035
0.09048661790802259
0.5671097777953633
0.09584389610285982
0.5524539686014621
0.050271646277654014
0.5085374348707628
0.9736298963084817
0.45972204939867245
0.9139346963966057
0.43369261332261244
0.9019259190346243
0.4437464375340281
0.9414952898068625
0.4850009353602265
0.016525083280503283
0.5348529053759129
0.08084073407408865
0.5649012457539503
0.09945568191772969
0.559523702441763
0.06610830717562743
0.5213139813669955
0.9935199189667351
0.4709084891927029
0.9251532321463127
0.43709258937253814
0.9000062199762048
0.43775496757264754
0.9269674571500912
0.4725770178042219
0.9963565848482459
0.5230506294402433
0.06812077677314177
0.5603430659667756
0.09969149959418067
0.5644005966453294
0.0792356919059174
0.5332685241646409
0.013722778539885017
0.4832124077126333
0.9392968528959538
0.4427749284474496
0.901453000268498
0.4340267075322206
0.9153203299067343
0.4612064100669735
0.9763640178589221
0.5103609824289657
0.052640879527974915
0.5535717189433895
0.09655521386847221
0.5669464337971969
0.08932935542895581
0.5439422901093984
0.03326412750804808
0.49616798356103925
0.9560065226512139
0.45059336154670215
0.9062866634044636
0.43269297483599933
0.9068443916057629
0.45133734018980753
0.9575039089623
0.49726482159037033
0.034837699199004035
0.5447624447489842
0.09002690343514796
0.5670496043892522
0.09613933781001305
0.5529103736867897
0.05123431755804453
0.5092750637575464
0.9747316616772557
0.4603181135976979
0.9144869443121142
0.4338218905721285
0.9017268178393028
0.44334888474026934
0.9406010412120513
0.48427687111643003
0.01539464839198823
0.5342159026836847
0.08019951154642424
0.5647045191311982
0.09955893649306358
0.5598599604672467
0.06692787572563885
0.5220176419122262
0.994665391595854
0.4715800289385286
0.9258793254336344
0.43735482084315835
0.899998266177699
0.43748197636425523
0.9262275976085239
0.4719003357892886
0.9952099496898812
0.5223510253443431
0.0673142044504984
0.5600172515059657
0.09960420410833759
0.564608409645703
0.07989139527442002
0.5339117491467821
0.014856686688066167
0.48393352829709946
0.9401790117388535
0.44316238662275165
0.9016360354297797
0.43388602718346814
0.914752941328656
0.4606030663853229
0.9752565337238507
0.5096251296867527
0.051689136525824075
0.5531249462155708
0.0962758853192951
0.5670182467323164
0.0898047469020018
0.5444995980440537
0.03433209885536215
0.49691143530896387
0.9570200750913829
0.451096253867896
0.9066621731796355
0.4326910870618146
0.9064637291145087
0.4508315390714037
0.9564872899636557
0.49652116921748
0.033772205454603466
0.5442077787463311
0.08955655331060663
0.5669815373939889
0.09642385678253929
0.5533602588804085
0.05218960461648958
0.5100115104520628
0.9758373437076905
0.46091913136355944
0.9150494673403955
0.43395890333622233
0.9015386096777336
0.442958167999268
0.9397149698329448
0.483554781652485
0.014261817161631996
0.5335746622505342
0.07954845973185654
0.5645002709862617
0.09965137063405693
0.5601891446141132
0.06773864901978177
0.5227185725354497
0.9958116947041291
0.4722550743879066
0.9266147643288211
0.4376243521981018
0.900001096170913
0.4372162733883225
0.9254970568538016
0.47122711999362976
0.994064060221502
0.5216486514004255
0.06649880696575194
0.5596843514600234
0.09950609164146029
0.5648087131832161
0.0805372946938332
0.5345507756417867
0.015988282087952
0.48465666515495054
0.9410693848238952
0.44355669513628326
0.9018299600127011
0.4337530717454028
0.9141958054912039
0.46000463873638964
0.974152886525187
0.5088880510068694
0.050729960988395106
0.5526716336988754
0.09598563311402675
0.5670821722497263
0.09026951897206192
0.5450513272395874
0.03539481592229565
0.49765528426525824
0.958040047872693
0.4516052533159165
0.9070485228991959
0.4326971454130426
0.9060939158076485
0.45033187463471247
0.9554771583227823
0.4957779640994615
0.0327015372959476
0.5436475709399442
0.08907560220461352
0.5669055901570811
0.09669745149115139
0.5538035827280043
0.05313740656368027
0.5107466830223417
0.9769467742506861
0.46152502351859126
0.915622218122225
0.43410362912049116
0.901361286820167
0.44257431712138784
0.9388371530163253
0.4828347541687579
0.013126765659505102
0.5329292667324413
0.07888763206547056
0.564288526708563
0.09973299146183279
0.5605112303064517
0.0685405644117929
0.5234166892641539
0.9969586498134394
0.4729335424342158
0.9273594922699624
0.43790115895044
0.900014710210701
0.43695788320604256
0.9247758912281374
0.4705574535134245
0.9929190948655257
0.5209435917016525
0.06567464757271568
0.5593443905390603
0.09939715479111078
0.565001481892902
0.08117333695018969
0.5351855210795962
0.017117388947661905
0.48538173082442587
0.9419678936260591
0.44395782365479675
0.9020347814742288
0.4336278633473629
0.9136489691943428
0.45941120592518114
0.97305324368708
0.508149838593142
0.04976345539925209