0
0.2631578947368421
0.44701011533831325
0.6048541929301092
0.8114142385909645
0.09170032048981458
0.32863129381050377
0.49550089033873157
0.6601212316356804
0.8919635144836788
0.17377008876128208
0.38495391506650106
0.5434949330229868
0.7235137226939694
0.9820105752015136
0.24948299962536669
0.43737837236009075
0.5947645893990994
0.7967825797838903
0.07496486375290812
0.31703538583973623
0.48648345109016927
0.6491813630693185
0.8760173599557677
0.15876228837409023
0.3746513632480942
0.5341475417605046
0.7105867967002992
0.9641758917422074
0.23552617038594015
0.42762781961340257
0.5847776261226697
0.7823399186293511
0.05784247829984368
0.30505628425475767
0.47740671507755483
0.6384984069136352
0.8604242967886486
0.14353023610971993
0.36421072651167125
0.5249390317280767
0.6980858863967025
0.9466142008527214
0.22133766384703324
0.41777062686145744
0.5748938362393581
0.7680971573567711
0.04036405711825375
0.29266458659126215
0.4682298315643371
0.6280152785868324
0.8451263952986361
0.12801894977618877
0.3535845614403016
0.5158403613006672
0.6860032723215217
0.9293965473265664
0.20694502773751555
0.40781015523881536
0.5651151329565679
0.7540769592686132
0.022590149410976146
0.27984615255433276
0.4589198424075037
0.617680768404239
0.8300651449516496
0.11216809364463276
0.342715912827518
0.5068116272139835
0.6743121155474512
0.9125598419258508
0.1923611682174755
0.397746788852566
0.5554512201228263
0.7403237221537515
0.004626666814033342
0.2666166038776029
0.44946239053281434
0.6074618783964958
0.8152017188976259
0.0959340372439983
0.3315516920485526
0.49781215194532297
0.6629787222676607
0.8961209997287376
0.17759278286859037
0.3875814048864752
0.545919550457385
0.726900249061813
0.9866217150151371
0.25302444889925124
0.43986407933635463
0.5973461114288199
0.8005226342791407
0.07930067064389101
0.3200487503131305
0.48880336277533276
0.6519642733484453
0.8800770784113471
0.1626363110590361
0.37730900901249137
0.53653418826271
0.7138664570042637
0.9687341080432972
0.23913434685265678
0.4301424941089089
0.5873326817394051
0.7860306299380061
0.06227552649064094
0.30817116658853194
0.47974581774927005
0.6412206908816918
0.8643983012071527
0.14746638205134754
0.36690767360678167
0.527292079290979
0.7012557440997238
0.9510937471591895
0.22500185703144338
0.4203120808372134
0.5774223782255037
0.7717350429381391
0.044884268596811605
0.295887661385692
0.470598323450856
0.630691621713111
0.8490305755294696
0.13203276686322418
0.3563344660606717
0.5181687845496654
0.6890677768475513
0.9337831756407793
0.21066004336374688
0.41037810215095083
0.5676161606861884
0.7576544172722346
0.027178130022786462
0.28317872611690725
0.46132477375139114
0.6203229639127887
0.8339132849591968
0.11627427280298708
0.34553350328162796
0.5091260590556005
0.6772791442600351
0.916846342986092
0.19612445001764733
0.400341067755358
0.5579212934070157
0.7438271028050986
0.009250536592477099
0.2700513058733405
0.4519053150076737
0.6100763046508291
0.8190012747420088
0.10014129305272101
0.33444971137341584
0.5001228053843092
0.6658573020812641
0.9003046793080753
0.1814031897219721
0.39020192885770066
0.5483539138218733
0.7303126280899694
0.9912407607911193
0.2565463024879939
0.44234167817468123
0.5999343828647653
0.8042750050809406
0.08361055430176512
0.32303738796873827
0.49112007392818235
0.6547651000903854
0.8841610187889395
0.16649639553374906
0.37995826756554535
0.5389304028085937
0.7171742105493619
0.9733088974235159
0.24272666619287797
0.43265004625588455
0.5898945450238335
0.7897342566753514
0.06668430365100897
0.31125922109089654
0.48207896515840387
0.643957114910911
0.8683928592450534
0.1513851986583723
0.36959335505587526
0.5296530369358279
0.7044536060498712
0.9555952489005362
0.2286523370626985
0.42284672863869593
0.5799577504055129
0.7753869983137964
0.049383484776730935
0.2990825343366321
0.4729584130669942
0.6333784586457459
0.8529511854150442
0.13602508938753588
0.3590693396495935
0.5205025316217606
0.6921586597944713
0.938194559968299
0.21436230625439112
0.41293924167538554
0.5701244780870381
0.761248459159506
0.03175124503953275
0.2864835068921994
0.46371996026541873
0.6229730881144847
0.8377748203333137
0.120355603236735
0.34833238257595456
0.511443077567507
0.6802703830697605
0.9211589954150026
0.19987551733157516
0.40292862316177014
0.5603997695929053
0.7473510927156832
0.013868865816853315
0.2734609787734182
0.45433864953665004
0.6126975607526339
0.822812978906601
0.10432217694412604
0.33732601552240105
0.5024334929141312
0.6687576693536128
0.9045147455938118
0.185201459874766
0.3928156353818326
0.5507978446843408
0.7337499321824359
0.9958650595795657
0.2600474246073219
0.4448108384852223
0.6025293749977031
0.8080395794602776
0.08789426316181492
0.32600187764363864
0.49343427060960277
0.657584729967817
0.8882698757595521
0.17034314256826466
0.3825996465261552
0.5413363776694244
0.7205097124370246
0.9778983372865138
0.24630230932993502
0.4351502862280163
0.5924632151797792
0.7934506181303003
0.07106827192095411
0.31432095246380165
0.48440686438724223
0.6467086757470669
0.8724090211121767
0.15528768885145383
0.37226863073456123
0.5320224515885023
0.7076796872273179
0.9601176217716751
0.2322887001026568
0.42537454191286606
0.582499927176407
0.7790526289008829
0.053860640834106466
0.3022494322651096
0.47531065466788586
0.6360766564935834
0.8568892349262156
0.13999697231156927
0.3617901790158711
0.5228423082810725
0.6952764219051946
0.9426301524886163
0.21805163281205742
0.41549357389468355
0.5726399005511694
0.7648582777216919
0.03630759601430422
0.28976016734265464
0.46610560527260353
0.6256316594886995
0.8416503650622504
0.12441279278785977
0.35111344237321307
0.513763370416318
0.6832864095291222
0.9254975403286142
0.2036142551931044
0.40550942600032763
0.5628863197450672
0.7508945600049046
0.018479014803712612
0.27684470761881985
0.45676222377438624
0.6153258029257777
0.8266369920636152
0.10847689414876038
0.3401813072488496
0.504744857109849
0.6716804841040483
0.9087512759342907
0.18898765776020898
0.3954226072552233
0.5532510974965874
0.7372111296789159
0.0004918597015224346
0.2635266602648409
0.44727122576692596
0.6051310688300098
0.811816271316965
0.09215161800594052
0.32894281168875483
0.4957466236057828
0.6604240004678328
0.8924042156370748
0.17417702800193235
0.38523355185890507
0.5437522011181117
0.7238724542896361
0.9825002830625281
0.24986035017731778
0.4376429763799423
0.5950386813872707
0.7971795553928518
0.0754269784574606
0.3173568953899164
0.4867302285303088
0.6494763604757112
0.876447777302671
0.15917477625438448
0.37493428442403576
0.5344007936665196
0.7109340804017553
0.9646595861216436
0.23591044739718114
0.427895460935174
0.5850489030053154
0.7827316183764232
0.05831484195541803
0.30538868201319375
0.47765566333090487
0.6387871414141397
0.8608457859095718
0.14394949940754787
0.3644979718581442
0.5251888006629615
0.6984215179841109
0.9470893010645565
0.22172780536165515
0.4180411040838514
0.5751622921645532
0.7684831792137405
0.04084551278745141
0.2930085404089333
0.4684820142796178
0.6282992974462291
0.8455406544605919
0.12844666643206537
0.35387761758920677
0.5160876390859856
0.6863277891764694
0.9298616515845851
0.20734053133739683
0.40808344883608383
0.5653806370998925
0.7544564255087389
0.023078491913382848
0.28020170890093143
0.4591759511562627
0.6179612681248896
0.8304735781915932
0.11260577559051033
0.34301633462473186
0.5070575466547244
0.6746263756414176
0.9130142447013586
0.19276177892366864
0.3980228769833519
0.5557133774753773
0.7406951148440746
0.005118361552301831
0.26698286859642006
0.4497225200436324
0.6077394682939197
0.8156050340516685
0.09638252098918398
0.3318608005508492
0.49805778993802235
0.6632836983968046
0.8965644725011367
0.17799840589913063
0.38786029188922766
0.5461778606526653
0.7272617691401532
0.9871123853153556
0.2533997691396328
0.4401278366672865
0.597620922285422
0.8009209250418613
0.07976004372107326
0.320367604284697
0.48904976696726254
0.6522611317613214
0.8805100338660596
0.16304728507095234
0.3775910114629812
0.5367884450009758
0.7142167384910649
0.9692196486073272
0.239516973793509
0.4304093858718479
0.587604682083221
0.7864237120382458
0.06274533860446474
0.3085006897897179
0.4799940998120776
0.6415108811819773
0.8648219240772907
0.14788375375623408
0.3671936786199941
0.5275426610871059
0.7015943390652463
0.9515712273413849
0.22539055749955317
0.42058183519330894
0.5776915622390364
0.7721225818331413
0.04536354867748127
0.2962286100423852
0.4708495888259273
0.6309767169870175
0.8494465352920172
0.13245815004035055
0.35662587718144617
0.51841659442064
0.6893950728775515
0.9342509347429977
0.21105419932390412
0.41065067239610836
0.5678824499524977
0.7580356880253962
0.027664989286158015
0.28353134858539575
0.46157984010219166
0.6206042848859921
0.8343231166959564
0.11670928349719101
0.34583189518097235
0.5093722212528589
0.6775959500626159
0.917303535837371
0.19652376712180208
0.4006164424108171
0.5581843599313951
0.7442007409509968
0.009741771273088062
0.2704149569201221
0.45216443541113216
0.6103546152704381
0.8194058763938211
0.10058696731552641
0.33475647942097975
0.500368416537802
0.6661645617590138
0.9007509499327273
0.18180751712763454
0.39048008539372436
0.5486132508221289
0.7306768437914573
0.9917321176236986
0.2569194735440592
0.442604554409305
0.600209909416664
0.8046745980495139
0.0840671557606325
0.32335364732518956
0.4913661785142185
0.6550639159746109
0.884596592046057
0.16690592543731775
0.3802394101035875
0.5391856897526073
0.7175274609110425
0.9737960906208708
0.24310756132573785
0.4329161706190802
0.5901672691226073
0.790128700590596
0.06715150253624569
0.3115859215637202
0.48232665555934384
0.6442488669300411
0.8688187295216907
0.1518007884402448
0.3698782143160412
0.5299044929539052
0.7047951924625743
0.956075002413531
0.22903955763735362
0.42311575830551246
0.580227658517972
0.7757760081089773
0.049860467285780086
0.29942049657603326
0.47320881668956166
0.6336647192156712
0.8533689498917325
0.13644824899792996
0.3593592116095046
0.5207509491421233
0.6924887899408702
0.9386649200642074
0.2147550963039655
0.41321108816579855
0.5703915305207647
0.7616314433336298
0.03223640848325271
0.28683315289284383
0.4639740008836061
0.6232552805957176
0.8381861099105585
0.12078801199511924
0.34862883710820913
0.5116895548954439
0.6805897965513313
0.9216189541078772
0.20027352964108114
0.403203281449725
0.5606637097328497
0.7477268543655011
0.014359354077315034
0.2738219133306118
0.4545967391657959
0.6129766052553159
0.8232188796706007
0.10476505782899181
0.3376305158401255
0.5026791454137461
0.6690672844295773
0.9049638275580549
0.1856045023006594
0.39309307310881175
0.551058185280844
0.7341167382952707
0.9963568142819018
0.26041832404924414
0.44507279794900556
0.6028056145526628
0.8084404640230013
0.08834807038683712
0.3263156046512975
0.4936801476135286
0.657885594739913
0.8887081332315722
0.170751284872541
0.3828799770996806
0.5415927091248253
0.7208658853748691
0.9783869654865741
0.2466813791193163
0.4354156201434048
0.5927366624006285
0.7938464060846275
0.07153280565600806
0.3146448858347336
0.484654038834747
0.6470020951494004
0.8728372473841826
0.15570159905093228
0.372552431415069
0.5322748356995888
0.7080242810879265
0.9605995222352253
0.23267439251113275
0.4256428422011326
0.5827705580312772
0.7794430725401815
0.054335223006455546
0.302584438442549
0.4755602592927413
0.6363641782977171
0.8573089149970571
0.1404180227012506
0.3620786175515316
0.5230914075553335
0.6956094369843442
0.9431030495658344
0.21844303566485856
0.41576469705438246
0.572907699421079
0.765242896153842
0.03679087526441549
0.2901068116110721
0.46635864785364783
0.625914784583793
0.8420631850014023
0.12484268197879733
0.3514080569962942
0.5140102368384625
0.6836084913893824
0.9259602333597622
0.20401094937141462
0.4057833647809941
0.5631510995825422
0.7512723274523637
0.01896848404964846
0.27720283578342914
0.4570192692182172
0.6156056024488807
0.8270442148486855
0.10891701072709914
0.3404836171099208
0.5049906195237093
0.6719925227961392
0.9092031711833234
0.18938941769841122
0.3956993317417895
0.5535124123617645
0.7375804116221383
0.000983716027262993
0.2638951655505049
0.44753223341732784
0.6054080204648942
0.8122184403864433
0.09260261654271584
0.32925407027497444
0.4959923434736675
0.6607270001654272
0.8928452097614494
0.17458382601955558
0.385513107770735
0.5440095804430974
0.7242314862838283
0.9829901058525601
0.25023749038002485
0.43790749195707834
0.5953128499330979
0.7975766714687504
0.07588880336622172
0.31767811979584953
0.4869769627520596
0.6497715509857969
0.8768784602901678
0.15958709951084638
0.37521710482416615
0.5346541508538232
0.7112816836261041
0.9651434852116655
0.23629455252565124
0.42816302327074995
0.5853202567610094
0.7831234661521552
0.0587869376496899
0.3057207718956091
0.47790453729341287
0.6390760256660031
0.8612674963610265
0.14436855626056366
0.36478508068033555
0.5254386528985284
0.6987574629279236
0.9475646587930184
0.22211779529295272
0.418311504490934
0.5754308257767804
0.7688693648283722
0.041326743615979655
0.2933521742845058
0.468734097089231
0.6285834267519435
0.8459550897081953
0.128874130017123
0.3541704938791149
0.5163349698261117
0.6866525987536991
0.9303270403417299
0.20773589248595625
0.4083566655943722
0.5656462258970796
0.7548360882351249
0.02356668755482394
0.2805569559249786
0.4594319486401632
0.6182418530817851
0.830882157671651
0.11304317070454162
0.34331653640897164
0.5073034885119228
0.6749409033554786
0.9134689449796607
0.1931622525668799
0.3982988893771332
0.5559756331710631
0.7410667520723762
0.005610021295485268
0.26734886069550257
0.449982543527666
0.608017134384793
0.8160084856314963
0.0968307056888309
0.33216965693119627
0.4983034218366207
0.6635889137259811
0.8970082416685334
0.17840389041606208
0.3881391004726121
0.5464362808749232
0.7276235804100072
0.9876031419619185
0.2537748666593016
0.4403915020095211
0.5978958093712181
0.8013193548095267
0.08021912347727378
0.32068617953371426
0.48929613584058534
0.6525581937532862
0.8809432640290515
0.16345810249116122
0.3778729199017198
0.5370428102363728
0.7145673372420022
0.9697053744652788
0.2398994207390852
0.43067619700022264
0.5878767593598966
0.7868169398154442
0.06321487567797845
0.3088299103962384
0.48024231541005724
0.6418012324497895
0.8652457805099336
0.14830093094136254
0.36747955746417377
0.5277933330161532
0.7019332508790922
0.9520489545671986
0.22577910265311218
0.42085151264317683
0.5779608233577654
0.7725102791023114
0.0458425899652084
0.2965692401338856
0.47110075981880895
0.6312619317715465
0.8498626818079418
0.13288329153088796
0.35691711964923056
0.518664465309447
0.6897226676211446
0.934718973048621
0.2114482109995488
0.4109231657073467
0.5681488212946663
0.7584171450363865
0.02815167796348894
0.28388365637480556
0.46183479643206254
0.6208856959217655
0.8347331003470867
0.11714401407760366
0.3461300766535328
0.5096184134813568
0.677913030138905
0.9177610239775014
0.1969229461039561
0.40089174106773523
0.5584475209949087
0.7445746105684738
0.010232940010153957
0.2707783238858351
0.4524234471420046
0.6106330031483415
0.8198106153742819
0.10103234366114511
0.3350630028824236
0.5006140288459873
0.6664720684709138
0.9011975189724157
0.1822117075935079
0.39075816508743766
0.5488726957291165
0.7310413400394211
0.9922235306385829
0.25729240897640415
0.44286733489192276
0.6004855118686585
0.8050743287669758
0.084523461134137
0.323669634512497
0.4916122555162542
0.6553629454042631
0.8850324477193613
0.16731530538990502
0.3805204642428688
0.539441087242141
0.7178810244447708
0.9742834471088723
0.24348826706835824
0.4331822121425821
0.590440070138398
0.7905232881819111
0.06761842042958555
0.3119123252006176
0.48257428750966486
0.6445407911922004
0.869244845196236
0.15221619497469474
0.3701629570537283
0.5301560452133609
0.7051370980350541
0.9565549905161348
0.22942661824163757
0.4233847107228733
0.580497643485842
0.7761651719369485
0.050337199209120165
0.2997581429634839
0.4734591322872629
0.6339511091886625
0.8537869126342035
0.1368711789189001
0.35964892619453104
0.5209994356504587
0.6928192244264441
0.9391355530757031
0.21514773997145342
0.41348285773720417
0.57065866300334
0.7620146047749907
0.03272138015929871
0.28718248071280383
0.4642279339051756
0.623537569121946
0.8385975584927629
0.12122014879579424
0.3489250913502329
0.5119360700444769
0.6809094908174618
0.9220792050784945
0.20067140249804027
0.40347786339868374
0.5609277406987128
0.7481028347173309
0.014849746681981024
0.27418255359172294
0.45485471827715773
0.6132557288591223
0.8236249196807812
0.10520764325348009
0.3379347795580564
0.5029248063276994
0.6693771539493165
0.9054132086693305
0.18600740840636965
0.39337043484572903
0.5513186309233598
0.7344838131629099
0.9968485939401441
0.2607889747838592
0.4453346578705646
0.6030819298003768
0.808841485389038
0.08880157958469148
0.326629066197199
0.4939260045934542
0.6581866824608292
0.8891466793638974
0.17115928244985734
0.38316022373713743
0.5418491519960063
0.7212223655404788
0.9788757324702463
0.24706024891980927
0.4356808684736044
0.5930101864031987
0.7942423359458627
0.07199705338580387
0.314968528448898
0.48490116289828694
0.6472956979399871
0.8732657301800562
0.15611533634819685
0.372836124340406
0.5325273212782095
0.7083691950137057
0.9610816425978079
0.23305991920151348
0.42591106452925104
0.5830412657058774
0.779833666736769
0.054809544693337875
0.3029191325869163
0.4758097829201088
0.63665184004613
0.8577288054026407
0.14083885569043098
0.3623669098669914
0.5233405835512622
0.6959427614922434
0.9435762120715744
0.21883428963988827
0.4160357433637861
0.5731755768646839
0.7656276841530246
0.037273944153319416
0.29045313600827927
0.4666115864157882
0.6261980128469029
0.8424761724044527
0.12527230868058692
0.35170248194872866
0.5142571490268131
0.6839308604119585
0.9264232149045617
0.204407502582596
0.4060572269139887
0.563415966803887
0.7516503014659377
0.019457829656437386
0.2775606609537699
0.45727620326491847
0.6158854838455093
0.8274515799846661
0.1093568357350394
0.34078569887805743
0.505236397688029
0.6723048230040525
0.9096553651626912
0.18979104117890455
0.3959759805409728
0.5537738288773759
0.7379499497272636
0.001475565602166995
0.26426340924543223
0.4477931379219497
0.6056850478600057
0.8126207457750796
0.09305331604062661
0.32956507031656923
0.4962380507234275
0.6610302316399925
0.8932864972900616
0.17499048316082844
0.38579258310978726
0.5442670709180976
0.724590817773376
0.9834800406220381
0.2506144189531123
0.4381719187298446
0.59558709500451
0.7979739278482906
0.07635033806888725
0.3179990597336452
0.48722365460197614
0.6500669357347125
0.8773094099421002
0.15999925906101597
0.3754998252210548
0.5349076137182603
0.711629606218042
0.9656275870710163
0.23667848497045707
0.4284305064707716
0.5855916873975462
0.7835154616853256
0.05925876456970647
0.3060525544351065
0.4781533377834311
0.6393650608525895
0.8616894294521581
0.14478740795823497
0.3650720541069517
0.5256885891903168
0.6990937216483125
0.9480402730105653
0.22250763328261902
0.41858182808140015
0.5756994369950904
0.7692557135742565
0.04180774801094378
0.2936954882943253
0.4689860805361733
0.6288676674234008
0.8463697021276066
0.12930134170333973
0.3544631914923438
0.5165823543787853
0.6869777017032622
0.9307927130772226
0.2081311109978916
0.40862980549753386
0.5659118990490029
0.7552159463050598
0.024054733696483144
0.28091189296937247
0.4596878349356712
0.6185225237336831
0.8312908839278097
0.11348027963024565
0.343616519171993
0.5075494535868105
0.6752556994048149
0.9139239425657718
0.1935625890511965
0.39857482601395366
0.5562379868072739
0.7414386324466224
0.006101642711572097
0.2677145789068199
0.4502424606713648
0.6082948767504017
0.8164120736906268
0.09727859140365291
0.3324782619717323
0.49854904841319647
0.6638943691105506
0.8974523075106136
0.17880923663768034
0.38841783084368087
0.5466948109395643
0.7279856818035733
0.9880939818151353
0.2541497401061563
0.4406550749702795
0.5981707726494289
0.8017179234374707
0.08067790958190235
0.3210044767505021
0.4895424702257799
0.6528554604092485
0.881376769786672
0.16386876409272033
0.37815473498047036
0.5372972842427308
0.7149182529101876
0.9701912834006763
0.24028168675096295
0.4309429272862184
0.5881489135724562
0.787210313042756
0.06368413702881526
0.3091588290006988
0.48049046538878254
0.6420917458843955
0.8656698717877598
0.1487179148411908
0.36776531120165606
0.5280440957647705
0.7022724798471701
0.9525269276117063
0.22616749204434616
0.4211211131644445
0.5782301615413981
0.7728981342375749
0.04632139110831135
0.2969095518890913
0.4713518370684392
0.6315472670818714
0.8502790162656272
0.13330819258648052
0.3572081946627651
0.5189123980700625
0.6900505616963775
0.9351872899396108
0.21184207818228717
0.41119558208173473
0.5684152744706692
0.7587987872891636
0.028638193680669888
0.28423564902498044
0.4620896429427227
0.6211671976010069
0.835143236599341
0.1175784653446037
0.34642804875154554
0.5098646365609436
0.6782303851873259
0.9182188071230992
0.19732198683364954
0.4011669636914649
0.558710776195146
0.7449487102798162
0.010724039577317157
0.2711414056202012
0.4526823499629594
0.6109114684406604
0.8202154918358354
0.10147742228557566
0.3353692825839558
0.5008596430788954
0.6667798230233497
0.9016443865639097
0.18261576122747392
0.3910361680609341
0.5491322482705615
0.7314061156292877
0.9927149965572143
0.2576651073964076
0.4431300192173755
0.6007611901905227
0.8054741971158502
0.08497947017533614
0.3239853502356716
0.4918583057461324
0.6556621894062755
0.8854685865434188
0.16772453601399917
0.38080143051198917
0.5396965954254291
0.7182349006063224
0.974770964398909
0.24386878234923204
0.4334481705595324
0.5907129480629592
0.7909180192519567
0.06808505675642484
0.31223843263500417
0.48282186186655013
0.6448328888915028
0.8696712074903743
0.15263141940992653
0.37044758424543733
0.530407694314301
0.7054793229341882
0.957035211757207
0.22981351831916297
0.42365358583466195
0.5807677052973472
0.7765544893905416
0.05081367940954706
0.30009547385664825
0.4737093605783395
0.6342376296578804
0.8542050749044732
0.13729388044884128
0.3599384845999264
0.5212479919828836
0.6931499638211246
0.9396064582681491
0.21554023701333702
0.4137545503957577
0.5709258753522564
0.7623979426037293
0.03320615796872328
0.28753149008793827
0.4644817596566702
0.6238199543970031
0.8390091669157527
0.12165201458588415
0.3492211464096052
0.5121826238525324
0.6812294665527532
0.9225397479624325
0.2010691357493215
0.4037523689728438
0.5611918621089845
0.7484790324457388
0.01534004056650673
0.2745428985561333
0.45511258672895083
0.6135349318123089
0.8240310992082164
0.1056499335617207
0.33823880755483127
0.5031704764311952
0.6696872786791859
0.905862888935535
0.1864101782099108
0.39364772064783343
0.5515791812726584
0.7348511554785095
0.9973403951963193
0.2611593754255035
0.44559641785420895
0.6033583207321738
0.8092426434821729
0.08925479060163144
0.32694226300556983
0.4941718423434365
0.6584879940962871
0.8895855147322759
0.1715671357735844
0.38344038684704485
0.5421057063075586
0.7215791521950825
0.979364635492824
0.24743891754009484
0.4359460308973995
0.5932837871657295
0.7946384075364838
0.07246101462697574
0.31529188096645544
0.4851482374338199
0.6475894852889509
0.8736944706291299
0.1565289017788769
0.373119710384964
0.532779908822301
0.7087144290098717
0.9615639811575218
0.2334452794930968
0.42617920879593063
0.5833120502041935
0.7802244111644411
0.05528360494227469
0.30325351515956733
0.4760592263293936
0.6369396428894977
0.8581489074457627
0.14125947258892824
0.36265505713235757
0.5235898370705581
0.6962763959303069
0.9440496391295288
0.2192253944418403
0.4163067128300586
0.5734435327562893
0.7660126409763606
0.03775680085510413
0.2907991404570484
0.4668644214045763
0.6264813451001199
0.8428893282469374
0.1257016739697825
0.35199671838377955
0.5145041078332573
0.6842535172661268
0.9268864845186933
0.2048039146567724
0.4063310123717666
0.5636809210655387
0.7520284808051916
0.019947048768641285
0.277918182303422
0.45753302588341394
0.6161654474704426
0.827859087877534
0.10979636967348827
0.3410875534903979
0.50548219238965
0.6726173854634382
0.9101078577667512
0.19019252815086896
0.3962525536601442
0.5540353466601997
0.7383197426241845
0.001967405052984539
0.2646313900081066
0.4480539389180206
0.6059621510458137
0.8130231874660823
0.09350371645248567
0.32987581256438914
0.49648374613500823
0.6613336957970126
0.8937280786397543
0.17539699975829803
0.3860719781726706
0.544524672451614
0.7249504478367419
0.9839700843993566
0.25099113460731504
0.4384362563326701
0.5958614165686986
0.7983713243701781
0.07681158216391748
0.3183197158812353
0.4874703049252842
0.6503625158529358
0.877740627268844
0.16041125580784055
0.3757824463748731
0.5351611826431832
0.7119778480026147
0.9661118897296894
0.23706224391635766
0.42869791038000005
0.5858631949227916
0.7839076047104907
0.05973032191791261
0.3063840301723144
0.47840206562315735
0.6396542481601627
0.8621115864912373
0.14520605578601975
0.36535889326080373
0.5259386102875582
0.699430294554692
0.948516142670376
0.2228973189640231
0.4188520748524661
0.5759681257435348
0.7696422248384887
0.042288524406478345
0.29403848253219683
0.4692379651745008
0.6291520203911035
0.8467844928172832
0.12972830267285418
0.35475571161399
0.5168297936020646
0.6873030986726101
0.9312586692609256
0.20852618668607104
0.4089028685310408
0.5661776562624772
0.7555959985887887
0.024542627727057953
0.2812665193979213
0.45994361013255824
0.6188032805522767
0.8316997575121607
0.1139171030283126
0.34391628391225043
0.5077954426826562
0.67557076450274
0.9143792372550446
0.1939627882765227
0.39885068687169234
0.5565004379804915
0.7418107545745823
0.006593222477137228
0.2680800219733455
0.45050227116839503
0.6085726954792461
0.8168157982922987
0.09772617820827234
0.33278661645899454
0.49879467043938774
0.6642000654004323
0.8978966702915029
0.1792144447698223
0.38869648319978545
0.5469534506519094
0.7283480722372238
0.9885849017181761
0.25452438812261846
0.44091855515463063
0.5984458120834868
0.8021166307835835
0.08113640171316594
0.32132249662698065
0.4897887709515103
0.6531529328083725
0.8818105520098762
0.16427927063301428
0.37843645733804143
0.5375518672807139
0.7152694851280376
0.9706773731679563
0.24066377087637036
0.4312095765157941
0.5884211447230789
0.7876038314972602
0.06415312198723866
0.30948744620098867
0.4807385505958598
0.6423824226856014
0.8660941991887319
0.14913470668258277
0.3680509408866422
0.5282949500113197
0.7026120262618974
0.9530051452274424
0.22655572521495282
0.42139063673184857
0.5784995767533749
0.7732861467426208
0.046799950779436106
0.29724954555188504
0.47160282122310665
0.631832723942461
0.8506955398628826
0.13373285446551697
0.3574991034215099
0.5191603935553717
0.6903787557171449
0.935655884786728
0.21223580066079184
0.41146792151767214
0.5686818092448767
0.7591806137819936
0.029124534092734633
0.2845873260969114
0.46234437984936033
0.6214487905178303
0.8355535261556613
0.11801263811491336
0.3467258125335456
0.5101108913135499
0.6785480159048575
0.9186768849820482
0.19772088917766006
0.4014421102467363
0.5589741251310617
0.7453230387112397
0.011215066763038406
0.2715042009875465
0.45294114364603344
0.6111900113125976
0.8206205059427427
0.10192220340011815
0.33567531935706346
0.5011052600068245
0.667087826218077
0.902091552829668
0.18301967812694597
0.3913140944283729
0.5493919081660907
0.7317711693439515
0.9932065120897575
0.2580375674139106
0.44339260698048355
0.6010369443536054
0.8058742029823676
0.08543518264673988
0.3243007952015474
0.4921043300137523
0.6559616490012022
0.8859050092361948
0.16813361791610815
0.3810823094265896
0.5399522144374105
0.7185890888305572
0.9752586399742238
0.24424910608338446
0.43371404559701415
0.5909859028866697
0.791312893605909
0.06855141095258022
0.3125642445037585
0.4830693794876362
0.6451251612203903
0.8700978176174374
0.15304646288337187
0.3707320968575502
0.5306594408466895
0.7058218673107182
0.9575156646600532
0.2302002573010229
0.423922383580486
0.5810378439430065
0.7769439600721867
0.05128990677095446
0.30043248962542285
0.4739595022884199
0.6345242817236157
0.8546234379705202
0.13771635488907208
0.3602278880193218
0.521496618972677
0.6934810086885904
0.9400776348931155
0.21593258718144304
0.4140261661481586
0.5711931673912489
0.7627814559546402
0.033690739841888195
0.2878801807745215
0.46473547847763474
0.6241024371375921
0.8394209360307573
0.1220836103271874
0.34951700339927694
0.5124292171592618
0.6815497244403071
0.9230005823868009
0.2014667292398069
0.4040267981368843
0.5614560735854242
0.7488554462328376
0.01583023268665462
0.2749029472406705
0.4553703443904843
0.6138142143737902
0.8244374185375569
0.10609192911411203
0.33854260071501446
0.5034161565003443
0.6699976593817797
0.9063128683516747
0.18681281172090913
0.39392493056432365
0.5518398359836598
0.7352187639265056
0.9978322146876185
0.2615295245911533
0.4458580775065536
0.6036347873426009
0.8096439382314786
0.08970770329442712
0.32725519580298634
0.49441766165574175
0.6587895306053968
0.8900246398953146
0.17197484530148932
0.3837204668254638
0.5423623720711934
0.7219362445796432
0.9798536717837016
0.24781738377712847
0.4362111070882
0.5935574646649865
0.7950346206806082
0.07292468890500436
0.3156149440496707
0.4853952632964589
0.6478834583627677
0.8741234698490902
0.15694229636516988
0.37340319041137393
0.5330325988180401
0.7090599830631354
0.9620465361844381
0.23383047269109047
0.4264472748943905
0.5835829115310425
0.7806153055042258
0.05575740281843866
0.30358758663126917
0.47630859030530437
0.6372275879832039
0.8585692224313122
0.1416798747054666
0.36294306051362496
0.5238391689101
0.6966103407911686
0.9445233298464554
0.21961634976860145
0.41657760545973654
0.5737115669757622
0.7663977658950574
0.03823944357205211
0.2911448248990206
0.46711715327754577
0.6267647821774707
0.8433026535181737
0.12613077893518287
0.3522907674586704
0.5147511141106452
0.6845764626190751
0.9273500417488814
0.20520018542216212
0.4066047211278787
0.5639459620286431
0.7524068642401647
0.020436138555048444
0.2782753990253817
0.45778973705494136
0.6164454936903132
0.8282667389481345
0.11023561306005059
0.3413891818903536
0.5057280044168249
0.6729302109070165
0.9105606488784066
0.19059387855711707
0.3965290511025204
0.5542969653235712
0.7386897889382436
0.0024592310083797475
0.2649991065038832
0.4483146360474995
0.6062393300578717
0.8134257654499026
0.09395381774302436
0.3301862977724282
0.4967294304870056
0.6616373935355848
0.8941699542104503
0.17580337613001262
0.3863512932445847
0.5447823849403053
0.7253103755337831
0.9844602341907043
0.2513676360443191
0.43870050439588826
0.5961358145918376
0.798768860874628
0.07727253525790201
0.3186400889179058
0.487716914565487
0.6506582924657599
0.8781721132665041
0.16082309063898004
0.3760649690329361
0.53541485799902
0.7123264087846072
0.9665963911881915
0.23744582853321328
0.42896523483690036
0.5861347793442061
0.7842998949672452
0.06020160891120163
0.30671519965468586
0.4786507216380982
0.63994358877724
0.8625339687846756
0.1456245010244026
0.36564559925817064
0.5261887169326224
0.6997671820449698
0.9489922667053505
0.22328685196143727
0.4191222447993498
0.5762368919506703
0.7700288980209692
0.042769071262819924
0.29438115710865886
0.46948975156880857
0.62943648659606
0.8471994628871172
0.13015501411702068
0.3550480554313103
0.5170772883538401
0.6876287903059889
0.931724908352513
0.20892111936087887
0.40917585468158435
0.5664434972499515
0.7559762439691524
0.025030367062296888
0.28162083459490234
0.4601992743335777
0.6190841240218456
0.8321087789923538
0.11435364157592054
0.3442158316344436
0.5080414566044302
0.6758860993603067
0.9148348288326331
0.1943628501381769
0.3991264719258443
0.556762986286164
0.7421831170637423
0.00708475727732627
0.2684451886489399
0.4507619747195076
0.6088505906668463
0.8172196595091186
0.09817346619073186
0.33309472118357175
0.4990402886861114
0.6645060034397411
0.8983413302592429
0.17961951500548157
0.3889750577283517
0.5472121998070173
0.7287107506113047
0.9890758984969533
0.2548988093454967
0.44118194216532836
0.5987209276367738
0.8025154767078433
0.08159459955746495
0.32164023985622664
0.4900350388442497
0.653450612023571
0.8822446115534539
0.16468962285310784
0.3787180875998641
0.5378065595974224
0.7156210335067144
0.971163641491823
0.24104567214770256
0.4314761444683028
0.5886934528126437
0.7879974949592401
0.06462182989522991
0.30981576259961274
0.48098657188040517
0.6426732640531067
0.8665187639851126
0.14955130768387637
0.36833644756458217
0.5285458964253243
0.7029518904014456
0.9534836061434055
0.2269438016953429
0.4216600833167143
0.5787690689603547
0.7736743161321571
0.04727826767457799
0.2975892213803869
0.4718537129399098
0.6321183033864796
0.8511122538060365
0.1341572784321674
0.35778984712501627
0.5194084526166659
0.6907072502925551
0.93612475694867
0.2126293782201254
0.41174018401446966
0.5689484253877173
0.7595626235270369
0.029610696883313192
0.2849386871722473
0.462599007380284
0.6217304752791967
0.8359639697346117
0.1184465332209057
0.3470233690639143
0.5103571785628592
0.6788659229866554
0.9191352572529914
0.1981196529996221
0.40171718069745693
0.5592375674028747
0.7456975944928455
0.011706018370612359
0.27186670886670383
0.45319982797252734
0.6114686319382906
0.821025657870811
0.10236668723097786
0.33598111403823616
0.5013508804001288
0.6673960788519592
0.9025390178774754
0.18342345837862895
0.3915919442958593
0.5496516751271654
0.7321364999537434
0.9936980739352048
0.2584097876372333
0.443655097775992
0.601312774330687
0.8062743462561714
0.08589059831990431
0.32461597011847776
0.4923503291268045
0.6562613252028475
0.8863417164984896
0.1685425516863246
0.38136310148907826
0.540207944399473
0.7189435885310693
0.975746471289574
0.24462923717211815
0.43397983697582254
0.59125893459822
0.7917079110509326
0.06901748246361228
0.3128897614467233
0.4833168412306101
0.6454176093691175
0.8705246767816095
0.15346132652096878
0.3710164958458585
0.5309112853899188
0.7061647312986522
0.9579963477216755
0.23058683460523688
0.4241911038952885
0.5813080594152302
0.7773335835933155
0.05176588019754824
0.30076919065133967
0.47420955815008503
0.6348110664927998
0.8550420031055422
0.13813860354306517
0.36051713764423216
0.521745317449883
0.6938123595857629
0.9405490821877125
0.216324790222437
0.4142977050013417
0.571460538950054
0.7631651439768821
0.03417512373806675
0.2882285525488753
0.46498909072036104
0.6243850180730273
0.8398328667040074
0.1225149369956735
0.3498126634372545
0.5126758508058276
0.6818702651614961
0.9234617079699534
0.2018641828122023
0.40430115085590135
0.5617203747530952
0.7492320747684404
0.01632032001854622
0.2752626986796859
0.45562799114219676
0.6140935768131659
0.8248438779670257
0.10653363028721752
0.3388461599290332
0.5036618473121377
0.670308296815919
0.9067631468998756
0.1872153089406985
0.39420206463847024
0.5521005947056153
0.7355866371829543
0.9983240490469938
0.261899420900797
0.4461196364367245
0.6039113296295693
0.8100453695714526
0.09016031753044551
0.3275678653184145
0.4946634633208604
0.6590912929406443
0.8904640553944521
0.17238241147580968
0.38400046405608046
0.542619149285826
0.7222936419149992
0.9803428385467219
0.24819564641640413
0.4364760967141701
0.5938312188763104
0.7954309752039874
0.07338807575415696
0.315937718362848
0.4856422413403974
0.6481776183241343
0.87455272894575
0.1573555211156923
0.37368656527042693
0.5332853917397599
0.7094058571415767
0.962529305920528
0.2342154980865998
0.4267152627123356
0.5838538496920191
0.7810063494442759
0.05623093740446805
0.30392134748203514
0.4765578756377321
0.6375156764871988
0.8589897516660334
0.1421000633474423
0.36323092117254574
0.5240885798618502
0.6969445965585649
0.9449972833120668
0.22000715531121062
0.41684842125873267
0.5739796794085809
0.7667830581945201
0.038721870534734304
0.2914901892947033
0.4673697825042271
0.6270483249249623
0.8437161492213019
0.12655962467780846
0.35258463033460175
0.5149981687128514
0.6848996971360308
0.9278138861331229
0.20559631470532835
0.4068783531572062
0.5642110893593761
0.7527854505519261
0.02092509620941785
0.27863231033249863
0.45804633677335604
0.6167256228839388
0.8286745336326241
0.1106745664294102
0.3416905850278838
0.505973834559476
0.6732433000649414
0.9110137383696663
0.1909950923346686
0.39680547286761947
0.5545586844778914
0.7390600872910456
0.0029510401001324738
0.265366557405794
0.44857522895759294
0.606516584937304
0.8138284797248714
0.09440361988951862
0.33049652669824325
0.49697510455698607
0.6619413257487923
0.8946121243856917
0.17620961258011514
0.38663052859976477
0.5450402082694157
0.7256705999063846
0.9849504869810817
0.2517439219575175
0.43896466254620453
0.5964102890394788
0.7991665372038537
0.07773319696606884
0.31896017952462646
0.48796348436458886
0.6509542666935113
0.8786038689171961
0.161234764427157
0.37634739392996497
0.5356686401434949
0.7126752883488379
0.9670810894180679
0.23782923797643662
0.4292324796739268
0.5864064406690856
0.7846923322005231
0.06067262478122393
0.3070460634366857
0.47889930665720304
0.6402330838947314
0.8629565776371917
0.14604274494908043
0.3659321732089541
0.5264389098611579
0.7001043845057382
0.9494686440284432
0.22367623189036334
0.419392337915518
0.5765057355498325
0.7704157325348208
0.043249387066774725
0.2947235121512586
0.46974144029444975
0.6297210669900576
0.8476146134588121
0.1305814772367444
0.35534022413398475
0.5173248394921006
0.6879547772448307
0.9321914298020751
0.20931590883077966
0.4094487639375207
0.5667094217300283
0.7563566813424152
0.025517949146059316
0.28197483796573164
0.4604548276549479
0.6193650546397975
0.8325179489523542
0.11478989596744671
0.3445151633500234
0.5082874961592607
0.6762017046869326
0.9152907170744327
0.19476277452778623
0.39940218115019926
0.5570256313194372
0.7425557185224427
0.007576243807450478
0.2688100776994317
0.4510215710332622
0.609128562416468
0.8176236574240514
0.09862045545349907
0.3334025769407878
0.4992859039241067
0.6648121840674547
0.898786287646768
0.18002444752579394
0.3892535546075996
0.5474710581903849
0.7290737158111668
0.9895669689616713
0.2552730024071206
0.4414452356035413
0.5989961192732902
0.8029144610732004
0.08205250281034293
0.32195770713310773
0.49028127472873984
0.6537484991220095
0.8826789492567328
0.16509982147850222
0.378999626378533
0.5380613614268683
0.7159728976367769
0.9716500860682779
0.24142738958335141
0.43174263091702747
0.5889658378412077
0.788391303212812
0.06509026010717989
0.31014377880414706
0.48123453009337197
0.6429642711868556
0.8669435674439355
0.14996771905537987
0.3686218322725375
0.5287969356677822
0.7032920725301514
0.953962309065711
0.22733172100521992
0.421929452887363
0.5790386381326245
0.7740626419325012
0.047756340513751105
0.2979285796473787
0.4721045128850806
0.6324040064561659
0.8515291593104611
0.13458146575688001
0.35808042697329656
0.5196565761039889
0.6910360460274134
0.9365939057728042
0.21302281064240414
0.41201236957285403
0.5692151226762419
0.7599448155512206
0.030096679765721612
0.28528973185398865
0.4628535257774298
0.6220122525054921
0.8363745680711896
0.11888015151137066
0.3473207194134258
0.5106034991348029
0.6791841071267328
0.9195939236263485
0.198518278160974
0.4019921750074258
0.5595011026128411
0.746072376259817
0.012196891219805828
0.2722289281521111
0.45345840273375254
0.6117473305015791
0.8214309478084498
0.1028108740203244
0.33628666746969127
0.5015965050298092
0.6677045817177111
0.9029867818015362
0.18382710205959674
0.3918697177622341
0.5499115488578672
0.7325021062176034
0.9941896787830997
0.25878176667441277
0.44391749119937746
0.6015886800967387
0.8066746268313361
0.0863457169765165
0.3249308756970636
0.49259630389131
0.6565612190188773
0.8867787090148065
0.168951337899232
0.3816438071892776
0.540463785420034
0.7192983991009956
0.976234455772484
0.24500917450399418
0.4342455444110962
0.5915320431851779
0.792103071396927
0.06948327074564786
0.31321498410725107
0.48356424795359826
0.6457102345261656
0.8709517861784877
0.15387601143775664
0.37130078215598944
0.5311632285131707
0.7065079150157378
0.9584772594135164
0.23097324963739263
0.4244597467097828
0.5815783517087361
0.7777233595749371
0.052241598614487295
0.3011055773279737
0.474459528903172
0.6350979850793491
0.8554607715884213
0.13856062771689492
0.36080623466438727
0.5219940882416125
0.6941440170632184
0.9410207993752191
0.21671684587839302
0.4145691669629063
0.5717279898648834
0.7635490058347039
0.03465930764631686
0.2885766052079117
0.4652425967502901
0.6246676979456999
0.8402449598173818
0.12294599558207553
0.3501081276470283
0.5129225256353005
0.6821910893965176
0.9239231243223183
0.2022614963078042
0.4045754270959919
0.5619847652410108
0.7496089167510667
0.016810299560007014
0.2756221519259251
0.4558855268762497
0.6143730194113362
0.8252504778092549
0.10697503747456882
0.3391494860937279
0.5039075496449054
0.6706191917372406
0.9072137245502537
0.18761766986317419
0.3944791229082504
0.5523614570827585
0.7359547739165209
0.9988158949046062
0.26226906297843433
0.446381094256995
0.604187947594938
0.810446937442772
0.0906126331884134
0.32788027228371125
0.4949092481278702
0.6593932820482895
0.8909037617545151
0.17278983472386056
0.38428037891064665
0.5428760379379748
0.7226513434024265
0.9808321329610887
0.2485737042326428
0.43674099943864314
0.5941050497739464
0.795827470934395
0.07385117471787606
0.31626020457256965
0.48588917241905377
0.6484719663320793
0.8749822490131608
0.1577685770256465
0.37396983580120147
0.5335382880500352
0.7097520511947342
0.9630122885798802
0.2346003549568345
0.42698317213207265
0.5841248646935648
0.7813975426799212
0.05670420780046381
0.3042547982010807
0.4768070831217067
0.637803909565927
0.8594104964583738
0.142520039820762
0.3635186402665392
0.5243380707127785
0.6972791637072288
0.9454714985989258
0.22039781075381826
0.41711916023232937
0.5742478699458592
0.7671685171744091
0.039204080002026576
0.2918352336234058
0.4676223095661079
0.6273319742005515
0.8441298163732067
0.12698821231074375
0.35287830817666715
0.5152452724947408
0.6852232214802496
0.9282780172007019
0.20599230233123844
0.4071519084360542
0.564476302729116
0.7531642385329013
0.021413918950910604
0.2789889154576784
0.45830282504525865
0.6170058354424509
0.8290824723826106
0.11111323033337062
0.3419917638595292
0.5062196836092473
0.6735566536648872
0.9114671261017937
0.19139616941495263
0.39708181895145245
0.5548205037308768
0.7394306363008938
0.003442828963824418
0.26573374139496003
0.4488357173009879
0.6067939157309832
0.8142313302973738
0.09485312288189118
0.330806500103006
0.4972207691215116
0.6622454933237056
0.8950545895326342
0.17661570939893112
0.3869096845015739
0.5452981423128742
0.7260311199786285
0.985440839734683
0.25211999103226934
0.43922873040680904
0.5966848398765707
0.7995643532020057
0.0781935669121474
0.3192799883839275
0.48821001516296386
0.6512504396513362
0.8790358951886947
0.16164627802989617
0.3766297217879244
0.5359225294214599
0.713024486459907
0.9675659823616649
0.23821247138683233
0.4294996447173732
0.5866781789043478
0.7850849161602312
0.061143368773884044
0.3073766220794011
0.47914782151255514
0.6405227347055504
0.8633794143511968
0.14646078883036706
0.3662186162162899
0.5266891898017472
0.7004419023117973
0.949945273532045
0.22406545835707314
0.41966235419237863
0.5767746564788433
0.7708027278059723
0.04372947033113839
0.29506554780407357
0.46999303193719194
0.6300057625352855
0.848029945665297
0.13100769324182004
0.35563221891368996
0.5175724478746049
0.6882810601273509
0.9326582330495776
0.20971055490190382
0.4097215962886337
0.5669754294273089
0.7567373096181158
0.02600537145011561
0.282328528936713
0.46071027022616423
0.6196460729164653
0.8329272679921066
0.11522586691400649
0.34481428007688963
0.5085335621562204
0.6765175811901594
0.9157469017467617
0.19516256133307053
0.39967781451674955
0.557288372675147
0.7429285575599585
0.008067678773181486
0.2691746879026528
0.4512810598260037
0.6094066108390426
0.8180277921302332
0.09906714611315959
0.3337101845304781
0.4995315169237529
0.6651186081171715
0.8992315426715561
0.18042924249980818
0.38953197400642375
0.5477300255778669
0.7294369667071007
0.9900581099068888
0.255646965935336
0.44170843506878044
0.5992713869574853
0.8033135837452401
0.08251011117602691
0.3222748991539377
0.4905274794276895
0.6540465951646883
0.8831135659429372
0.16550986721861127
0.3792810742734669
0.5383162729896507
0.716325077087723
0.9721367045641138
0.24180892218732586
0.4320090356288693
0.5892382998076144
0.7887852560452907
0.06555841198907464
0.31047149542663743
0.4814824260870748
0.6432554452864423
0.867368610826091
0.1503839419985109
0.3689070960386111
0.5290480683906527
0.7036325728978101
0.9544412526766657
0.22771948265287545
0.42219874540862457
0.5793082842436088
0.7744511236808649
0.048234168040045544
0.29826762063958184
0.47235522173345856
0.632689834202244
0.8519462575996788
0.13500541771543273
0.3583708441662037
0.5199047648656352
0.6913651435215835
0.9370633305942957
0.21341609770611303
0.4122844781945383
0.5694819008937719
0.7603271888957992
0.03058248048237311
0.28564045976596797
0.46310793529598937
0.6222941228301316
0.8367853219162162
0.11931349385077783
0.3476178646587631
0.5108498538572008
0.6795025690175382
0.9200528837837414
0.19891676452051477
0.4022670931400871
0.5597647303651065
0.746447382652305
0.012687682146770074
0.27259085775363306
0.45371686773086817
0.6120261071957946
0.8218363759563043
0.10325476402578637
0.33659198049902145
0.5018421346672391
0.6680133356035558
0.9034348446819888
0.18423060923693613
0.3921474149188729
0.5501715290547565
0.7328679868829425
0.9946813233134939
0.25915350313309893
0.4441797868467053
0.6018646616286831
0.807075044605928
0.08680053840781632
0.3252455126497286
0.4928422551112579
0.6568613314503284
0.8872159874526102
0.16935997711330142
0.381924427004033
0.5407197375941764
0.7196535199125127
0.976722590822694
0.245388916954405
0.4345111676119624
0.5918052286335391
0.7924983744557949
0.06994877526445875
0.31353991313153223
0.48381160051462757
0.64600303787756
0.8713791469940408
0.15429051873691702
0.37158495672276765
0.5314152707748334
0.7068514185626518
0.9589583981804091
0.23135950178984777
0.42472831194988847
0.5818487208199612
0.7781132876467675
0.05271706096675999
0.30144165006010604
0.4747094152941564
0.6353850386034582
0.8558797447026575
0.13898242871814448
0.361095180267013
0.5222429321714468
0.6944759816644104
0.9414927856640233
0.2171087538859604
0.4148405520405761
0.5719955199779488
0.7639330407068107
0.03514328958464308
0.28892433856844835
0.46549599694552624
0.6249504775105597
0.8406572162676256
0.12337678709099054
0.35040339715698443
0.5131692424922158
0.6825121978238643
0.9243848310456753
0.20265866956593248
0.4048496268239248
0.5622492446819123
0.7499859708877257
0.01730016833032888
0.2759813060502426
0.45614295149630213
0.6146525424602437
0.8256572183908637
0.1074161510861038
0.3394525801119712
0.504153264278032
0.6709303448978587
0.9076646012604496
0.18801989447445933
0.3947561054061728
0.5526224227542066
0.736323172788423
0.9993077488878808
0.2626384494520355
0.44664245058269936
0.604464641244351
0.8108486417919819
0.09106465015798437
0.3281924174333095
0.4951550168641718
0.6596954988680113
0.8913437594831926
0.17319711545764438
0.3845602117487449
0.543133038001556
0.7230093482233788
0.9813215521811649
0.24895155598962404
0.4370058149199447
0.594378957330776
0.7962241077011585
0.07431398534817646
0.31658240334725185
0.486136057384704
0.6487665035414804
0.8754120311328712
0.15818146507617925
0.3742530028306456
0.5337912881992963
0.7100985651530644
0.9634954823480517
0.23498504256463493
0.42725100303016117
0.5843959565425805
0.7817888849130753
0.05717721312321644
0.3045879392862446
0.4770562135569644
0.6380922883878218
0.859831458117711
0.1429398054290787
0.363806218948198
0.524587642244448
0.6976140427023452
0.9459459747617298
0.2207883157731465
0.41738982238483324
0.5745161384840467
0.7675541421482444
0.03968607026056614
0.2921799578827818
0.4678747349563141
0.6276157308738127
0.8445436560040094
0.12741654295854588
0.3531718021534789
0.5154924263118996
0.6855470363127072
0.9287424344717905
0.20638814812297457
0.40742538694201
0.5647416018143953
0.7535432269868932
0.021902604024135908
0.2793452136538083
0.4585592018899322
0.6172861317692255
0.8294905556650133
0.11155160534060604
0.34229271934825345
0.5064655523594088
0.67387027243196
0.9119208119252094
0.19179710972379427
0.3973580893465727
0.5550824226876838
0.7398014345830572
0.003934594239308087
0.2661006571608429
0.4490961007359763
0.6070713224915982
0.8146343171818764
0.09530232672265004
0.3311162187514457
0.49746642495608107
0.6625498971412853
0.8954973500019002
0.1770216668629283
0.3871887612025104
0.5455561869333194
0.726391934756863
0.9859312893951435
0.25249584194605523
0.4394927075974181
0.5969594670674069
0.7999623087150066
0.07865364472811254
0.31959951617969484
0.4884565077991633
0.6515468124489135
0.8794681930339755
0.16205763228916625
0.3769119533157966
0.536176526164671
0.7133740028618755
0.9680510679317994
0.2385955278903671
0.4297667297871786
0.5869499940562775
0.7854776466008275
0.0616138401487778
0.3077068761501155
0.4793962670390408
0.6408125424042059
0.8638024802261594
0.14687863393258782
0.3665049293761583
0.5269395574755664
0.7007797358256942
0.9504221540873967
0.22445453095817913
0.41993229361899903
0.5770436546797508
0.7711898832728001
0.044209319594197494
0.29540726422729835
0.47024452709292724
0.6302905742040272
0.8484454606502523
0.1314336633503954
0.3559240409637629
0.5178201143586348
0.6886076395882583
0.9331253175244881
0.21010505737778296
0.4099943517260041
0.5672415200723475
0.7571181277190797
0.026492631474156925
0.2826819069549448
0.46096560218993143
0.6199271793750436
0.8333367367274087
0.11566155514322207
0.3451131828392501
0.5087796554062513
0.6768337295755956
0.9162033826063146
0.19556221043786692
0.3999533719957673
0.5575512099479787
0.7433016327868206
0.008559058891063787
0.26953901804871144
0.4515404408220116
0.6096847360532791
0.8184320637310668
0.09951353830042597
0.3340175447569867
0.4997771284550649
0.6654252764170957
0.8996770955356129
0.18083390008456468
0.38981031608449007
0.5479891017357995
0.7298005021545625
0.9905493181119748
0.2560206985537996
0.441971540159037
0.599546730654307
0.8037128445921683
0.0829674243673435
0.3225918166163931
0.4907736537616766
0.6543449012062712
0.8835484624189044
0.165919760766583
0.3795624318708071
0.5385712944928498
0.7166775714078379
0.9726234946168372
0.2421902689492086
0.43227535836427095
0.5895108387093421
0.789179353246902
0.06602628491809792
0.31079891308329183
0.48173026071493585
0.6435467875507753
0.8677938953857927
0.15079997770531328
0.36919223988163713
0.5292992952365728
0.7039733917392759
0.9549204356342798
0.22810708613484287
0.4224679608415985
0.5795780072696284
0.7748397609249988
0.04871174901913111
0.298606344657256
0.4726058401682026
0.6329757876836036
0.8523635499048643
0.13542913558839298
0.35866109990309003
0.5201530197478879
0.6916945433696626
0.9375330307356877
0.21380923918580086
0.41255650988205483
0.5697487598298021
0.7607097426162749
0.031068096804652168
0.2859908705526671
0.4633622362042831
0.6225760868994364
0.8371962320361273
0.11974656111896476
0.3479148058823268
0.5110962435596478
0.6798213093498502
0.9205121373978804
0.19931511193436546
0.40254193505856434
0.5600284502658275
0.746822612315697
0.013178388004457142
0.27295249659675697
0.4539752227749867
0.6123049622238419
0.8222419425273165
0.10369835752041756
0.3368970539791686
0.5020877700841535
0.6683223412932165
0.9038832065849097
0.1846339799678407
0.39242503584979893
0.5504316154070275
0.7332341406859291
0.9951730041974735
0.2595249956208827
0.4444419843147952
0.6021407189054812
0.8074755994820487
0.08725506241457093
0.32555988169068006
0.49308818358854684
0.6571616634914922
0.8876535524621357
0.16976846987080751
0.3822049613971814
0.5409758010036134
0.7200089503167967
0.9772108738122478
0.24576846338564562
0.43477670628153176
0.5920784909276381
0.7928938200412401
0.07041399549516769
0.3138645491683625
0.48405889977142147
0.6462960206065835
0.871806760404148
0.15470484950938124
0.37186902046996545
0.5316674127222648
0.7071952420226577
0.9594397624401867
0.2317455904414607
0.4249967995365322
0.5821191667468388
0.7785033674468818
0.05319226621869988
0.30177740926333996
0.4749592180758696
0.6356722281912739
0.8562989237358595
0.13940400785537665
0.3613839756364965
0.5224918500591663
0.6948082539253218
0.9419650402471752
0.2175005139760411
0.4151118602420111
0.5722631291373287
0.7643172477862185
0.03562706759977097
0.28927175246696635
0.46574929169667084
0.6252333575349512
0.8410696369660839
0.12380731254052346
0.35069847310018654
0.5134160022224356
0.6828335911201864
0.9248468277329961
0.2030557024238464
0.4051237500071415
0.5625138127123586
0.7503632358941366
0.017789923370590266
0.27634016014172497
0.45640026491757646
0.614932146262929
0.8260641000524902
0.1078569715480997
0.33975544289262705
0.5043989919919463
0.6712417570463702
0.9081157769756603
0.18842198275301425
0.39503301215940617
0.5528834913541462
0.7366918324527739
0.9997996076220956
0.2630075789538955
0.4469037050324199
0.6047414105873563
0.8112504825715857
0.09151636833975796
0.3285043015042109
0.49540077031546015
0.6599979443328341
0.8917840490709146
0.17360425407383495
0.38483996291780637
0.5433901494379036
0.7233676555395334
0.9818110933366859
0.24932920044033602
0.43727054281143424
0.5946529415182664
0.796620885335003
0.07477650720540252
0.3169043153569486
0.4863828970882985
0.649061231102793
0.8758420763734885
0.158594186234029
0.37453606717335364
0.534044392625608
0.7104453989276218
0.9639788853817243
0.2353695601582355
0.4275187552772246
0.5846671252461924
0.7821803758518557
0.05764995250568794
0.30492077124358913
0.4773052677476439
0.6383808141249394
0.8602526379537817
0.1433593614732238
0.36409365836492447
0.5248372952327072
0.6979492339991402
0.946420710836783
0.22117867003810554
0.4176604077193342
0.5747844849247248
0.7679399324431396
0.040167839624370094
0.29252436208848787
0.4681270591793742
0.6278995958256952
0.8449576691566874
0.12784461775678535
0.35346511343688347
0.5157396310204387
0.6858711422918836
0.9292071374571786
0.20678385190155435
0.4076987886538771
0.5650069862969254
0.7539224147292063
0.02239114869932246
0.2797012041937758
0.4588154673393453
0.6175665122798877
0.829898783962029
0.11198969203652331
0.34259345246336087
0.5067114416048233
0.6741841570886866
0.9123747956795062
0.1921979131815028
0.39763428404219503
0.5553444409510999
0.7401724807501332
0.004426332571297209
0.2664673034015884
0.4493563789266466
0.6073488052777991
0.8150374404010647
0.09575123142695485
0.3314256834118833
0.4977120728351504
0.6628545380763888
0.8959404061275925
0.177427485234827
0.3874677589443223
0.5458143419822297
0.7267530432299261
0.9864218328859999
0.2528714733687991
0.4397565937344363
0.5972341705757043
0.8003604035905838
0.0791134300541636
0.31991876359713256
0.48870296310985695
0.6518433861903359
0.8799007633910094
0.1624688280312685
0.3771940892095264
0.536430630691725
0.7137238372781686
0.9685363440117483
0.23897840659819192
0.4300337346969077
0.5872218861304489
0.7858705232811553
0.06208403817893893
0.30803682622210043
0.4796446440741802
0.64110250818658
0.8642257765582395
0.14729628151374197
0.36679111377717677
0.527190013596204
0.7011178853974729
0.9508992845443001
0.22484344928044897
0.4202021561819905
0.5773127300987299
0.7715771983859937
0.04468893341950486
0.29574866159702706
0.4704959263675252
0.6305755029785111
0.8488611595678635
0.13185938878867054
0.3562156914790258
0.5180678398008849
0.6889345162586437
0.9335926826456594
0.21049941605930012
0.4102670302420275
0.5675076934017476
0.7574991345816342
0.026979726746060972
0.28303497148841394
0.4612208237022324
0.6202083745516773
0.8337463557900098
0.11609696139923154
0.3454118726676465
0.5090257767222268
0.6771501505470385
0.916660159400373
0.19596172172238302
0.4002288535560411
0.5578141427327801
0.74367494281536
0.00905038088931942
0.2699030669404829
0.45179971375380756
0.6099629381859496
0.8188364723405747
0.09995963216043369
0.33432465842936354
0.5000227392878545
0.665732189790234
0.9001229464257694
0.18123842042545868
0.39008858099252847
0.5482482864213105
0.7301643209946641
0.9910405903419245
0.2563941988825478
0.4422345504711173
0.5998221503294634
0.8041122434851048
0.08342444210598687
0.3229084602196766
0.4910197985492453
0.6546434182951546
0.883983639475161
0.1663295027994638
0.3798436997435548
0.5388264261301396
0.7170303801243482
0.9731104538350155
0.24257142884444693
0.4325415988773746
0.589783454542594
0.78957359461085
0.0664938782826574
0.31112603239447206
0.4819780348314602
0.6438382991780149
0.8682194223704467
0.15121582735837058
0.3694772648111446
0.529550616838818
0.704314529274398
0.9553998565722558
0.2284945309359394
0.42273709914368574
0.5798478071899305
0.775228553223232
0.04918908223924845
0.29894475201414583
0.47285636888076277
0.63326186796728
0.8527810374647874
0.13585262066103043
0.3589511953827804
0.520401341595026
0.6920242461610199
0.9380030055070027
0.214202234852217
0.41282846463889644
0.5700156992802106
0.7610924757827653
0.03155352653335619
0.28634096387944796
0.4636164287839372
0.6228581453728526
0.8376072992132659
0.12017935421136006
0.3482115441724136
0.5113426690737077
0.6801403288130773
0.9209716841330353
0.19971332025643962
0.4028167007260487
0.5602922619236388
0.7471980639013838
0.013669005663686118
0.27331384362326844
0.45423346768762707
0.6125838957986607
0.8226476477473437
0.1041416547932752
0.33720188876882307
0.5023334120529863
0.6686315995663518
0.9043318675629665
0.1850372143002852
0.39270258063219815
0.5506918075970462
0.7336005663523202
0.9956647180984228
0.25989624274618106
0.44470408320178256
0.6024168519086418
0.8078762913664919
0.08770928880774598
0.3258739835363529
0.4933340901233078
0.6574622161302677
0.8880914046768851
0.1701768166983888