1
0.6161616161616164
0.31721889818932114
0.9021403500183373
0.5605089552780984
0.26612696574031447
0.8450741125216543
0.529295091338357
0.23682002969239457
0.8174573490393944
0.5141521747068771
0.2221538260649778
0.8047753729861101
0.5072543325124739
0.21553474874442236
0.7994649637027857
0.504619038995278
0.2134678267615131
0.798332173531969
0.5046944499063337
0.21481174166084838
0.8007043927963984
0.5075139996327769
0.22033257330464817
0.8080328684594793
0.5146862450426257
0.23307195110322954
0.8248532248993897
0.5301342321683595
0.259378844544881
0.8615205129200073
0.5609871399039232
0.308058189991703
0.9361833839811563
0.6140047832360507
0.37542816353655484
0.047062443595975
0.6815930584206681
0.43186668445966037
0.12928332639481566
0.7342782171495461
0.4659763502054284
0.17066241019533002
0.7635193106344607
0.48324108615398664
0.18958049314315817
0.777661036889603
0.49114738188665186
0.19755528368430308
0.7834895377153436
0.4939393709776838
0.19954187273204171
0.7841658547066467
0.4931912812953041
0.19677139424638135
0.7800822461350692
0.48844944940514745
0.18758432166354622
0.7690614000932544
0.47695035859597756
0.16646399651154198
0.745793012785464
0.4524015043340355
0.12149631289791474
0.7025631296262882
0.4053401332077493
0.03677567569349849
0.6390517861046661
0.33894741986288235
0.9308910370885372
0.5764007236479824
0.2807104675022445
0.8600592626165575
0.5374826236440653
0.2446156543774225
0.8244975864649989
0.5180078998951263
0.22589381405734588
0.8079134679747958
0.5089202328739852
0.2170594484855195
0.8005920917020087
0.5050698007594523
0.21360266454291565
0.7981265883254632
0.5041975218813297
0.21362608366209512
0.7990414594368792
0.5057838784511117
0.21715238180541663
0.8038990559885414
0.5107378669932681
0.22616045600348977
0.8156847755744459
0.521842596666076
0.24541969235165872
0.8417255564508042
0.5447886075118367
0.2832114790736826
0.8970724986159291
0.5876546125177629
0.3448687415517684
0.9967167144671601
0.6511911295078217
0.4092300001815503
0.09852597899961113
0.7139400175953609
0.4534239007234955
0.15617647999347772
0.7530957479163886
0.47731488471970307
0.183447316845055
0.7732264695285206
0.4889761480923651
0.19591379521593888
0.7828091283990344
0.49433259714385125
0.20132310173100043
0.7868984291378279
0.49639120250505453
0.20299718526216992
0.7877914616938014
0.4963370817237749
0.20195262581622675
0.7860023031527799
0.494132182436376
0.1975688710742367
0.7805283950030978
0.4884767179094103
0.1872144673185443
0.7684078253526062
0.47607446879522475
0.1646726972229744
0.743811367178197
0.4501777474060702
0.11733412468293958
0.698898083085737
0.4012790091060794
0.029650992188415604
0.6344391631860054
0.33443713906846195
0.9246135065021527
0.5728690635281146
0.27740440792734344
0.8564986119092888
0.5354592198018127
0.24255309995751784
0.8224623771476953
0.5167253147282636
0.22434389012754474
0.8062892591327988
0.5076779848419664
0.21520671616180653
0.7984418959475817
0.5031487278944322
0.21037437783495827
0.7942020475380126
0.500474666595013
0.2071270183650813
0.7910471783123022
0.4980801705316278
0.20357733642256726
0.7871285217417446
0.4945547291366461
0.19762556966980682
0.7802045791804175
0.48782151511456595
0.18570516811826776
0.7665137758193808
0.4739615707760849
0.16067142525968836
0.7395912527674999
0.4455628385960675
0.10882889290847597
0.6916596776227685
0.39335561022368104
0.015978518504357275
0.6258400749175261
0.3262072246963943
0.9135696145686933
0.566727493952623
0.2717171421715452
0.8505663440491026
0.5321558263395936
0.23929531067072007
0.8193987289942957
0.5149122901201881
0.22233823553440057
0.8043584803526309
0.5063482573349902
0.2134152936198066
0.7965074578741272
0.5015260783793134
0.20776554287996607
0.791137857821535
0.49760448227244924
0.2021547649001838
0.7850911979027335
0.49226927650866426
0.19326520800845026
0.7749416983486155
0.482381861873042
0.17575628307724767
0.7554108357497922
0.46231576849561895
0.13935422136894982
0.7186179957096008
0.4227385852827119
0.06744925014650027
0.6598012850793971
0.3595712251647405
0.961018079400381
0.5933395954081342
0.2961252844353255
0.8768967934272878
0.546620577228415
0.2531097329882175
0.8322992379660239
0.5221658297622755
0.22970781509577787
0.8109593426045577
0.510309014105844
0.21790013110250062
0.8007482084320656
0.5045022576225802
0.21185763254531187
0.7955279982411798
0.5013482353840515
0.2082470479340346
0.7921782484698073
0.4989883840775904
0.20498923239679412
0.788724094731904
0.4960326735655478
0.20016771993580007
0.7831690943209688
0.49073934074138315
0.19090523950839167
0.7724236429335939
0.48000436601784213
0.17163063145612423
0.7510594819354599
0.45780946574357206
0.13120095069621174
0.711122230091442
0.41458755000323144
0.05295591139008682
0.6497369309815557
0.3494013504041087
0.945777754296635
0.5846976778296236
0.28822247348189434
0.8680774872623555
0.5417937127408585
0.24856196569254307
0.8280114614421514
0.5197934488907459
0.2273694079572499
0.8089064027975343
0.5091454833718794
0.2166969248940669
0.7997017152514689
0.5038723095224322
0.21114044578146096
0.7948610179015507
0.5008809527306686
0.20760564614553867
0.7914968000474472
0.49840855159820996
0.20404716564405279
0.7876322459287846
0.49499856919317464
0.19836440631823749
0.7810486950415061
0.48864176237593937
0.1871559507891254
0.7681437479804023
0.47562903653533617
0.16369365830192217
0.7427008727370502
0.4488981647575736
0.1149128145559144
0.696778954165553
0.39891633990736786
0.025514963594920115
0.6317889387184992
0.33185188859645987
0.9210612668656313
0.5708640736420714
0.2755034512865324
0.8544500783992732
0.5342714059049705
0.2412984667421687
0.8211918224831676
0.5158821476081381
0.22325711376521262
0.8051013486165504
0.5067147548763817
0.21369837154376503
0.7966557129818941
0.5015052910222777
0.20755908392661881
0.7907891479343517
0.49718453243074734
0.2013276603461489
0.7840545130518332
0.49120175480880324
0.19131398484440099
0.7726604668143127
0.48004252386247126
0.17150040939476185
0.750810167533038
0.4574422305070587
0.13043235790035523
0.7103708842549337
0.4137067021325276
0.05134094697608793
0.6486110815856644
0.34823143646976273
0.9440192967269415
0.5836739649287752
0.2872264608717874
0.8669220710671764
0.541100978292042
0.2477964121876901
0.827180095369458
0.5192078403430891
0.22656458257851542
0.8079752154415096
0.508355369403499
0.21541674890796303
0.7981482443542919
0.5024215890997117
0.2086321303777221
0.7917955250068069
0.497917694466373
0.20237406702469318
0.7851647548723322
0.49218420538487484
0.19295353304927731
0.7744906612620636
0.4818472732037269
0.17471316971260276
0.7542369508584984
0.46103957146723484
0.13698421107957026
0.7163794465910196
0.4202683267806644
0.06300662042785965
0.6566459486484373
0.3563269299617282
0.9560563672987428
0.5904957407473814
0.2934932233513874
0.8738914991045792
0.5449462804925613
0.2514820415386907
0.8306993683451293
0.5212209120109117
0.22866892736083755
0.8099348539688003
0.5096027751015644
0.21694825606042878
0.7997054748070617
0.5036275733827988
0.21045147939756803
0.7938622207280669
0.4997921693111076
0.20555585339028726
0.7889278313833934
0.49583415772290573
0.19940819077351524
0.7820370873525055
0.48941907525311157
0.18834255745060258
0.7693777474591865
0.4767943300493309
0.16571208481626276
0.7447478742822038
0.4510382962872601
0.11877426699091664
0.7000683876403184
0.4024716800471957
0.03164449511090739
0.6356681835205804
0.33555163902575424
0.9260673194077547
0.5736247805760402
0.27800369819644355
0.8570245091605685
0.5356501996853311
0.24255814977230017
0.8222813080010383
0.5164217493756531
0.22367629188023885
0.8053444555444286
0.5067156547794176
0.2134577837036653
0.7962172999410241
0.5009699393328455
0.2064985253877354
0.7894296862849609
0.4957973584745379
0.19880330815000935
0.7810162399653694
0.48814298091845254
0.18579287872514927
0.7663401673417927
0.473540952794437
0.15967186952602797
0.738440501168589
0.44419740614051983
0.10622129443120554
0.6894377285625068
0.39087065448961833
0.011682129732069058
0.6231562909105594
0.3236131067281123
0.9101240529931744
0.5647747718669667
0.2698265167802216
0.8485409751080438
0.530944413112757
0.23794770465940274
0.8179919400328897
0.5139171383181975
0.22096186379565097
0.8027959887597721
0.5050125338766445
0.21123844319349305
0.7938978596382157
0.4990687218437735
0.2034945657757894
0.7859934870980401
0.4925741920230773
0.19321640574060828
0.7745528084551456
0.48170106492704745
0.174242405459905
0.7536137086790953
0.4602761472104566
0.13548843065624627
0.7149356525869917
0.4186292161666585
0.06002530223295466
0.6545314947680437
0.35413372952554334
0.9527070411767345
0.5885603873692593
0.29166213820094544
0.8717774555086533
0.5437287715868189
0.25022461372054994
0.8293966281787494
0.5203752133890531
0.22760948067655296
0.8087777098960796
0.5086852274143416
0.21553747878362373
0.7980390596300656
0.5021084847715431
0.2078646483894686
0.7907328928753706
0.49677785820467557
0.20024528618318982
0.7825599433349851
0.4895433876055513
0.18816755892948622
0.7689563990683109
0.4761671282027582
0.16438273706023443
0.7432574607866247
0.44934189802074265
0.11558069358061385
0.6972707407877698
0.3993605833540319
0.026198049168591808
0.6321715941744555
0.3321408777034187
0.9213704993035825
0.5709758593366432
0.2754984861656653
0.854327728744289
0.534091365488413
0.2409200122560311
0.8206318581975092
0.5153337295176454
0.22228361563243482
0.8038353648836943
0.5054961689776394
0.21155303437167028
0.7939829585197375
0.49890577062893504
0.20295320613768242
0.785199180179394
0.49166787844208093
0.19147392388673112
0.77246816303118
0.47951971547089256
0.17023222035236918
0.74928051379168
0.455651460684225
0.12700092774216176
0.7071940124574502
0.4101335415808838
0.0449397105687146
0.6442699476683881
0.3438468250439837
0.9376007574350286
0.580004977801559
0.2837514706714699
0.8630263212052683
0.5388450827559035
0.24543229163878166
0.8247479792989411
0.5176015308148154
0.22450762004430658
0.8057195458305844
0.5065319181980676
0.21256835827939602
0.7947860599659331
0.4993197905819733
0.20330935532022387
0.7854147616479656
0.4917049455255238
0.1913620898047257
0.7722396204416628
0.4792000597349524
0.16956787434679166
0.7485278106755276
0.4548062543935454
0.12541363143895046
0.7057556959104196
0.4085334369353735
0.04209989383728008
0.6423778366732694
0.34196213051839863
0.9348924920052224
0.5784682146635953
0.28230604488190414
0.861433981823327
0.53793149614266
0.24448774678709784
0.8237964009967013
0.516985419160432
0.2237369928282804
0.80489420156869
0.5058767143820755
0.2115595304518174
0.7936141621496087
0.4982418534290094
0.20146305605787607
0.7832354162565025
0.48956565995223134
0.18755441021797825
0.7678945143104964
0.4747546356670811
0.1615030512727622
0.7401087999621662
0.44579269397781385
0.10894433335719
0.6915891343537989
0.3930788448907143
0.01532211216076318
0.6253266154533511
0.3255473222510217
0.9125210086381325
0.5660069476651302
0.27079761435248484
0.8493498740163793
0.5312142239691675
0.237890173689685
0.8176105575106566
0.5133379858354359
0.21972331701864656
0.8010816161577686
0.5032620073727281
0.2080518217835059
0.7899146210601817
0.49511822720543397
0.19641702748055678
0.7775399200747715
0.4840853329802348
0.17792021901493205
0.7572671849537335
0.46380539745016436
0.14163687484173382
0.7205340558332758
0.42457928740608764
0.07052096943141084
0.6618739296418314
0.3615258713588325
0.9638556184307278
0.5948529568694467
0.29731964997619187
0.8780486507792872
0.5470682945099115
0.25319608102726887
0.8320255851374829
0.5216402393818411
0.22851379053375376
0.809221897160167
0.5085405580527804
0.21468838674038948
0.7966332532559537
0.5004755472361557
0.2046982784392002
0.7867201819045162
0.4926922180673674
0.19282008272663598
0.7737532421691837
0.48059495551427966
0.17195106762501977
0.7509888032269209
0.457348036002156
0.12999266150843747
0.7098261376174856
0.4129487882069598
0.049851243293770775
0.647521630654625
0.34702142011147785
0.9421314747235608
0.5825230111706239
0.28601429448365523
0.8654275277810296
0.5401213410916457
0.2465733482123833
0.8257309104398107
0.5180682902824463
0.2248292732079542
0.805855309215005
0.5064444961024617
0.21218787113539195
0.7941837927727938
0.49862866692987406
0.2019764882054118
0.7837527681683932
0.49000047198480545
0.18825381539409491
0.7686457054238995
0.4754887781175614
0.16280029778562954
0.7414249691757552
0.4471888357949272
0.11147482446046664
0.6936958702064163
0.3953561517903901
0.019204010879537492
0.6277259139984555
0.3278081781574689
0.915481482942597
0.567636111605798
0.27228559860708
0.8508573053340441
0.532031633422728
0.23865862241117508
0.8182847946732632
0.5136946630747428
0.22004674769209576
0.8013231327977456
0.503360517270194
0.20808611579941516
0.7898775544303095
0.49501715565260307
0.19617113258912156
0.7772143298656385
0.48372463207549377
0.17723732103133605
0.7565021937198098
0.462984778142181
0.1401214199316425
0.7190913804504667
0.4229917940659691
0.06766152175195916
0.6598178718175334
0.3593992505301773
0.9605701901125802
0.5929632860720035
0.2955696160438015
0.8760354735590893
0.545945309055492
0.2521029840393254
0.8309478194479623
0.5210002179044351
0.22780408363655869
0.8085201757355707
0.5080497709936815
0.2140164377234144
0.7958995407304507
0.4998483103121538
0.20367572816195234
0.7855345536245363
0.4915569723555919
0.19082813658324937
0.7714741996103572
0.4782869999494228
0.16778323389524052
0.746569779082962
0.4526507076612267
0.12140851228776284
0.7021890872703233
0.40459163968774714
0.035157552058451724
0.6378256117663017
0.337480537621051
0.9285658115669589
0.5748989275215903
0.27896385255509015
0.8578074082098994
0.5358645004781963
0.24237098422716397
0.8216997627791798
0.5156491615484895
0.2220977262500834
0.8031740066012304
0.5045338784631368
0.20952036253742712
0.7912789929639181
0.49610302426082464
0.197809786473929
0.7789771715835694
0.4853639972256507
0.18005851678637796
0.7595269535112177
0.4660913009100034
0.14573344950990652
0.7244113777540717
0.4287711667655143
0.07803117211326782
0.6673372902755313
0.36717645729626036
0.9726688645310138
0.5999188723863265
0.30195550632956136
0.8833924195507697
0.5499905540691112
0.2559267673501997
0.8346272986586175
0.5230723843296312
0.22991079426684502
0.810438201337394
0.5092189286839348
0.21537067546829403
0.7972004896735148
0.500795889140454
0.20502799726603316
0.7869854689765347
0.49284436891649586
0.1929806923953452
0.7738771959915959
0.480667470495042
0.1720297266900106
0.7510439829216532
0.45737945441831096
0.13002455685212166
0.7098410438027463
0.41294968292296863
0.049838737890375295
0.6475052428146009
0.34699327904750055
0.9420786925039706
0.5824850504877248
0.28596477664220865
0.8653575709961951
0.5400680593946623
0.24649546171465486
0.82562977581539
0.5179809466827789
0.22468629338371682
0.805674758659372
0.5062759549576348
0.21189661414152372
0.7938248654202549
0.4982804526483211
0.20136042875826377
0.7830162396930298
0.4892661659737083
0.18693553328489676
0.7671464541744393
0.4739431391168174
0.15998733529736597
0.7385337903405511
0.44407391264268803
0.10578824725511904
0.6889675211957387
0.39022306055918765
0.010456833428544865
0.6223311569055112
0.3227147992374211
0.9088337223874032
0.5639621697922432
0.26889400867858626
0.8473980374451493
0.5301190054087297
0.2367916146581106
0.8165784872609451
0.512710254904345
0.21899942152120344
0.8003723533329442
0.5027451796018982
0.20731404065828274
0.7891109764287121
0.49440669854071606
0.19522870052071806
0.7761921903823383
0.48275933905367907
0.17556091806798335
0.754713006765361
0.46113322808318236
0.13676816527967017
0.715966461049129
0.4195887077325904
0.061584042155975904
0.6555323996035842
0.3550267391636277
0.9539285302183307
0.5891749014854124
0.2920866219241589
0.8721002284093385
0.5437707911897725
0.25001823362772835
0.8289417224277441
0.5198454367732039
0.226584390977431
0.8073749117931974
0.5073052014400514
0.21307760037144652
0.7949369608761416
0.499078771189708
0.20248360257032916
0.7841969454989839
0.4903064321652426
0.18866585824195048
0.7690395243237346
0.47582716026135863
0.16335078878755915
0.741958823932443
0.44772833852472105
0.11242827108352671
0.6944815527770836
0.396190365124256
0.020616061729789692
0.6285949930640014
0.32861605135762195
0.9165331249221838
0.5682046737370907
0.27278513632509793
0.8513442149181373
0.5322747822799032
0.23884857354773814
0.8184108189756208
0.5137147830107063
0.2199769995730554
0.801173968129908
0.5031697007665512
0.20770102638917187
0.7893787487968124
0.4945029687851086
0.1952304380948484
0.7760989263074187
0.4825832752169681
0.17516203745789038
0.7542355336109366
0.4605878994016708
0.1357318438785149
0.7149825101291589
0.41848770475886177
0.0595967140114273
0.6541347722935147
0.3535893816517537
0.9517506284524967
0.5879228303992121
0.2909097984400324
0.8707559482786629
0.5430022352744912
0.24923326235365018
0.8281418124766602
0.5193337246069722
0.22595460408214896
0.8067018946434337
0.5067778080499414
0.21227432909288435
0.794007136565088
0.49822755302203703
0.20103004120659662
0.7824881504230609
0.4886267022079216
0.18567435764590234
0.7656566587029027
0.4723473296081906
0.15702700004545211
0.7354965919313856
0.44076183972540406
0.09972322108254916
0.6840247078928422
0.38486628266915
0.0014268030597106574
0.6168458962918458
0.31756784519519465
0.9022686707577029
0.5603327710290742
0.26551536459592384
0.8439785364767657
0.5282060238611797
0.2348803955185712
0.8148049213326454
0.5116434875965905
0.2177885371807835
0.7992084617839024
0.501914843594564
0.20615306332400096
0.7878687491009215
0.49332121989903
0.19343223463661485
0.7741772436749286
0.48077992316713214
0.1720438874553718
0.7509545216696112
0.4571868204909786
0.1295801606188618
0.7093885749510728
0.41239827366807913
0.048812013747476346
0.6467854494455006
0.34623364868237694
0.9409325672191649
0.5818080956290586
0.2852859784162476
0.8645563878110079
0.5395682263864852
0.2459095618000522
0.8249689917355452
0.5174861556051567
0.22396411722111953
0.8048179944887524
0.5055177753388826
0.21063089223181075
0.7922956228447224
0.4968146607204793
0.19878559729320422
0.7799679963142672
0.4862238875125664
0.18147264547013942
0.7610185663186969
0.4675834298927688
0.14839397381284947
0.7269577052016238
0.4315133040888828
0.08295485672400327
0.6709968281682762
0.3709956209988845
0.9787262976032818
0.6034253024171745
0.3051628494521188
0.8871479296272821
0.5520372741736801
0.2578186690081614
0.8364297189030587
0.5240472044568201
0.23082934025358037
0.8112100692558328
0.5096138340290088
0.2157039896528623
0.7974149234250997
0.5008411988667123
0.204940430268453
0.7867845762581456
0.4925670643313218
0.19240536525505147
0.7731660148398255
0.4799042142133967
0.1706084691676133
0.7495042024562588
0.4557232724179281
0.12697609953531996
0.7070864126926544
0.4099202684781815
0.044476690737031976
0.6439130778724276
0.3434198380779079
0.9369140846097552
0.579565820094571
0.2832517307780611
0.8623824643478584
0.5383921326962109
0.24481850372552127
0.823988390463102
0.5169698661102688
0.2235015255472832
0.804469901191071
0.505377923926176
0.21058746711569487
0.792357134678713
0.4969681762398701
0.19915390548357914
0.7804582343567673
0.4867620504855097
0.1824877140436798
0.7621739533242039
0.4688118485128876
0.15065860238616224