0
0.847457627118644
0.15074451529790434
0.001847999072793094
0.8464836314307959
0.14889941841673515
0.0029334441153097135
0.8467009967133624
0.14781480926249557
0.0028097491065506297
0.8479710779029662
0.1479263598093592
0.0015290764199602513
0.8497801078914557
0.1491397697291026
0.9996190250317338
0.8514316914498941
0.15093750706010933
0.9978657794893628
0.852263599838633
0.15261589873759362
0.9969910691455595
0.8518968702005818
0.15352511138880054
0.9973557637883919
0.8504408171623132
0.15327396066067767
0.9988108879752895
0.8485096686556499
0.15191131645209932
0.0007568145516714253
0.8469534717030118
0.14999133889879168
0.002390336847896579
0.8464234703498592
0.1483566984525817
0.0030378798258008377
0.847087127433791
0.1477097552542901
0.0024337934348901413
0.8486398865815372
0.14828426879352596
0.0008277659810620452
0.8504740952965497
0.1497997827911366
0.9988810353533586
0.8518786319143543
0.15163679917952955
0.9973948674988367
0.8522704924168485
0.1530861395852634
0.9969812623871039
0.8514413333367106
0.15357447211305342
0.9978116172112999
0.8497078607227793
0.15286103570437026
0.9995447919089744
0.8478217742599359
0.1511942500137553
0.0014658791120130132
0.8466070038568231
0.1492821175451562
0.0027819851840475973
0.846545400510524
0.14796575665352396
0.0029510655520610385
0.8476082368601844
0.14779147513495516
0.0019047522076440782
0.8493515556970685
0.14878531402031214
7.439596684521987e-05
0.8511030920389027
0.15050833567918787
0.9982134190617495
0.8521714044048594
0.15227715597370217
0.9970878308219999
0.8520905290463707
0.15341042537565075
0.9971615394375011
0.850846738822792
0.1534403044640582
0.9984054541002401
0.8489514210202971
0.15230146685207613
0.0003074177609074802
0.8472374071756198
0.15043924992689695
0.002082475994728661
0.8464372440568203
0.1486646525812052
0.002998344373939421
0.8468384516030716
0.1477499972472227
0.002678548649514223
0.8482326223352835
0.14805145784427332
0.0012559150225806004
0.8500647152419255
0.14939703083319866
0.9993163470379637
0.8516284412514585
0.1512235843878722
0.9976581654367139
0.8522888716963579
0.15282104793506823
0.9969640359661502
0.8517322537113081
0.15356686081175042
0.9975206451521789
0.850151820475977
0.15312714632997082
0.9990998691669531
0.848223033124107
0.15163038273782625
0.0010506464432680218
0.8467936743055177
0.14969770388260883
0.0025677562404917698
0.8464510516378216
0.14817946239832702
0.0030258844657551354
0.8472823489104271
0.14772041488858534
0.002237530657085207
0.8489235471017378
0.14847045784482615
0.0005280914300160866
0.8507374084017421
0.15008154934400864
0.9986012942455046
0.852016446271284
0.15190389685189576
0.9972502087946671
0.8522203111394973
0.15323566540829336
0.9970313524538681
0.8512167034277724
0.15354253687333452
0.9980360372846919
0.8494032327488381
0.152651643750235
0.9998510748229594
0.8475717439392616
0.1508919817706067
0.0017275908087017733
0.8465167507562263
0.1490200091625855
0.0028911945981349163
0.8466437554865587
0.14785692143368934
0.002862966111756071
0.8478491698021432
0.14787556763093468
0.0016557799513754468
0.8496408669818925
0.1490203198327147
0.9997670551835072
0.8513290971009293
0.15079786189821576
0.9979742083055825
0.8522406341925288
0.1525097000916924
0.9970152442134761
0.8519668212443259
0.1534945381891557
0.997285638757799
0.8505765431280012
0.15333508871097123
0.9986752831856389
0.8486519329747857
0.1520423805082376
0.0006116773077642357
0.847040108800513
0.15013617685161762
0.0022955723400022165
0.8464207432151903
0.1484514440856075
0.0030325026126944987
0.8470004441981561
0.147715505367509
0.002519914714255167
0.8485049910535756
0.14820243285656165
0.0009698937874500491
0.8503427474733375
0.14966612795101364
0.9990206693051445
0.8518028464609069
0.15150397523455217
0.9974745326786129
0.8522838548138019
0.15300517090221577
0.9969681177225844
0.8515420107051281
0.15357919045860502
0.9977109724086145
0.8498540747275527
0.15295388006095978
0.9993980968995922
0.8479489695678917
0.15133847157638014
0.00133368604602091
0.8466610539851706
0.1494144777307711
0.0027188252839340787
0.8465077471654334
0.14802872704097902
0.002982880531828158
0.8474975633516196
0.14776115092866027
0.0020183552887829137
0.8492115054884183
0.1486779354645762
0.00022300947673592475
0.8509875505757349
0.15036848036993256
0.9983358750709048
0.8521276008952325
0.15215887452006172
0.9971337147437354
0.852140011079179
0.15335985556516984
0.9971118835375254
0.85097176435788
0.15348078457024394
0.9982806228833312
0.8490981640504454
0.15242044893935258
0.0001588877126528221
0.8473412195840417
0.15058687411849325
0.001971561439555014
0.8464559602056893
0.14877568838616062
0.002970750768110486
0.8467687892262368
0.14777758875230074
0.002745539372860817
0.8481045787873756
0.1479876080329836
0.0013898533827720883
0.84992767372038
0.1492709285913647
0.999462099650657
0.851535918348536
0.1510857235285541
0.9977557411696873
0.852280404406802
0.15272429929975617
0.996973239458846
0.8518152029502732
0.153550301652027
0.9974375870857055
0.850292930267113
0.1532015681055876
0.998958718613866
0.8483603279732206
0.1517678623946095
0.0009096530880141618
0.8468676753075458
0.1498386633402906
0.0024851044964031566
0.8464340333465622
0.1482620026431518
0.0030355752905106836
0.847185278577975
0.1477114740584904
0.002335474251669911
0.8487856079214438
0.14837759272421946
0.0006739413756371437
0.8506115022615681
0.14994441577964768
0.9987350193763354
0.8519530085407325
0.15177603325326938
0.9973167633756745
0.8522483767987161
0.15316639418267286
0.9970032788921765
0.8513280677415098
0.153561721375707
0.9979247968149387
0.8495508775974567
0.15275580710064762
0.9997025079974353
0.8476904302968791
0.15103878299665308
0.001603027227737197
0.8465567710247781
0.1491447668027872
0.00284199971789989
0.8465927622380597
0.14790594412181735
0.002909314123237472
0.8477306517691346
0.14783132107261876
0.0017785124663318719
0.8495010397800142
0.14890452380844987
0.9999156440062391
0.8512220101683678
0.1506578267166181
0.9980874956622225
0.8522107686955596
0.15239929905186678
0.9970465821186916
0.8520302345118917
0.15345732558516367
0.9972220365110183
0.8507091259637822
0.15338958671748548
0.9985428652781319
0.8487960441171274
0.1521698293703584
0.00046506827760839364
0.847132570529698
0.15028231719636986
0.0021952886278007178
0.8464249935011949
0.14855175715609992
0.003019844574282615
0.8469191101769984
0.14772839008941574
0.0025999916300896153
0.8483720272151962
0.14812626094775894
0.0011096955247991147
0.850209227234335
0.14953462521442473
0.9991626519578884
0.8517213833282054
0.15136919977106444
0.9975602555554419
0.852290082466379
0.15291883944335272
0.9969622524436128
0.8516371363504809
0.1535769295611571
0.997615831108467
0.8499990116840905
0.1530409134127555
0.9992528501604081
0.8480798017415925
0.15148087106056485
0.0011982845313169843
0.8467217417661718
0.1495500040166884
0.0026491319193191476
0.8464767262398634
0.14809824502649382
0.0030075372133717693
0.8473910756256514
0.1477377206039434
0.0021271176689652282
0.8490718245321268
0.14857503237270642
0.0003710881435301516
0.8508683365888119
0.15022919045818028
0.9984623221112936
0.8520772426468997
0.1520371849455553
0.9971864756524884
0.8521825886886099
0.15330302808369822
0.9970691656570172
0.8510926436778052
0.15351436770934557
0.9981599272456748
0.8492455979463562
0.15253488051082753
9.975340652390585e-06
0.8474501564782168
0.1507346272794492
0.0018559054618623172
0.8464816617390505
0.14889150055049916
0.002936022293476226
0.8467050488463851
0.1478122385647529
0.002805943639915265
0.8479793547279392
0.14792999097007797
0.0015204585080521582
0.8497894022143796
0.1491478911658488
0.9996091423039188
0.8514383940031789
0.15094683551651844
0.9978586995994274
0.8522648889818245
0.1526228531649032
0.9969897078849723
0.8518919568123344
0.15352691881337677
0.9973606879912311
0.850431625807667
0.1532696339101829
0.9988200733095063
0.8485002182952033
0.1519024199127501
0.0007664710986707846
0.8469478838088765
0.14998169700872666
0.0023964790372954514
0.8464239013866106
0.14835055923414275
0.0030379793939054878
0.8470931173635564
0.1477096249148544
0.0024278162498923006
0.8486489802584887
0.14828994536993
0.0008181750184597103
0.8504828047152703
0.14980880109831007
0.9988717782644752
0.8518834984331018
0.1516456155061201
0.9973897546479515
0.8522693429646415
0.15309136441850724
0.9969824018505813
0.8514344000253375
0.1535739063496937
0.9978185466448299
0.8496980346212286
0.15285461683391022
0.99955465700691
0.8478133956216811
0.15118453764478934
0.001474607690554075
0.8466036246614984
0.14927337676581365
0.0027859769061746587
0.8465481558440455
0.14796177779336972
0.0029486814703649777
0.8476157904096613
0.14779374943911527
0.001896979594086634
0.8493609383729696
0.1487926571096132
6.443513988441119e-05
0.8511106901867211
0.1505177122738801
0.9982053698022865
0.852174099916368
0.15228494724205266
0.9970850070988811
0.8520869717066919
0.15341358431240737
0.9971651091709788
0.850838227270275
0.15343734933519126
0.9984139526266791
0.8489416298443981
0.15229334490269952
0.00031734020240747896
0.8472306455296451
0.15042937975401793
0.002089726349921772
0.8464362408767365
0.14865739554827329
0.002999935354118799
0.8468433231543859
0.14774840313770765
0.0026738318635712854
0.8482412892898907
0.14805595140320804
0.0012468359158281928
0.8500738393608833
0.14940557635495066
0.9993066428033791
0.8516344517637644
0.15123277072544017
0.9976518303106845
0.8522891856410792
0.1528273523702368
0.9969636799003334
0.8517264831481084
0.15356772407482788
0.997526421524713
0.8501422951015232
0.15312194018293468
0.9991094011329154
0.8482139418501382
0.15162108191654955
0.0010600001660283631
0.8467889452623589
0.1496883489666221
0.0025730718928713703
0.8464524355015767
0.14817415558249536
0.003024975824549747
0.8472890181134856
0.14772126577072342
0.002230778420631907
0.8489328222458395
0.14847685639237795
0.0005182768317149034
0.8507457315660363
0.15009077782980018
0.9985924569149562
0.8520204725792999
0.15191235976471562
0.9972459865412148
0.8522181793978474
0.15324009343913625
0.9970334876456823
0.8512090739082616
0.15354100263737713
0.9980436571873463
0.8493933391534698
0.1526444841815624
0.9998610389654017
0.8475639573085396
0.15088212460845796
0.0017357858685620453
0.8465143170263822
0.14901180136806058
0.00289424159126761
0.8466473945528316
0.14785388493345453
0.002859616167187662
0.8478572293244983
0.1478787655067766
0.0016474171679030647
0.8496502117052647
0.1490282066240054
0.9997571223487877
0.8513361095228698
0.15080722753583942
0.9979667936852845
0.852242388375466
0.15251694469264976
0.9970134010764187
0.8519623402138699
0.15349679377387826
0.9972901320472606
0.8505675498924119
0.15333120167776526
0.9986842667070828
0.8486423458076076
0.15203371437302104
0.0006214449157266877
0.8470341237803207
0.1501264342709412
0.0023020923408645366
0.8464207081749888
0.14844492384135233
0.0030330903012694144
0.8470060832829868
0.14771489754012812
0.0025143350046406
0.8485139660030162
0.14820773757042005
0.0009604464501136167
0.8503516131574649
0.1496750130245168
0.9990112429291448
0.8518081003207749
0.15151293277246758
0.997469007233746
0.8522831830031901
0.15301076195732488
0.9969687706981122
0.8515354406013118
0.15357909283821902
0.9977175418345836
0.8498443205802102
0.15294784286519203
0.999407877600905
0.8479403359525395
0.15132886795684408
0.001342640891198732
0.8466572264447703
0.14940551278690295
0.002723260030047303
0.846510062258569
0.1480243046860812
0.002980973179842694
0.8475048455628132
0.14776296696133429
0.0020108971777952345
0.8492208745309549
0.14868498809688901
0.00021307173877760377
0.8509954045177132
0.15037783025653084
0.9983275479886798
0.8521307400308293
0.15216690356117724
0.997130426435132
0.8521369126324578
0.1533634385588849
0.997114992782797
0.8509635192860501
0.15347828897083815
0.9982888551190474
0.8490883129695725
0.15241262141258138
0.00016884853395260357
0.847334105897348
0.15057698156408028
0.001979138903563493
0.8464544886067905
0.14876810161796516
0.0029728219978280013
0.8467732704135694
0.14777552029353158
0.002741258007198377
0.8481130670685249
0.14799169028390757
0.001380986065055101
0.8499368912701829
0.14927927932606666
0.9994522965157766
0.8515422721166028
0.15109498955315326
0.9977490371320767
0.852281192098868
0.15273092644765818
0.9969723959588871
0.8518098405183028
0.15355162434555147
0.9974429580283342
0.8502835535908786
0.15319678201606912
0.9989680949043839
0.8483510503230225
0.1517587448097366
0.0009191655292848377
0.8468625247800203
0.14982915645770678
0.002490827359235226
0.8464349583822212
0.14825628597545082
0.0030351538740323036
0.847191627102157
0.14771185161201794
0.002329088822901948
0.8487948061114492
0.14838365009520604
0.000664222541845394
0.8506200228406771
0.14995355361116092
0.9987259673784
0.8519574476982354
0.15178467738963963
0.9973121042625122
0.852246719010622
0.15317121414857438
0.9970049344269893
0.8513207654999295
0.15356065542284947
0.997932092000797
0.8495410029343531
0.15274899737048875
0.9997124369655421
0.847682346633583
0.15102898232042206
0.0016114912658502512
0.8465538771544227
0.14913628970282078
0.0028455082573168866
0.8465959784890841
0.14790244783067807
0.0029064277676840167
0.8477384759074944
0.14783407647964086
0.0017704248687215873
0.8495104140100656
0.14891215727375418
0.9999056848864685
0.851229315377223
0.15066720877463036
0.9980797640988921
0.8522129820209039
0.1524068172497648
0.9970442615673707
0.8520261957414927
0.15346002240758594
0.9972260881359178
0.8507003538609383
0.15338614709019271
0.9985516253856254
0.8487863448604718
0.1521614153627593
0.0004749234464611618
0.847126201934424
0.15027249925086972
0.0022021707981487726
0.8464244904897568
0.14854487152830353
0.003020919021878843
0.846924384810564
0.14772730455890448
0.0025948227941912094
0.8483808635904202
0.1481311800956333
0.0011004144696702411
0.8502182288861503
0.14954335672763985
0.9991530789014359
0.8517270109306234
0.15137827870928433
0.9975543307851701
0.8522898882412413
0.15292478320411274
0.9969624174131348
0.8516309452406023
0.1535772983334871
0.9976220247654739
0.8499893548522017
0.1530352715943888
0.999262522933311
0.8480709347688431
0.15147140096239742
0.0012074441113951728
0.8467174734098237
0.14954083783510264
0.0026539990793346124
0.8464785940455388
0.1480933889182907
0.0030061112069970086
0.8473980698527352
0.1477390723240184
0.0021199919519641064
0.8490811591675826
0.14858177739049694
0.0003611973281965053
0.8508764277024089
0.15023849274098788
0.9984537371782186
0.8520808163534925
0.15204543373483936
0.9971827306779448
0.8521799553103819
0.15330702549765185
0.9970718069956344
0.8510846858219585
0.1535123356939585
0.998167873408158
0.8492357125687511
0.1525273664911353
1.9950573668880978e-05
0.8474427076485442
0.150724738113718
0.0018637918363533235
0.8464797232276751
0.1488836028120657
0.0029385688499341533
0.8467091282679999
0.14780969923963472
0.002802107988653102
0.8479876454464687
0.14793365078978749
0.001511824245658211
0.8497986924170627
0.14915602763583458
0.999599263779308
0.8514450752131901
0.15095616074453044
0.9978516427374042
0.852266146804058
0.15262978758433254
0.9969883790197118
0.851887014858506
0.15352869600706143
0.9973656406363349
0.8504224220253094
0.15326527802214818
0.9988292713722782
0.8484907779669137
0.1518935087410891
0.0007761193764119767
0.8469423229604718
0.1499720627579011
0.002402595393673046
0.8464243635358443
0.14834444605943942
0.0030380462598382785
0.8470991302819958
0.14770952650906732
0.0024218129539024247
0.8486580811696837
0.148295646336154
0.0008085752574478189
0.8504915029517869
0.1498178275951756
0.9988625333081094
0.8518883385511065
0.15165442167701304
0.9973846698723412
0.8522681615590588
0.15309656426521023
0.9969835738041182
0.8514274429852984
0.1535733092057443
0.9978254995982148
0.8496882046136962
0.15284817292537678
0.9995645269097564
0.8478050348082085
0.15117481888869833
0.0014833203633837222
0.8466002757249714
0.14926465179793524
0.002789938612559828
0.8465509403797082
0.14795782894592113
0.0029462656620251604
0.8476233615196873
0.14779605418509512
0.0018891865807084685
0.8493703212175869
0.14880001902016993
5.447362000898792e-05
0.8511182705535392
0.15052708991039054
0.9981973398418639
0.852176765425765
0.15229272195706223
0.997082214737947
0.8520833838923121
0.1534167145328067
0.9971687094443029
0.8508296986362676
0.15343436361207452
0.9984224682599767
0.8489318435895747
0.15228520394469314
0.00032725921999299246
0.8472239080324633
0.150419511999214
0.002096954172572829
0.846435269085724
0.14865016123948038
0.0030014940314539995
0.8468482204167714
0.14774684088290213
0.0026690863173275403
0.8482499675243037
0.14806047208223472
0.0012377434010537591
0.8500829564845642
0.14941413421490424
0.9992969460249819
0.8516404387448204
0.15124195100023652
0.9976455204384314
0.8522894677645576
0.152833634660956
0.996963356516084
0.8517206857277744
0.15356855642507306
0.9975322245591097
0.850132760646922
0.15311670630210372
0.999118942707045
0.8482048638870476
0.15161176966956935
0.0010693424535199725
0.8467842448097179
0.14967900509314003
0.002578359814320752
0.8464538499165316
0.1481688766569067
0.0030240346275107743
0.8472957082398286
0.147722148222714
0.0022240021936110743
0.8489421018117952
0.14848327722280885
0.0005084566599984353
0.8507540408143727
0.1501000116437612
0.9985836347206343
0.8520244708417157
0.15192080986659473
0.9972417939123168
0.8522160160390932
0.15324449481561775
0.9970356547845711
0.8512014231400262
0.15353943709386808
0.9980512981863402
0.8493834452109841
0.15263730178633717
0.9998710046071522
0.8475561912535037
0.15087226457805247
0.0017439622079327144
0.8465119142577029
0.14900361235103654
0.0028972574092684944
0.846651061589935
0.14785087944707964
0.0028562354587293726
0.8478653039659234
0.1478819926911088
0.001639036668623417
0.8496595537064888
0.1490361097143671
0.999747192125936
0.8513431017246389
0.1508165913313535
0.9979594009300934
0.8522441115936981
0.15252417037691446
0.9970115900770119
0.8519578299120565
0.1534990195576844
0.9972946545362378
0.8505585426656708
0.15332728494968562
0.9986932644214379
0.8486327670329386
0.15202503212388407
0.0006312058189061887
0.8470281649392313
0.15011669764400004
0.002308587523824235
0.8464207044122894
0.14843842863225554
0.0030336453370338745
0.847011746291259
0.14771432170308696
0.0025087282526283783
0.8485229495247713
0.14821306761921438
0.000950988784450546
0.8503604690103453
0.14968390765602013
0.9990018271859318
0.8518133286620553
0.15152188147133128
0.9974635090106492
0.8522824792003982
0.15301632890655625
0.996969456307083
0.8515288456737353
0.15357896391579384
0.9977241358672246
0.8498345608200939
0.15294177967362987
0.999417664690645
0.8479317187426632
0.15131925627770304
0.0013515812533351212
0.8466534287015857
0.14939656214321317
0.0027276654329608796
0.846512407058643
0.14801991173466256
0.0029790337512687337
0.8475121464672423
0.14776481387839713
0.0020034174416889705
0.8492302451362387
0.1486920607190645
0.00020313170950103654
0.8510032419097071
0.1503871825841978
0.9983192388915149
0.8521338497352546
0.15217491724037258
0.9971271689979488
0.8521337832538418
0.15336699345137017
0.9971181331044064
0.85095525571492
0.15347576246373773
0.9982971058097254
0.8490784651016257
0.15240477356601634
0.00017880753345123068
0.8473270152654607
0.1505670897035003
0.0019866950257234617
0.8464530483367135
0.14876053635179254
0.002974861213212776
0.846777778102567
0.14777348349980635
0.0027369471545155566
0.8481215679068435
0.14799580043159555
0.001372103896720489
0.8499461032122198
0.1492876437150099
0.999442499270781
0.8515486033884538
0.15110425088020207
0.9977423573022277
0.8522819481713881