0
0.7796610169491527
0.6844412626397709
0.7058954157011446
0.8498158725879899
0.09683008538333704
0.2710714752738581
0.3191031930834538
0.25162510957557904
0.056829709046057886
0.8175305069934589
0.6942647288577755
0.6905950818424005
0.8054826772617991
0.04003558128052953
0.24289673547604984
0.31856072483079556
0.27853302233444754
0.11322203118314356
0.864782369277914
0.7119648631489257
0.6828527006677527
0.7698998355579665
0.9832769556402803
0.2100079072650498
0.3134134475651864
0.2994685772019423
0.16430073059444616
0.9198256278759296
0.736811513952937
0.6806844553342906
0.7399956306008777
0.9263792960678581
0.16958149943034684
0.30137054785578377
0.31241062342519177
0.20579135966025675
0.9767285927010718
0.7662166838431892
0.6823683581633686
0.7145201240898347
0.8708451613408306
0.11952121823734085
0.2813176380528577
0.3182471651783736
0.23938047620025138
0.03347316030119618
0.8009842988459828
0.6893420676799353
0.6958878836592883
0.8224691023035358
0.06340161545069334
0.25494375883877574
0.31922336912258276
0.2680336549660405
0.09033646091518577
0.8441885663588786
0.703711345645107
0.6852108912296897
0.7836294863938358
0.006540227609966642
0.22422025918756772
0.31624299697630054
0.2918120692001893
0.14442580316940656
0.8967160738818665
0.7259548076009716
0.6810671547387663
0.7517465657438054
0.9497422645769538
0.18727927422001311
0.3072519759099013
0.3080502528387177
0.18990040853167223
0.9533970980920057
0.7536456214582485
0.6811846979484795
0.7243302733540382
0.8931473062473341
0.141167907355654
0.29049080043539277
0.3165880871225961
0.22634359878564148
0.010179060229714931
0.785876823997613
0.6856772656069605
0.7025439764355719
0.8411163735970528
0.08671075406999895
0.2663177210851351
0.3192693521458345
0.25676716387173926
0.06705609793440903
0.8252732589524021
0.6968374813530662
0.6886883086651059
0.7985316461887386
0.02982509864370586
0.2373978782077466
0.31804563659381646
0.2828302371180209
0.12299015975245986
0.8742625365276662
0.7159827492562627
0.6821296775033021
0.7641978466111872
0.9730836831761001
0.20340007310458974
0.3118113376971645
0.3023808768905214
0.17246025183261615
0.9300299749151748
0.7417899024800625
0.6807044130777968
0.7350638925369117
0.9161870582933949
0.16130419415511854
0.29836271757085564
0.3139306205810324
0.21230925426336844
0.986917616343582
0.7719801035285823
0.6831542484337771
0.7105862676613319
0.8614579273103948
0.10968682000099284
0.2769495741141368
0.31870935610570283
0.24482714897855962
0.04368823262123467
0.8080360060542837
0.6913359657873697
0.693408010629311
0.8148393160270282
0.053173762281176984
0.2497561837086688
0.3190148000676736
0.27273388520832187
0.10042574309812302
0.8530031796569817
0.707157425407301
0.6840503345889286
0.7774915874413626
0.996362012204254
0.21814257376626278
0.3151413865864905
0.29533301843872994
0.1533308557245041
0.9067778597072227
0.7306107548856131
0.6808239251724473
0.7465223571004884
0.9395143491738089
0.17973843363399755
0.30484561083860573
0.3101143462524978
0.19703396818774443
0.9636155418696921
0.7590518039280107
0.6816061504591016
0.7199078721880627
0.8832644597314228
0.13185834060576607
0.28662570587742575
0.3174256766032051
0.2321577225657938
0.02036506938862015
0.7923247829565998
0.6871326749711386
0.6994597939628542
0.832744945983944
0.07653047796979484
0.26142390098535495
0.31932122485831016
0.2617822320259213
0.07726802061340043
0.8333392103898005
0.699673828352795
0.6870198345937162
0.7918503001689703
0.019628157542755265
0.23174326357198893
0.31737119240280354
0.28691328500066327
0.1325406629037369
0.8839733947019865
0.7202212667925263
0.6815708842061978
0.7586561196922652
0.9628770404387241
0.19652776670738925
0.30997334844446023
0.3050282640080466
0.18029418054234458
0.9402539307164564
0.746895816052449
0.6808374388258369
0.7302688751894233
0.9060470575388395
0.15269757379158655
0.2950872281854031
0.31522798013583797
0.21858913723086726
0.9970980039327333
0.77792833884673
0.6841273194423874
0.7068994263992892
0.8523551439623072
0.09969941198919363
0.27239921532012223
0.31903395625458675
0.25013560589339523
0.05391334727517805
0.8153805645592962
0.6935786837487017
0.6911835283047782
0.8075164640616439
0.042949176669846434
0.24443805799028562
0.3186807255597701
0.27727182202845624
0.1104036480720052
0.8621275794032899
0.7108626343020887
0.6830913379520327
0.7715573847222585
0.986181199698605
0.2118461699190135
0.3138283079223201
0.2985891996675081
0.16191380782729503
0.9169226619712034
0.7354160523268356
0.6806992189740715
0.7414256018458119
0.9292912072022572
0.17188124431238494
0.30217922375903683
0.31193499476356523
0.20388653732183837
0.9738211975035702
0.7646045891326723
0.6821762449420055
0.7156845461469952
0.8735687422794176
0.12229056027528529
0.282526409065591
0.3180880233516654
0.23780054396327754
0.03056296936174796
0.7990250168711657
0.6888180963797517
0.6966426636256093
0.8247026484343043
0.06631690513213906
0.256399587301281
0.31926123156127906
0.2666663175899524
0.08744491389938291
0.841734505624022
0.7027773826651025
0.685580670501039
0.7854198180338612
0.009442850355933619
0.22591603369532232
0.31652027592549237
0.29076071312472873
0.14183006546284282
0.8938679087924348
0.7246571436971516
0.6811595645140924
0.7532600574278789
0.9526577947359884
0.18937323536138706
0.30789135647818267
0.3074160721084427
0.18781263798759218
0.9504817222436475
0.7521293764944637
0.6810895895900337
0.7256243981802339
0.8959927660051523
0.14376981827481483
0.2915473986657471
0.31631482259645693
0.22465182429150632
0.007276314908208903
0.784081781222913
0.6853030026241749
0.7034724298607729
0.8435636773180466
0.08960366354129201
0.26768798493004287
0.3192338578701164
0.25531394224263293
0.06414103533867888
0.8230330769069318
0.6960772824982393
0.6892073348954213
0.800485299387995
0.032735005098203374
0.23898096077850406
0.3182079999048226
0.2816257988586903
0.12022513726040795
0.8715340239602065
0.7148136913544212
0.6823183414085632
0.7658065810924026
0.975991354695481
0.2053102820966224
0.3122917996268262
0.30157768242300165
0.17016725631170004
0.9271175989147631
0.740357299777691
0.6806873381710514
0.7364565834091099
0.9190890661101392
0.16369792945308115
0.2992476220680249
0.31352039380079866
0.21047597572584564
0.9840135747017429
0.7703188191131298
0.6829118102554359
0.7116834547559141
0.8641069590281569
0.11250852786102028
0.2782146153649685
0.31859224243803697
0.2432887088120541
0.04077440539830768
0.805996238487575
0.6907424156010409
0.694088764022212
0.816982874321444
0.056090084784988115
0.2512483499113709
0.319086577174005
0.27140941184332945
0.09755854759106475
0.850457425204105
0.706148026403083
0.684360065352029
0.7792199894943628
0.9992640358461644
0.21989685142273263
0.31547645856598727
0.2943558205364525
0.15082401862447847
0.903898879296112
0.7292672721945035
0.6808808255895205
0.747998801376208
0.942430666619039
0.18192022850445477
0.30555795805454755
0.3095509645126677
0.19502938256810243
0.9607031800817605
0.7574959794791951
0.6814715393137352
0.7211495668965671
0.8860653535993661
0.1345407936946037
0.28775246617575423
0.3172054605754093
0.2305182186851451
0.01745971942380331
0.7904614440360629
0.6866946835763059
0.7003118688328658
0.8350981963557333
0.07943759287178942
0.2628328615683655
0.31931784345402026
0.2603653673242792
0.07435886957097271
0.8310059749839667
0.6988379803089062
0.687471770165696
0.7937289112366757
0.022534237415608782
0.23337234528822615
0.3175807341484158
0.28577224724534034
0.12984240959140525
0.8811837515391103
0.7189915994079072
0.6817144707359462
0.7602207937282852
0.9657886131756097
0.1985152576610285
0.31052193793855576
0.30430014610097356
0.1780931992531105
0.9373378476475653
0.7454270860444883
0.6807877260930217
0.7316214303559527
0.9089311188264646
0.15518483871313826
0.2960483444378701
0.3148800944428749
0.21682163324409753
0.9941958350111351
0.7762123395951819
0.6838298611695355
0.7079246015397036
0.85491980231131
0.10255997411476514
0.2737139056089575
0.31895460780271057
0.24863555424895178
0.050997225186134365
0.8132556736931631
0.6929134456264681
0.6917921628467676
0.8095739738777796
0.04586364413746091
0.2459681081564864
0.3187894716827815
0.27599567880891485
0.10757256751235733
0.8594957898676931
0.7097804290300989
0.6833451050921928
0.7732298314990378
0.9890846926433068
0.21366495576367184
0.31422499109633995
0.29768803011471245
0.15950003849885874
0.9140237208229582
0.7340316052077958
0.6807231226465973
0.7428659210630499
0.9322047820758721
0.17415443835372413
0.30296632169881255
0.3114402325523793
0.2019603137143573
0.9709126996139297
0.7630056005544015
0.681997583100487
0.7168670556074712
0.8763113805357197
0.12504246043141576
0.28371789266850556
0.31791603131995494
0.23620805926613908
0.027653902687616583
0.7970877746478888
0.6883135533034395
0.6974188562756494
0.8269624456556608
0.06923115783543166
0.2578451326217599
0.3192898038524743
0.26528755499587753
0.08454827581827562
0.839307145628587
0.701865166126193
0.6859682318081886
0.7872289064082536
0.012346013292275693
0.2275962121148596
0.31678186172359313
0.2896888047788435
0.13921023242363084
0.8910308066737742
0.7233736260214556
0.6812627315298299
0.7547844809309279
0.9555726571322878
0.19144292000178975
0.30851029550024167
0.3067613267998337
0.1857003265479582
0.947565803538355
0.7506239190015433
0.6810050105849168
0.7269322915668992
0.8988485052247803
0.14634715940036624
0.29258321786463926
0.3160255954427833
0.22294409918767277
0.004373993454943381
0.7823051334283855
0.6849463136713778
0.7044225783153619
0.8460375516549403
0.09249090753367817
0.26904658688300076
0.3191889707986677
0.25385043773794225
0.06122520986366631
0.8208189689909156
0.695338402510175
0.6897459291661754
0.8024613002001271
0.03564602525967819
0.24055174687698289
0.31835780682959625
0.2804044814740232
0.11744349657918818
0.8688253358032625
0.7136630999151867
0.6825207557912263
0.7674287130266828
0.9788979551093764
0.20719941451377055
0.3127532812029652
0.30075284249607304
0.1678475941456643
0.9242072354469677
0.7389351097520529
0.6806793577841428
0.7378601191819567
0.9219946165437376
0.1660647997217386
0.30011073846373204
0.31309180598663566
0.2086228702625892
0.9811086920158136
0.7686720968999898
0.6826842148613252
0.7128003700268883
0.8667783841397223
0.11531671000868071
0.2794643067361613
0.31846361174901006
0.2417388045094917
0.03786152858951164
0.8039799110960657
0.6901689254910268
0.6947904406510648
0.8191517236147372
0.05900647009850868
0.2527300598496991
0.3191484266700719
0.2700722197143284
0.09468329992501179
0.8479373924585696
0.7051599468682115
0.6846865280470289
0.7809654350346174
0.0021660154781262264
0.2216338370299371
0.31579463536771923
0.29335721115545255
0.14829125849349722
0.901027482594347
0.7279362937394223
0.6809475377717313
0.7494856501760623
0.9453470521533891
0.18407657557602075
0.3062493048588739
0.30896761072026413
0.19300155207994374
0.9577898230569595
0.7559517578686226
0.6813486287594186
0.7224068910775938
0.8888803404208474
0.13720128880306515
0.2888597109968849
0.3169705993718863
0.22886437597522935
0.014555265346630542
0.7886181671617081
0.6862751739134954
0.7011857199939193
0.8374783055128909
0.08234147576248141
0.2642310796620495
0.31930538744010306
0.2589380334303977
0.07144745373582317
0.8286994710870847
0.6980238172979867
0.6879425788333666
0.7956283749837438
0.02544135921525248
0.23498782549538166
0.31777632246735976
0.28461249351978024
0.12712382604358918
0.8784101611440414
0.7177785309310134
0.6818704163539486
0.7617975975113778
0.9686990874833015
0.20048019485978275
0.31105086630007284
0.30355077682816445
0.17586627352080964
0.9344223541527652
0.7439686504644429
0.6807474863724297
0.7329858205465936
0.911821253437501
0.1576456446778347
0.2969878122574343
0.31451478083815676
0.21503598151867065
0.9912933247076132
0.7745125344446784
0.6835485446712353
0.7089706962636493
0.8575093265854892
0.10541077728714043
0.27501507621976984
0.3188648771569529
0.24712480364401346
0.048081551711635306
0.8111554992671701
0.6922688546422302
0.6924211543677123
0.8116555767144913
0.048778855152801004
0.24748711908555565
0.3188872984617168
0.27470512580844986
0.10472988091583435
0.8568877472985317
0.7087186085341011
0.6836143785197941
0.7749176364649464
0.9919875704785115
0.2154647408110022
0.31460375559182596
0.29676509037290977
0.15705950240422872
0.9111294979448974
0.7326584349736924
0.6807562573368586
0.7443165355355292
0.9351195936361321
0.17640127132516792
0.3037319474328761
0.3109261392958791
0.2000122626837415
0.9680030783463958
0.7614193454046019
0.6818319729229723
0.7180671259962756
0.8790720126383769
0.1277758381195473
0.28489155353807316
0.31773079094670864
0.23460266006598385
0.024745952322375864
0.7951721511067706
0.6878282449869144
0.6982165752876641
0.8292487021536039
0.07214396903884257
0.2592803615284125
0.31930919423125426
0.2638976498228791
0.08164726807264922
0.8369065998689094
0.7009747345609023
0.6863738409622488
0.7890572310723432
0.015249860430377904
0.22926126080285192
0.3170281254699323
0.28859668458637877
0.13656701057879506
0.8882058453329529
0.7221047788217163
0.6813769806168488
0.7563200550625893
0.9584867092233345
0.19348869262923873
0.3091089604139201
0.3060858550581793
0.18356313160777749
0.9446495352668951
0.7491290821042513
0.6809306771065322
0.7282534694581382
0.9017135078458507
0.14889936741665055
0.29359799147398746
0.3157200557100248
0.22121994178061088
0.0014719311440503091
0.7805463923787084
0.68460690695473
0.705394320561382
0.8485377578690874
0.0953716685171111
0.2703931762707712
0.3191345248215276
0.25237661865200955
0.058308953512174355
0.8186306728340036
0.6946207057564147
0.690304273698791
0.8044600526966459
0.03855812269767167
0.2421105594305244
0.31849544406516905
0.2791668386573347
0.11464635523728672
0.8661374559548871
0.7125314598618679
0.6827373201533442
0.7690646492288828
0.9818035477852112
0.2090679142790215
0.31319599652302044
0.2999062844048406
0.16550114892903833
0.9212993939905505
0.7375234536356459
0.680680441237445
0.739274307900843
0.9249031102081111
0.16840483106940862
0.3009520966953425
0.3126446223232535
0.20674947662751197
0.9782028653350487
0.7670395003010109
0.6824710709993016
0.7139365853226769
0.8694713273344199
0.11811024615735732
0.28069809550937785
0.3183230984931509
0.2401771563084112
0.03494968412428001
0.8019866364764283
0.6896153210205775
0.6955131910208903
0.821346168002393
0.061922651530927464
0.2542014071440786
0.31920056957489695
0.26872272331558733
0.09180091108643706
0.8454434583626016
0.7041933580388875
0.6850300408764411
0.7827284143473805
0.005068124366994553
0.2233540200944173
0.3160962424231135
0.2923373820144972
0.14573299248093186
0.8981646053513337
0.7266182505952163
0.6810242972819913
0.7509830137310929
0.9482632560444455
0.1862077886279101
0.30691980485046066
0.3083641121476246
0.1909500940592661
0.954875565670708
0.7544188720998064
0.6812370608820797
0.7236792957316038
0.8917083050512362
0.13983898516631932
0.2899470302026721
0.3167207053157264
0.22719575047373475
0.011651594121645292
0.7867944865884404
0.6858739047544549
0.7020813637033334
0.8398852713105214
0.08524150109401596
0.2656183434000936
0.3192838090167398
0.2575003320305278
0.06853425859350182
0.8264195599891366
0.6972312563583962
0.688432469588812
0.7975491303132034
0.028349574507119613
0.23659010181052276
0.31795835777667625
0.2834345221154573
0.12438592170501384
0.8756537341079007
0.7165826118119201
0.6820391119424203
0.7633868653783997
0.9716084395248705
0.2024229870935601
0.3115603185265403
0.3027800259590645
0.173613154879114
0.9315078019017426
0.7425204956070166
0.6807165696016648
0.7343617139305518
0.9147166708394567
0.1600797896410362
0.2979055488642559
0.3141317549422826
0.21323169565706168
0.9883903129829352
0.7728284452854082
0.6832830136428774
0.7100374229558013
0.8601231125393336
0.10825078591363502
0.27630223035894375
0.31876446816558257
0.24560317212117244
0.045166505368297916
0.8090796919514265
0.6916447472024037
0.693070668859995
0.8137616313929601
0.05169465328171263
0.24899529535876663
0.3189745199317362
0.27340067737935936
0.10187665087639397
0.8543041184548577
0.7076774926736862
0.6838995237750325
0.7766212710373348
0.9948899841856229
0.21724600765282354
0.31496487444824517
0.2958204358801364
0.15459234698252455
0.9082407419245884
0.7312968437782015
0.6807987478740376
0.7457774306506861
0.9380352586207903
0.1786219681155763
0.30447622164647026
0.31039252510785165
0.19804196803798657
0.9650923381947569
0.7598454723036268
0.6816790185489365
0.7192842148806533
0.8818495440990084
0.13048964915860672
0.2860468752359253
0.31753190170680456
0.23298396361579332
0.02183908532387946
0.7932777151028929
0.6873619696747082
0.6990359180144909
0.8315615885848984
0.07505488917963765
0.26070520219881166
0.3193194767865899
0.26249684464379985
0.07874255725874413
0.8345329166411892
0.7001060942738557
0.6867977495291688
0.790905264234878
0.01815451925086453
0.23091163418840965
0.31725944836276065
0.2874847334498636
0.1339011845061373
0.88539412725844
0.7208511425324189
0.6815026564841489
0.7578670264992788
0.9613998358545532
0.1955109283611245
0.3096875215627297
0.3053894992456394
0.18140072590971457
0.9417331420184889
0.7476447305714693
0.6808663319817354
0.729587476580924
0.9045868016487737
0.15142596229614425
0.29459149565078047
0.31539786707642703
0.21947886497363633
0.9985699567813049
0.7788050677701874
0.6842844756150503
0.7063875163000439
0.8510639799359909
0.09824507511213643
0.2717273653947405
0.31907032212643793
0.250892417637838
0.05539256026521233
0.8164679009277258
0.693924047369781
0.6908825459277916
0.8064819514873829
0.04147123525895502
0.24365769731643017
0.31862128747994145
0.277913425941251
0.11183483647843673
0.8634713097188209
0.7114192254607117
0.6829684302206793
0.7707148140485902
0.9847082191631884
0.21091623533428505
0.31362017100198925
0.29903795855623017
0.16312785349288372
0.9183946343400025
0.736122492701135
0.6806905927012719
0.7406989979068643
0.9278139995309216
0.17071810292911271
0.30177175216512886
0.3121786202144592
0.2048553432423743
0.9752960136120385
0.7654206090163096
0.6822719818153757
0.7150916386420194
0.8721848485178536
0.12088801342280275
0.28191542601532227
0.31817032392769606
0.23860345946936246
0.03203892798013408
0.8000160177624884
0.6890814237054306
0.6962571579889394
0.8235664893392367
0.06483832623393049
0.2556624507289298
0.31924319623390396
0.26736130165903127
0.08891223972780526
0.8429759201413762
0.7032483906917726
0.6853909071040798
0.784509417452564
0.007970532541134556
0.22505788665089677
0.3163816193930038
0.2912965671429806
0.1431497205086325
0.8953112307347577
0.7253136052515514
0.6811113678578202
0.7524910349670999
0.951179061360929
0.18831419881638833
0.30756961677584016
0.30774029915817414
0.18887463584365616
0.9519605295428601
0.752897082040223
0.6811364954718471
0.724966243800504
0.8945481501061732
0.14245311648932768
0.29101405238641087
0.3164553994690684
0.2255118847037627
0.008748574043829116
0.7849899282200445
0.6854906211870615
0.7029987862094664
0.8423190303197146
0.08813698923227031
0.26699440058537594
0.3192530258792985
0.256052325649172
0.06561972270567162
0.8241660616036894
0.6964601959693137
0.6889416420777952
0.7994916059424404
0.0312589103003984
0.2381795521455028
0.31812724029678785
0.2822388545158727
0.12162975044226254
0.8729155585101334
0.7154043812185309
0.6822209545587512
0.7649889539216379