0
0.43241379310344824
0.8320410342260214
0.3009051866815511
0.6942277486090065
1.1622915468583588
1.5625589131052342
1.9933064715213562
2.4273998076578573
2.826438916220268
3.29605255060852
3.6893969377307076
4.156619054798146
4.557572582501489
4.9866886900354785
5.422452695637675
5.8209591284203315
6.291263915463026
6.684650893877816
7.151000965883975
7.552678609739896
7.9802172565061955
8.417621824154335
8.815651965408094
9.286584623525744
9.680032977185173
10.145492198821785
10.547922347305615
10.97395323708097
11.412949450840406
11.810558325392003
12.28205324008776
12.67557908788434
13.140139962573931
13.543340757574937
13.96794508730161
14.408468734616111
14.805708178832033
15.277699851343762
15.671316256414368
16.134981598635164
16.538961083475556
16.962227124146988
17.40420279738437
17.801120183716083
18.27354529186287
18.667262160662677
19.13004353214465
19.53480052568842
19.956819458046343
20.400164758458562
20.796802265928967
21.269601214577996
21.663425441139328
22.125341238540386
22.530866749567537
22.951729067122802
23.396358520470734
23.79275287138164
24.265870802974057
24.65980659119335
25.120879994470364
25.527158960044563
25.946951596601526
26.392780026966005
26.788962575373525
27.26234988286762
27.656399175865563
28.116656128042425
28.52366927441001
28.942473481412534
29.389418725674766
29.785415779551577
30.25902820707702
30.65319116201635
31.112658499164624
31.520384166509338
31.93827407506229
32.38625902873745
32.78209230366517
33.25589073604856
33.65016619850755
34.108869997221575
34.51728582243762
34.93432757673001
35.38328163278413
35.778968759362186
36.25291879774187
36.647304746411756
37.105268913262016
37.514353314580276
37.93060464888556
38.38046462745606
38.776019659492285
39.25009106489744
39.64458501178297
40.10183010847543
40.511563555204944
40.92707369398615
41.37778437099767
41.773218262730005
42.247384329744115
42.641983671936124
43.098525950962355
43.50889202876678
43.92370180828663
44.37521614428472
44.77053718093526
45.24477408405244
45.63947641052739
46.095327026906965
46.50631332499832
46.920455457801516
47.37273461283435
47.76794878993816
48.24223492843073
48.63703828985472
49.092202652576844
49.5038015063817
49.91730093264615
50.37031413422503
50.76542548835986
51.239740842317765
51.63464399430196
52.08912122395385
52.50133034774716
52.91420463766812
53.367928950007624
53.7629398478893
54.237265348558985
54.63226797995991
55.08605044506442
55.498873485870305
55.91113327431448
56.36555329978976
56.76046469517123
57.234781606400716
57.629884564631006
58.08295747733908
58.49640451549386
58.908053964306895
59.36316149289097
59.75797316205423
60.23226246606085
60.62746799131652
61.07980905281696
61.49389706674161
61.904934361797395
62.3607279710971
62.755438738453456
63.22968051791666
63.62499249787854
64.07657159513724
64.49132489828395
64.90174279809503
65.35822739522084
65.75283536090723
66.22700817041544
66.62243242629282
67.07321139472063
67.48866204113288
67.89844850183442
68.35563478849775
68.75013756994285
69.22421779320581
69.61976240670644
70.0696948883542
70.48588302935543
70.89502193696103
71.35292577092588
71.74732077003374
72.22128196534864
72.61695765380405
73.06598909778239
73.48296325549148
73.89143529978409
74.35007691955944
74.74436162609402
75.21817387180235
75.61399441452748
76.06206228509117
76.47987948854318
76.88766321243835
77.34706628890001
77.74123862831985
78.21486789284025
78.6108506049004
79.05788488153652
79.47661058870641
79.88368364036242
80.34387412050182
80.73793285017264
81.21134042770207
81.60750666648842
82.05343073629012
82.47313844224705
82.87947904206196
83.34048375854941
83.73442890914265
84.2075709814725
84.60394665586584
85.04867870614375
85.46944911811286
85.87503772658822
86.33688276487946
86.73071611317876
87.2035435179514
87.60015954907091
88.04361455982072
88.46553421126349
88.87035534528322
89.33306418973076
89.72678973492337
90.19924803659873
90.59614069444456
91.03823309653302
91.46139228464614
91.86543638070759
92.32902790300386
92.72265230195963
93.19468226696112
93.59189328262521
94.03254027970134
94.45703025566719
94.86029542560748
95.32478182993775
95.7183147310078
96.18985329460767
96.58742963071568
97.02655507758789
97.45246450571572
97.85495798621658
98.32034287781273
98.71379708256214
99.1847788545528
99.58277201814391
100.02031061394622
100.44772144468189
100.84946052399032
101.31573730802005
101.70912869276573
102.1794879793048
102.57795279315346
103.01385420902992
103.44283726537815
103.84384949688469
104.31100032612405
104.70434747604219
105.17402070320473
105.5730135205929
106.00724597994537
106.43785670080788
106.8381792923536
107.30617475020186
107.69949829943715
108.16842662864136
108.56800307798501
109.00055588897459
109.432830756042
109.8325091476249
110.30130877258274
110.69463049777542
111.1627623516516
111.56297481014377
111.99385944642889
112.42781359782623
112.82689938006993
113.29645301945756
113.68979478699988
114.15708798292593
114.55798306846837
114.98723260017726
115.4228589872282
115.8214074276754
116.29165727890452
116.68503998044454
117.1514632113663
117.5530796152145
117.98074655938473
118.41801676074316
118.81608425878024
119.28696735078091
119.68040996432447
120.1459434650743
120.548310406101
120.97446331797279
121.4133298550473
121.81097162493244
122.28242243950338
122.67594132383657
123.14057668912963
123.5437131639451
123.96843245633076
124.40883223334029
124.80610043201062
125.27805337606463
125.67166185522959
126.1354010979184
126.53931596260121
126.96268948438698
127.4045478603692
127.80149026513783
128.27388176970908
128.6675900092959
129.13044403539433
129.53513682568
129.95725566236493
130.4004906632227
130.79714989930198
131.26992001461832
131.66373514807762
132.12572186501444
132.53118417402655
132.95213899568793
133.39666526532207
133.79307850799196
134.26617195794952
134.6600983968725
135.1212406662605
135.52745786411953
135.94733599036033
136.39306821559018
136.78926725411597
137.26263398762154
137.65667384475458
138.11699745429942
138.5239505455942
138.9428337622637
139.38968944356014
139.78570098816795
140.25929631018715
140.65344987246007
141.1129816502672
141.52064910656048
141.9386121749193
142.38651372604798
142.78235985402603
143.25614423705233
143.6504104413196
144.10917658389886
144.5175360410302
144.93464578864436
145.38352202237564
145.7792206833669
146.25315935739994
146.64753623833724
147.10556087989667
147.51459064012982
147.93090550588286
148.38069260181064
148.77625812740337
149.25032053183244
149.64480562610015
150.10210964493675
150.5117899644106
150.92735987598994
151.37800193837614
151.7734455226753
152.2476046838646
152.64219538584365
153.09879542378155
153.50910959388622
153.92397607434276
154.37542538229184
154.7707555166385
155.24498739535827
155.63968126742066
156.09558892835068
156.50652417645787
156.92072059927182
157.3729376365347
157.76816049305805
158.2424433288383
158.63723837384407
159.0924595649233
159.50400780770244
159.91755974255258
160.370513075583
160.76563284173864
161.23994650775543
161.63484141407736
162.0893757956987
162.50153427961703
162.91445989146186
163.36812594544008
163.76314511622255
164.23747048850544
164.63246485911594
165.08630537557963
165.49907723626904
165.91138771767794
166.36575048279332
166.76067011990742
167.23498845808876
167.63008303566292
168.08321550645854
168.49661027291376
168.9083103039594
169.36336098889208
169.75818095758854
170.23247329061508
170.6276701905729
171.08007295177165
171.49410701364346
171.90519525555393
172.36093189179329
172.75565108684057
173.22989759566477
173.62520055875007
174.07684415512512
174.4915412019363
174.9020108405866
175.35843782970443
175.7530544023634
176.22723379247202
176.62264846781065
177.07349540913475
177.48888683889757
177.8987262023575
178.3558537883887
178.75036538637
179.22445424618468
179.61998851454558
180.06999312434058
180.48611840534915
180.89531168596707
181.35315532664194
181.7475593587425
182.22153150576318
182.61719585050287
183.066304252447
183.48321120545484
183.89173932068158
184.35031892481612
184.7446128609466
185.21843868647542
185.61424661567904
186.06239692152283
186.48014186984778
186.88798349587898
187.34732249072547
187.74150420583564
188.21515004165994
188.61111855835614
189.0582413401766
189.47688905295587
189.88402185930056
190.34414605269956
190.73821421898296
191.21164176561336
191.60779187253
192.05381101850827
192.47343434918145
192.8798364479408
193.34077265793053
193.73472718283165
194.20789305807347
194.60425026820823
195.04908432973443
195.4697634318536
195.87541503032128
196.33718947201606
196.73103196927937
197.2038874558875
197.60048225979327
198.0440463910404
198.46586738359628
198.87075259136714
199.33338903962897
199.72712330675813
200.19961439442412
200.59648261063853
201.03869117046258
201.46174413502612
201.86585282849333
202.32937061583465
202.72300307487166
203.1950708981895
203.59225380836443
204.03302362959653
204.4573998633815
204.86072945744144
205.32514141711206
205.7186814594554
206.19026322150697
206.58780737377182
207.02706160269108
207.45285013479514
207.85540706596896
208.32071758282564
208.714177747958
209.18520818104696
209.5831647446826
210.020837020755
210.44812052454517
210.849921228972
211.31612460258705
211.70952052174053
212.1799338694522
212.57835745286647
213.01439605920814