1
0.5151515151515154
0.04240594163312528
0.5361355935335455
0.058525986848692035
0.5351437030944344
0.039648461946334645
0.512761513016806
0.996072838327891
0.4825255741742547
0.9550268395559125
0.4630297362315634
0.9417216895718603
0.46600137003299347
0.9632885379950075
0.48968513003197334
0.007835601713507057
0.5197201240195497
0.047340409430771446
0.5376443651011253
0.05778379643340026
0.5327051039680726
0.03360674436712818
0.5078223361995116
0.9882932778332467
0.4781211543922226
0.9505010303287387
0.4618447711290665
0.9429558785032977
0.4687314575737074
0.9696528166231093
0.4947050757020466
0.015522176707173152
0.5239412129346168
0.05144106798046888
0.5385008554384388
0.05606179830849145
0.5296950348961735
0.02694670713207059
0.5027438610058963
0.9807359949471897
0.47410173013925583
0.9468401630978645
0.46132009641623206
0.9451598258602443
0.4720086834506936
0.9765797526142068
0.4998194732128449
0.022914772412727658
0.5277415232650443
0.05464928323147067
0.5386916822956178
0.053383431202690845
0.5261647312323984
0.019783657557085554
0.49761638486216353
0.9735422913426048
0.47053701046873875
0.9440957334660429
0.46146385379239696
0.9483034088998274
0.47577681301146857
0.983946396553589
0.5049370960255606
0.029876838897209934
0.5310552426000807
0.05692048686894102
0.5382138952909058
0.04978552596073049
0.5221751081288757
0.012247434625940246
0.49253148072397
0.9668429039747465
0.46748854080000535
0.942305520442396
0.462273821157936
0.9523430214652866
0.4799706117152671
0.9916169540736097
0.5099666325871848
0.036284406919292245
0.5338254570564505
0.05822361439594803
0.5370749032407378
0.04531859229369317
0.5177953480624982
0.004478737622465756
0.4875796099614054
0.9607542528553175
0.46500827694150537
0.9414939030137335
0.4637373576823731
0.9572210495713162
0.484517300910275
0.9994469198635451
0.5148190020354209
0.04202916333909501
0.5360054301271249
0.05854097049923834
0.5352926484585989
0.04004761990021932
0.5131015138215417
0.9966247852307202
0.4828480260635073
0.9553762331056462
0.46313755662719425
0.941671883137677
0.4658311381201403
0.9628648060429649
0.4893378018739116
0.007287418037425608
0.5194091366911129
0.047019706034876485
0.5375593176064892
0.057868256917323446
0.5328959150449339
0.03405332456037691
0.5081754620654872
0.9888350932943958
0.4784193257432581
0.950791874780635
0.46190671088497925
0.9428370505046675
0.4685208708010946
0.9691852643861922
0.49434771606047434
0.0149892910631646
0.5236571526205828
0.05118112075002634
0.5384622647860633
0.05621458974141458
0.52992450064769
0.02743320919828829
0.5031038637316523
0.9812574518527211
0.47437044604033884
0.9470683001609153
0.46133518868821066
0.9449735924778369
0.47176132427325523
0.9760764599181945
0.49945843564295833
0.02240716071817017
0.527489317269267
0.054453747781566975
0.5387001465494327
0.0536024674050839
0.5264289151825132
0.020301458035276276
0.4979768419737817
0.974033743081063
0.47077161568107684
0.9442579949280994
0.46143186560631166
0.9480523276219641
0.4754969494716679
0.9834164780325743
0.504578830699548
0.029403742632024388
0.5308392477394547
0.05679205394172593
0.5382692838554219
0.05006777388936867
0.522469436329601
0.012786993474255715
0.49288595763668086
0.9672955828875688
0.46768500307887395
0.9423996877073508
0.46219524753667796
0.9520306094187578
0.4796630971320046
0.9910703008432233
0.509617516388865
0.03585406329813168
0.533649357429182
0.058164032436220925
0.5371763535456398
0.045660036990231134
0.5181147129895138
0.005029890557228134
0.4879218254903388
0.9611604928987811
0.4651632792966076
0.9415186977542578
0.46361343367280616
0.956851838540393
0.4841874747688344
0.9988938919849971
0.5144851884897177
0.041648644218082786
0.5358721625210203
0.05855104693317381
0.5354385470704188
0.04044318981817385
0.5134403629480502
0.9971770509746971
0.48317197980821414
0.9557295625141535
0.46324854943525207
0.9416269696433672
0.4656638612156674
0.962444431400627
0.4889914132402997
0.006738546515679733
0.5190964530692797
0.0466948914830827
0.5374710429864794
0.05794785533453428
0.5330838765145297
0.034496799442681025
0.508527865890479
0.9893779609975616
0.4787193802689229
0.9510869868419203
0.46197191919925773
0.9427230371376506
0.4683130148473875
0.9687205444535975
0.4939908565659388
0.014454996033917311
0.5233710304816739
0.05091676748215024
0.5384203772051039
0.05636263050582535
0.5301513672590453
0.027917172074611418
0.5034635914492291
0.9817806652734693
0.47464139337903033
0.9473009643169578
0.46135359336948145
0.9447920292768079
0.471516420376461
0.9755753947349494
0.4990974460841522
0.02189745817073252
0.5272347201761305
0.05425358110347189
0.5387052957001112
0.05381693050661451
0.5266907990213716
0.020817359131333424
0.4983374784015463
0.9745276045808866
0.4710087607380036
0.9444249750962959
0.46140318244877165
0.9478057055762739
0.47521922051624
0.9828881168293561
0.5042201599543876
0.028927935430487217
0.5306205761156513
0.05665883137187078
0.5383213903024832
0.05034569361140795
0.522761804886525
0.013325348261452818
0.49324106338858914
0.9677512543802596
0.46788426642492853
0.9424986990309845
0.4621199201393802
0.9517223768269256
0.4793573586963824
0.9905244900091565
0.5092675518796552
0.03542046616164507
0.533470345635944
0.058099568547951064
0.5372746067052977
0.04599746946664385
0.5184324930908624
0.005580568468364966
0.48826510383103355
0.9615702261591184
0.46532129134623323
0.9415483957100886
0.4634926443198697
0.95648645313715
0.4838590349121845
0.9983409686155348
0.5141501033905831
0.04126441334901543
0.5357358014087419
0.0585562154748418
0.5355813871213183
0.04083514092847884
0.5137780310113189
0.9977295834071476
0.48349740747300296
0.9560868015491528
0.46336270587740747
0.9415869521021
0.4654995530594537
0.9620274478218821
0.48864599432690436
0.006189038856830642
0.518782100073375
0.04636598928448299
0.5373795481324024
0.05802258633818047
0.5332689727263016
0.034937132268800575
0.5088795167787661
0.9899218300393713
0.47902129215113654
0.9513863456028765
0.4620403910357167
0.942613846077465
0.4681079072222647
0.9682586964876099
0.4936345286700199
0.013919341337204294
0.5230828711319168
0.05064802659383805
0.5383751959053249
0.05650591060193877
0.5303756154449649
0.02839855334814434
0.5038230123297933
0.9823055870698487
0.4749145488664872
0.9475381395617226
0.4613753090561228
0.9446151485842524
0.47127399271001935
0.9750766019736701
0.49873653653649597
0.021385710945111658
0.5269777538159636
0.054048796840241886
0.5387071293552695
0.054026805836763225
0.5269503602643575
0.0213313137655049
0.498698262193645
0.9750238319876463
0.471248425402222
0.9445966626618291
0.4613778065111651
0.947563559813655
0.47494365002916217
0.9823613618217939
0.503861115478001
0.028449458529560046
0.5303992462500405
0.05652082814327786
0.5383702106270934
0.05061926563181407
0.5230521886454365
0.013862448703650054
0.4935967667510713
0.9682098800505825
0.46808631413268387
0.9426025477551603
0.462047844809246
0.9514183457212517
0.4790534227193448
0.9899795728724181
0.5089167696649659
0.034983650951434075
0.5332884364965744
0.05803022705855243
0.5373696550074734
0.04633086503923356
0.5187486609934603
0.006130719409888075
0.4886094151301955
0.9619834201914064
0.465482300193808
0.9415829948894667
0.46337499923606695
0.9561249208237681
0.48353200969600696
0.9977882019928453
0.5138137757405636
0.04087650022026157
0.5355963577549849
0.0585564757776873
0.5357211570746135
0.041223442874373184
0.5141144887477673
0.998282330340882
0.4838242809856492
0.9564479235849559
0.46348001690733476
0.9415518331982708
0.46533822712018136
0.9616138886386743
0.4883015752214095
0.005638946853325777
0.5184661047705178
0.04603302332369141
0.5372848401991892
0.05809244490950416
0.5334511882961983
0.03537428671202614
0.509230383925232
0.9904666493805622
0.4793250354110741
0.9516899297949678
0.4621121210989787
0.9425094846719775
0.46790556517811766
0.9677997597479473
0.493278763756122
0.013382376881252211
0.5227926993617218
0.05037491684737949
0.5383267243520451
0.05664442035704509
0.5305972261638794
0.02887731097958679
0.5041820945856476
0.9828321688564116
0.47518988901949477
0.9477798095551546
0.46140033409093606
0.9444429623991706
0.471034061996946
0.9745801262105586
0.4983757389891066
0.020871965515022017
0.5267184402325898
0.05383940896509021
0.5387056473751883
0.054232079056466986
0.5272075766346555
0.021843275141746554
0.4990591613781554
0.9755223811008118
0.4714905892044192
0.9447730459882897
0.461355739731091
0.9473259070468321
0.47467026170556403
0.9818362616582462
0.5035017290078803
0.027968353549703284
0.5301752769121395
0.05637805356691272
0.5384157410807643
0.05088847080444259
0.5233405626235865
0.014398244691042006
0.49395303642015487
0.9686714210876229
0.4682911292361549
0.9427112268941891
0.4619790271290245
0.9511185377696978
0.4787513153552041
0.9894356006138494
0.508565200446498
0.03454365352989042
0.5331036450992721
0.057956012623761044
0.5374614910049013
0.04666019940511701
0.5190631894686192
0.006680291504821412
0.4889547294221235
0.9624000421298962
0.46564629267097724
0.9416224929717198
0.4632605077647822
0.9557672686639213
0.483206427342199
0.997235644334387
0.5134762346670301
0.04048493473153547
0.535453842795909
0.058551827824254055
0.5358578456653347
0.04160806571240405
0.5144497070168779
0.9988352395609883
0.4841525721385336
0.9568129016000215
0.4636004732101662
0.9415216152874366
0.4651798965950187
0.9612037867614267
0.4879581859013207
0.00508832237440604
0.5181484943739859
0.04569601786334543
0.5371869266060378
0.058157426357953845
0.533630508107607
0.035808226865390536
0.50958043661812
0.9910123678534783
0.4796305839111503
0.9519977177886543
0.4621871038338834
0.9424099599416109
0.46770600570847387
0.9673437730887087
0.49292359313601075
0.012844152756942728
0.5225005401355134
0.05009745735201321
0.5382749662665722
0.056778150425488505
0.5308161806200739
0.029353403308071124
0.5045408064742781
0.9833603620096074
0.4754673901631099
0.9480259576203293
0.4614286665632239
0.9442754823927263
0.47079664873101246
0.974086011682492
0.4980150854157799
0.020356268645975728
0.5264568016806206
0.05362543178195889
0.5387008498727887
0.05443273615746236
0.5274624260659588
0.02235319675505698
0.4994201439673848
0.9760232073798836
0.47173523144577967
0.9449541131114684
0.4613369837926271
0.9470927636515385
0.4743990790491188
0.9813128647497773
0.5031420323271167
0.027484662490298017
0.5299486871175385
0.05623051728079376
0.5384579781710466
0.05115329033028715
0.5236269020119994
0.014932686295664244
0.49430984101987524
0.969135838274551
0.46849869451033643
0.9428247291349325
0.46191347242162006
0.9508229742789859
0.4784510625997167
0.9888926242866838
0.508212875019592
0.03410051017925131
0.5329159867997617
0.05787693022752527
0.5375501075146496
0.046985448639702554
0.5193760514336403
0.007229232952237208
0.4893010166307217
0.962820058687377
0.46581325533784446
0.9416668873073293
0.46314917898080044
0.9554135233251718
0.4828823159374178
0.9966833478306154
0.5131375094205901
0.04008974719568448
0.5353082680393713
0.05854227192619277
0.5359914419000045
0.04198897991065609
0.5147836568027849
0.9993882588315954
0.48448225259009003
0.9571817081745428
0.46372406520196474
0.9414963003962467
0.46502457440937794
0.9607971746796671
0.48761585623195147
0.004537217359077639
0.5178292962416251
0.045354997546633635
0.537085815037051
0.05821752632128274
0.5338069173121853
0.03623891724261674
0.5099296442416794
0.9915589341695004
0.47993791135694286
0.9523096875911383
0.4622653334248841
0.9423152785792543
0.4675092455465204
0.9668907749556077
0.49256904804646195
0.012304719230066041
0.5222064185894267
0.04981566756568423
0.5382199256266719
0.05690709178867204
0.5310324602657582
0.02982678905574243
0.5048991163023147
0.9838901176755419
0.47574702843326033
0.9482765667422755
0.46146030430853235
0.9441127199084688
0.47056177317424774
0.9735943022809023
0.49765460777067183
0.019838667387991116
0.5261928606227632
0.053406879926180206
0.5386927372136521
0.05462876346169554
0.527714886705161
0.022861032398674652
0.4997811779622105
0.9765262659506679
0.47198233120051225
0.9451398517390788
0.4613215401265496
0.9468641456676143
0.47413012536941745
0.9807912192624278
0.5027820572603812
0.02699842772485872
0.5297194961257702
0.05607822925001216
0.5384969186610867
0.051413705755793515
0.5239111821778184
0.015465723779160445
0.4946671491057095
0.9696030919916203
0.4687089924727599
0.9429430468368911
0.4618511857506853
0.9505316761967981
0.47815269028811436
0.9883506948090732
0.5078598242704977
0.03365425760043639
0.5327254772203837
0.057792985181903234
0.5376354976174795
0.04730658919418085
0.5196872199534405
0.007777492034332756
0.4896482465715819
0.963243436154724
0.46598317448327586
0.9417161749179928
0.4630410216908494
0.9550637110814121
0.48255970343162113
0.9961313646381901
0.512797629373456
0.03969096834034147
0.5351596452651026
0.058527808724254005
0.536121935056364
0.042366156346868244
0.5151163092158361
0.9999413359026369
0.4848132938662655
0.9575543154881038
0.46385078302923377
0.941475890222387
0.46487227321674673
0.9603940844628349
0.48727461596447985
0.003985683809122342
0.5175085378742884
0.04500998739983442
0.5369815134418743
0.058272740765662245
0.5339804013306174
0.036666322778842186
0.5102779762787226
0.9921062969264216
0.480246991299059
0.9526258168440438
0.4623468037954179
0.9422254469501407
0.467315301163699
0.9664408033834412
0.49221515964599494
0.011764126733591063
0.52191036002905
0.04952956729687541
0.5381616066670636
0.05703123575509261
0.531246046803076
0.030297427332119264
0.5052569924294344
0.9844213867777865
0.4760287797793221
0.9485316195667194
0.46149524490835425
0.9439546859624939
0.470329455354467
0.9731050415458127
0.4972943379839827
0.01931920906816531
0.5259266397271098
0.053183768365189454
0.5386813100160759
0.054820147620807
0.527964936915056
0.023366736171198
0.5001422313564704
0.9770315116117736
0.472231867318444
0.9453302492504663
0.4613094099105268
0.9466400688000172
0.473863423779298
0.9802713731094841
0.5024218356698116
0.026509691995974638
0.529487723438093
0.05592119976677545
0.5385325595692212
0.05166969897128726
0.5241933786667297
0.015997307600613908
0.4950249291681324
0.9700731422194622
0.46892200538515083
0.9430661720322863
0.4617921719211928
0.950244664113896
0.47785622409306105
0.9878098629565264
0.5075060791735189
0.033204932911599094
0.5325321322490778
0.0577041831269538
0.5377176546572066
0.04762359789305304
0.5199966682422323
0.008325017123585132
0.48999638895416464
0.9636701404006744
0.46615603612529655
0.9417703524967047
0.4629360444341679
0.9547178578153391
0.4822386176365938
0.9955797468731424
0.5124566240177588
0.03928862930943078
0.5350079865248198
0.05850843918826776
0.5362493146830484
0.042739566306437826
0.5154476354941203
0.0004944185166038118
0.4851456673619878
0.957930695317404
0.4639806165684619
0.9414603861345354
0.46472300539859
0.9599945477612681
0.48693449473406814
0.0034337737821417136
0.5171862469142946
0.04466101283483592
0.53687403003631
0.05832306598577075
0.534150945853274
0.037090408831104815
0.5106254023130936
0.9926544046157899
0.4805577971349726
0.9529460828210791
0.4624315086072923
0.9421404710917557
0.46712418876840855
0.9659938959938319
0.49186195901170215
0.011222425859957141
0.5216123899272047
0.049239176706490806
0.5381000138799218
0.05715057396037038
0.5314569221860195
0.0307652776381917
0.5056144032721851
0.9849541200252054
0.4763126199666714
0.948791098398772
0.4615334856898232
0.9438013912436023
0.47009971506287807
0.9726182726601099
0.4969343079577
0.01879794128317669
0.525658161864431
0.05295611239929432
0.5386665691511446
0.05500687561564033
0.5282125552769944
0.02387026248353341
0.5005032721413405
0.9775388988412441
0.472483818427635
0.9455252926962644
0.46130059406928936
0.9464205484197852
0.47359899719218435
0.9797533739438447
0.5020613994508678
0.02601849841005288
0.5292533887952154
0.05575943945046191
0.5385648981685742
0.051921252209432334
0.5244734672053908
0.016527388424335543
0.495383149636232
0.9705459485426075
0.4691377152551657
0.9431940964261425
0.461736435480006
0.949961958266208
0.47756168952258515
0.9872701793543408
0.5071516707880845
0.03275257364645512
0.5323359680382852
0.057610530030619334
0.5377965722400511
0.04793645193166296
0.520304369665226
0.008871756689926347
0.4903454133840452
0.9641001368717949
0.4663318260115594
0.9418294164078407
0.46283425548309953
0.9543759890209742
0.48191908622447666
0.9950285466040392
0.5121145229638238
0.03888276166453952
0.534853304142282
0.05848416461711503
0.5363735705992102
0.04310918148030618
0.5157776070049542
0.0010474544152623277
0.48547934434262996
0.9583108190340431
0.464113555425701
0.9414497891723282
0.46457678306433436
0.9595985958073889
0.4865955220580722
0.002881539384679943
0.5168624511439341
0.04430809965167848
0.5367633733029309
0.05836849860488291
0.5343185368407803
0.037511141178573126
0.5109718920320185
0.9932032056301443
0.4808703021107781
0.9532704624256116
0.4625194412600391
0.9420603567137227
0.4669359243047957
0.9655500899932433
0.49150947713619964
0.010679667353453715
0.5213125339218123
0.048944516309856745
0.5380351520154222
0.05726509836731197
0.5316650686222677
0.03123029987025494
0.5059713173077074
0.9854882679197545
0.4765985245791724
0.9490549852014977
0.46157502372535353
0.9436528461133988
0.4698725718517287
0.9721340384440139
0.4965745495613836
0.018274911891718704
0.5253874501054906
0.052723927662544856
0.5386485157428595
0.05518893475584141
0.528457720593538
0.02437156606572266
0.5008642683097234
0.9780483818033446
0.4727381629370151
0.9457249687979796
0.46129509327474727
0.9462055995648964
0.4733368683193886
0.9792372691504251
0.5017007805281226
0.02552489043183348
0.529016512174963
0.05559295924773178
0.5385939319867119
0.052168348043817536
0.5247514237039369
0.01705591712769916
0.4957417788814341
0.9710214701532847
0.4693561038382146
0.9433268113963438
0.4616839807164128
0.9496835785368114
0.4772691119179302
0.9867316944699521
0.5067966302557005
0.03229721775233374
0.5321370010037547
0.057512032188619555
0.5378722442340058
0.0482451288737904
0.5206102977403966
0.009417659308005533
0.49069528936526746
0.9645333905926907
0.4665105296199059
0.9418933626872502
0.4627356628436976
0.9540381298061817
0.4816011367262574
0.9944778158450794
0.5117713559383708
0.03847339738611155
0.534695610713277
0.05845498663869231
0.5364946928941117
0.043474973962782215
0.5161061952463704
0.00160039134640666
0.48581429594551284
0.95869465760241
0.4642495889361866
0.9414441000463255
0.4644336180513986
0.9592062594170151
0.4862577273342832
0.0023290327653464615
0.5165371784839753
0.04395127404105903
0.5366495519916729
0.0584090355749618
0.534483160524514
0.037928486022587915
0.5113174152283929
0.9937526482702381
0.48118447932292363
0.9535989321882318
0.46261059489027545
0.9419851091976869
0.46675052345162804
0.9651094221712271
0.49115774492465425
0.010135902102601069
0.521010817813788
0.048645606978763745
0.5379670260822956
0.05737480126598715
0.5318704685749489
0.031692454323511754
0.5063277030773936
0.986023780764313
0.47688646902164233
0.9493232615944208
0.46161985583225773
0.9435090606063574
0.4696480450320122
0.971652381349754
0.49621509462799285
0.01775016900685289
0.5251145277183635
0.052487230123660744
0.5386271511682923
0.05536631267949943
0.5287004118910852
0.024870601973623785
0.5012251878606417
0.978559914355507
0.47299487903905546
0.9459292639475396
0.46129290794608546
0.945995236941068