0
0.15
0.2356204731499395
0.24198804867405846
0.1688789629191671
0.026307366773704488
-0.12935809676543536
-0.2272342578132872
-0.246345670922672
-0.18590058816877683
-0.05224524963606911
0.10706607726275608
0.21679168243112198
0.24866580262961813
0.20096524741303756
0.07743427320064648
-0.08330432577396353
-0.2042667502780524
-0.24891452705951864
-0.21398668308099833
-0.10150994818178968
0.05834992357872193
0.18968403602208087
0.2470871894317352
0.22492619829053773
0.12417324734493891
-0.03255641427261162
-0.17312115560710306
-0.24321327003551674
-0.23380025236860882
-0.14522163431998053
0.006303381371346617
0.1546775302593161
0.237325460757219
0.24064812529565613
0.16453065678052578
0.020037269331986074
-0.1344483073967383
-0.22942472051658724
-0.24548772071248576
-0.18200522967698546
-0.04609772316938204
0.1125377262025801
0.2194773998253055
0.24829852177159195
0.19754671962822173
0.07150027335590892
-0.08910584091741214
-0.2074503663500073
-0.2490444034845453
-0.2110624034645835
-0.09587261823465165
0.06440652968235519
0.19335420178637153
0.24771170660254435
0.22249996487095025
0.11889571678748183
-0.03877925721979687
-0.17725589059681673
-0.2443235407972012
-0.2318643285826369
-0.14034372499786474
0.012601780438875554
0.15925297735610416
0.23891556955846208
0.23919360747675988
0.16007753802812297
0.013751221610384778
-0.1394421541533576
-0.23149820270421587
-0.24451388393200904
-0.17799936592738214
-0.039912590690093674
0.1179219623914487
0.22204402148971406
0.24781309088102682
0.19401220105392802
0.06550714209622804
-0.09483449698971194
-0.21051542840247148
-0.2490552742640569
-0.2080190505218496
-0.09015771285134763
0.07040992608629312
0.19690978205021067
0.24821866570578652
0.21995506213867996
0.11352773620037011
-0.044970691455937836
-0.1812817850910992
-0.2453184890238338
-0.22981214535687267
-0.13536764948324095
0.01889019480249607
0.16372510230612816
0.24039101760324588
0.23762445292239348
0.15552086950567823
0.007454271911600946
-0.14433809910678905
-0.23345531716217977
-0.24342464524210866
-0.17388440595170573
-0.03369509466394599
0.12321618837954657
0.22449189536423736
0.24721000453975145
0.19036286905209626
0.05945987357703553
-0.10048627637679175
-0.21346147784639133
-0.24894712603348246
-0.20485704396447374
-0.0843691910031398
0.07635509136270754
0.20034957681178459
0.24860755941475424
0.21729111605486998
0.10807184395838973
-0.05112547839732462
-0.18519743221261087
-0.24619764472605962
-0.2276430950384245
-0.13029491660983772
0.02516358453077852
0.16809264780381908
0.24175187478093513
0.23594047003622812
0.15086189178827247
0.0011514283088763788
-0.1491347443028266
-0.2352966324858558
-0.2422203965773062
-0.16966173829094686
-0.02745044695744911
0.1284181192165228
0.22682149754228656
0.24648981311277324
0.18660001078146154
0.05336359126594098
-0.10605749143807455
-0.21628826914400742
-0.24872009058108166
-0.20157701368680678
-0.07851132119816763
0.08223717346413585
0.2036725234519135
0.24887796304355053
0.21450790866168085
0.10253091025319093
-0.05723836987822149
-0.18900142380546076
-0.24696047121315765
-0.2253565588052148
-0.12512721380081404
0.03141685985404197
0.1723543206625584
0.24299806049866657
0.23414132804597682
0.14610184860432485
-0.005152324680192888
-0.15383078557580115
-0.23702263669210316
-0.240901410610912
-0.1653327148917359
-0.021183811913011052
0.1335257501812008
0.22903339330557979
0.24565308667722663
0.18272498788401237
0.04722350038888096
-0.11154479927734129
-0.2189957641318821
-0.2483744362032385
-0.19817978745534526
-0.0725886475668571
0.08805153763993176
0.20687772674226473
0.24902956237622548
0.21160540575581063
0.096908150721728
-0.0633041419105105
-0.1926923797553955
-0.24760640054252686
-0.22295194920632055
-0.11986645301038956
0.03764487607482453
0.17650878449790866
0.24412935085610676
0.23222657627398346
0.14124202074042513
-0.011452006287949568
-0.15842496998860225
-0.2386337070461935
-0.23946782160548596
-0.16089864442198437
-0.01490029921033037
0.13853731700347585
0.23112819500723727
0.24470037759822433
0.178739201948869
0.041044844622800364
-0.11694520448047016
-0.22158411642632458
-0.2479105501120527
-0.19466636993724995
-0.0666059481853788
0.09379381030638029
0.20996448259423295
0.24906217426655167
0.20858377593116517
0.09120712816072225
-0.06931763581508622
-0.19626898158541883
-0.2481348708443227
-0.22042875283455476
-0.11451481263671869
0.04384243724561211
0.1805546627425907
0.24514539476545588
0.2301956716308501
0.13628376667350295
-0.017742619199137305
-0.16291605924093694
-0.2401300876545525
-0.23791961487913313
-0.1563607957897742
-0.008604965900128825
0.14345125107858764
0.23310651920357447
0.24363218412664583
0.17464406335166915
0.03483286942712474
-0.12225604976247714
-0.22405364674341383
-0.2473289130578301
-0.1910379147323616
-0.06056818829440444
0.09945991607652002
0.21293229369002317
0.2489757586502218
0.20544339993462618
0.08543174209384478
-0.07527380453272199
-0.1997300077941208
-0.24854536316159692
-0.21778657071527086
-0.10907477280300969
0.05000430949561162
0.1844905514392196
0.24604573796007093
0.22804801293866045
0.13122856772470506
-0.02401913143737691
-0.1673028009776496
-0.24151187592353457
-0.2362566256276566
-0.1517204120123744
-0.0023028262915675
0.14826613239987546
0.23496894543110264
0.24244891730657242
0.17044096583624108
0.028592793810529926
-0.1274749952477505
-0.22640481054816813
-0.2466300678316946
-0.1872956915614752
-0.054480471374478034
0.10504610559426994
0.21578087570423393
0.2487704211731763
0.20218486991492035
0.07958620675889833
-0.08116776143161536
-0.20307436828074202
-0.24883743545144021
-0.21502515408646883
-0.10354914174008738
0.056125244135169436
0.18831504064086635
0.2468298533779255
0.22578298028253885
0.1260780751949289
-0.03027646295224115
-0.17158390941812393
-0.2427790184846984
-0.23447854731984202
-0.1469787339405879
0.004001132216112369
0.15298064298850092
0.23671597888220605
0.24115087325965429
0.16613126882322288
0.02232979161245724
-0.13259998781242188
-0.22863815991514264
-0.24581458369590775
-0.18344105109889908
-0.048347991111297006
0.11054897243363909
0.2185101534771515
0.24844640626141
0.19880897882767445
0.0736750188607746
-0.08699482863998151
-0.20630113525916144
-0.24901075154957913
-0.21214443349001522
-0.09794107150472389
0.062200009881095086
0.1920267426971406
0.24749717602246238
0.2233999772680978
0.1208341567456192
-0.03650947907800334
-0.17575805614307777
-0.2439313166608143
-0.23258494935190038
-0.14213703273041295
0.010301929707043855
0.15759352348616884
0.23834801896895053
0.2397382125811644
0.1617162889284841
0.01604898260080237
-0.13762922250036747
-0.23075430181025977
-0.24488301902931697
-0.17947539009628932
-0.042175987119212055
0.11596545806221711
0.22112024718808176
0.248004081092443
0.19531670093805564
0.06770291712670853
-0.092750581873352
-0.20940956830354296
-0.2490651032070793
-0.20914453948699635
-0.09225406191079269
0.06822343278803125
0.19562432525155057
0.24804714011864587
0.22089847385045003
0.11549893924887987
-0.04271299252317255
-0.17982387124508487
-0.24496844101656437
-0.23057530313005448
-0.13719664939929382
0.016594573339722973
0.16210353531555236
0.2398653354012627
0.2382109481624104
0.15719730158846884
0.009755432909330564
-0.14256109845291817
-0.23275385517887742
-0.24383588456327665
-0.17540011941987066
-0.035969706906570864
0.1212928446647715
0.2236114492449853
0.24744391152877612
0.19170916498248258
0.06167483624228767
-0.09843088890511748
-0.21239913157662604
-0.24900042374805048
-0.2060258138337334
-0.08649195229639593
0.07419044180160288
0.19910654645853015
0.24847921621949842
0.21827804731840053
0.11007484546124086
-0.04888177490239112
-0.18377995440528463
-0.24588995402672048
-0.22844901526984424
-0.13215903933561143
0.02287403863948073
0.16650943042345628
0.24126805296635573
0.2365689422722366
0.1525755530570596
0.003454163617631262
-0.14739417205019148
-0.23463740924814838
-0.24267360952216277
-0.17121663742212417
-0.029734375998972162
0.1265287364122526
0.22598419320619265
0.24676643159487083
0.18798762206347247
0.05559585809080281
-0.10403193923014686
-0.21526950183757393
-0.2488167924436786
-0.20278881057733938
-0.08065890154773764
0.08009611732623403
0.20247228977340154
0.24879294589646572
0.2155384190808301
0.10456462218010869
-0.05501057808093292
-0.18762489483520234
-0.24669533942678984
-0.22620546617959159
-0.12702581927275036
0.029135255052424702
0.17080993012736098
0.24255614570378398
0.2348119132116862
0.1478522823951721
-0.002849834338264884
-0.15212711004563775
-0.23640548533289746
-0.24139651278507862
-0.16692631071232933
-0.02347517743721733
0.13167103048434892
0.22823901654094567
0.2459722084855595
0.18415341071710128
0.04947116333394183
-0.1095502630588015
-0.2180205664671999
-0.2485144293119918
-0.19943428720791898
-0.0747593575879685
0.08593573987214928
0.20572059569304657
0.24898797177601623
0.21267948511898416
0.09897135801424457
-0.06109416481826917
-0.1913572984558315
-0.2473840364121075
-0.22384405195673251
-0.12179881401599862
0.035373098008181836
0.17500371401270387
0.24372944064743646
0.23293945132447724
0.14302875245354546
-0.009151581206171211
-0.15675864539202652
-0.2380585041907629
-0.24000478087152427
-0.16253046390781867
-0.017197241095245536
0.13671787976145472
0.23037651938993844
0.24506180536073538
0.18020792178474493
0.04330598624945711
-0.11498273849938687
-0.22065241143328795
-0.2480936806887979
-0.19596318668771445
-0.0687980182507919
0.09170483574412625
0.2088506880329259
0.249064060964575
0.20970133833542737
0.09329848951889766
-0.06712734742948501
-0.19497582021317522
-0.2479554765467068
-0.22136422729225935
-0.1164801001411699
0.04158238925523754
0.17908941920429328
0.24478763077455076
0.23095104362464172
0.1381062882816769
-0.015446087987320112
-0.16128753822153724
-0.23959676062554852
-0.23849845414780232
-0.15803037937463027
-0.010905642481006839
0.14166764956028832
0.23239732169037342
0.24403574429697145
0.1761525657293219
0.037105575394656976
-0.12032658657801346
-0.22316529979402785
-0.24755499652517515
-0.19237661181210003
-0.06277978603184214
0.09739921687051784
0.2118619927055136
0.24902112032137189
0.2066042815321
0.08754979517693753