0
0.12745762711864406
-0.14500824936684564
0.022693335988854924
0.11123710778281422
-0.1586167139003427
0.039243896804345646
0.10113849509390951
-0.1676034678605692
0.04769838846036453
0.0985438088351395
-0.17389508102122567
0.048226727252222074
0.10412624928677602
-0.1789678563901014
0.04041626411834917
0.11985892066402354
-0.18166001949758653
0.023294329261915492
0.14700930389285244
-0.17370060447161423
-0.00016340356744576345
0.17394570972230716
-0.14658739158301626
-0.02358744347275743
0.18166667134190712
-0.11956219482886188
-0.04058781922731891
0.17890912524935704
-0.10398339512798438
-0.04827916996266146
0.17382251946354912
-0.0985195717703474
-0.0476464385433675
0.16750940186290786
-0.10121555807603744
-0.03908692677370812
0.15847487297023485
-0.1114079333474505
-0.02243564719942845
0.14480159118321387
-0.12768497305181933
0.00030545552743146964
0.12722679041699936
-0.1452125556489251
0.02295344071457439
0.1110606017017091
-0.15875668473804327
0.039406365857231784
0.10105203260639067
-0.16769526809204272
0.04776017975451763
0.09855257457782357
-0.17396432501636222
0.048190949587871956
0.10424345892356326
-0.1790230912032876
0.04027199969384124
0.12011441627881625
-0.1816566840539613
0.023040644295935553
0.1473771054210244
-0.17348622340592845
-0.0004489825011866344
0.1741596950733874
-0.14621782339148326
-0.02384604270122248
0.1816749711932961
-0.11929908794862079
-0.04074344437440294
0.1788617725547177
-0.1038508606540951
-0.04833520394697949
0.17376507125891572
-0.09848579577327166
-0.047617726561863694
0.16743702489470072
-0.10126347767568741
-0.03897547368842483
0.15836728469927602
-0.11152964841961438
-0.02224576825822927
0.14464502453232983
-0.12785137024027418
0.0005338152672653418
0.12705065084244974
-0.14536316846213224
0.023150691550233277
0.11092256728429864
-0.15885967955918337
0.03953384024912068
0.10097746577563707
-0.16776171808815996
0.04781678773088041
0.0985429771568653
-0.1740127731416213
0.04818159183249951
0.1043044539912705
-0.17906102290657586
0.04019239008788464
0.12026290721975999
-0.18165852888667058
0.022891151913254998
0.1475977509238917
-0.17335916883991465
-0.0006213211294792131
0.1742911450105036
-0.14599344703827852
-0.024005744072769758
0.18168384275082597
-0.11913456690848209
-0.040844965792159876
0.17883792520794012
-0.10376095112168565
-0.04838162621810005
0.1737373525360774
-0.09845008993021495
-0.04762040177595386
0.16740491588959636
-0.10126929160853884
-0.03893862574295329
0.15832167098277192
-0.11157078263724043
-0.022172391481741688
0.14457858997900389
-0.1279146546990729
0.000627439294098947
0.12697350144634026
-0.14542258531038008
0.023236060753584836
0.11085709740526042
-0.15890024897765778
0.03959509673845121
0.10093274102998431
-0.16778633772860405
0.04785483730991211
0.09851649253557362
-0.17402829905616526
0.04820199228889063
0.10429262757289345
-0.17907225824007914
0.04019869741773549
0.12026538186711591
-0.18166619086386895
0.022884517340092253
0.1476151250588691
-0.17335426470455118
-0.0006368369914172001
0.174309514243813
-0.14597063236117172
-0.024027035173267847
0.1816921179122562
-0.11910877872603681
-0.04086780028035686
0.17884376983538136
-0.10373527177758812
-0.04840756057785145
0.17374641065990096
-0.09842065522827134
-0.04765452786981514
0.1674213598103759
-0.10123082044440032
-0.038986435741858144
0.15834992550323013
-0.11152032211450935
-0.02223470707980235
0.14461948383292345
-0.12785856049436561
0.0005624483725183982
0.12701489203313793
-0.14537595816393895
0.023188224895163867
0.11088044653660876
-0.15886839742221665
0.03957505815811446
0.10092878916470338
-0.16776306067374508
0.04786510062298632
0.09847943247387936
-0.1740070298701482
0.0482473859474673
0.10421050569853646
-0.17905395819930664
0.040289807466208194
0.12012055719131287
-0.18167786699992483
0.023023000420950734
0.147424108688248
-0.17347343112799185
-0.0004911078229901666
0.17421009013471256
-0.14615578785063876
-0.023904160740435776
0.18169782824457698
-0.11922854911791836
-0.04080597565947308
0.17887788732939663
-0.10378047628629272
-0.04840631909740145
0.17378995238339995
-0.09840504847735854
-0.04771136551405997
0.16748214798797473
-0.10115787556562938
-0.03910674997814101
0.15844484235954193
-0.11139099600999702
-0.022417084438012547
0.1447574536348673
-0.12769695915382295
0.00035477918904258665
0.12716479139863246
-0.14523456908277732
0.023018549963863266
0.11098732379515641
-0.15877179009483494
0.03947810728222495
0.10096719709278024
-0.1676975757036986
0.0478443930250953
0.0984417572558913
-0.1739542484107313
0.048305703591375065
0.10407956609447744
-0.17901053234469144
0.040442049344824316
0.11986581493194348
-0.18168962043353742
0.02327135634998323
0.14707250535876876
-0.17368455437425412
-0.00022041821487683855
0.1740151814499547
-0.1465032073353848
-0.02366686764766973
0.18169856578926447
-0.11946544124620423
-0.04067376963165725
0.1789315474552118
-0.10388649543166514
-0.04837715802481138
0.1738569115308383
-0.09840822786637157
-0.04777561578025721
0.16757166027559753
-0.10106977845295076
-0.03926824578329144
0.15858194150232405
-0.11121618986115736
-0.022672777771337443
0.14495722366238806
-0.127470762389997
5.6756100266841525e-05
0.12738562824380703
-0.14503354684316397
0.022768998230015186
0.11115160828593608
-0.15863423833010531
0.039327658672134114
0.10103926277218284
-0.16760611540799036
0.047796911512642315
0.09841407390562129
-0.17388318782922613
0.04836109226736324
0.10393429351011269
-0.1789527720324986
0.040615597904154976
0.11956732019552682
-0.18169730962880318
0.02356567160059128
0.14664985311339823
-0.17393124199940962
0.00010658834040594423
0.17377135951668796
-0.14692515484963745
-0.02337441039971369
0.18169298509824733
-0.1197609321538114
-0.040503539821295675
0.17899096393697833
-0.10402766254654955
-0.04832652909133428
0.17393025008208826
-0.09843029932730255
-0.04783015270903648
0.1676669917897624
-0.10098967603693887
-0.03942911628913426
0.15872602413237563
-0.11104095703291039
-0.02293617793380398
0.14516764360341652
-0.12723768153031964
-0.00025575226355786795
0.12762130954041329
-0.14482371062818966
0.022502593870299237
0.11133196397673417
-0.15849035091302555
0.03916140225346204
0.10112715913886244
-0.16751171359294903
0.04773422233763902
0.09840389836001068
-0.17381182926014016
0.04839899011099258
0.10381216949719135
-0.17889533251681938
0.04076577522123365
0.11930170012539598
-0.1816987698153722
0.023830497848231103
0.14626433014644052
-0.17414989586075336
0.0004063414825061229
0.17354038518207027
-0.14731377610364343
-0.023101404218111743
0.18168226419103423
-0.12003976446553871
-0.040338655450106176
0.1790409819072347
-0.10416802707134024
-0.04826739151024809
0.17399136550293268
-0.09846555880312216
-0.04786124515523868
0.16774400942415785
-0.10093780256658619
-0.03954862090326822
0.15884059894275854
-0.11090975775386663
-0.023140371490297684
0.14533526012597042
-0.12705708881283007
-0.000503056644063915
0.12781167084717562
-0.1446586943934086
0.022287534793845515
0.11148209680439518
-0.15837692692840238
0.03902211432003028
0.10120803525831726
-0.16743845219083883
0.04767279116615006
0.09841319780249175
-0.1737583211095009
0.048410412996701124
0.10374336185923735
-0.1788529523205076
0.04085523928189247
0.11913536170845646
-0.18169456480553497
0.02399912218050909
0.14601383886391345
-0.1742871270000353
0.000602524937347193
0.17338334463135488
-0.14756978719911837
-0.022918124002608314
0.18167004738632123
-0.12022968093446965
-0.040222105940604075
0.1790690691102983
-0.10427078588824767
-0.048215734743070504
0.17402488131189042
-0.09850408980244885
-0.04786197046212254
0.1677835144588864
-0.10092637394421117
-0.03959749126830647
0.15889721564737497
-0.11085501895819883
-0.02323445065539609
0.1454181516638784
-0.12697450030998142
-0.0006225621638563106
0.127908337998971
-0.14458075605654203
0.022179038445797328
0.11156320373084853
-0.1583232044558313
0.038946061173878554
0.101260447075432
-0.16740514196083203
0.04762918660798501
0.09843850507969149
-0.17373627248544793
0.04839362832710792
0.10374379443922443
-0.1788365060975653
0.04086281312038709
0.11910842349466377
-0.18168693012854564
0.02403020983164894
0.14596080898417538
-0.17431142802720392
0.0006458995679401724
0.1733425848807133
-0.1476286114620703
-0.02287149795229909
0.1816606181626017
-0.12028142696420879
-0.0401843437064186
0.17906836615865018
-0.10430889345956834
-0.048185495112435195
0.17402244622416962
-0.0985352838235552
-0.047833002633523414
0.16777580408861242
-0.10095743312935407
-0.03956433302534712
0.15888210790511226
-0.11088974894345771
-0.02319556929742883
0.14539600474215025
-0.12701032330835893
-0.0005845206340248099
0.12788709966026518
-0.14460967771111943
0.022204678701373326
0.11155453597323607
-0.15834299557341458
0.03895287333460329
0.10127073037506953
-0.16742033615258242
0.04761488857675886
0.09847292276621056
-0.17375127723964423
0.04835341178015462
0.10381267234494676
-0.17885014714753586
0.04078729480152535
0.11922669391432342
-0.18167810293024392
0.023916735530318062
0.14611769609491304
-0.17421788945134514
0.0005261137681291106
0.17342872215278263
-0.14747613797728384
-0.02297296636214266
0.18165667030376434
-0.12018210167645652
-0.040234816021357506
0.17903914146147942
-0.10427276960437354
-0.048184269061759544
0.17398467846067414
-0.09855129746694122
-0.0477816189471649
0.16772279494365322
-0.10102316421598628
-0.03945750957310634
0.1587990659965652
-0.11100513638402124
-0.023033663808123966
0.14527449978048365
-0.12715529776191772
-0.0003988971306648492
0.12775364199621203
-0.14473783029333037
0.022357466786234015
0.1114587382353353
-0.1584310669001301
0.03904032597272722
0.10123676493974032
-0.1674800979345082
0.047633020499009526
0.09850830666804761
-0.17379951881963474
0.04829935426874238
0.1039333448729487
-0.17889029423830138
0.04064705740544161
0.11946122186236544
-0.1816694930090554
0.023686884145520476
0.14644488361707012
-0.17402823004762533
0.00027362826029805887
0.17361778812897974
-0.14715139779791878
-0.023196046942875387
0.18165835234111496
-0.11995810802837961
-0.04035976946440775
0.1789886343203839
-0.10417257372010488
-0.04821151259566078
0.17392100881705067
-0.09854892008381125
-0.047719970514559146
0.16763758366451129
-0.1011077632674581
-0.039303119632889044
0.15866853744603165
-0.11117272999558842
-0.022788925423459006
0.1450838462103428
-0.12737295193540418
-0.00011260262492826523
0.1275418558399173
-0.14493234509826572
0.02259804871717644
0.11130076409752594
-0.1585646443814021
0.039185369971936834
0.1011680292391757
-0.16756905796492447
0.047678060432528785
0.09853672094925833
-0.17386872610192886
0.04824407153378793
0.10407664462594102
-0.1789466276128565
0.04047625083203199
0.11975445509373839
-0.18166210111451508
0.023397664711695465
0.14686026646550782
-0.17378733755475761
-4.7886052816970004e-05
0.17385916663145434
-0.14673662328420817
-0.02348356287602754
0.1816640503002453
-0.1196674986279303
-0.040526524934724806
0.17892941551251265
-0.10403478163549759
-0.048259438107780134
0.17384746011676042
-0.09852962045360716
-0.047662832703868035
0.16754148879075814
-0.1011906165757136
-0.03913936415834496
0.1585230731569991
-0.11135082925135803
-0.022522527391553582
0.14487177938591145
-0.12760848151138043
0.00020211768477812475
0.12730530517436023
-0.14514371615445365
0.022865145381963603
0.11112100918650515
-0.15870955363570283
0.039350725342804704
0.10108243177102452
-0.16766448499878614
0.04773807145606393
0.09855149753268372
-0.1739413010588005
0.04820101861534132
0.10420693498641084
-0.1790048193746733
0.04031748012882905
0.12003299835390663
-0.1816573618082879
0.0231216943192582
0.14725918601004473
-0.1735549311046633
-0.0003573172733776775
0.17409090596412727
-0.14633658590556173
-0.023762656186890246
0.1816719122797731
-0.1193841359200827
-0.04069264976392409
0.17887641515387748
-0.1038945198189703
-0.048315763254502264
0.1737826819805848
-0.09849842013614293
-0.04762459491995455
0.1674588837040508
-0.10125081890660662
-0.03900765219627203
0.1583995306546231
-0.11149441663858572
-0.02230181256873237
0.14469194139265262
-0.12780240711965524
0.00046581844777293657
0.12710368177569256
-0.14531863060466552
0.023091458891709743
0.11096469462213536
-0.1588292418416829
0.039494854086305264
0.10100132335774731
-0.1677422645062117
0.04779819643615807
0.09854849690744286
-0.17399887495367936
0.04818151439328053
0.10429065963675868
-0.17905025507052882
0.04021147153337237
0.1202256365157103
-0.18165719679769712
0.022929145730075567
0.14754080347026974
-0.17339145354519878
-0.0005766186843317589
0.17425637715657777
-0.1460519460539788
-0.02396352580120653
0.18168068908029705
-0.11917849866115227
-0.04081703233592504
0.17884315654930572
-0.10378633826909467
-0.04836700507055869
0.1737431536105338
-0.0984624695456108
-0.04761566309083229
0.16741092428882287
-0.10127244325899254
-0.03894206541450873
0.15832962359300562
-0.11156659842940297
-0.022183167077844346
0.1445902035938028
-0.12790564889080847
0.0006119603015883879
0.1269877137161412
-0.14541341492083132
0.02322058385081177
0.11087056647063205
-0.15889399364033968
0.03958227931310615
0.10094433112730952
-0.16778301698250128
0.047844148248548296
0.09852752727977326
-0.1740269955050952
0.0481914685503913
0.10430543360060315
-0.17907165870853317
0.04018618595880516
0.1202821605784418
-0.1816628618076743
0.02286954622115947
0.14763371229577715
-0.17334113896591563
-0.0006504529347969856
0.17431681203052607
-0.14595411489054527
-0.024036454017385245
0.18168935361330946
-0.11910086227427491
-0.04086950739744122
0.1788382181504002
-0.10373626694361363
-0.04840123018034573
0.17373892705929528
-0.09842987763795163
-0.04763918884504681
0.16740996159327612
-0.10124917183372875
-0.03896007296836493
0.1583314853822037
-0.11154841640332175
-0.022197298733069637
0.14459273908408402
-0.12789190330550212
0.0006035226011973094
0.12698662446611056
-0.14540449383200313
0.023220441442364653
0.11086185369897879
-0.1588878863446343
0.039591627604936286
0.10092520831158888
-0.16777669550736266
0.04786498572147732
0.09849322160945514
-0.17401864948124027
0.04822904516311324
0.10424671050874865
-0.1790637089894008
0.040248814324379295
0.12018722955563041
-0.18167348180502688
0.0229587100828392
0.147513815318545
-0.17341829235122505
-0.0005598254745547149
0.1742580265225653
-0.1460680852966875
-0.023963130196506505
0.18169625058104508
-0.11917043731849283
-0.040837138687506686
0.1788629519936919
-0.1037565917492061
-0.048410062853596225
0.17377108204054864
-0.09840861103996451
-0.04768945982972905
0.167456269815286
-0.10118664689782247
-0.039057384901766135
0.15840474917373362
-0.11144418800376696
-0.022340989939161254
0.1446991324445098
-0.12776431172377992
0.0004422000519670177
0.1271010136371112
-0.1452938329794636
0.023090659094634952
0.11094106728198197
-0.1588122953351845
0.039520222887310524
0.10094904526322149
-0.16772482271861902
0.047855190052690816
0.09845450380205054
-0.173975898920146
0.04828449627778794
0.10412963636542277
-0.17902825803954475
0.040383288367187686
0.11996508751181942
-0.181685723697
0.023174201401878952
0.14721072760277587
-0.17360229534935134
-0.00032701102234078405
0.17409281107755156
-0.14636614294243958
-0.02376096669856073
0.18169900086587357
-0.11937110566181028
-0.0407270449363393
0.1789110609113215
-0.1038432245828306
-0.04839045615169027
0.17383145364334376
-0.09840481829503026
-0.047753062897375936
0.16753794951589276
-0.1011013301420163
-0.03920874272414562
0.15853053599702197
-0.11128072430465838
-0.0225775396290904
0.14488226338325585
-0.12755501368170805
0.00016840707707369007
0.1273024031760886
-0.1451087321773165
0.022863045347206012
0.1110890995459213
-0.15868571544036478
0.03938503041913452
0.10101079043395084
-0.16764018962794497
0.04781624352085595
0.09842217969166808
-0.17390942488657737
0.04834276857540146
0.1039850791625479
-0.17897403602329248
0.04055441037831303
0.11967344019599466
-0.18169524130830686
0.02346067595834886
0.14680127510303226
-0.1738436697274945
-1.074414616314412e-05
0.17385978594671064
-0.14677352444659336
-0.02347995523779589
0.1816956771863146
-0.11965392397632993
-0.04056570600632928
0.17897018635550124
-0.10397566737169142
-0.04834625284577773
0.17390468120840705
-0.09842054382111756
-0.04781289331885272
0.16763405364904127
-0.10101578823605595
-0.03937480421735268
0.1586764639860008
-0.11110025257420683
-0.02284619435481064
0.14509521576757387
-0.12731731588417503
-0.00014834852452697
0.12753983859578136
-0.14489572159734934
0.022594694459733194
0.11126905385774041
-0.15853976847285692
0.03921951312356789
0.10109554547541721
-0.16754399214393334
0.047757236131934666
0.09840525367587635
-0.17383599783699957
0.04838825660653176
0.10385071500678555
-0.17891471146954652
0.040717772398133345
0.11938760847093743
-0.18169898168240162
0.02374447431878879
0.1463902206736063
-0.17407923563538397
0.0003082704879026066
0.17361683057817037
-0.14718640772576216
-0.023191333215293902
0.1816864665548003
-0.11994755202523194
-0.04039371164932193
0.1790251890915671
-0.1041207181998107
-0.04828835934886047
0.17397215784717324
-0.09845210335304089
-0.04785349276561307
0.16772014285381523
-0.10095200679829772
-0.03951311686638018
0.15880536053698627
-0.1109488844080446
-0.02307838127109388
0.1452836846016715
-0.12711186912931036
-0.0004272546041840519
0.12775274923946114
-0.14470908742285024
0.02235404878102429
0.11143500454830448
-0.15841159534832144
0.03906591698570244
0.1011815898433221
-0.16746067445648988
0.04769334920747792
0.09840778821956914
-0.17377427038088022
0.04840965168349998
0.10376033078507602
-0.17886546546883336
0.04083217506032649
0.11917982755039039
-0.18169658091692828
0.023953560390029077
0.14608239155594316
-0.174250265629313
0.0005485959151002584
0.17342737555885407
-0.1474991322474462
-0.022969281521599827
0.1816742714125391
-0.12017622923255389
-0.04025563928975778
0.17906218620489756
-0.10424063346320195
-0.04823223637606816
0.17401685030703767
-0.09849073534385094
-0.04786530217253132
0.1677746342056589
-0.10092545080942389
-0.03958936756393455
0.15888498225654205
-0.11086441569512781
-0.02321578326413823
0.14540024174065683
-0.1269906951068124
-0.0005974641324952568
0.12788688639408252
-0.1445966425986076
0.02220290980056111
0.11154409405979394
-0.15833417889159696
0.038964142784252864
0.10124618532432791
-0.16741159637349715
0.04764174346085567
0.0984280780796514
-0.17373994894028463
0.048402634900618385
0.10373540735671874
-0.17883895024892918
0.04087001067030163
0.11910089722223954
-0.181689876627742
0.024036134823576638
0.1459551039793647
-0.17431661998261064
0.0006495402156543595
0.17334231597007277
-0.14763235393052887
-0.02287085788079246
0.1816634236154967
-0.12028054388706877
-0.04018763234051098
0.17907205106525056
-0.10430379444245955
-0.048193131072554435
0.1740275854023203
-0.0985256335158183
-0.047846348760574836
0.16778407858367264
-0.10094184258823771
-0.03958537982269297
0.15889582195781124
-0.11086727557373025
-0.0232246650371781
0.1454160940159287
-0.12698400213898176
-0.0006162866006170775
0.12790842664946533
-0.14458706967189167
0.022179911974193445
0.1115682366933431
-0.1583274738167912
0.03894062853114322
0.10127229902103083
-0.1674093698482865
0.04761621797863755
0.09846016904457042
-0.1737417500451285
0.04836984796876401
0.10378112632800865
-0.17884192446463573
0.040822844032106925
0.11916921440241879
-0.1816812663809284
0.02397249641055299
0.14603942279588794
-0.17426375783475573
0.000586215119375344
0.17338443979493742
-0.14755306182211095
-0.022920898233825343
0.18165738284817648
-0.1202337830182276
-0.04020719387485064
0.1790524603618015
-0.10429385466750857
-0.04818124336158908
0.17400170657458935
-0.09854765942703464
-0.04780174009048355
0.16774618732272414
-0.10099671833852189
-0.03950254652718918
0.1588353505913388
-0.11095637313112439
-0.02310325357350629
0.14532756717984469
-0.1270931342463144
-0.00047941733826234456
0.12781225771614077
-0.14468258650090474
0.022290553080885483
0.11150156490769933
-0.1583931011009865
0.039001114253402774
0.10125351252725726
-0.167454541833538
0.0476230521895559
0.09849615242632581
-0.17377920975303895
0.04831937538872688
0.10388620753094804
-0.1788735401169179
0.04070236341393943
0.11936779588099039
-0.1816724630117899
0.02377869710821262
0.1463137002882801
-0.174104153138412
0.00037499177481709056
0.1735416666905301
-0.14728193620243465
-0.023106029679962697
0.18165719220645482
-0.12004875505807733
-0.04030863213213581
0.17900829220675157
-0.10421408117765146
-0.04819894493348564
0.17394566702966857
-0.09855186688460144
-0.04774212341758216
0.1676702990492234