0
0.7272727272727273
0.5805734347484126
0.4956145298466761
0.4071476927686051
0.24854170208403525
0.9626171016997697
0.7063245872215078
0.5725918627858118
0.49493992010153276
0.41324059544237635
0.2655205748844738
0.9910815384089386
0.7237735378440511
0.5820647014212155
0.5031368951166977
0.42671844242923385
0.29372438435248016
0.038181158655617775
0.7523851493671461
0.5938987969603708
0.5062487888009328
0.423596527423475
0.28214225817196814
0.01595174697590407
0.7370211934702648
0.5849914694363849
0.4977690372618486
0.40876189334499324
0.2506969413203035
0.9653092555857592
0.7074549315371035
0.5724023535172309
0.4932944084056978
0.4088235769978832
0.25533640069932684
0.9745968341628455
0.7140936198421961
0.5776877961921667
0.5009933796593851
0.42509366169418605
0.2914568505588151
0.03479120685239323
0.7505137386498446
0.5935595615994826
0.5072160580014251
0.42664342313425907
0.28944142395476224
0.028805216444141246
0.7452504389389923
0.5889629248470851
0.5001970485697471
0.41158881110793333
0.25583355086421555
0.9728398540839613
0.7114689657933377
0.573708912339657
0.4928305387417242
0.4062185357452113
0.24884820581795797
0.9641572555870784
0.7078987317578278
0.5745352589117096
0.4986441359447886
0.4216683348540462
0.2845266778374329
0.02304538744878659
0.743192144016527
0.5905463903451731
0.5064928864591884
0.42763225103324864
0.29285185216119625
0.03533476395151136
0.7497815158380886
0.5915521022262338
0.5025914008944397
0.41570372867797456
0.26448810549926094
0.9864757129527901
0.719269733826112
0.5770216651287892
0.4940138134914278
0.40621814171101356
0.24766388093273406
0.961799381508311
0.7062027874841141
0.573139542468037
0.4965501002252577
0.4172009542890276
0.27456035446726146
0.006108828637612307
0.7327714397847683
0.5860127353088407
0.5047632430952242
0.4273237765215394
0.2937429466421624
0.037616978520805366
0.751676834440582
0.5930535781410617
0.5047038022759112
0.4201165204256223
0.2742721582398855
0.002581638452437751
0.7288258984719252
0.5812689662193309
0.4959384605926176
0.40735907610011424
0.24878173455296393
0.962884168641897
0.7064108600850822
0.5725160267867004
0.49464750203527186
0.4124977860419792
0.2638199764211273
0.9882979254099247
0.7221291013122197
0.5813369370411174
0.5028186339695622
0.426555120202456
0.29359898025068
0.03806649446792676
0.7523703372766052
0.5939840139921535
0.506490673661157
0.42418843302419074
0.28350459150715257
0.01830768676351502
0.7384969109763131
0.5856776753179671
0.4981376596575797
0.4091078057227657
0.2512527968286091
0.9660777780240375
0.7078355316234539
0.5724751072879042
0.49311159362762425
0.40823907520860425
0.2539577320440016
0.9723917994057409
0.7128018261703479
0.5770739816827348
0.500623398204733
0.4246715320152692
0.290681789681976
0.03350498354008913
0.7497217347737085
0.5932622458742176
0.5072153821660428
0.42693884707603225
0.29024472152002456
0.03027559123497925
0.7462317990536129
0.5894762761831114
0.5005902153096713
0.41217632560171324
0.25701520792148314
0.9746538018604143
0.71248375185953
0.5741166502471533
0.49292287094370035
0.4060692540310751
0.2483580558797751
0.9633296789328734
0.7073786840460163
0.5742133087095551
0.49829033757307406
0.4209996627993715
0.28307221945862926
0.020559892263005253
0.7416453599282645
0.5898793957862982
0.5062555349093141
0.42763481353733246
0.29309617043473635
0.035872974456939044
0.750193779250793
0.5918384441437312
0.5029439160937796
0.41640438662153745
0.2660212534942721
0.9889587299367428
0.7207221388782181
0.5776612094892868
0.4942929010098749
0.4063598917390925
0.247762597582025
0.9618539301180453
0.7061707783921509
0.573014015035634
0.4962410334769687
0.4164611582706299
0.27287697854619797
0.0032819186575669956
0.731061509911306
0.5852646917900792
0.5044632150730892
0.42723184243721213
0.2937931042581119
0.03782012405553248
0.7518749940652067
0.5932449829771849
0.505016090346988
0.4207994056810713
0.2758051291666983
0.005156835996723563
0.7303837958439253
0.5819688373317691
0.49626817742220064
0.4075823330084418
0.2490477932897308
0.9631915778703695
0.70652029479639
0.5724511368320657
0.4943616666843984
0.4117624733441767
0.26213433675718734
0.9855521263032183
0.7205123464726113
0.5806174189800049
0.5024936504158695
0.4263647205638166
0.2934068180726277
0.037831071049414966
0.7522746628166721
0.594029205369955
0.5067067586589198
0.42474813106715503
0.2848061767230172
0.020572908173335902
0.7399271085736052
0.5863503438682527
0.4985142394171267
0.40948954376376756
0.2518968191859874
0.9669891825944905
0.7083012559344326
0.5725921809143006
0.4929641161313345
0.4077091774626156
0.2526904084957764
0.970365876448963
0.7116118949632599
0.5764961110915836
0.5002480590863623
0.4241984542698849
0.28977437323316124
0.03198168894868658
0.7487754941064654
0.5928894853162268
0.5071674509846007
0.4271774394636103
0.29094101370376
0.031570120611382535
0.747108430989024
0.5899496825026294
0.5009805294822682
0.4127957950854606
0.2582863574188383
0.9766254970482531
0.7135970873046118
0.5745766059844328
0.49305798873748774
0.4059875232929906
0.248005161943877
0.9627088472602543
0.7069732324771096
0.5739370102541153
0.49794566547784846
0.420310898719942
0.2815554200861865
0.01797037857218764
0.7400395618458157
0.5891834382143957
0.5059984487897258
0.42761108238071577
0.2932887388076333
0.036323139361615686
0.7505506323947674
0.5921013178874486
0.5032889634643549
0.41710759254354857
0.26756997071339095
0.9914834642230633
0.7222069352925224
0.5783178996552847
0.4945850144047865
0.40652097640669593
0.24789988871175783
0.9619659310961108
0.7061704422629431
0.5729012686788129
0.49593499186027423
0.41571706209438464
0.2711803868163982
0.00044557089708074926
0.7293542987257371
0.5845172119361668
0.5041605487205736
0.4271319453974258
0.2938242787111369
0.03798914845859214
0.7520504657075389
0.5934251707422666
0.5053210591279931
0.4214730018247539
0.2773214150316856
0.00771732904792044
0.7319417988960143
0.5826715268572964
0.49660417000926516
0.40782035529162286
0.24934713000441078
0.96355102149821
0.706659872354606
0.5724009282046527
0.49408559267721675
0.4110398202271104
0.26047427179488514
0.9828604016157552
0.7189317221811375
0.5799087835208017
0.5021606707704798
0.4261410415407303
0.2931323655402467
0.03744688513442718
0.7520795373415112
0.5940252755842308
0.5068914136111933
0.4252689599339856
0.2860344390294949
0.022725484779869243
0.741297858341115
0.5870039104002294
0.49889783455908177
0.40991003341274346
0.25263788767846607
0.9680592755661721
0.708862060987915
0.5727591393166089
0.4928571095482801
0.40724268554268184
0.2515525444347462
0.968544506786679
0.710537355442723
0.5759602471886338
0.49987041762367035
0.4236769221690966
0.28873847242678563
0.030229077756110057
0.7476815617660548
0.5924444912483149
0.5070740570648127
0.4273610053255461
0.29153332328604153
0.03269257903787093
0.7478813111369493
0.5903827161844548
0.5013660205517514
0.4134421279430427
0.2596354505978895
0.9787380846834332
0.714799701381267
0.5750838460203749
0.493231614236485
0.4059663058205767
0.24777500435481858
0.962272190441901
0.7066697450289015
0.5737016286645988
0.49760997896628156
0.4196063843028979
0.27998825219016443
0.015299662170412898
0.7383901851227324
0.5884660540455304
0.5057262340353001
0.42756641297868203
0.2934395145126629
0.03670181991031507
0.7508622106623334
0.592344687506293
0.5036270383054346
0.41781076859288646
0.2691268167749501
0.9940372483601729
0.7237167654012513
0.5789879881889379
0.49488729242119733
0.40669713403343777
0.24806727804825934
0.9621228555938974
0.706194915392848
0.572798612808878
0.49563153636865565
0.4149701278250433
0.26947498458991204
0.9976079201829586
0.7276544475818643
0.5837720522308114
0.5038553452297012
0.42702261278164544
0.2938323724893497
0.038116429280565356
0.7521980055002369
0.5935913941856485
0.505616646087323
0.4221342822434031
0.27881483452655953
0.010252496611141249
0.7334938328980554
0.5833749867422158
0.4969469739707286
0.4080766901655426
0.2496887096379583
0.9639770181772888
0.7068382836987692
0.5723700657006421
0.4938232762124084
0.4103363480328448
0.25885317601383484
0.980242985954938
0.7173978443467459
0.5792146249207981
0.5018188602315896
0.42587815205433044
0.29276040623155986
0.03688653128687314
0.751766903905103
0.5939633847627721
0.5070391394127132
0.4257443698379242
0.28717695552701317
0.024743482226459612
0.7425948676951827
0.5876324146376803
0.49928684364202036
0.4103707494691804
0.25348168103239943
0.9692991230744378
0.7095252319393943
0.572980174537796
0.4927946244920438
0.40684674294067147
0.2505588975255746
0.9669478826986556
0.7095889086891884
0.5754715742912326
0.4994939919991743
0.4231116039884335
0.28758339211986916
0.02826478777248309
0.7464530258920945
0.5919336002285502
0.506938768103611
0.4274931921156355
0.29202793041074226
0.033652291094521614
0.7485549762341069
0.5907763679314373
0.501744939592879
0.41410943496219255
0.2610485447488906
0.980970373103308
0.7160796554089837
0.5756320742139631
0.4934384475033078
0.4059970656940206
0.2476501284776198
0.9619931145743494
0.7064534402514244
0.5735014500423472
0.4972826048295438
0.4188899491014402
0.2783818127314235
0.01256887336196133
0.7367112837584057
0.5877340873830987
0.5054430763021311
0.42750567746097
0.29355756263480615
0.037024142459363585
0.7511378353551305
0.5925722288794351
0.5039586670304401
0.41851171226912576
0.2706853145171504
0.9966088347025446
0.7252450818511718
0.5796682365967611
0.4951974599236877
0.4068852342206273
0.24825871413863276
0.9623158599463902
0.706239414507273
0.572704276841407
0.4953306448191679
0.41422206451124377
0.26776541312321656
0.9947771982007193
0.7259664748480867
0.5830307693713965
0.5035473037571396
0.42690144619460524
0.2938111766842164
0.038190594178821424
0.7523098958887308
0.5937397424343405
0.5059001648055543
0.42277963793318274
0.2802782360696403
0.012750037105103695
0.7350327151587699
0.5840767398058619
0.49729709244607045
0.40835522298387117
0.25008244504327415
0.96448572971235
0.7070652368154202
0.5723637728183149
0.49357921453525355
0.4096594211257667
0.25728614944543304
0.9777223246209141
0.715922499082934
0.578539156270178
0.5014679091489003
0.4255709726975123
0.2922775339493957
0.0361259881218019
0.7513211880462101
0.5938359554542096
0.5071452870774666
0.42616892830733066
0.2882234735757905
0.026608427278311808
0.7438056651318522
0.5882304358448984
0.4996793267969153
0.4108716793600391
0.2544302523487332
0.9707141960515231
0.7102947948495699
0.5732576703720795
0.49277903104762855
0.4065255982717626
0.24971819367412484
0.9655870341940938
0.7087722297486216
0.5750333292846206
0.499122050561255
0.4225084158489951
0.2863220569627847
0.026113119259469908
0.7451072892304011
0.5913652541020806
0.5067664617587413
0.42757920823485795
0.2924340717551015
0.03446376362813597
0.74913740987364
0.5911331405661557
0.5021161158812439
0.4147919340228743
0.262511368641829
0.9833000599492023
0.7174242011510517
0.5762145519376365
0.4936728158756696
0.4060706657150601
0.24761187262327722
0.9618434583743084
0.7063086977190218
0.5733302817864943
0.4969623885103136
0.41816455357472826
0.27674531202571195
0.009795663738750182
0.7350144311863803
0.586993170845294
0.5051524429154692
0.4274329493465592
0.2936504952475527
0.03730285069925676
0.7513854036762301
0.5927870873212144
0.5042843731773763
0.41920874362855987
0.2722403849519619
0.9991892028060888
0.7267866556096874
0.580356160778297
0.4955139798747752
0.40708345805842727
0.2484709006323247
0.9625402650865166
0.7063014934222855
0.5726175039711237
0.4950327115247757
0.4134747334107649
0.26605629281568466
0.9919612818698724
0.7242945113968862
0.5822946008496559
0.5032356618105323
0.426765073908534
0.293752303131001
0.03819642578760929
0.7523759010634514
0.5938651438804459
0.5061683581443877
0.4234050236176987
0.28170383753958816
0.015196530132908892
0.7365504629606536
0.5847739944744799
0.49765500077361624
0.40866007556852546
0.2505389239240634
0.9650945477582004
0.7073512102383397
0.57238767460347
0.49335822281586106
0.40901689138458197
0.2557892264455379
0.9753218304870699
0.7145179541092341
0.5778869652446397
0.5011080636428047
0.42521560579391915
0.2916730201534836
0.03514625420253359
0.7507304543164776
0.5936372679149331
0.5072064761881221
0.4265388956086906
0.2891670671393505
0.028307376400074746
0.7449209939059372
0.588793738206737
0.5000733328434257
0.41141159375277914
0.255482417503778
0.9723048205450143
0.7111717185044029
0.5735922261884254
0.49281088290213093
0.4062802015411928
0.24903221172891454
0.9644626214039419
0.7080872815193517
0.5746463442971392
0.4987570426639534
0.42187338526994367
0.2849684919686073
0.023800521123976903
0.7436630213028471
0.590748562987685
0.5065625607596287
0.42762511955504645
0.2927627894653464
0.035144836372709154
0.7496389560653426
0.5914567026195079
0.5024791120353429
0.4154847308781049
0.264011266355048
0.9857069236599014
0.7188216781719348
0.5768250673835733
0.49392941087039666
0.4061784605494303
0.2476425320169695
0.9617966166668324
0.7062207551774335
0.5731821477460577
0.4966478891334787
0.41743214009172736
0.2750854836387071
0.0069931580825661754
0.7333081060772888
0.5862474034370382
0.5048568214025924
0.4273510934661433
0.2937236174891438
0.03754680746230976
0.7516104005070882
0.5929914301815349
0.5046044751509502
0.4199005864096561
0.2737882333356776
0.001771491743536302
0.7283375860191843
0.5810500749092757
0.4958361563837532
0.40729154295057235
0.24870384928461586
0.962796423439114
0.7063815464653098
0.5725387999646263
0.4947387213835126
0.4127303864736085
0.26435268715200166
0.9891684161135398
0.7226427245302063
0.5815646283052829
0.5029192086317837
0.42660902491941965
0.29364483129632135
0.038114220087962725
0.7523828452220493
0.5939611548480097
0.5064172563043303
0.42400577185473276
0.2830828631485509
0.017576827557179042
0.7380378962927869
0.5854634595342276
0.4980210488481749
0.4089955180350422
0.25106927431145554
0.9658219496493625
0.7077073940238661
0.5724477795054534
0.4931654404510786
0.40841713406993807
0.25437946656921206
0.9730660454660744
0.7131970864564003
0.5772631082594717
0.5007402530730214
0.4248095982097877
0.2909393996334244
0.03393440521936819
0.7499871124352328
0.5933637737071855
0.5072207176593073
0.42685225423526507
0.29000410633284
0.0298329371228665
0.7459349340526599
0.5893193564591368
0.500466993754642
0.4119882255177785
0.25663413077255726
0.9740666789830965
0.7121541994224885
0.5739828307269681
0.4928891086054459
0.4061085658306949
0.24849657337242714
0.9635663071308511
0.7075290908947891
0.5743092784844634
0.49840043907140763
0.4212119724581038
0.2835361408903878
0.02135252269328336
0.7421380846000994
0.5900922878124439
0.5063324029429506
0.42763710392547694
0.2930255293307771
0.03571429763834022
0.7500708113813706
0.5917512669957281
0.5028340699539924
0.4161840090571143
0.26553786917897293
0.9881740612068413
0.7202623009389988
0.5774583882260118
0.49420372780019495
0.40631307459594423
0.24772698357768297
0.9618299229564655
0.7061770344488478
0.5730518951309547
0.4963377067103787
0.41669394220917555
0.27340709845617495
0.004170823413570446
0.7315982715395034
0.5854995678564339
0.5045577096048552
0.4272615207030479
0.29377927112664826
0.037759773207942215
0.7518150515690692
0.5931860047325215
0.5049187576462544
0.4205858902881574
0.2753253904127626
0.00434948984365402
0.7298944305086325
0.5817487253551201
0.4961640115976218
0.40751080422852604
0.24896106493976888
0.9630900839609139
0.706483062705658
0.5724701268667898
0.4944505233572607
0.4119922380894392
0.2626613579508583
0.986409213830433
0.7210164895262561
0.5808422874557984
0.5025964882140324
0.42642778740273846
0.2934752675387291
0.03791966476757502
0.752314523308588
0.5940198729053152
0.5066420326733496
0.42457627629846617
0.28440482695162883
0.019872798935149483
0.7394838115174134
0.5861409361432344
0.4983951960532944
0.4093656345611467
0.25168453971940097
0.9666866221903591
0.7081452275513662
0.5725502946666161
0.49300628661624746
0.407869108304598
0.2530751642297664
0.9709810320581426
0.7119736572662063
0.5766732912822632
0.5003663051370228
0.4243523628426822
0.2900733955306125
0.0324852052010709
0.7490889245449619
0.5930145122035557
0.5071875167403523
0.42710858037140054
0.29073381435751866
0.03118251411899431
0.7468444961603237
0.5898054083105695
0.5008584165919299
0.4125981548172333
0.2578782748151993
0.9759904004127851
0.7132374345644608
0.5744268432663171
0.49301119463142284
0.40600629835976587
0.24810198161590957
0.9628827642953779
0.7070888973932896
0.5740191026014967
0.4980528913478084
0.4205290320290551
0.2820376034657093
0.018793166134043915
0.7405491095694696
0.58940458947442
0.5060810019641699
0.42762103246001026
0.29323323669999946
0.0361902640146452
0.7504439376960974
0.5920210705336189
0.5031814094197862
0.4168867063500632
0.2670825348027137
0.9906871110128623
0.7217377475468592
0.5781101182363928
0.49449208568713554
0.4064686011838372
0.24785319249651172
0.9619254122937314
0.706167593737979
0.5729354707514394
0.49603078432626124
0.41595105451603387
0.27171420202194096
0.0013365832496883279
0.7298897104462294
0.5847517160193387
0.5042558420744121
0.4271642360568322
0.29381673981274736
0.037940140341385264
0.7519980847037046
0.5933699498202742
0.5052262124135316
0.4212626935980992
0.2768475185454604
0.006915638357026133
0.7314529883046921
0.5824507253834836
0.49649797519461725
0.4077438312328394
0.24924904971186246
0.9634317310162053
0.7066123042322388
0.5724148417913408
0.4941709866331112
0.4112649632296079
0.26099193425802647
0.9836984904911333
0.7194234638169665
0.5801298882381203
0.5022661326355242
0.42621522188514827
0.2932283384837733
0.0375852268071144
0.7521526349287094
0.594032351598397
0.5068371693282205
0.42511004028274857
0.2856574966149066
0.022063174333030844
0.7408747913445783
0.5868011412431691
0.49877673474201356
0.409773725669633
0.2523943593604656
0.9677054467978702
0.708675250577151
0.5727010621802837
0.4928860713861889
0.40738183258927174
0.25189484463000333
0.9690929258409506
0.7108615515848802
0.5761236152188294
0.4999890161898395
0.42384563011272824
0.28907706510822617
0.030803116727377233
0.7480402317540792
0.5925916486655063
0.5071080907707182
0.4273091152650994
0.2913582494418403
0.032358259245604204
0.7476496355361244
0.5902510826906171
0.5012456282281392
0.4132366661748583
0.25920432042824126
0.9780608842331789
0.7144132086660857
0.5749198665084956
0.4931732631757697
0.40596694493321195
0.24783505825655605
0.9623909965720819
0.7067549081130782
0.5737714515089514
0.49771443140267957
0.41982901926442606
0.28048499442826946
0.01614555610232893
0.738911815770335
0.5886931532788939
0.5058130614999445
0.42758238500732726
0.2933961083895653
0.03658967967063975
0.7507686808930739
0.5922701515728375
0.5035216184861993
0.4175901503013384
0.26863758120437997
0.9932330699183126
0.7232404717714846
0.5787763776662249
0.49479144730859703
0.40664041854686017
0.24801190022832986
0.9620693611253774
0.7061848919182803
0.5728298807930792
0.4957265376487823
0.41520483541597164
0.27001106913983053
0.9984984459714008
0.7281870482053692
0.5840056475557933
0.5039514477072837
0.42705808127112777
0.2938326521772703
0.03808158101345405
0.7521551129170722
0.5935409265415337
0.5055250076451934
0.42192820715532964
0.2783488529775564
0.009460021247181372
0.7330076280359099
0.5831541938356912
0.4968385850871284
0.4079940107244089