0
0.06206896551724138
0.09388417449118353
0.08143274376657328
0.030018374145878948
-0.03631635094973189
-0.08465006505374413
-0.0926262500309089
-0.056859840729582986
0.00673555958002485
0.06696418531851836
0.09468989564237652
0.07781475742828545
0.023563934746866126
-0.042425857540239094
-0.08745305930898087
-0.09092115997864261
-0.05136135493066122
0.013435696454041489
0.07152287596330337
0.09504020790742343
0.0738117396820542
0.016986231214754774
-0.04831627815959945
-0.08983001490103028
-0.08877579600094421
-0.04559990667614602
0.020065274349040714
0.07572437456558387
0.09493372277927628
0.06944130916395677
0.01031942362125466
-0.05395855918801654
-0.09177114420741538
-0.08619893013746521
-0.03960365675861351
0.026589722178448467
0.07955000094862816
0.09437086198895701
0.06472307172957109
0.003598380381826388
-0.059325347875733916
-0.09326855511070378
-0.08320124330765773
-0.03340240608743193
0.03297529790804132
0.08298306270676724
0.09335385960056145
0.05967860821496139
-0.003141593397733858
-0.06439110031620901
-0.09431622313055835
-0.0797953531590816
-0.027027442259170913
0.039189331240801505
0.08600884740071811
0.091886772821305
0.05433144412971853
-0.00986503919050035
-0.06913216076554271
-0.09490996685537698
-0.07599583842513483
-0.020511354748859026
0.045200440121656804
0.08861460513037486
0.08997550044235564
0.04870699755883595
-0.016536632448078487
-0.07352681535146348
-0.0950474290427354
-0.07181925689300572
-0.013887820323205916
0.0509787176352713
0.09078952451775649
0.08762780709320872
0.04283250168403887
-0.023121466391838714
-0.07755532373994597
-0.09472806524847313
-0.06728415396052571
-0.007191361989292509
0.05649588757903435
0.09252470500519683
0.08485335096783206
0.03673689883271125
-0.029585324678332872
-0.0811999324831155
-0.0939531411238479
-0.0624110585544748
-0.0004570863785712531
0.061725428672441816
0.0938131283051794
0.08166371237281583
0.030450703872877016
-0.0358949361049916
-0.08444487366428313
-0.09272573865409142
-0.05722246293006437
0.006279594216970628
0.06664266884618442
0.09464963175218516
0.0780724203046679
0.02400583606791523
-0.04201820562389327
-0.08727635221922199
-0.09105077070894843
-0.05174278266968073
0.012983247997037636
0.07122485220451463
0.09503088610745622
0.07409497419551546
0.017435420083943685
-0.04792441737055594
-0.08968252506983168
-0.08893500245647101
-0.04599829318067513
0.019618710331311608
0.07545118199926522
0.09495537997647921
0.06974885788115576
0.010773558554458239
-0.0535844070702308
-0.09165347503301871
-0.08638707755039779
-0.04001703928478458
0.02615136326918136
0.07930284329673795
0.0944234123868509
0.06505354268383418
0.004055080280310243
-0.05897070290067848
-0.09318118237427586
-0.08341754658075637
-0.033828715180105204
0.032547400626493736
0.08276300903566931
0.09343709427445515
0.0600304762655143
-0.002684730380417104
-0.06405763549727002
-0.09425949681023701
-0.0800388950556396
-0.02746451315449877
0.03877407228086446
0.08581683298962381
0.09200035872760057
0.054703053663362707
-0.00941041622499824
-0.06882141912732738
-0.0948841126373085
-0.07626556808630955
-0.020956940873242742
0.04479990257857314
0.0884514328944347
0.09011897896069183
0.049096566785841844
-0.01608663456996673
-0.07324020702651488
-0.09505254938202129
-0.07211398888203881
-0.014339608725496805
0.050594879313516014
0.09065586678515983
0.08780059224376825
0.043238128760422774
-0.02267844152964065
-0.07729412444233705
-0.09476413987454471
-0.06760256804432391
-0.007646990429168686
0.05613061144349161
0.09242110545381366
0.08505472747459793
0.037156569994433425
-0.029151565661962003
-0.08096528310760429
-0.09402002693927042
-0.06275170044926041
-0.0009141616935544744
0.061380455395614236
0.0937400038684339
0.08189283375837808
0.030882303692870906
-0.03547266408751113
-0.08423778077263422
-0.09282316903705062
-0.05758374625469522
0.005823476921815736
0.06631961131292659
0.09460727431220167
0.07832830720839504
0.024447159848585844
-0.04160955526299725
-0.08709768919273886
-0.09117835428953627
-0.05212299235967267
0.012530485843226018
0.07092519177018215
0.09501946381243007
0.0743765131111237
0.017884188284628275
-0.047531424010183926
-0.08953303372193286
-0.08909222148762759
-0.046395590608650804
0.01917167337079221
0.07517626625984208
0.09497493805272905
0.07005480051752792
0.011227433036577902
-0.05320899604666472
-0.09153376748466087
-0.08657328603099104
-0.04042946930132883
0.02571237591096294
0.07905388511774813
0.09447387336416087
0.06538250616665092
0.00451168204405742
-0.05861468098263669
-0.09309174299960274
-0.08363196830994649
-0.034254215229119735
0.03211872425468056
0.08254108659344805
0.0935182576018907
0.06038094441463277
-0.0022278023851053305
-0.06372268436739359
-0.09420068406510061
-0.08028062180770174
-0.027900924530654417
0.03835788945960526
0.08562289059463178
0.09211189981863563
0.05507337959543567
-0.008955565696420052
-0.06850909073249788
-0.09485616059587923
-0.07653355809954984
-0.02140202208262873
0.044398303142835424
0.08828628238318212
0.0902604477629389
0.049484977094423
-0.01563624838112683
-0.07295192057202252
-0.09505556883213326
-0.07240706586079626
-0.014791050794268831
0.050209848532594664
0.09052018927949579
0.08797141147315121
0.04364272950786669
-0.02223487070713822
-0.07703116478014824
-0.09479811886301803
-0.06791942088359298
-0.008102433890537455
0.055764020327205385
0.09231545329281893
0.08525419068329354
0.03757535470519212
-0.028717107313445386
-0.0807288002669243
-0.09408483071221863
-0.06309088390744709
-0.001371214881776224
0.06103405310287719
0.09366480252226944
0.08212010342146561
0.031313163464980656
-0.03504954471556683
-0.08402879039325387
-0.09291853938122237
-0.05794368281709306
0.005367218721917165
0.06599501952962286
0.09456282409511783
0.0785824130207452
0.024887895603233026
-0.04119991581844912
-0.08691707363904803
-0.0913039083409604
-0.05250197554547961
0.012077420895242441
0.07062390085578996
0.09500594123017089
0.07465635069020896
0.018332525061205605
-0.04713730693283876
-0.08938154367060573
-0.08924745012538929
-0.04679178996844863
0.018724174159831908
0.07489963292303461
0.09499239665203063
0.07035913071529215
0.011681036123751723
-0.05283233442581589
-0.09141202378838524
-0.0867575520116245
-0.040840937322032866
0.025272770505796238
0.07880313136789249
0.0945222439992894
0.06570995520690567
0.004968174627610025
-0.05825728985434893
-0.0930002386339727
-0.08384450432054733
-0.03467889630543981
0.03168927883153129
0.08231729972071701
0.09359734809124151
0.06073000508973399
-0.0017708204694583396
-0.06338625406227483
-0.09413978597080412
-0.08052052862650454
-0.02833666607726012
0.03794079238886535
0.08542702394721063
0.09222139402612523
0.055442413771013235
-0.008500498584903066
-0.06819518210598219
-0.0948261112401885
-0.07679980305734214
-0.021846587755777337
0.04399565094475628
0.08811915672710274
0.09039990419597052
0.04987221977478604
-0.015185484696539388
-0.07266196189483465
-0.09505648733814347
-0.0726984818016626
-0.015242135675655223
0.049823633896743304
0.0903824945392211
0.08814026153443685
0.04404629469840875
-0.021790764490904432
-0.07676645004008142
-0.09483000159466116
-0.06823470583361538
-0.008557681371178953
0.0553961222734882
0.09220775047750898
0.08545173674433448
0.037993243265332634
-0.028281959874104083
-0.08049048862970799
-0.09414755125610287
-0.06342860167568465
-0.0018282348808909415
0.060686229250851806
0.0935875256467607
0.08234551690192662
0.03174327307420729
-0.034625587836420106
-0.08381790658190488
-0.09301184792713676
-0.05830226477038269
0.004910830649894539
0.06566890034858111
0.09451628191203207
0.0788347326649586
0.025328032867310578
-0.04078929668382426
-0.08673450900841667
-0.09142743052342654
-0.05287972380959139
0.01162406406693351
0.07032098569874437
0.09499031860673908
0.07493448123615765
0.01878041967386214
-0.046742075028572805
-0.08922805776926304
-0.08940068544099225
-0.04718688230360457
0.01827622340764122
0.07462128760662227
0.09500775545664213
0.0706618421585235
0.012134356882187239
-0.05245443055423993
-0.0912882462097725
-0.08693987196554229
-0.04125143389269273
0.024832557477760447
0.07855058704532056
0.09456852340910023
0.06603588287476794
0.005424546989590939
-0.05789853728835809
-0.09290667096367083
-0.08405515047928105
-0.0351027485082173
0.0312590744227202
0.08209165279965025
0.0936743642897183
0.061077650758499184
-0.0013137956931542488
-0.06304835175860306
-0.0940768036415742
-0.08075861076509994
-0.028771727507662097
0.03752279071127524
0.08522923681988698
0.09232883932112859
0.05581014807388641
-0.008045225878646957
-0.067879699814417
-0.09479396511763925
-0.07706429759421118
-0.02229062729013235
0.04359195514881666
0.08795005909715171
0.09053734564659294
0.05025828615370679
-0.014734354345075272
-0.07237033694382522
-0.0950553048833433
-0.0729882307190268
-0.0156928525289557
0.04943624404707538
0.0902427851426478
0.0883071392212512
0.04444881513786286
-0.02134613346686562
-0.0764999855508615
-0.09485978748856991
-0.06854841629131475
-0.009012721876175932
0.05502692536459671
0.09209799900245438
0.08564736184926415
0.03841022600551154
-0.02784613360958435
-0.08025035290636
-0.09420818742295115
-0.06376484654149345
-0.00228521062979542
0.060336991336581075
0.09350817466076367
0.08256906978122415
0.03217262243173621
-0.03420080332604256
-0.08360513343569051
-0.09310309295438393
-0.058659484307301585
0.004454323743219135
0.06534126066349033
0.09446764861246758
0.0790852611062223
0.02576756119771368
-0.040377707285145455
-0.08654999879190212
-0.09154891853675177
-0.05325622877229079
0.011170426282960569
0.07001645257835232
0.09497259622643509
0.07521089909441495
0.019227861398948713
-0.0463457372229513
-0.08907257891149997
-0.0895519245458917
-0.04758085869300471
0.017827831839920594
0.07434123597044384
0.09502101418706752
0.07096292857317783
0.012587384388560025
-0.05207529281640989
-0.09116243705397975
-0.08712024240681379
-0.04166094959134936
0.024391747272672806
0.07829625719011428
0.09461271074889858
0.06636028228174488
0.005880788093115916
-0.057538431096908996
-0.0928110417140124
-0.08426390269424017
-0.03552576196507254
0.030828121120367855
0.0818641502540113
0.09374930478333902
0.06142387392895942
-0.0008567391174748376
-0.06270898467399619
-0.09401173823023316
-0.08099486351833268
-0.029206098559252817
0.0371038941000005
0.08502953302628244