0
0.9832203389830508
0.025060752682366516
0.9795505418955025
0.005416662408528783
0.012328124201815616
0.9761342870278696
0.023157757062556072
0.989414774763478
0.9926927733648676
0.021537080801442343
0.9752314527276293
0.01526623606231503
0.001951091058437715
0.9818072983932559
0.025199386512496424
0.980761667792403
0.003494256119057404
0.013997930523825142
0.975571987437869
0.02230879155098009
0.9912202588289653
0.9908452370434744
0.0224942192898272
0.9756752858002371
0.013661787581376927
0.003890732964224597
0.9805034692787367
0.02518352452222139
0.9820885958993197
0.001551333237685526
0.015584490222631642
0.9751590570965722
0.02132434893989954
0.9930775269281322
0.9890517219710488
0.02331467590639935
0.9762678045262899
0.011976143979962828
0.005807525689339288
0.9793170779481093
0.025013272524483376
0.9835229711582206
0.9995993079029573
0.01707806550581914
0.9748982355133067
0.020210792606876637
0.9949755417999417
0.987322973753443
0.02399309561658791
0.9770051008598298
0.010219536806153506
0.0076901682014720585
0.9782556829812495
0.024689765193949942
0.9850558514972155
0.9976496332619691
0.018469399604664538
0.9747912587936893
0.018975256555362918
0.9969030847130234
0.9856694323748116
0.024525019633142353
0.9778823421787411
0.00840253863405227
0.009527509771419362
0.9773261097192943
0.024215153348351226
0.9866777747959082
0.9957137524074513
0.019749783197373194
0.9748388403060713
0.017625581405851243
0.9988488079010001
0.9841011716093608
0.024906931816449873
0.9788938208294489
0.006536003577825689
0.011308603297180753
0.9765343876101648
0.02359258014366228
0.9883788247490874
0.9938030491598207
0.020911121546459466
0.9750406626619401
0.016170248138845267
0.0008012852029173345
0.9826278359045687
0.02513629642266535
0.9800330102617406
0.004631010513131972
0.013022761070101474
0.9758856919580516
0.022826146992815044
0.9901486948565075
0.9919287979547995
0.02194600124475965
0.9753953812894095
0.014618310965228254
0.0027490615400909135
0.9812585751601808
0.02521158597394102
0.9812926261770202
0.0026988088546704425
0.014659613216136513
0.9753842916617086
0.021920870331718856
0.9919767500174885
0.9901021121651121
0.022847755261409475
0.9759006394751354
0.012979330511986742
0.004680701949130395
0.9800019780793359
0.025132298312661838
0.9826646911181158
0.0007507665345563019
0.01620916882524992
0.9750335044779913
0.020882630596572582
0.9938520854599079
0.9883338903042052
0.023610524821358503
0.9765530943548719
0.011263308288177676
0.006584840924529711
0.9788660050141584
0.02489896225205257
0.9841406010120236
0.998798319655767
0.017661879542790526
0.9748356612088275
0.01971811493075437
0.9957635829748873
0.9866347597233776
0.024229316556069858
0.9773484529733589
0.009480623152350987
0.008450232800790713
0.977857921455892
0.024513131626236362
0.985711192324809
0.9968529231669796
0.019008705146829286
0.9747920799843621
0.01843475520393234
0.997699964652574
0.9850150176124353
0.024700053343302386
0.9782815172339445
0.007641970250932051
0.010265803825016295
0.9769842335148934
0.023977367947062067
0.9873668086841161
0.9949260018275405
0.02024118038376832
0.9749030515129368
0.01704066290416728
0.9996498445123434
0.9834845693386298
0.025019617320559018
0.9793462363350407
0.005758302647345115
0.012020706441857598
0.9762506268821046
0.023295212265030063
0.9890973660531617
0.9930289007093072
0.021351482091266583
0.9751678358077873
0.01554456236607793
0.0016017785831592413
0.9820528644007188
0.025185883713389146
0.9805357651545947
0.0038407756229106305
0.013704376141177477
0.9756619108450703
0.022471147180725737
0.9908924157863374
0.9911728345172297
0.022332495415139597
0.9755846705046829
0.01395572363894848
0.003544314108024693
0.9807288305259627
0.02519774436200617
0.9818425269976702
0.001900693411038823
0.015306591014085713
0.9752219689341751
0.02151055023890569
0.9927412051486488
0.9893688351003265
0.023177877740408803
0.9761507904810505
0.012283896094612778
0.0054660386129306016
0.9795208066887058
0.025055120145532683
0.9832582791606164
0.9999494579349113
0.016817533934043283
0.9749337176896932
0.02041964014336939
0.9946327351293248
0.9876276966632278
0.023882118822339482
0.976862458103521
0.010539243641718876
0.007355629590992896
0.9784364760693072
0.024758961873136975
0.9847741798769722
0.9979985189647698
0.01822785703513219
0.9747990748654838
0.019205417348116427
0.996555815615485
0.9859599183674943
0.024440595537081222
0.9777150030930329
0.008732282164671368
0.009201905505785701
0.9774828001884565
0.024311239610970592
0.9863808553799369
0.996059325002818
0.01952874790792203
0.9748189381264848
0.01787560060844573
0.9984991182061724
0.984375644222355
0.024849619686357016
0.9787028707261868
0.006873819553482985
0.01099387871754387
0.976665955629065
0.02371492081556692
0.9880684660275731
0.9941432741485567
0.020711996683725253
0.9749931749684912
0.016438561021097087
0.00045122713153222804
0.9828846003973429
0.02510647739422822
0.9798196769032755
0.0049748984445709965
0.012720810788330539
0.9759912748795132
0.022973938020616647
0.9898267706742335
0.9922616641988555
0.02177006294169015
0.9753206242104933
0.014903254957683298
0.0024006888871879184
0.9814960303360858
0.025209458826673803
0.9810582685145371
0.003046741560637667
0.014372270436026291
0.975463192882566
0.022093147149540027
0.9916451887216862
0.9904256412951236
0.022696141163634387
0.9757991090074742
0.013279157116088847
0.004336061291627447
0.9802186283025361
0.025157877239140092
0.9824107875257773
0.0011006993287026035
0.01593819419129483
0.975085200841601
0.021078277780858024
0.9935128595349689
0.9886461465405987
0.023484223294407247
0.9764254609328674
0.011576194696600428
0.006245962718167242
0.9790604722388256
0.024952076697912773
0.9838687372746102
0.9991481992782323
0.017408949575255406
0.9748598087137383
0.019935876863601543
0.9954186991519529
0.9869338601670266
0.024129156857367384
0.9771955543120834
0.009804683468633613
0.00811912223979716
0.9780289570459686
0.024593428206514112
0.9854230496060032
0.9972006965851199
0.018775400367041062
0.974788517609097
0.018673247460373243
0.9973514544435539
0.9852991430229925
0.024626697040306844
0.9781043496760985
0.007975266242779444
0.00994443135595624
0.9771307296007818
0.024084314372249782
0.9870641516645642
0.9952696250401625
0.02002897327841957
0.974871803025885
0.01729838408875306
0.9992997550847297
0.9837519753768929
0.024973551217815526
0.9791459449660249
0.006098854012182464
0.011710997849575966
0.9763716269787994
0.023428103142539847
0.9887820313847949
0.9933663476885455
0.021161725106937368
0.9751091094992622
0.015819906146569807
0.001252163865909095
0.9823018932670838
0.025167414516653164
0.9803136329675668
0.0041865697859142514
0.01340820215824623
0.9757566194470575
0.022629111498966736
0.9905663009645411
0.9915021064117315
0.02216640921198998
0.9754988568504821
0.014246990757280642
0.003197226001214304
0.9809579228817302
0.02520699525832093
0.9815999633922377
0.002249694913414757
0.015025756443909133
0.975289759808223
0.02169256029544009
0.9924062578586987
0.9896879698035179
0.02303653996404531
0.9760384578185906
0.012589306174430881
0.005123518166017416
0.9797285137025019
0.02509202941684796
0.9829968080461934
0.000299617502010463
0.01655376632020067
0.974974140608593
0.020624521648024086
0.9942909430797098
0.9879347788223698
0.023766453672380283
0.9767243464677092
0.010856946655126265
0.007019698016892839
0.9786214713891568
0.024823283591826506
0.9844954276270168
0.9983477823681273
0.017982794954184644
0.9748118605635394
0.019431860417572278
0.9962091968297919
0.9862530898745647
0.02435136441715713
0.9775520164152162
0.009060369465885287
0.008874554910433208
0.9776438916037168
0.024402546392920055
0.9860865388493748
0.9964056418458456
0.019303929008144927
0.97480400130962
0.018122171370095863
0.9981497117087279
0.9846531151881415
0.02478741321125444
0.9785160676422746
0.00721033443213237
0.010677062446315277
0.9768020961582136
0.02383260853563396
0.9877603808054406
0.994484606711401
0.020508845636394213
0.9749506152750514
0.01670371355936906
0.00010108393152163941
0.9831446605671347
0.025071709004645726
0.9796102604444153
0.005317846194716758
0.01241643332022857
0.9761015730028624
0.023117232330808868
0.9895067796997497
0.9925959964734774
0.021589879512343924
0.9752507250892007
0.015185343362911663
0.0020518631431887258
0.9817370608604634
0.025202360221175724
0.9808275749648228
0.0033940991017109567
0.014082176792407086
0.9755469216356941
0.02226111158662869
0.9913152113467605
0.9907509883271541
0.022540088645689238
0.9757023345517091
0.013576447431450145
0.003990601524842763
0.9804391137315632
0.02517849577827702
0.9821602747270962
0.001450424449988219
0.01566415886632111
0.975141805497674
0.021269823210424033
0.993174861071307
0.988960564171179
0.023353317573565846
0.9763024507803806
0.011886876599887408
0.005905902938884822
0.9792590125643139
0.025000274870411232
0.9835999726407759
0.9994982396075156
0.017152665038805637
0.9748889128113973
0.020149771983527742
0.9950746808981767
0.9872354552367697
0.02402425638966621
0.9770471167817832
0.010126881569866963
0.007786472858240856
0.9782042795766245
0.024668885176196476
0.9851376980794112
0.9975489984031416
0.018538465235885315
0.9747899271264912
0.01890813007901082
0.9970034441483885
0.9855860840633746
0.024548494026729983
0.9779314533645881
0.008307050923948012
0.00962116976502947
0.9772817004217358
0.024186529551757374
0.9867639638117648
0.995614142074221
0.019812880296483204
0.9748455085585253
0.017552772900291114
0.9989497977681369
0.9840225037731201
0.024922564242807255
0.9789497090631069
0.0064382517799228545
0.01139905859215129
0.9764972617230195
0.023556401671193328
0.9884688317853195
0.993705050020163
0.020967849118573856
0.975055286366046
0.01609221274660566
0.0009023128925225166
0.9825543348325445
0.025143982886035143
0.9800953165706099
0.004531573150131862
0.01310946662396173
0.9758560930945933
0.022782651441575652
0.9902419770027111
0.9918329896246494
0.021995995350903463
0.9754178631241888
0.01453553167235011
0.002849534281244459
0.9811906997389229
0.025211275225289764
0.9813609541038708
0.002598271843272215
0.014742042078329742
0.9753624152322261
0.021870341330662235
0.9920727489828556
0.9900090644800363
0.022890692312156347
0.9759308303493304
0.012892314717424469
0.004780029349106485
0.9799401563205528
0.025123992425357677
0.9827386101295645
0.0006497205436577502
0.016286815371150176
0.9750194956060005
0.02082539498147451
0.9939502305491895
0.9882441604692742
0.02364612466458116
0.9765907950352587
0.01117258446123337
0.006682437544974107
0.9788106305856173
0.024882716598498167
0.9842196499700772
0.9986973575344691
0.01773426282435242
0.9748296131433798
0.01965453963756003
0.9958632939283794
0.9865488893263128
0.024257345276661013
0.9773934162043924
0.009386737608668039
0.008545520806308993
0.9778093502808293
0.024489054256239928
0.9857948829570852
0.9967526374059799
0.019075372328371643
0.9747940330615044
0.01836524396249395
0.9978006543659159
0.9849335294961037
0.024720325694036482
0.9783334502808898
0.007545484064466201
0.01035821573479212
0.9769427805140016
0.023945618389563883
0.9874546289995059
0.9948269820149744
0.020301710218484814
0.9749129927019727
0.01696565281109841
0.9997509216612487
0.9834079643411644
0.025031998709161396
0.9794048038734839
0.005659788703079371
0.012109688006948671
0.976216562938161
0.023255999794053572
0.9891887836621203
0.9929317309425227
0.02140548838190348
0.9751856988581602
0.015464520408571047
0.0017026501854604525
0.9819816179844096
0.025190291681350452
0.9806005924246979
0.0037408158031411176
0.013789389360298276
0.97563546007243
0.022424728602934874
0.9909868810979972
0.9910780907353198
0.022379630391625938
0.9756103366883347
0.013871143231799277
0.0036443880602210488
0.9806633893290752
0.0251941495054262
0.9819132031414732
0.0017998758974000495
0.015387117289367147
0.975203306333126
0.02145722727290611
0.9928381544299512
0.9892770823082739
0.023217835278847687
0.9761840899045484
0.012195293681218633
0.005564726240313123
0.9794615850472356
0.02504354644623108
0.9833343606648228
0.9998483745993549
0.01689307735586798
0.9749229672588522
0.020359756469146895
0.9947315934239437
0.9875394860268956
0.023914637424521157
0.976903171545418
0.010447155397227625
0.007452348249415985
0.978383852567546
0.024739486428490665
0.984855194051143
0.9978977628158756
0.018297947772289103
0.974796308233941
0.01913935540864964
0.9966559995320214
0.9858757841688432
0.024465460988397414
0.9777628643061357
0.008637260826385162
0.009296081269245748
0.9774371143075254
0.024283991771897107
0.9864663038100822
0.9959594876496656
0.019592945666182526
0.9748241737520187
0.017803778244632973
0.9986000385954329
0.984296100675901
0.02486666731312237
0.978757569132512
0.006776431390715931
0.01108494917914471
0.9766275045703624
0.023680080762438216
0.9881578279568786
0.994044943243019
0.020769894183347848
0.975006377929565
0.016361428016290258
0.0005522916812816803
0.9828101383413411
0.02511559384922668
0.9798808606021843
0.0048757203676803584
0.012808227993471144
0.9759603106445254
0.022931734825133887
0.9899195062754261
0.9921654208188277
0.021821289352689455
0.9753417065993043
0.01482128956001727
0.002501304669060511
0.9814271138249122
0.025210583344075665
0.9811255475218301
0.0029463583575184416
0.014455503956129157
0.9754399196908891
0.022043856385705496
0.9917407422385873
0.9903320572356735
0.022740365427837528
0.975827930910356
0.013192862596311805
0.004435637298509265
0.9801556911397826
0.025151002316071924
0.9824837371633088
0.000999701006996645
0.016016734334577398
0.9750697729649497
0.021022218759125355
0.9936106622836648
0.9885557814870896
0.023521157256120695
0.9764618319643145
0.0114860959871117
0.006343912431064913
0.9790039145031267
0.024937248179036864
0.9839469016355646
0.9990471784833748
0.01748231071840589
0.9748523287949543
0.019873409568637257
0.9955181723843134
0.9868472587333921
0.024158558120789486
0.9772392356509558
0.009711323916553827
0.008214866261013087
0.9779791416728859
0.024570744768675823
0.9855059450296095
0.9971002460585736
0.018843124378646436
0.9747890355219718
0.018604769274655375
0.997452012086972
0.9852168316492045
0.024648371472275166
0.9781550565382854
0.007879204496837655
0.010037400140301411
0.977087979093472
0.024053926427112682
0.9871512701649096
0.9951703350791483
0.020090632991986546
0.9748803153148206
0.017224326381568567
0.9994008063816886
0.9836744590916504
0.024987355019534085
0.9792033494378009
0.0060006610503866575
0.011800634557882494
0.9763362203266871
0.023390211194801225
0.9888728439906497
0.9932688035684332
0.021216927789079243
0.9751255594182257
0.015740730801736103
0.0013531159446440455
0.9822296523344963
0.025173255797787508
0.9803773671184298
0.0040868260789150845
0.013493965647875417
0.9757287893346417
0.022583964014856406
0.9906602609400122
0.9914068857351306
0.022214799960304177
0.9755231349999093
0.014163186703719965
0.003297486413966322
0.9808914093638648
0.02520483506076765
0.9816696225852763
0.002148987707517591
0.015107124399837302
0.975269690194798
0.021640451149619988
0.9925028037876217
0.9895956397456582
0.023077804960388804
0.9760704033581195
0.01250138597251782
0.005222497433855278
0.979668147982521
0.025081882153041857
0.9830719543673634
0.00019853819651149962
0.016630238518091867
0.9749619647535801
0.020565787226185073
0.994389501809338
0.9878458932503404
0.023800323211379038
0.9767637488634082
0.01076544317928363
0.007116812219563062
0.9785676387119098
0.024805216882280323
0.9845755933617344
0.9982469239543987
0.0180538966339876
0.9748076595615566
0.019366876456418325
0.9963091862812509
0.9861681863278737
0.024377615627747762
0.9775986176635115
0.008965832710916555
0.00896922835630165
0.9775969387012213
0.024376680308721976
0.9861712299444111
0.9963055963709402
0.019369214323697648
0.9748078031845774
0.018051349616369006
0.9982505435723086
0.984572711719427
0.024805872391356676
0.9785695649002003
0.007113328457744927
0.010768730451335529
0.9767623280358355
0.02379911427209125
0.9878490802657034
0.9943859627270613
0.020567901133714095
0.9749623946645448
0.016627498325304302
0.0002021662738258545
0.983069252454241
0.025082253496040874
0.9796703089876259
0.005218946210144626
0.012504545116492238
0.9760692499670879
0.02307633035722878
0.9895989508821148
0.9924993364325396
0.021642327577438003
0.9752704035302089
0.015104208047957979
0.0021526029598786245
0.9816671172140027
0.02520491976321315
0.9808937913913088
0.003293888680686141
0.014166198576571754
0.9755222566456165
0.02221306933294276
0.9914103011261413
0.9906568858933649
0.022585590852489457
0.9757297813576045
0.013490891070025768
0.004090407276828412
0.9803750740351669
0.025173053294563985
0.9822322403255253
0.0013494928559847352
0.015743576986627872
0.9751249619190238
0.021214952363100448
0.9932723028671502
0.9888695814149917
0.023391577854887657
0.9763374844790043
0.011797420483055099
0.006004187111107395
0.9792012831974025
0.02498686666126204
0.983677236847353
0.9993971792006922
0.01722698930684441
0.9748800026440451
0.020088425470424998
0.9951738975619357
0.987148139698578
0.02405502394966952
0.9770895070660888
0.010034065976130435
0.00788265457843118
0.9781532303811429
0.024647600510113943
0.985219781955314
0.9974484020941716
0.0186072323362918
0.9747890097639164
0.018840698825384194
0.9971038507239804
0.9855029656761418
0.02457156591308296
0.9779809234923905
0.008211431981268724
0.009714677515320513
0.9772376613840341
0.02415750967020447
0.9868503634837245
0.9955146007866378
0.019875657254746493
0.974852590121478
0.017479682436310817
0.9990508041473637
0.9839440916482212
0.024937787500943998
0.9790059386316428
0.006340398468187125
0.011489333039283567
0.9764605198492184
0.023519838240850355
0.9885590218039977
0.9936071501222159
0.02102423677460452
0.9750703196335453
0.016013919741047822
0.0010033263955158134
0.982481113925286
0.02515125622679948
0.9801579445853393
0.004432064441069805
0.013195963584615056
0.9758268895613419
0.02273878450595701
0.9903354135863551
0.9917373102939728
0.02204563177475727
0.9754407480642614
0.01445252045841805
0.002949962197693834
0.9811231274232575
0.02521055015050333
0.9814295822593598
0.002497693963631864
0.014824235625283455
0.9753409428941746
0.021819456827129713
0.992168873126809
0.9899161749695293
0.022933256089015863
0.9759614152310107
0.012805093865746464
0.004879281479026387
0.9798786589154255
0.025115273772827074
0.9828128062229513
0.0005486643378502798
0.016364201073887585
0.9750058969361577
0.020767821899621453
0.9940484709945849
0.9881546172501914
0.02368133796960903
0.9766288780837998
0.011081683442809354
0.006779928777758126
0.9787555998877492
0.02486606248746215
0.9842989513740463
0.9985964158952239
0.01780636110500744
0.9748239786726768
0.019590646900218722
0.9959630699954403
0.9864632330941143
0.024284976657586554
0.9774387477445992
0.009292703577573391
0.008640673773974594
0.9777611401696072
0.02446457543520264
0.9858788000884623
0.9966524027364172
0.019141731900820247
0.9747964003698065
0.018295437111337964
0.9979013786681414
0.9848522820357886
0.024740192480820156
0.9783857353001173
0.007448878777106316
0.010450463569618984
0.9769017037029938
0.023913477009128936
0.9875426487308764
0.994728043683093
0.020361911565520252
0.9749233459952255
0.016890370575264324
0.9998520027260476
0.9833316252610134
0.02504396897621275
0.9794637049268913
0.005561185578081496
0.012198477225721982
0.9761828879535106
0.023216407646570403
0.9892803726363213
0.9928346726896917
0.021459147213352736
0.9752039691463944
0.015384231227719702
0.001803495013951384
0.9819106613399157
0.025194285698562968
0.9806657328009466
0.003640797114158989
0.013874182887406494
0.9756094085403353
0.0223779448871273
0.991081488918331
0.9909834880038575
0.02242640101568183
0.9756364025583192
0.013786341795320123
0.003744404663501788
0.9805982601719656
0.02519014062909264
0.9819841702073466
0.0016990300804753389
0.015467397619606249
0.975185050656199
0.021403555954115916