0
0.92
0.8438336739292986
0.774281647548495
0.7125949339249356
0.6586472009862439
0.611381930618607
0.5692421671015198
0.5304563238639903
0.49318401964537606
0.45557102057447096
0.4157653124264826
0.3719417649350212
0.32238416098682143
0.26567773443998854
0.2010521383448518
0.12884218402544168
0.05087106381368156
0.9703994799851471
0.8913994043981996
0.8174176793861951
0.7506903640410092
0.6919207209859883
0.6405848176927633
0.5953990613699249
0.554702711165425
0.5166879613200499
0.47950608144832074
0.4413023350431504
0.40022978795051634
0.3544890944287693
0.30244492264869116
0.24287115122155822
0.175347614168345
0.10072579872434151
0.021397226425416527
0.941002012824256
0.8634896011866706
0.791996056464602
0.7281848261615844
0.6722567054981128
0.623355667810316
0.5800231718935194
0.5405253651496396
0.5030320018113659
0.46569022939387894
0.4266462247588503
0.3840630103181564
0.3361821923492052
0.28148208488951276
0.21897940832868068
0.1486696608349598
0.07196128279336578
0.9917761892293341
0.9120021032507077
0.836407134696219
0.7676256518246258
0.7067531670372795
0.6535464483764062
0.6068803030202452
0.5651654614601636
0.5266186133384751
0.4893964996564302
0.4516446030870256
0.411511962828933
0.36717936948765484
0.3169502014386647
0.2594570473557387
0.19402019051910324
0.12111277913193685
0.04271748938646924
0.9622118775422812
0.8835779699068811
0.8102597381433467
0.7443356419144993
0.6863642534796548
0.6357229461856009
0.5910746761014443
0.5507356515707234
0.5128906620650109
0.4756895011938378
0.4372775365937167
0.3958100005074674
0.3494971693849931
0.2967316399118314
0.23634894353262292
0.16803775405785215
0.09280093235739706
0.013182557632668068
0.9329058084313966
0.8558852830646977
0.7851253845538939
0.7221302148790003
0.6669710961436002
0.6187111867259056
0.5758515767758565
0.5366425945608517
0.4992495990072203
0.46181908354296386
0.4224977808673578
0.3794527129844738
0.33094027681049454
0.2754771843042638
0.21215808544142023
0.14110512138276743
0.06388553431271848
0.9835567621125955
0.9040486899369546
0.8290527955283902
0.7610530204378776
0.7009918099110897
0.648514043923317
0.6024302795025276
0.5611217192424105
0.5227946753129227
0.4856034726073266
0.447693424769414
0.40721487573698933
0.36235543350628596
0.31144018094210013
0.25315281305056736
0.18690925936107705
0.11332505990141861
0.03454141764398244
0.9540442307134934
0.875813035115238
0.8031799980644416
0.7380645872413845
0.680884557423679
0.6309236325147527
0.5867951712627133
0.5467945325381329
0.5091000554549154
0.471860333265512
0.4332209468194588
0.39133972030724173
0.34443782756743824
0.2909384784437512
0.22974319286268896
0.16065452894065557
0.08482943803240461
0.004960867063824148
0.9248442929054239
0.8483473954263352
0.7783366715237321
0.7161578978611591
0.6617576467741295
0.6141230228660044
0.5717179803344068
0.5327787065982914
0.4954668061964238
0.45792827675037273
0.41831057474532063
0.374785393451891
0.32562565281303746
0.2693897643123564
0.20525511177221856
0.133475136010196
0.055776659750114144
0.9753460877984351
0.89614328749188
0.821772552377519
0.7545640205813751
0.6953099641507086
0.6435484346096321
0.5980300142348822
0.557108996405526
0.5189825454392771
0.48180297303771
0.4437155303403004
0.4028721587245818
0.35746827727416175
0.30585293637368993
0.2467648577561432
0.17972067594566066
0.10548206683910832
0.026347075396207842
0.9459007388849897
0.8681075757563967
0.7961797217266717
0.7318769756657524
0.6754804406176755
0.6261851836536738
0.5825586498304922
0.5428773978030366
0.5053141759600388
0.46801661354516266
0.4291306235530694
0.3868171085939971
0.339309534194685
0.2850645764314812
0.22305422481768744
0.15319990543851159
0.07681489802823727
0.996736531354581
0.9168213266789453
0.8408782967280317
0.7716305819885445
0.7102672327174835
0.6566149353778834
0.6095893829385377
0.5676204532813292
0.5289317389777568
0.491681657642808
0.4540158485244068
0.4140826877501229
0.3700592931395177
0.3202369803581333
0.26321933572114276
0.19827137794937144
0.12578230744338303
0.047638669304400416
0.9671485065353295
0.8882892793603445
0.8145681234789457
0.7481587759022168
0.6897066429693886
0.6386480240595929
0.5936776449128347
0.5531253446974813
0.5151802588949015
0.4779930357175828
0.43970896735503295
0.39848193202062965
0.3525162568322955
0.3001873814080551
0.24029313914412187
0.1724559456756931
0.09758699976509666
0.018138749188332026
0.93778552323997
0.8604644009393014
0.7892600011072086
0.7257724593344483
0.6701506410088516
0.6215058751417084
0.5783632041907267
0.5389822889425311
0.5015310579225574
0.46415637861797965
0.4250046299221337
0.38224034588484246
0.3341108031519826
0.2791091681219442
0.21628251574575552
0.14567602822653392
0.0687610265680223
0.9885139358972509
0.9088406500303947
0.8334801683331712
0.7650076240212611
0.704457474217115
0.6515414863808946
0.6051084517066037
0.5635570599448307
0.525099728454268
0.4878921876696187
0.4500798400493189
0.40981221025052617
0.36527268146215786
0.3147729835747739
0.25696552590256805
0.19120794113552453
0.11802940985962218
0.03947566643538769
0.9589683154960503
0.8804898974820312
0.8074410504790981
0.741837271898774
0.6841807765307337
0.6338111761021992
0.5893712945770844
0.5491688123279461
0.5113858505085132
0.4741716957429509
0.4356717867791078
0.3940423301519047
0.3474977673060158
0.29444251168435764
0.23373775190054547
0.16511675022370098
0.08964321143886189
0.009920771529943861
0.9297026142111933
0.8528861490510242
0.7824217609024093
0.7197505726418896
0.664893831456042
0.6168839539533306
0.5742069174605655
0.5351072457815569
0.4977487356143486
0.4602776659815069
0.42084103524136607
0.37760763416735443
0.32884020102883715
0.27307158943386334
0.2094286975759756
0.1380852193230533
0.060671660133935434
0.9802974603222272
0.9009058732219615
0.8261550136312947
0.7584681539302034
0.6987277799183391
0.6465357747253337
0.6006783942202674
0.5595258591821901
0.5212807110396391
0.4840964307154134
0.44611829457861996
0.40549724292287026
0.3604238586612185
0.30923245544638833
0.2506280845424289
0.18406602845016895
0.11021938498316297
0.03129183544545722
0.9508097549270416
0.8727482157195272
0.8003927002434921
0.7355993614693852
0.6787312171466287
0.6290362181380005
0.5851090732858117
0.5452374445577868
0.5075973548604678
0.47033698865603135
0.43160204364182153
0.3895515037312609
0.3424112464274429
0.2886174101193917
0.2270989331581148
0.15770494880417552
0.08165420023620795
0.001697506778032487
0.9216559395901576
0.8453752845887572
0.7756657623248371
0.7138107379828371
0.6597086243102186
0.612317641183592
0.5700878646880616
0.5312503067392653
0.4939652432876467
0.4563785142984582
0.41663791600821964
0.372917199265582
0.32349635135298005
0.2669512836447141
0.20249356233618565
0.13042997653662436
0.05255074694448503
0.9720914640233682
0.8930204675112896
0.8189046579666899
0.7520123813148072
0.6930772157039742
0.6415962297500835
0.5962973578847077
0.5555249051946349
0.5174727221805648
0.48029242140114836
0.44212925789281665
0.40113589817501794
0.3555111588230284
0.30361426271484016
0.24420688935367862
0.17684703986896144
0.10235533723770418
0.023091428469319553
0.9426769947237018
0.8650671442398088
0.7934242672906338
0.729444770568656
0.6733567443175774
0.6243214443120304
0.580889079647021
0.5413292842133235
0.5038128063626437
0.46648695059532663
0.42749779777647157
0.3850076213979632
0.33725517825565854
0.28271125235118966
0.22037706774022814
0.1502225787236433
0.07362360189533357
0.9934733367786984
0.9136493133664163
0.8379340958970909
0.7689926073213438
0.7079522714807869
0.6545935758053789
0.6078051345548872
0.566004113936422
0.5274095091214537
0.49017861522370065
0.45245696369899147
0.4123933570086047
0.36816729338042853
0.3180779390177524
0.26074780712610535
0.19547806629522668
0.12271297103316137
0.044402335649575964
0.9639002718373647
0.8851877570729911
0.811730749329884
0.7456403743491664
0.6875047612014693
0.6367212388731585
0.5919634743710496
0.5515522482505397
0.5136737969025646
0.4764781946135088
0.4381107788274734
0.39672630170476575
0.3505329530883825
0.29791735095166416
0.237701951715378
0.16955255054263896
0.09444052794604785
0.014878751960556214
0.9345741215260831
0.8574494248472058
0.786536776795236
0.7233731039303419
0.6680560696035411
0.6196651184960222
0.5767094022175492
0.5374423721312613
0.5000302393229272
0.4626196184807303
0.42335711465332615
0.3804088719164105
0.33202809709488235
0.2767233122939059
0.21357269316746041
0.14267185515841652
0.06555518035886143
0.9852526463754543
0.9056864253601988
0.8305646937783706
0.7624027431559943
0.7021743886624576
0.6495471902551895
0.6033446107503153
0.5619537272593302
0.5235828893645214
0.4863868857843132
0.4485110561379173
0.40810545253926067
0.36335619780961714
0.31258371489797465
0.2544608350974993
0.18838333367323568
0.11493704399239779
0.036230563308548014
0.9557281599845411
0.8774109118548894
0.8046347597614005
0.7393520652447121
0.6820093150691409
0.6319091510766226
0.5876748613763203
0.5476059353232667
0.5098819699250603
0.4726517856096324
0.4340609098777124
0.392266594199552
0.3454876530565407
0.2921407497844686
0.23111342219602293
0.16218431247958365
0.08647836857728297
0.006658152771178205
0.9265051264226076
0.8498976272570304
0.7797310881038575
0.7173838508194037
0.6628278413160102
0.6150654770841553
0.5725681207757383
0.5335747475404182
0.49624768799957986
0.4587330302392596
0.4191780663121092
0.3757534664398188
0.326728591610284
0.27065296778254444
0.20668650437544867
0.1350551701148921
0.057452817750446084
0.9770398088949529
0.8977708317021298
0.8232690109384233
0.7558964673039195
0.6964762100526922
0.6445679240530104
0.5989342275798437
0.5579347615742885
0.5197684832367724
0.4825880894716197
0.4445388358129212
0.40377230775388995
0.35848222585251843
0.3070125006481459
0.24809016736566547
0.18121065986350082
0.1071052023311907
0.028039642726932268
0.9475793423755977
0.8696929413841086
0.7976179874148883
0.7331472558467851
0.676589700133206
0.6271582801961821
0.5834296242394661
0.5436840106501197
0.5060952757529829
0.4688112301485652
0.4299777078854734
0.38775493318426935
0.34037371438602326
0.28628357826391615
0.22444159591682467
0.15474425553770832
0.07847241305178954
0.9984340039261196
0.9184738933407219
0.842414146290154
0.7730078987057676
0.7114763907788084
0.6576706490239062
0.6105207316069652
0.5684633074745078
0.5297244483859977
0.4924631866504816
0.4548252250768072
0.4149587324004749
0.37103964094471387
0.3213553091391139
0.2644997062824468
0.19971935809025787
0.1273750905314499
0.04932050353440509
0.9688391717203202
0.8899059462021666
0.8160488022236043
0.7494739326033504
0.6908567666664285
0.6396541894737751
0.5945721259852155
0.5539452694403004
0.5159643260022677
0.4787802610009584
0.44053834964943306
0.3993920401395885
0.35354372590385363
0.30136319367403486
0.2416357340131512
0.17396151410817184
0.0992206134784206
0.019833849235356915
0.9394579573823246
0.8620366895267342
0.7906815592236303
0.7270256233219734
0.671244668362057
0.622466908017933
0.5792258574199107
0.5397845162183201
0.5023117487498849
0.4649545646545499
0.42585923481570465
0.38318949502362676
0.33518964059329637
0.28034505035385116
0.21768691770743032
0.14723448767374503
0.07042634912464596
0.990210690198828
0.9104841881938812
0.8350011999608433
0.7663677486023532
0.7056499993397995
0.6525830278677758
0.606029071168585
0.5643930278815521
0.5258895116020939
0.48867476958230416
0.45089424380150955
0.4106972013251875
0.3662656588419324
0.31590696019352427
0.2582631306356853
0.1926722768059923
0.11963435548747259
0.04116232291786215
0.9606550420615353
0.8820950326395898
0.8089056456011292
0.7431351526158889
0.6853150053777268
0.6348043582778833
0.5902564318901264
0.5499832997464509
0.5121684525526995
0.4749614353920877
0.43650764785830565
0.39496278113053984
0.34853908474010087
0.29563477226711576
0.23509760099652777
0.1666375415713599
0.09128659919619286
0.011617507002818606
0.93136805516463
0.8544448301959309
0.7838264341140178
0.7209867258969607
0.6659729056672368
0.6178332871861185
0.5750616458456737
0.5359054921842066
0.49852942319785476
0.4610798264176559
0.4217035586280993
0.3785684770856639
0.3299339870496145
0.2743244805247085
0.2108499870042897
0.1396572944019585
0.06234398887923853
0.9819925935975049
0.902539648844668
0.8276608284236309
0.7598110250199528
0.6999038536678674
0.6475634626787568
0.6015886647131257
0.5603553419134819
0.5220679733381364
0.4848804712047814
0.44693812920454157
0.4063915715228643
0.36142981376946715
0.310382323149778
0.2519429648133684
0.1855464523082473
0.11183587249197613
0.032982444564963576
0.9524916730294138
0.8743411979951308
0.8018409438311269
0.7368800071477337
0.6798497941486346
0.630016765118417
0.5859852579023306
0.546046898317758
0.5083788975125789
0.47112964808393265
0.4324447845724415
0.39048267786572866
0.3434667310013997
0.28982630088868566
0.22847597561173605
0.15924056475406045
0.08330662845139791
0.00339497498275132
0.923313585637925
0.8469198639938442
0.7770534067086614
0.715030008612443
0.6607730365224154
0.6132556439261287
0.5709350661377655
0.5320449772314637
0.49474633334922924
0.45718505383709096
0.41750875425081535
0.3738901000724737
0.32460536517462657
0.2682212894270246
0.20393156243908472
0.1320151374182994
0.05422925837316672
0.9737840788723038
0.8946437759327721
0.8203948937384458
0.7533379674122203
0.6942370381193217
0.6426103918999799
0.5971976631260327
0.5563483046703701
0.5182578691446289
0.481078326095012
0.44295492650400536
0.4020399528569234
0.35653043257167627
0.3047802491162963
0.24553905963927392
0.17834324868596285
0.10398271283171034
0.024785107701605247
0.9443532501148353
0.8666473866353304
0.7948559267757795
0.7307082478870806
0.674459927102971
0.6252897107537354
0.5817567048742185
0.5421341084443712
0.5045936953228263
0.4672829350779777
0.4283478185685199
0.38594989509724176
0.3383251388707236
0.2839369355878647
0.2217712117807582
0.15177258419731388
0.07528430935185915
0.9951706325955856
0.9152983871560327
0.839464115764254
0.7703631114620486
0.7091548090589317
0.6556436283937273
0.608732180587622
0.5668441877176382
0.5282010088741536
0.4909605134751831
0.4532682867127398
0.4132729046628483
0.36915261052406345
0.3192024468240895
0.26203500961907666
0.19693256606295462
0.12431065235176852
0.04608618648961604
0.9655894791538915
0.8867999246062128
0.8132050804085798
0.7469486727006389
0.688648549686731
0.6377222113098195
0.5928542011768252
0.5523699671773217
0.5144572341236873
0.4772663690770069
0.43894268385798174
0.39764046814768683
0.3515658784690838
0.29909966697131596
0.23905139844746204
0.1710642047748041
0.09607810596782551
0.016574608698241233
0.9362438781696696
0.8590163754497862
0.7879516542897553
0.7246195041165024
0.6691441294330431
0.6206214650687918
0.5775688633288345
0.5382429713403649
0.5008108803080609
0.46341933311575234
0.42421481408034634
0.38136261725584086
0.3331128319512815
0.2779659295352972
0.214983815111375
0.14423577842337254
0.06722338017233143
0.9869488652557417
0.9073261759755118
0.8320797330258001
0.7637560271727997
0.7033603630647163
0.6505831959768813
0.6042610780132951
0.562787073804526
0.5243716237103038
0.4871699979163453
0.4493275665906604
0.40899410209187703
0.364354283500953
0.3137239688674467
0.2557652913195776
0.18985408715077368
0.11654664561118833
0.03791889305776097
0.9574130818318548
0.8790112971833324
0.8060928966419185
0.7406431007042378
0.6831373033143087
0.6328972775475816
0.5885563993097596
0.5484183770395112
0.510664103049729
0.47344263532165254
0.4348994529528247
0.3931912548424519
0.34653455442210945
0.29333958855846975
0.23248010263310448
0.1637110359756928
0.08812543297925313
0.008355287225384478
0.9281675689783561
0.8514507699320737
0.7811290196348688
0.7186132884619862
0.6639010621293522
0.6160102699090557
0.5734198147581124
0.5343715265380717
0.49702848673267686
0.45953687989576686
0.42004384171029363
0.37671905068012945
0.3278283873416932
0.27191263865129933
0.20811444767897802
0.13663250306825825
0.05912769950611452
0.9787340498529769
0.8994005365567279
0.8247686852487297
0.757232481817729
0.6976458103091918
0.6455902052379228
0.5998404977390586
0.558761782309289
0.5205548576315513
0.48337282114043756
0.44536093716820213
0.4046704493342559
0.3594934254504194
0.30816873794896216
0.2494119081528603
0.1826973855284102
0.10872609030248648
0.029731576315152886
0.949259114777513
0.8712809367620324
0.7990596762823479
0.7344210797120172
0.6777021370668079
0.6281339114431277
0.5843023652889281
0.5444915790168441
0.506876510465438
0.4696051604721605
0.43082328967276595
0.3886904668321254
0.34143490669103826
0.2874991140260017
0.2258254370525008
0.15628563539349094
0.08012821906071865
0.0001315120823699445
0.920128229500651
0.8439530011861507
0.7743887533615539
0.7126890026433919
0.6587293265253522
0.6114543417314797
0.5693076328000228
0.5305178122236907
0.4932445488506798
0.4556336143352606
0.4158329794453026
0.37201742601525845
0.32247043990699553
0.2657765273041006
0.20116393247703668
0.1289652891637918
0.05100123558869507
0.9705305402985277
0.8915249127462161
0.817532763932344
0.7507926576546986
0.6920101998377515
0.6406630772559918
0.5954685840316638
0.554766366631273
0.5167487459942546
0.4795670178120026
0.4413664447646122
0.4003000612039762
0.35456837726088164
0.3025356354243196
0.24297476285098973
0.17546389436582532
0.10085212120010567
0.021528499794480904
0.9411317330111006
0.8636117217827595
0.7921065813563508
0.7282823121549051
0.6723418171383557
0.6234304011531613
0.5800901957046407
0.540587615524506
0.503092490758281
0.46575198080035807
0.42671225485723485
0.3841362764211669
0.33626542859382935
0.28157743729304174
0.21908781522566478
0.14879007424365165
0.07209012509415658
0.9919076668051431
0.9121296508573162
0.8365253238324586
0.7677314276006162
0.7068459431946787
0.6536274686515906
0.6069518740777691
0.5652303843015285
0.5266798655200267
0.48945710095447126
0.4517075768824652
0.41158031378425886
0.36725600078706355
0.31703768674229416
0.2595571740510736
0.1941332574814183
0.12123684053342543
0.04284805485089316
0.9623426532460116
0.8837025998745305
0.8103735834360766
0.744436596543907
0.6864524954577194
0.6358001918680352
0.5911434657702972
0.5507988763647713
0.5129513237575465
0.47575062287942327
0.4373421388631993
0.3958810661174874
0.34957751750828514
0.2968236224624572
0.2364538928740385
0.16815522237916736
0.09292802876505668
0.013313978725098652
0.9330350059068266
0.8560063615417852
0.7852346051782839
0.7222263803370639
0.6670550426899782
0.6187850051076622
0.575917977347908
0.5367045270654591
0.49931007822272555
0.4618811333991666
0.42256441515233734
0.37952687645731675
0.3310246644621033
0.2755738516234689
0.21226780429201098
0.14122660147783606
0.06401493832284055
0.9836881351618867
0.9041754981204071
0.8291698147806061
0.7611574607096248
0.7010833071252693
0.6485939833951755
0.6025010398755324
0.5611861302740608
0.5228557227219806
0.48566417742764445
0.4477568098850666
0.4072839409834974
0.36243306215697113
0.31152889182403376
0.2532542773925206
0.18702357927224234
0.11345003027272593
0.0346723097688999
0.9541746540942189
0.8759367377927121
0.8032925825131438
0.7381642054396298
0.680971580997423
0.630999891116454
0.5868632581786908
0.5468573579214304
0.5091606255935943
0.4719216716843797
0.4332860727311503
0.39141160782112694
0.3445192658974623
0.291031745299978
0.22984947590649174
0.16077315538598413
0.08495725221163353
0.005092366046519636
0.924972905021609
0.8484673926419806
0.7784445759571064
0.7162527521895103
0.6618404505067395
0.6141959547706357
0.5717837884598178
0.5328403526007803
0.4955273071132358
0.4579906564166607
0.4183778439629944
0.3748604826273292
0.32571121379432677
0.2694877552849442
0.20536612966717338
0.133597642583676
0.0559065621682886
0.9754772866468613
0.8962693009592944
0.821888372829227
0.7546671222198409
0.6954001974969859
0.6436273184620802
0.5980999935732101
0.5571729267481007
0.519043419490256
0.4818638128068098
0.4437793580205993
0.4029419684271536
0.357546929862395
0.3059428908418438
0.24686766150420736
0.1798362261560278
0.10560789629282397
0.026478226087936374
0.9460307433746303
0.8682303048597768
0.7962910264927565
0.731975262007152
0.6755662654130763
0.6262604825016485
0.5826260644143679
0.5429398550747742
0.5053746859752313
0.4680782000989048
0.42919630412317966
0.38688984726780484
0.3393920869004927
0.2851591406329388
0.22316183518468247
0.153319657159543
0.07694337163494347
0.9968680381366616
0.9169492926246114
0.8409971763597661
0.7717371608474097
0.710360787012223
0.6566966194674719
0.6096614572199393
0.5676856998625754
0.5289931298636255
0.4917422116930983
0.45407858933720124
0.41415062251234724
0.3701353359246382
0.3203237356037687
0.2633186572676687
0.1983836793469398
0.12590579751912645
0.0477690052407711
0.9672794620829007
0.8884144451828677
0.8146827190483912
0.7482605380316925
0.6897956288940863
0.6387258781412972
0.5937468731150388
0.5531888255334252
0.5152409910087432
0.4780540418575989
0.4397732687947551
0.3985525161292556
0.3525959593469381
0.30027859620211284
0.24039728191188647
0.17257270073111552
0.09771363591398341
0.018270089505323606
0.9379150436213194
0.8605861128837973
0.7893700100552832
0.7258694203229654
0.6702352877309075
0.621580242042556
0.5784299770219117
0.5390444094330715
0.5015915392462249
0.4642182446954304
0.4250708960754799
0.3823139646496345
0.33419449359323194
0.27920504112836886
0.21639144460754567
0.1457968695312959
0.06889009922225275
0.9886453803620627
0.9089679109954709
0.8335978968994748
0.7651128703885317
0.7045497411743118
0.6516220748221022
0.6051796975516008
0.5636217759790418
0.5251608956225775
0.48795282628421544
0.4501429733153368
0.4098808410152248
0.3653497052946446
0.3148609529573396
0.25706618303446005
0.1913215078028434
0.11815383774821786
0.03960636960490227
0.9590989594415913
0.8806141652076995
0.8075543978957849
0.7419376958093098
0.6842685327668965
0.6338880268711842
0.5894398017625402
0.54923187489146
0.5114464721109067
0.4742328996699532
0.4357365931136017
0.39411371837429954
0.34757854508379893
0.2945350021919697
0.23384323106756533
0.16523468183961
0.08977059950528687
0.010052231905979259
0.9298315868135946
0.8530068030091249
0.7825304605432866
0.7198462166191129
0.6649773218140131
0.6169574171488152
0.5742730792569395
0.5351690608464166
0.4978092196791781
0.46033984295506025
0.4209079177962973
0.3776821615927337
0.3289250516896627
0.27316878103468545
0.20953893357994824
0.13820711169376754
0.06080126958144105
0.9804287725594195
0.9010323725484863
0.8262715604991717
0.7585720632764643
0.698818773744676
0.6466152922730184
0.6007488411142188
0.559590075747328
0.5213416858998499
0.4841571853228237
0.44618185156808265
0.40556659997230815
0.3605018904626065
0.30932165769936937
0.25073008027021926
0.18418083941247376
0.11034470235171967
0.03142283837129045
0.9509400199865445
0.8728715374708311
0.8005047790141746
0.7356984505270845
0.678817762632093
0.6291120926093301
0.5851768897690839
0.5453001201259999
0.5076578973804118
0.4703984217778763
0.43166738593588905
0.38962372550309055
0.3424931240950926
0.2887111902901496
0.2272057437844075
0.15782402585079103
0.08178228317663283
0.0018290172501491675
0.9217843024740898
0.8454948425337003
0.7757731417513662
0.7139050750361113
0.6597909809458686
0.6123902293091277
0.5701534462877236
0.5313118477540231
0.4940257615262771
0.45644103351965715
0.4167054456598547
0.37299266352050897
0.32358238377276494
0.267049801867671
0.20260509153608242
0.13055287866137277
0.052680829231296133
0.972222574559424
0.8931461508300576
0.8190199953466739
0.7521149514155414
0.6931669520290846
0.6416747018588238
0.596367035579684
0.5555886534371957
0.5175335361499636
0.48035332342636217
0.44219326983158336
0.4012060115919809
0.3555902249489322
0.30370471535284493
0.24431022459610552
0.17696307136761735
0.10248149319482103
0.023222662695086438
0.9428068148411085
0.865189474795999
0.7935350596557353
0.7295425301245713
0.6734420991156542
0.6243963700085562
0.5809562359144014
0.5413916040986049
0.5038733012312764
0.4665486443089648
0.42756370701178126
0.3850807058505432
0.33733817966879687
0.2828063346085865
0.22048520248407866
0.15034276722303708
0.07375232053939751
0.9936048272180218
0.9137770064957695
0.8380525226319868
0.7690986581378594
0.7080453133518883
0.6546748222242147
0.6078768766007734
0.5660691462811716
0.5274708074774166
0.4902391990678825
0.4525198564932227
0.4124615643101939
0.3682437221911372
0.3181651737187634
0.26084765814522237
0.1955908720880637
0.1228368388517802
0.04453282530849445
0.9640311118627116
0.8853125724253292
0.8118448522591506
0.7457416051986576
0.6875932569922103
0.6367986916398722
0.5920324128564354
0.5516155593746368
0.5137344814041687
0.4765392754764808
0.4381752768879834
0.3967972013465191
0.35061307927562346
0.2980090701880487
0.2378066252099822
0.1696697760028858
0.09456746914203418
0.015010148269825496
0.9347034320750334
0.8575707217114508
0.7866462676766206
0.7234695412286216
0.6681402548264999
0.6197391234021676
0.5767759289056948
0.5375043676746194
0.5000907179725931
0.46268160416895077
0.4234236217143432
0.3804828478418876
0.3321122452738454
0.2768197074457812
0.21368214220754345
0.14279311829443753
0.06568447356280593
0.9853840467194624
0.9058133907615815
0.8306819569518051
0.7625074594025039
0.7022661486574715
0.6496273507609462
0.6034155360258033
0.5620182413799355
0.5236439764652188
0.4864475666640795
0.44857435379828514
0.408174367881738
0.36343361841474087
0.31267217131016967
0.25456202314118714
0.18849739674375754
0.1150618307573339
0.03636139355674595
0.9558586615758616
0.8775348097995435
0.8047476060760823
0.7394519589676083
0.6820965885462731
0.631985611186447
0.5877430908518768
0.5476688405811161
0.5099425563860169
0.4727130767234473
0.43412592516871795
0.3923383096695465
0.345568864367205
0.2922337504466499
0.231219430412001
0.16230270248896406
0.08660603931963529
0.006789641412788594
0.926633864397899
0.850017850708735
0.7798392650449175
0.7174789749053012
0.6629108790515259
0.6151385896026742
0.572634048652295
0.5336364501058735
0.4963081818630193
0.458795339266735
0.41924520197036763
0.3758283622536409
0.3268139086727557
0.27075068493022947
0.20679725533791826
0.13517746825641952
0.05758262256393465
0.9771710493791379
0.8978970136101743
0.8233850810469454
0.7559998453756585
0.6965667029532809
0.644647023685228
0.5990043656797635
0.5579987885772699
0.5198293904950224
0.4826488988142148
0.44460256959302313
0.40384196134331063
0.35856066495513117
0.30710219703101904
0.24819269462519866
0.181325958136755
0.10723085868326421
0.028170745673003594
0.947709438711331
0.8698158750887242
0.7977295577121359
0.7332458166077376
0.6766757706904594
0.6272337748713643
0.5834971750905602
0.543746541333666
0.5061557956032412
0.4688727629170808
0.4300432714403515
0.38782749380138193
0.34045603514831724
0.2863778737065239
0.22454893297076106
0.154863777835903
0.07860075543554146
0.9985655148434852
0.9186019975381527
0.8425332594226951
0.7731147518046333
0.7115702124069894
0.6577525622644984
0.6105929805185468
0.5685286674205781
0.5297858893558227
0.4925237271600631
0.4548878887853647
0.4150265272971134
0.3711154846453406
0.32144181622968615
0.2645987527291207
0.19983139598179034
0.12749838126971547
0.04945075538002719
0.9689701831076453
0.890031291190398
0.8161636526019849
0.7495759711666576
0.6909460086429529
0.6397322539485844
0.5946415067591717
0.5540088404962338
0.5160250848378451
0.47884123022956526
0.44060255075507415
0.3994624619724849
0.3536232096205234
0.30145414703584095
0.2417396005523469
0.1740780227113563
0.09934708753792099
0.019965156094691183
0.9395875829501128
0.862158614844208
0.7907918368145619
0.7271228572342274
0.6713295564879629
0.6225414649698389
0.5792927601949427
0.5398467036520311
0.5023722334211671
0.4650163704695274
0.4259253775793326
0.38326292978891363
0.33527309433926744
0.28044065237009397
0.2177955752827716
0.14735510715471256
0.07055530317728054
0.9903421532616183
0.9106115993775492
0.8351191687053166
0.7664732704392039
0.7057425308834913
0.6526638404433722
0.6061004855942571
0.5644578508759261
0.5259507223728428
0.48873538816922
0.4509572935045325
0.4107656859516271
0.36634247796767516
0.3159946774102207
0.25836351179436345
0.19278558395361145
0.11975859368787267
0.0412929557822026
0.9607857558678664
0.8822194897363467
0.8090192524011064
0.7432358525211102
0.6854030139044585
0.6348814139319345
0.5903250854140984
0.5500464460796239
0.512229094390448
0.4750225959241945
0.4365723474379726
0.3950340009669977
0.3486196385468001
0.2957269982815456
0.2352028046631478
0.16675523280569604
0.09141383666916325
0.01174894831960005
0.9314971459591221
0.8545657057256282
0.7839354049683152
0.7210826409303648
0.6660566328697575
0.61790693457019
0.5751279312354987
0.5359673677188512
0.49858990412276016
0.4611419366552143
0.4217703114421112
0.3786428146464422
0.3300185964496605
0.274421399256207
0.21095995427527825
0.13977897312900622
0.06247349271944813
0.9821239388338056
0.9026663099007277
0.8277776215590944
0.7599152105791986
0.6999951090291834
0.6476431991923459
0.6016592740792988
0.5604196590184733
0.5221289853173317
0.48494119929808566
0.44700159618036706
0.4064607761994776
0.3615076353523352
0.31047126946759573
0.25204468411499614
0.185661008306794
0.11196101036070605
0.03311339119999612
0.9526220217432005
0.874464718784236
0.8019532859894456
0.7369793713398511
0.6799365879212802
0.6300928388558917
0.5860532144525463
0.5461096511970667
0.5084394537808798
0.47119103132925355
0.4325100137064357
0.3905547252000776
0.3435483796762404
0.28991981380922605
0.22858251195132118
0.15935940807756843
0.08343457275096622
0.0035264808569730466
0.9234420793476757
0.8470396511279992
0.7771610593917513
0.7151246145014567
0.6608556252565174
0.6133284102997412
0.5710007649570288
0.5321065722388127
0.4948068419604281
0.4572474998534357
0.4175761478371798
0.373965368683693
0.3246911519688893
0.2683195332725785
0.2040428260000926
0.1321378346528408
0.05435924838281059
0.9739152366996071
0.8947696320090706
0.8205104828894623
0.7534408140005038
0.694327032641231
0.64268907766647
0.5972674971321696
0.5564121470192285
0.5183187137480929
0.4811391951205004
0.44301884198831853
0.4021099077096941
0.3566092830882819
0.3048704423080426
0.2456421184416686
0.1784590303543121
0.10410869999768124
0.024916299835311406
0.9444831674096841
0.8667699253416461
0.7949669859726074
0.7308062813149299
0.6745455259588764
0.6253648299965371
0.5818239949033206
0.5421964991754673
0.504654197452443
0.4673445724359464
0.42841360825675645
0.38602279912636783
0.33840790643362295
0.28403174816026633
0.22187907395382034
0.15189254621951953
0.07541290173451554
0.9953021329136006
0.9154262233385744
0.8395827787201742
0.7704694370659411
0.7092481172112794
0.6557251019921093
0.6088040948708566
0.5669093308879958
0.5282623547425791
0.4910210812046767
0.4533310998391318
0.41334096960571376
0.3692288380069222
0.3192894317508388
0.26213458514285826
0.1970451098641588
0.12443432459639503
0.04621659749800022
0.9657203806072151
0.8869249232373191
0.8133194400308543
0.7470501798614804
0.6887373000670098
0.6377998722981002
0.5929232897656243
0.5524333659631009
0.5145179427734083
0.4773274104558194
0.4390070790350544
0.39771120308267616
0.35164578378845346
0.29919112352579313
0.23915579594558833
0.1711811861215775
0.09620488957978512
0.016705977252789328
0.9363732991081133
0.8591378890095198
0.7880614148981975
0.7247162136410537
0.6692285542741105
0.6206956577097245
0.5776355174441048
0.5383050312588455
0.5008713597311663
0.4634812559723893
0.42428119522859475
0.3814364068448879
0.33319674160040025
0.2780620529082811
0.21509299381453317
0.1443568229124832
0.06735255988840327
0.987080289922332
0.9074532962193615
0.8321972388641674
0.763861019241252
0.7034523864709479
0.650663578583754
0.6043321694523995
0.5628516923395237
0.5244327518410794
0.4872306561946078
0.44939077812742934
0.4090628688174649
0.3644314971985585
0.313812171588405
0.25586620315909414
0.18996789244089962
0.11667124666731765
0.03804965853694675
0.9575436587870784
0.8791353884004192
0.8062060039966839
0.740743270129943
0.6832248275216357
0.6329739403256762
0.588624772639667
0.5484813635052279
0.5107247071721264
0.47350388046847525
0.43496435894547325
0.3932627995179452
0.34661553975034387
0.2934323235962093
0.2325858357713626
0.16382918817536396
0.08825295781807685
0.008486762541327852
0.9282964302054849
0.8515712180480812
0.7812374686625185
0.7187086827642932
0.6639843348478283
0.6160835642679443
0.5734858637016673
0.5344332870036355
0.4970889748820029
0.4595991196198548
0.4201108451147795
0.3767937543255149
0.32791346138670274
0.27201008228591705
0.20822493107092832
0.1367545909715866
0.0592574039638587
0.9788653290232544
0.8995268846296072
0.8248850038787061
0.7573361362666593
0.6977365634536072
0.6456695217459221
0.5999107958725332
0.5588259073008246
0.5206157994357927
0.4834336013953906
0.44542457837774685
0.4047399480887328
0.35957165218046194
0.3082581769717403
0.24951415892729467
0.1828124308055452
0.1088515713430187
0.029862628585158202
0.9493893001684042
0.8714040731875305
0.7991715114004587
0.7345199151536501
0.677788454259312
0.6282096031264572
0.5843700537089203
0.5445541844468686
0.5069370414899736
0.46966664079296994
0.4308887375309478
0.3887628506283711
0.34151699651280754
0.28759314121281077
0.2259325004397683
0.1564049267737604
0.08025642766667707
0.0002630241472267869
0.9202564694264017
0.8440723463686051
0.7744958803850124
0.7127830921327669
0.6588114699326164
0.6115267665141688
0.5693731074308856
0.530579304615183
0.4933050771587255
0.45569620227375984
0.4159006357755848
0.3720930718049309
0.32255669969923106
0.2658752988821722
0.20127570611024526
0.12908837864207712
0.05113140053120824
0.9706616046079355
0.8916504347288894
0.8176478681042465
0.7508949726887186
0.6920996986110832
0.6407413532462782
0.595538118658915
0.5548300292375763
0.5168095328904543
0.4796279514677737
0.44143054686332506
0.40037032202923184
0.3546476432652894
0.3026263280221464
0.24307835307055825
0.17558015533725335
0.10097843085732405
0.02165977023703225
0.9412614610385194
0.8637338587098027
0.792217126993022
0.728379819331028
0.6724269475848512
0.6235051493559056
0.580157229731201
0.5406498712371184
0.5031529801163719
0.46581372768966345
0.42677827554522874
0.3842095284076503
0.3363486466107397
0.28167276875171243
0.21919620105393633
0.14891047028499127
0.07221895790887256
0.9920391454847406
0.9122572098264492
0.8366435314254517
0.7678372246939622
0.706938739917645
0.6537085064100798
0.6070234583379683
0.5652953155795184
0.5267411212313275
0.4895177008527263
0.4517705443551179
0.41164865356431957
0.36733261635796666
0.3171251526019292
0.25965727938324923
0.19424630424051648
0.12136088700966852
0.04297861454493779
0.9624734340367785
0.8838272442798885
0.8104874487224785
0.7445375725698189
0.6865407570719269
0.6358774535536051
0.5912122669227751
0.5508621077998117
0.5130119871696217
0.47581174135481463
0.43740673301222555
0.39595211882471215
0.3496578483998125
0.2969155845913911
0.23655882085101076
0.16827267193113427
0.09305511323381932
0.01344539800443001
0.9331642122386655
0.8561274569985651
0.785343846759367
0.7223225668418478
0.6671390076940307
0.6188588378971374
0.5759843876440658
0.5367664644064511
0.49937055734684765
0.46194317823663056
0.42263103953436554
0.37960102535743045
0.3311090335279028
0.2756704978439384
0.212377502259389
0.14134806482588447
0.06414433384530405
0.9838195104326231
0.9043023185691748
0.8292868529751747
0.7612619223676291
0.7011748246756488
0.648673939953432
0.6025718129793542
0.5612505492453348
0.5229167731585891
0.48572488034569283
0.44782018817803726
0.40735299457086516
0.3625106746495468
0.311617582964264
0.2533557203263488
0.18713787931989057
0.11357498649579068
0.034803197204326786
0.9543050836364155
0.8760604556696556
0.8034051872791004
0.7382638449775096
0.6810586239027581
0.6310761652885533
0.5869313560933347
0.5469201894455953
0.5092211969493183
0.4719830063909174
0.43335119002583755
0.3914834819620385
0.3446006866031235
0.29112499151377236
0.22995573766851685
0.16089176356421397
0.08508505536768585
0.005223864335558215
0.9251015269821091
0.8485874074412387
0.7785525015177832
0.7163476274007492
0.6619232723336657
0.6142689006245927
0.5718496058161273
0.5329020029379996
0.49558780743612907
0.45805303056300795
0.4184451027871776
0.37493555678033097
0.32579675584695744
0.26958572503326694
0.20547712690603648
0.13372013307514274
0.056036457124179595
0.975608488827101
0.8963953275580572
0.8220042126634701
0.7547702452767746
0.6954904509275099
0.643706218992953
0.5981699851663085
0.5572368645322476
0.5191042960664936
0.48192465017124464
0.4438431783790753
0.4030117659899721
0.3576255658720824
0.306032825290246
0.24697044383282174
0.17995175688721554
0.10573371241614393
0.026609373186468055
0.9461607550802866
0.8683530498818415
0.7964023518560874
0.7320735695997631
0.6756521092176815
0.626335796479276
0.5826934895092761
0.5430023179867356
0.5054351967049748
0.4681397824383935
0.42926197558112356
0.38696257210341845
0.3394746216018101
0.28525368399581463
0.22326942439115594
0.1534393911613372
0.07707183516805705
0.996999545346897
0.917077269371867
0.8411160741337991
0.7718437609641873
0.7104543619997452
0.656778321274349
0.609733544986691
0.5677509551799087
0.5290545245823526
0.4918027646469769
0.45414132412930885
0.4142185463928718
0.37021136324479675
0.3204104715943137
0.2634179574942306
0.19849596035816885
0.12602927222179572
0.04789933476420538
0.9674104220617513
0.8885396249640989
0.8147973343954309
0.7483623215765403
0.6898846346298604
0.6388037484832989
0.5938161130922426
0.5532523133120089
0.5153017251454852
0.47811504509065994
0.43983756241440464
0.3986230876211869
0.3526756448726016
0.3003697907193341
0.24050140328392366
0.17268943673680948
0.09784025958951048
0.018401427337264353
0.9380445722500933
0.8607078414225646
0.7894800398378226
0.7259664024441586
0.6703199531231401
0.6216546236250138
0.5784967598741342
0.5391065350627544
0.5016520207819415
0.46428010605694725
0.4251371526230856
0.3823875691165024
0.334278165663334
0.27930089312605144
0.216500352469857
0.1459176937100688
0.0690191627838126
0.9887768263754428
0.9090951836862007
0.8337156441212525
0.7652181381055021
0.7046420286093165
0.651702680590911
0.6052509564129311
0.5636865002531319
0.5252220661216875
0.4880134632999402
0.45020610006045025
0.40994946041264413
0.3654267132275115
0.31494890277596577
0.25716681878194025
0.19143505439702713
0.11827825101555112
0.03973706743155425
0.9592296089033578
0.8807384476790092
0.8076677654404014
0.7420381410981807
0.6843563085210309
0.633964893473006
0.5895083202398941
0.5492949438979198
0.511507095233773
0.47429410018781804
0.43580139113080407
0.3941850935071578
0.34765930547304214
0.29462747218794894
0.2339486888989808
0.16535259488064424
0.08989797599266636
0.010183690913307508
0.9299605686686059
0.8531274741926023
0.7826391812140092
0.7199418815818062
0.6650608304876382
0.6170308945712348
0.574339250582284
0.5352308805489723
0.4978697034535442
0.46040201471128883
0.42097479025373774
0.3777566742665326
0.32900988362721173
0.2732659514840192
0.20964914878639496
0.13832898757669554
0.060930870945805626
0.9805600874604484
0.9011588844891747
0.8263881264901283
0.7586759940266479
0.6989097878103616
0.6466948267469239
0.6008193005509506
0.5596543000549279
0.5214026635886424
0.48421793782893197
0.4462454015370505
0.40563594517186097
0.3605799059383348
0.3094108400983746
0.25083205458183633
0.18429563065901422
0.11047000589243061
0.03155383704170189
0.9510702916292295
0.8729948747128105
0.8006168782189889
0.7357975608935594
0.6789043273237554
0.6291879824774926
0.5852447170581918
0.5453628016368137
0.5077184409183304
0.47045985098852316
0.4317327194166367
0.3896959337171011
0.34257498398642294
0.2888049497381089
0.22731253317290356
0.1579430848428649
0.08191035546742187
0.001960527474349494
0.9219126755866595
0.8456144182899905
0.7758805423622963
0.7139994329003856
0.6598733555282259
0.612462831200886
0.5702190369224507
0.5313733929046975
0.49408627897189206
0.4565035470224652
0.41677296472430947
0.3730681125768718
0.3236683971327463
0.26714829882521096
0.20271660018230664
0.13067576498079703
0.052810904470133035
0.9723536888656938
0.8932718476137984
0.8191353522718801
0.7522175429381486
0.6932567083329357
0.6417531904816107
0.5964367253398037
0.555652408923744
0.5175943524455708
0.48041422284786606
0.4422572742509965
0.4012761126797928
0.35566927433253936
0.3037951478669083
0.2444135384246846
0.17707908355259638
0.10260763615758473
0.02335389376673347
0.9429366425873124
0.8653118215447595
0.7936458727177667
0.7296403108886129
0.6735274727907061
0.6244713106581099
0.5810234024989374
0.5414539294255936
0.503933796615323
0.46661033360950865
0.4276296069391443
0.3851537762821202
0.33742116293062563
0.2829013959570814
0.22059331612692468
0.15046293823367218
0.07388102949602038
0.9937363185309915
0.9139047107980087
0.8381709677187414
0.7692047302537115
0.7081383758337401
0.6547560862074928
0.6079486319467602
0.5661341871655226
0.5275321094672787
0.4902997816165042
0.4525827430684499
0.41252976053732704
0.36832013536371244
0.31825238904028197
0.2609474878153475
0.19570365761400854
0.1229606915910284
0.04466330897725879
0.9641619567522517
0.8854374020540057
0.8119589751107568
0.745842857453169
0.6876817724803512
0.6368761604986106
0.5921013629257428
0.5516788772433969
0.5137951677295232
0.47660035323342154
0.43823976693120414
0.39686808818366837
0.3506931883142461
0.2981007690519806
0.23791127732861916
0.16978698259675595
0.09469439821558168
0.015141542536651231
0.9348327512739791
0.8576920354261348
0.7867557794752909
0.7235659996048165
0.6682244585810115
0.6198131428104912
0.5768424654200581
0.5375663681583687
0.5001511966350876
0.46274358494242374
0.4234901189744473
0.3805568092888736
0.3321963749403678
0.27691608152917446
0.2137915703236235
0.14291436455268713
0.06581375807174461
0.9855154490557536
0.9059403682458957
0.8307992389720211
0.7626121970249284
0.7023579290386475
0.6497075284365919
0.6034864741304165
0.562082763543343
0.5237050666976064
0.4865082457457546
0.44863764473958323
0.4082432716652262
0.36351102295030024
0.3127606080412244
0.2546631897841043
0.18861143987789286
0.11518660321122409
0.03649221889199361
0.9559891691094187
0.8776587227908403
0.8048604726456952
0.7395518740452758
0.6821838814200252
0.6320620869572513
0.5878113314269462
0.5477317520835827
0.5100031441681929
0.4727743642290203
0.43419093194559033
0.3924100118637637
0.34565005813416105
0.2923267305106918
0.23132541732681822
0.16242107412473494
0.0867336988479166
0.006921129130362358
0.9267626120169904
0.8501380916239976
0.7799474630821894
0.7175741199108092
0.6629939349581258
0.6152117161661483
0.5726999858621733
0.5336981571100723
0.49636867523670114
0.4588576428781357
0.4193123273366881
0.37590324313782153
0.3268992068766421
0.2708483808778681
0.20690798559475665
0.1352997501759321
0.057712419702374396
0.9773022929676776
0.8980232084748336
0.8235011704516895
0.7561032448628939
0.6966572159925462
0.6447261400814979
0.5990745161335247
0.5580628231251488
0.5198903003826363
0.48270970585625417
0.44466629615469744
0.4039116028923697
0.3586390875657237
0.30719187345047083
0.24829520046549614
0.18144123684860958
0.10735650153373033
0.02830184479941078
0.9478395420481008
0.8699388245679565
0.7978411485531285
0.7333443986413317
0.6767618603254384
0.6273092847682951
0.5835647365539876
0.543809077761221
0.5062163162721638
0.4689342915753236
0.4301088259855681
0.3879000406763604
0.3405383379840412
0.2864721483495607
0.22465624883661972
0.15498328229882397
0.07872908754788033
0.9986970259583001
0.9187301123430514
0.842652390586704
0.7732216261383524
0.7116640547698669
0.6578344933017823
0.6106652430121247
0.5685940362053903
0.5298473342624859
0.4925842666773128
0.45495054657692613
0.41509431141301856
0.37119131297217156
0.321528304131653
0.264697777873653
0.19994341342843147
0.1276216564857564
0.049581000595085856
0.9691011987011595
0.8901566499705593
0.8162785226807658
0.7496780311493914
0.6910352704891234
0.6398103347712292
0.5947108994078314
0.5540724185982104
0.5160858458003541
0.47890219665521805
0.4406667441437544
0.3995328712871904
0.35370267643249775
0.30154508017258386
0.2418434456885432
0.17419451217309234
0.09947354894473426
0.02009646024017031
0.9397172165551906
0.8622805566207861
0.7909021351950454
0.7272201123065363
0.6714144633557759
0.6226160366967868
0.5793596730926742
0.5399088963286607
0.5024327184085244
0.46507817167240795
0.42599151083928355
0.3833363503510512
0.3353565297890264
0.2805362334109871
0.21790421182261244
0.14747570938413634
0.07068424793297767
0.9904736176426645
0.9107390220996026
0.8352371560036489
0.7665788136104354
0.7058350829517717
0.6527446704283721
0.606171913133789
0.564522682213001
0.52601193657831
0.48879600526124145
0.4510203367901271
0.41083415931107803
0.36641928128316303
0.31608237512560056
0.25846387157973005
0.19289887096033653
0.11988281710891169
0.041423583081836135
0.9609164749684036
0.8823439614202317
0.8091328792608146
0.7433365738154389
0.6854910420115905
0.634958485508089
0.590393750330211
0.5501095989591875
0.5122897378526141
0.47508375315104145
0.4366370388031293
0.395105207811425
0.3487001750467966
0.2958192038312579
0.23530798697910105
0.16687290536386068
0.09154106237602533
0.011880388037260659
0.9316262458015261
0.8546865983545657
0.7840443968159088
0.7211785769822496
0.666140378462623
0.617980596275818
0.575194226256249
0.5360292479949349
0.49865038486113256
0.4612040417791228
0.4218370542601959
0.3787171375489997
0.3301031871981521
0.27451829686369145
0.21106990070402576
0.1399006352333001
0.06260298826638522
0.9822552865047989
0.902792983391008
0.8278944337252436
0.7600194175345356
0.7000863846812249
0.6477229527161756
0.6017298960865729
0.560483983968894
0.5221900002289768
0.4850019253939828
0.4470650562389604
0.40652996912577577
0.3615854406969832
0.3105601959899835
0.2521463820045855
0.18577554451253553
0.11208613423489489
0.03324433335432797
0.952752376822008
0.8745882549141331
0.8020656485226341
0.737078756858009
0.6800234009662156
0.6301689280810918
0.586121181909359
0.5461724101224916
0.5085000111710651
0.47125241076718094
0.43257523412958543
0.390626759073085
0.34363001065404
0.29001330604883924
0.22868902703010496
0.1594782332357858
0.0835625062067078
0.0036579862521783912
0.923570583087537
0.8471594559566491
0.7772687332309651
0.7152192412399359
0.66093823201486
0.6134011905353556
0.5710664729136385
0.5321681714858584
0.49486734988252623
0.4573099402549703
0.41764353093745843
0.37404062218825596
0.3247769197717356
0.26841775587410033
0.2041540689539607
0.13226051593799237
0.05448923112927462
0.9740463980700822
0.8948955013783066
0.8206260915026369
0.7535436820101751
0.6944170471976936
0.6427677800331595
0.5973373433025593
0.5564759967152324
0.5183795607816513
0.48120006164615714
0.44308275005636855
0.4021798503321512
0.3566881169480114
0.3049606154301334
0.24574515582718837
0.17857479262266263
0.10423467399445308
0.025047488587031985
0.9446130921198207
0.8668924800996218
0.7950780658159768
0.7309043359744536
0.674631143761339
0.6254399642847996
0.5818912953508448
0.542258895451885
0.5047147002013905
0.4674062054845838
0.42847938873921176
0.38609568922986903
0.3384906559217655
0.284126539860345
0.22198691499472245
0.15201249063284683
0.07554148422896967
0.995433633874299
0.9155540705022314
0.8397014599204922
0.7705757839489604
0.7093414460180374
0.6558065932351236
0.6088760225510357
0.5669744827005347
0.5283237043487254
0.4910816477425197
0.45339390684999703
0.4134090235746921
0.3693050499419661
0.31937639736290935
0.2622341393326486
0.19715763333607184
0.12455798160868903
0.04634700229660593
0.9658512867005336
0.8870499359810007
0.8134338195016517
0.7471517084339157
0.6888260702046642
0.6378775494665141
0.5929923900381535
0.5524967715968594
0.5145786533507779
0.4773884488324567
0.43907146629772376
0.39778192531107504
0.35172567204242355
0.2992825597575659
0.2392601720572689
0.17129814850629366
0.0963316608866811
0.01683734353517874
0.9365027284883259
0.8592594192879277
0.7881711963822089
0.7248129442730402
0.6693129977195529
0.6207698649466598
0.5777021814872949
0.5383670962214078
0.500931839271018
0.4635431740179836
0.4243475666777299
0.3815101820495954
0.33328063281068077
0.2781581552437675
0.2152021515541369
0.1444778503944013
0.06748173070268115
0.9872117163511412
0.9075804283616096
0.832314763451254
0.7639660326732076
0.7035444303118961
0.6507439784431486
0.6044032738184206
0.5629163190201525
0.5244938832073938
0.48729131277867666
0.4494539830484754
0.40913162408402837
0.3645086949151666
0.3139003546892001
0.2559670936061451
0.19008167772313866
0.11679583325077614
0.03818041887980783
0.9576742414638866
0.8792594945089527
0.8063191315416769
0.7408434609237435
0.6833123711894431
0.633050618854635
0.5886931571695029
0.5485443563189993
0.510785312719638
0.4735651221108692
0.4350292565266156
0.39333433101473103
0.34669650761567006
0.2935250380807055
0.23269154759021804
0.16394732189631123
0.08838047125281046
0.008618236702384374
0.9284253008740271
0.851691683505118
0.7813459387530817
0.7188040980213688
0.6640676258131881
0.616156872766843
0.5735519220805969
0.5344950520116669
0.4971494626454609
0.4596613540314709
0.4201778383286725
0.3768684431340148
0.3279985166435033
0.27210750474552325
0.20833539370901555
0.13687666251422725
0.05938710053425411
0.9789966110694065
0.8996532454821722
0.825001341716149
0.7574398121261399
0.6978273367898131
0.6457488551028123
0.5999811064584493
0.558890039940263
0.5206767439732336
0.4834943794536364
0.445488212472019
0.40480943490209054
0.3596498625050897
0.30834759608792295
0.2496163882837501
0.1829274564404879
0.10897703871188469
0.02999367680901477
0.9495194923438474
0.8715272252412123
0.7992833670065176
0.73461877188765
0.6778747905969875
0.6282853101230028
0.584437752842166
0.5446167957244126
0.5069975734370407
0.46972811710724915
0.4309541764817757
0.38883522077848176
0.3415990684861647
0.28768714763978176
0.22603954261266512
0.15652420020418933
0.08038462580426087
0.00039453617829243726
0.9203847197636135
0.844191709469305
0.7746030286181957
0.7128772023973275
0.6588936312151212
0.6115992049750134
0.5694385910028448
0.5306408010472634
0.49336560457830525
0.4557587843987565
0.41596828142597575
0.37216870231204524
0.32264294036979546
0.2659740491769158
0.2013874592414875
0.1292114524504231
0.051261558626021664
0.9707926728974335
0.8917759703346064
0.8177629918970823
0.7509973091444408
0.6921892173114925
0.6408196456712925
0.5956076652602151
0.5548936989931001
0.5168703220174318
0.4796888824244161
0.44149464134804295
0.40044057043476666
0.35472689244951217
0.3027170004473616
0.24318192188110022
0.17569639707711704
0.10110472768377954
0.021791037736940133
0.9413911968916426
0.8638560119585581
0.7923276933722394
0.7284773476930861
0.6725120968440854
0.6235799124266372
0.5802242739818564
0.5407121322962483
0.5032134698944093
0.4658754700705665
0.42684428683152276
0.38428276628583724
0.3364318464067868
0.28176807926936087
0.2193045658121724
0.14903084895088092
0.07234778122334085
0.992170625251805
0.9123847801449254
0.8367617574684922
0.7679430431045347
0.707031557210775
0.653789561659103
0.6070950558092147
0.5653602553028532
0.5268023804811439
0.4895782993599582
0.4518335055137377
0.41171698217769626
0.36740921620822165
0.31721259902353083
0.25975736335444943
0.1943593307926792
0.12148491855006682
0.04310916845302648
0.9626042198988237
0.8839519031119281
0.8106013339983842
0.7446385699940887
0.6866290383280509
0.6359547312500842
0.5912810795674295
0.5509253458845897
0.5130726523099929
0.4758728566287682
0.43747131904951075
0.396023158637538
0.3497381620668987
0.2970075263034415
0.2366637274637633
0.16839010270747856
0.09318218575082993
0.01357681545435252
0.9332934274124072
0.8562485694264446
0.7854531092953725
0.7224187743968842
0.6672229911624397
0.6189326851024801
0.5760508076729818
0.5368284065925732
0.49943103638832964
0.4620052180640968
0.4226976540220784
0.37967515969292087
0.33119338401448006
0.2757671229690333
0.21248717934153305
0.1414695114180442
0.06427372086541916
0.9839508879084978
0.9044291512705698
0.8294039101060395
0.7613664054122857
0.7012663625671314
0.6487539136054421
0.6026425988223849
0.5613149761649254
0.5229778266314757
0.4857855813701959
0.4478835596570314
0.407422036507584
0.36258827099168567
0.3117062543683957
0.2534571418536462
0.18725215949951846
0.11369992855925903
0.034934079934310525
0.9544355193245061
0.8761841887355981
0.8035178123587361
0.7383635058572933
0.6811456861456633
0.6311524550388796
0.5869994650151733
0.5469830271193192
0.5092817695307841
0.47204433739381946
0.4334162987121546
0.3915553427382319
0.34468208969147884
0.29121821708947415
0.23006197814828022
0.161010353468223
0.08521284748701108
0.00535536191441377
0.9252301587727315
0.8487074398160841
0.7786604482044988
0.7164425234987115
0.662006112261704
0.6143418604360189
0.5719154324119249
0.5329636576186152
0.4956483071737652
0.45811539919806776
0.41851235122638597
0.37501061591879914
0.32588227897715605
0.26968367356009537
0.20558810348596745
0.13384260747485355
0.05616634460250691
0.9757396943228
0.8965213672758903
0.8221200718747319
0.7548733897529791
0.6955807244473846
0.6437851362096447
0.5982399890225159
0.5573008097665704
0.5191651751766195
0.48198548513964035
0.443906991424321
0.4030815514213668
0.35770418531062376
0.3061227397240396
0.24707320474287298
0.1800672681338209
0.10585951519686954
0.026740516675411108
0.9462907739864982
0.8684758108125887
0.7965136978135741
0.7321718984461629
0.6757379720375831
0.6264111255943643
0.5827609251236576
0.5430647865475038
0.5054957081578557
0.46820136057220996
0.42932763793539674
0.3870352831088848
0.3395571383053462
0.28534820652388193
0.2233769924358091
0.15355910743583046
0.07720028861326966
0.997131052968504
0.9172052569067799
0.8412349900425928
0.7719503823380252
0.710547957684101
0.6568600408053502
0.6098056462468706
0.567816219241807
0.5291159231424813
0.491863316512982
0.4542040529092479
0.4142864594000355
0.3702873751076219
0.32049718833554675
0.26351723640290703
0.19860822097929587
0.12615273154069095
0.048029657858779995
0.967541386455436
0.8886648186921051
0.8149119695149989
0.7484641265378751
0.6899736601819306
0.6388816350929609
0.5938853648526758
0.5533158080416984
0.5153624613136167
0.47817604542524883
0.43990184822241263
0.3986936465045319
0.3527553134163406
0.3004609649643122
0.2406055032603147
0.17280615368638275
0.0979668707785748
0.018532762667291536
0.9381741091109137
0.8608295865460076
0.7895900904521396
0.7260634057008324
0.6704046371916856
0.6217290198968146
0.5785635527557047
0.539168665840017
0.5017125025381475
0.4643419627109586
0.42520339957326225
0.38246115929322677
0.33436181936857645
0.279396724118111
0.21660923933048482
0.146038500753773
0.06914821723759523
0.9889082739203298
0.9092224680888772
0.83383340999139
0.7653234271716558
0.7047343365263239
0.6517833036941396
0.6053222282985629
0.563751232775433
0.5252832399599885
0.4880740987251797
0.45026922029301497
0.41001806845091315
0.36550370526807185
0.3150368330359312
0.25726743314633627
0.19154858091333926
0.11840264964994329
0.03986775989879243
0.9593602638648364
0.8808627448843689
0.8077811531082995
0.7421386077667713
0.6844441037984361
0.6340417759149699
0.5895768500172474
0.54935801935564
0.5115677198854474
0.4743552973048717
0.435866180838965
0.39425645555833855
0.3477400484804165
0.29471992167628924
0.23405412539401427
0.1654704893393828
0.09002534088698688
0.01031514853461779
0.9300895597609473
0.853248162592251
0.7827479229122545
0.720037567532958
0.665144357483062
0.6171043862282217
0.5744054314447593
0.5352927048974991
0.4979301869457269
0.46046418125845423
0.42104165262179594
0.3778311721962404
0.32909469684731696
0.27336310078429005
0.20975934319217093
0.13845084696173515
0.06106046421115652
0.9806914050080253
0.9012854090305757
0.8265047115974729
0.7587799461805553
0.6990008221197166
0.646774378153842
0.6008897725383191
0.5597185321131777
0.521463644114259
0.4842786882419783
0.44630894449371894
0.4057052785294477
0.3606579050953962
0.30950000264817246
0.2509340074778468
0.18441040218408733
0.11059529559268277
0.03168483143959433
0.951200569838601
0.8731182274342717
0.8007289978537286
0.7358966925704753
0.6789909112270056
0.629263887749753
0.5853125551611327
0.5454254890984196
0.5077789854824359
0.4705212762961759
0.43179804409217093
0.3897681283809442
0.3426568261077647
0.2888986884667126
0.22741930132203092
0.15806212577204715
0.08203841709380133
0.0020920374330573033
0.9220410589128554
0.8457340118489425
0.7759879641557652
0.7140938115789144
0.6599557480635225
0.6125354468664757
0.5702846366003309
0.5314349421994802
0.49414679563269015
0.45656605481505874
0.4168404732095756
0.373143546441961
0.3237543914384031
0.26724677451918
0.20282808827091658
0.13079863548396164
0.05294097264459685
0.9724848069249175
0.8933975578495414
0.8192507287362143
0.7523201558828863
0.6933464846200941
0.6418316956253172
0.5965064271729128
0.5557161716624202
0.5176551710755737
0.48047511967384415
0.44232127115918285
0.4013462014462581
0.3557483069806229
0.30388556026139746
0.24451683083934816
0.1771950764173893
0.10273376611265972
0.02348512166687078
0.9430664779460854
0.8654341844755011
0.793756706473125
0.7297381128628588
0.6736128653483302
0.6245462662680217
0.581090579408619
0.5415162602024473
0.5039942925229588
0.46667201850512274
0.4276954975666074
0.38522683270022196
0.3375041280472204
0.28299643639965666
0.2207014086665049
0.15058309174641016
0.07400972874985468
0.993867810699976
0.9140324262585788
0.838289431149331
0.7693108236676005
0.7082314589299439
0.6548373677616031
0.6080204006004966
0.5661992365975488
0.5275934150991999
0.4903603628777291
0.45264562343280534
0.4125979456979163
0.3683965329052783
0.31833958498745973
0.26104729613777566
0.19581642286836587
0.12308452923921642
0.044793786639061306
0.9642928064888772
0.8855622459466224
0.8120731178792582
0.7459441311134436
0.6877703076707276
0.6369536454563525
0.5921703245868319
0.5517422018649372
0.5138558558867841
0.4766614278924828
0.43830424896521647
0.39693896222392233
0.3507732802108179
0.29819244754743623
0.23801590807059947
0.16990417031696659
0.09482131515270176
0.015272934743448818
0.9349620791070491
0.8578133659813232
0.7868653121882638
0.7236624790614199
0.668308680872884
0.6198871767283975
0.5769090117686346
0.5376283735906493
0.5002116753185653
0.46280556080928936
0.42355660644163584
0.38063075626477927
0.3322804861002724
0.2770124345466076
0.2139009775127596
0.14303559392327703
0.06594303386983524
0.9856468533667377
0.9060673577991172
0.8309165398316907
0.7627169560225409
0.702449729809937
0.6497877232886802
0.6035574250718567
0.5621472937576286
0.5237661600698316
0.4865689230374881
0.4487009289699211
0.40831216389757774
0.36358841142326903
0.31284902509597723
0.2547643350270081
0.18872546307021953
0.11531136134168629
0.036623039297172255
0.9561196825683574
0.8777826508170203
0.8049733594654738
0.7396518104789551
0.6822711936955108
0.6321385783961313
0.587879583109417
0.5477946698387761
0.5100637332797269
0.472835648134482
0.43425593021637
0.3924817007898156
0.34573123436376063
0.2924196899801612
0.2314313829391459
0.16253942737884186
0.08686134714752392
0.007052615906185444
0.9268913692644197
0.8502583499935539
0.7800556822132982
0.7176692858388174
0.6630770090418121
0.6152848567820448
0.5727659324133652
0.5337598685611273
0.49642916812874716
0.458919941081561
0.41937944241899605
0.37597810909962126
0.32698448622746623
0.2709460556274632
0.20701869514228322
0.1354220158627517
0.057842209149419954
0.9774335396430268
0.8981494162825938
0.8236172791459722
0.7562066657654065
0.6967477491747307
0.6448052732484904
0.5991446789488428
0.558126865225969
0.5199512129077151
0.48277051060583775
0.44473001550598923
0.4039812324088077
0.35871749369105355
0.3072815299109428
0.24839768488668224
0.18155649599282508
0.10748213086944891
0.028432940088686243
0.9479696523692668
0.8700617898106189
0.7979527599336915
0.7334430019492149
0.6768479690434566
0.6273848098941255
0.583632308637617
0.5438716199408462
0.5062768377678353
0.468995816131367
0.430174371529084
0.38797257381667327
0.3406206228992734
0.2865664021961143
0.22476354351235805
0.15510276891758634
0.0788574093735619
0.9988285372527151
0.9188582377403458
0.8427715397735378
0.7733285217050905
0.7117579178706621
0.6579164421419019
0.6107375190951898
0.5686594138369059
0.5299087831140521
0.4926448052103023
0.45501319845953336
0.41516208475602445
0.37126712593229105
0.32161477285020457
0.264796781717489
0.20005541042573238
0.12774491616810524
0.04971123916276965
0.9692322184834108
0.8902820225296693
0.816393412453897
0.7497801125518133
0.6911245522094485
0.6398884319484794
0.5947803039389155
0.5541360037542407
0.5161466088978526
0.4789631602859705
0.4407309298234572
0.39960326809133395
0.3537821263463128
0.3016359930882979
0.24194726942122102
0.1743109824863307
0.09959999768500705
0.02022776165405471
0.939846858181203
0.8624025148458889
0.7910124543614998
0.7273173885409447
0.6714993889710021
0.6226906232059815
0.5794265961209568
0.5399710942562268
0.5024932037199934
0.4651399682712123
0.4260576346034406
0.383409756717362
0.3354399469483689
0.2806317934791247
0.21801282732418703
0.14759629435231547
0.07081318337590625
0.9906050833240565
0.910866456345413
0.8353551618478336
0.7666843781147472
0.7059276555481824
0.6528255178290565
0.6062433537946972
0.5645875219007119
0.5260731542265189
0.48885662086639736
0.45108337366628337
0.41090262141128564
0.3664960687953007
0.31617005334451065
0.25856420999265994
0.1930121378209484
0.12000702573836364
0.04155420479955385
0.961047199345862
0.88246844767884
0.8092465261748458
0.7434373164996106
0.6855790897038894
0.6350355730132149
0.5904624266461953
0.550172758393126
0.5123503829472216
0.47514490708064594
0.43670172196170665
0.3951764016713448
0.3487806942464067
0.29591138891987745
0.2354131479432271
0.1669905592380192
0.09166827630227647
0.012011826137882764
0.9317553546758575
0.8548075080728206
0.7841534096538301
0.7212745340550666
0.6662241424515427
0.6180542723102758
0.5752605309157766
0.5360911330204519
0.4987108654209802
0.46126614179736736
0.42190378709017384
0.3787914458005217
0.3301877593006046
0.27461517334926144
0.21117982628705123
0.14002228070436074
0.06273247550370664
0.982386636592605
0.9029196693013919
0.8280112649147373
0.7601236458851997
0.7001776806278497
0.6478027232566617
0.6018005307424898
0.5605483167726542
0.5222510180810533
0.48506264950045397
0.4471285093882482
0.4065991503093933
0.3616632298101021
0.31064910272139556
0.2522480584823814
0.18589006091942872
0.1122112441015306
0.03337527101035298
0.9528827382487183
0.8747118063729622
0.8021780314258671
0.7371781637033492
0.6801102332884046
0.6302450328009321
0.5861891602804656
0.546235175101951
0.508560569691084
0.47131378640565025
0.4326404458497146
0.3906987794921015
0.34371162394080823
0.29010677761063297
0.22879552084616672
0.15959704021998
0.08369042880338462
0.0037894911502047712
0.9236990968418163
0.8472792784704204
0.777376428223824
0.7153138888306221
0.661020856803257
0.6134739846402315
0.5711321900153765
0.532229774980506
0.494927857123439
0.45737237504957684
0.4177109035593305
0.3741158605931181
0.3248626685882883
0.2685159572330629
0.20426529129635096
0.1323831812623686
0.054619206595606595
0.9741775629657934
0.8950213840267696
0.820741719571165
0.7536465714408753
0.6945070817927674
0.6428464990065021
0.5974072016446899
0.5565398537662007
0.5184404102531848
0.4812609256798588
0.4431466507159596
0.4022497807317529
0.35676693415726435
0.30505076848653867
0.24584817179534513
0.1786905354840489
0.10436063480815694
0.02517867393872364
0.9447430242282541
0.8670150508978767
0.7951891663015562
0.7310024118671099
0.6747167805154444
0.6255151136254258
0.5819586062244086
0.5423212972814393
0.5047752035775104
0.4674678342317118
0.42854516002356835
0.3861685654148803
0.338573387340803
0.2842213106906315
0.22209473490072207
0.15213241742762307
0.07567005681924144
0.995565135459289
0.9156819286316049
0.8398201593563528
0.7706821521090683
0.7094347954821876
0.6558881021286465
0.6089479636353725
0.5670396431629419
0.528385057700389
0.4911422130965153
0.4534567077530929
0.41347706657729333
0.36938124633588343
0.31946334366498186
0.2623336721892371
0.19727013647345104
0.12468162337634014
0.04647740086788765
0.965982197415881
0.8871749628239529
0.8135482188146739
0.747253258417949
0.6889148601039148
0.6379552428215267
0.5930615020018313
0.5525601840863148
0.5146393658635686
0.4774494842146839
0.4391358456536625
0.3978526348401519
0.351805543237083
0.2993739756700933
0.2393645267812583
0.17141509192105886
0.09645841987382009
0.016968707526991977
0.9366321662935024
0.8593809662741345
0.7882809987379515
0.7249096960142289
0.6693974597745727
0.6208440867864904
0.5777688554659499
0.5384291662357739
0.5009923189353627
0.4636050872602562
0.4244139284353028
0.381583942876889
0.33336450558741726
0.2782542365437064
0.21531128832662594
0.1445988608585469
0.06761089259851749
0.9873431445236454
0.9077075723872281
0.8324323067787645
0.7640710674670861
0.7036364945907958
0.6508243955610211
0.6044743911185488
0.5629809538540311
0.5245550178169629
0.4873519676762714
0.4495171813614598
0.40920036789893777
0.3645858766572254
0.31398851817409845
0.2560679626608695
0.1901954429913928
0.11692040534841652
0.03831117406833395
0.9578048298444176
0.879383615496137
0.8064322792711702
0.7409436730860501
0.6833999343221513
0.6331273131409731
0.5887615529066541
0.5486073554884794
0.5108459196999655
0.4736263602565245
0.4350941457038284
0.39340584933992084
0.34677745802389515
0.2936177320149356
0.23279723808770392
0.16406543712977628
0.08850797326804272
0.00874970968990052
0.9285541809674897
0.8518121662929001
0.7814544299032655
0.7188995342353248
0.664150935030785
0.6162301954126694
0.5736179899024108
0.5345568215698315
0.49720995003073476
0.4597235831382658
0.42024482135942076
0.3769431171123716
0.3280835531170556
0.27220490603151326
0.20844583558890095
0.136998717684766
0.05951678920010073
0.9791278959729076
0.8997796190998701
0.8251176987533846
0.7575435093950835
0.6979181303213249
0.6458282053146558
0.6000514295040016
0.5589541802351818
0.5207376912515347
0.4835551553228363
0.4455518394586071
0.4048789097815799
0.35972805643052785
0.30843699530137414
0.24971859622172632
0.18304246242631605
0.10910249239516778
0.03012472096834995
0.9496496912861868
0.8716503929108557
0.7993952430953974
0.734717649914846
0.6779611460844646
0.62836103243934
0.5845054626960324
0.5446794128570773
0.507058106314279
0.4697895894226183
0.4310196065327305
0.3889075772894057
0.34168112261661965
0.2877811333093845
0.22614656356847695
0.15664345567514792
0.08051281345736938
0.0005260481567270769
0.9205129804961395
0.8443110904785542
0.7747101980583275
0.7129713334394956
0.658975810378341
0.6116716571209322
0.5695040835233522
0.5307023015275187
0.4934261311170176
0.45582136071780077
0.41603591640378124
0.3722443175431076
0.32272916192324397
0.26607277818908326
0.20149919186555598
0.1293345105765109
0.05139170985534314
0.9709237451484638
0.891901519549235
0.8178781353037166
0.7510996670211796
0.6922787559426893
0.6408979545371314
0.5956772238427024
0.5549573759053263
0.5169311133827406
0.4797498106894764
0.4415587282262172
0.4005108064276337
0.35480612481945495
0.30280765270330745
0.24328546928134087
0.1758126195775349
0.10123101166467618
0.021922302275385164
0.9415209405529334
0.8639781815172649
0.792438280489344
0.7285748972421988
0.6725972649207863
0.6236546903718985
0.5802913284638751
0.5407743987093747
0.503273960099905
0.46593720795054994
0.42691028872342573
0.38435599006242205
0.33651502798707345
0.2818633688478196
0.2194129094967714
0.14915121023069045
0.07247659502067161
0.9923021060872311
0.9125123617968529
0.8368800019523563
0.768048882829949
0.7071243950766877
0.6538706344041612
0.6071666664983502
0.5654252034788616
0.5268636432769258
0.4896388964836238
0.45189646036571585
0.41178529963148547
0.367485800344018
0.3173000260111527
0.25985742596467354
0.19447233713172007
0.12160893514130944
0.04323971655672043
0.9627350108135108
0.8840765763568696
0.8107152392571053
0.7447395888163353
0.6867173392299122
0.6360320249635354
0.5913499037112873
0.5509885906264467
0.5131333191860659
0.4759339687086759
0.4375358969823253
0.3960941855627689
0.34981845851506455
0.29709944760135243
0.23676861271016492
0.16850751469928937
0.0933092463003744
0.013708231055590048
0.9334226514106182
0.8563696988140801
0.7855623927820465
0.7225150030035197
0.6673069930999795
0.619006546730162
0.5761172374417967
0.5368903536311589
0.49949151535453296
0.46206725288888606
0.4227642586225846
0.3797492794701931
0.3312777159264859
0.27586372699989603
0.2125968355339043
0.1415909412426588
0.06440309936551936
0.9840822675701718
0.9045559962089684
0.829520986164431
0.761470909841568
0.7013579208024996
0.6488339043567102
0.602713397411377
0.5613794110400336
0.5230388831479527
0.48584628050846934
0.44794692432928307
0.4074910668005427
0.3626658511892593
0.3117949060399776
0.2535585419736588
0.1873664198039784
0.11382485644888396
0.035064957939859864
0.9545659611398758
0.8763079369771831
0.8036304577458471
0.7384631880789261
0.6812327677300907
0.631228760373487
0.5870675849511511
0.5470458709498347
0.509342343345283
0.4721056647003574
0.43348139879722547
0.3916271901562962
0.3447634751676998
0.29131142202926563
0.23016819734284044
0.16112892508814758
0.0853406285531002
0.0054868587635081845
0.9253588003762903
0.8488274897556951
0.7787684160134738
0.7165374404850247
0.6620889702957253
0.6144148342113644
0.5719812682542735
0.5330253166498637
0.49570880633340497
0.45817776232904905
0.4185795892875779
0.375085660048899
0.3259677831891721
0.2697816008659393
0.20569905940156685
0.13396506577024092
0.056296224584988064
0.975870903114562
0.8966474200975867
0.8222359504548007
0.7549765556468582
0.6956710180596168
0.6438640701177178
0.5983100051485477
0.5573647624581901
0.5192260568278539
0.4820463177192138
0.4439707971634519
0.40315132472805204
0.3577827881836009
0.3062126341462912
0.24717594423287892
0.18018275988777965
0.10598530461990174
0.026871656535342403
0.9464208000747909
0.8685985876391662
0.7966250643595405
0.7322702485466488
0.6758238538768853
0.62648646985298
0.5828283712643958
0.5431272607642201
0.5055562203410648
0.4682629345075153
0.4293932911929812
0.3871079802905748
0.3396396370159098
0.28544270821874074
0.2234845393148741
0.15367880597221317
0.07732873195332335
0.9972625609816723
0.917333255212466
0.841353924075865
0.7720570249656133
0.7106415740671874
0.6569417780654359
0.6098777610069055
0.5678814920552584
0.5291773255511563
0.4919238672982771
0.4542667756841179
0.4143543615406453
0.37036337151903287
0.3205838858313017
0.2636164939935557
0.1987204612040503
0.12627617546235448
0.04815997450565668
0.9676723552445727
0.8887900263521407
0.8150266243994531
0.748565952914527
0.6900627055535236
0.6389595379759063
0.5939546284030239
0.5533793097295476
0.5154231995202783
0.47823704286849766
0.439966126225789
0.39876419278584185
0.35283496498345546
0.30055211893963696
0.24070958183885827
0.17292285157088516
0.09809346946529618
0.01866409547565495
0.9383036541855472
0.8609513482418423
0.7897001618931179
0.726160430093653
0.6704893399408176
0.6218034308640588
0.5786303556734702
0.5392308017719378
0.5017729845219643
0.4644038146645477
0.42526963693288344
0.38253473518599534
0.334445454713441
0.27949253410560293
0.21671810518488455
0.1461592906507354
0.06927726256572031
0.9890397229768302
0.9093497641870449
0.8339511945002291
0.765428737584205
0.7048266649275421
0.651863944136877
0.6053935132149393
0.5638159735528956
0.5253444171445689
0.4881347325670342
0.45033233402005135
0.41008666513671566
0.36558068142202327
0.31512474374067545
0.2573680261268776
0.1916620873446806
0.11852703363712669
0.03999844698734134
0.9594909243067831
0.880987056809585
0.8078945608924575
0.7422390958143672
0.684531918602582
0.634118674202784
0.5896453911012829
0.5494211012716339
0.5116283460730191
0.47441649102818806
0.43593096224501426
0.3943278045342542
0.3478207741109607
0.2948123506591216
0.23415954054976984
0.16558836520604014
0.09015269417168037
0.010446604749956734
0.9302185600727395
0.8533688681964302
0.7828566856335071
0.7201332744736333
0.6652279028047561
0.6171778921259401
0.5744716218512083
0.5353545338990444
0.49799067016280696
0.46052634260358793
0.42110850490726026
0.3779056553878799
0.3291794913541455
0.27346022893601907
0.20986951679197619
0.1385726898364008
0.061190049359082455
0.9808227251822805
0.9014119461567451
0.8266213158122138
0.758883919735938
0.6990918766752698
0.6468539464990002
0.6009602570827965
0.5597827719290052
0.5215246274837464
0.48433943656901146
0.44637248044503774
0.40577460005163113
0.36073588793926037
0.3095891453517936
0.2510359389568342
0.18452515397975922
0.11072057143742553
0.0318158215453157
0.9513308545956135
0.8732415956216006
0.8008411379119873
0.7359958455575537
0.6790775143455376
0.6293398084318895
0.5853804040845745
0.5454881825177786
0.5078395310797519
0.47058269770783
0.43186335996931247
0.3898403095008498
0.3427386504638361
0.2889924064775573
0.22752604822811429
0.1581811486276421
0.08216646803846839
0.002223547106088297
0.9221694524351101
0.8458536231994846
0.7760954071277646
0.7141882110730662
0.6600381585563428
0.6126080763120512
0.5703502453281355
0.5314964956453225
0.4942073115156449
0.4566285569043429
0.4169079711222683
0.37321896512152586
0.3238403666934546
0.2673452289494085
0.20293955579568812
0.1309214901574125
0.05307103373561395
0.9726159287171267
0.8935232815217105
0.819366124731187
0.7524227902478802
0.693436280893261
0.6419102172951845
0.5965761410854058
0.5557799416600337
0.5177159920468863
0.4805360139112034
0.4423852605629235
0.40141627789770484
0.35582732289828956
0.3039759525387735
0.24462010183785088
0.1773110499530408
0.10285988304404414
0.02361634637532406
0.9431963208984337
0.8655565635750189
0.7938675609158337
0.7298359360472906
0.6736982767922921
0.6246212368440127
0.5811577666499907
0.5415785964359787
0.5040547889610492
0.4667336990026303
0.4277613789007786
0.3852998751107781
0.33758707502284
0.28309145593721285
0.22080948009819057
0.15070322774947909
0.07413841828272583
0.9939993037044438
0.9141601528600978
0.8384079129131028
0.7694169383758709
0.7083245626420336
0.6549186668911287
0.608092182568035
0.5662642945838745
0.5276547243799703
0.4904209428583637
0.4527084975930087
0.4126661197983388
0.3684729148212358
0.3184267615634808
0.2611470831115472
0.19592916784388992
0.12320835178184919
0.04492425827413005
0.9644236610524963
0.8856871040879255
0.8121872805565964
0.7460454261779046
0.6878588625661466
0.6370311465183005
0.5922392978459805
0.5518055332459184
0.5139165458827071
0.476722499460404
0.4383687229966047
0.3970098234733417
0.35085335497004144
0.2982841056762564
0.23812051743279627
0.17002133915350415
0.09494821993644198
0.015404324869555452
0.9350914155553312
0.8579347133642221
0.786974865809972
0.7237589795986485
0.6683929217059359
0.6199612251615401
0.5769755679578421
0.5376903839781253
0.5002721540297363
0.46286753177620255
0.423623084122309
0.3807046887752352
0.3323645787573546
0.2771087664982794
0.2140103637693722
0.14315680639339123
0.06607230093810568
0.9857782596316322
0.9061943594041257
0.8310338595206221
0.762821736392056
0.7025415509730517
0.6498679353218084
0.6036283888560932
0.5622118320292899
0.5238272565885433
0.48662959854593746
0.4487642064958477
0.4083810445849425
0.3636657838387063
0.31293742247707756
0.2548654588681507
0.18883946631249082
0.11543610513324332
0.03675385475190929
0.9562502019325663
0.8779065938632244
0.805086266527828
0.7397517682673862
0.6823585253756597
0.6322150855082709
0.5879478459054721
0.5478575938532324
0.5101243237272404
0.4728969284464273
0.43432091998746625
0.39255337645351407
0.3458123930603172
0.2925126288562909
0.23153732724499454
0.1626577622402574
0.0869889842006415
0.00718410171922379
0.9270201361214632
0.8503786258050876
0.78016392243312
0.7177644726897989
0.6631601013064778
0.615358011455974
0.5728318883121881
0.5338215844655823
0.49648966054573895
0.45898223388352255
0.41944654722350516
0.3760529601443894
0.3270697467285748
0.27104370917852605
0.20712938397399605
0.13554426530308206
0.05797199088540905
0.9775647893842766
0.8982756370166971
0.8237334071201214
0.7563101080803152
0.6968383025017486
0.6448844231908417
0.5992148541316307
0.5581909148861297
0.5200121280767964
0.48283131306950366
0.4447937276533076
0.4040508498985782
0.35879588333586643
0.3073711664145775
0.24850014788625474
0.18167173556020932
0.10760774667405837
0.028564031519992872
0.9480997696548336
0.870184770802346
0.7980643918467631
0.7335416265304833
0.6769340968476008
0.6274603502540543
0.5836998913475697
0.5439341678789842
0.5063373600967729
0.4690573365916897
0.4302399080771595
0.3880450932279067
0.34070288989795694
0.28666063524682794
0.22487081699315148
0.1552222376802055
0.07898572089400746
0.9989600487054531
0.9189863737116135
0.8428907069714311
0.7734354385002105
0.7118518017101358
0.6579984087888542
0.6108098087733393
0.568724800321371
0.5299702359169716
0.4927053427655097
0.45507584443957594
0.4152298473321756
0.37134292353078013
0.32170122238824606
0.26489576425945804
0.20016738696628544
0.12786816030203507
0.04984147106281589
0.9693632424334642
0.8904074088514049
0.8165083219122629
0.7498822153714619
0.6912138538060559
0.6399665454850236
0.5948497203582956
0.5541995959706405
0.5162073741367794
0.47902412112825177
0.4407951078004564
0.39967365239067076
0.35386155936639163
0.30172688578460183
0.24205107174710583
0.17442743364093327
0.09972643374152956
0.020359060315112032
0.9399765078083373
0.8625244895056796
0.7911227943073971
0.7274146859369015
0.671584333336884
0.6227652245026412
0.5794935292858598
0.5400332974410913
0.502553689362
0.46520176027231397
0.42612374887792304
0.3834831488932089
0.3355233458208633
0.2807273325745512
0.2181214217818328
0.14771686204633294
0.07094210948678903
0.9907365502843603
0.9109939020969273
0.835473186226688
0.7667899639479949
0.7060202486737706
0.6529063826495276
0.6063148075825711
0.5646523699452437
0.5261343753238377
0.488917234991074
0.4511464041392803
0.4109710722581341
0.3665728405089048
0.3162577120694112
0.25866452703129683
0.1931253845271439
0.12013121956061568
0.04168482091457526
0.9611779289793706
0.8825929484963426
0.8093601931346628
0.7435380805715863
0.6856671569836981
0.6351126764520578
0.5905311143678911
0.5502359243876833
0.5124110296806219
0.4752060577193371
0.436766396919849
0.3952475825523134
0.3488611961497212
0.29600355354848173
0.23551828755146165
0.16710819441708757
0.09179547842989466
0.012143262599902283
0.9318844725625398
0.8549284348671002
0.7842624434760705
0.721370512148592
0.6663079248398927
0.618127962678785
0.5753268452200873
0.5361530228016731
0.49877134580862625
0.46132823671620216
0.42197050993800334
0.3788657394061197
0.33027231276017344
0.2747120287123148
0.21128973101780835
0.14014390952831546
0.06286195441145148
0.9825179890756645
0.9030463676142058
0.8281281151169508
0.7602278956274979
0.7002689968703533
0.6478825108179829
0.6018711780526129
0.5606126574358636
0.5223120388798368
0.4851233716237835
0.4471919556343864
0.40666831975603657
0.36174100269621867
0.31073798966381627
0.2523497135458075
0.18600455751825384
0.11233633994412773
0.03350620414682304
0.9530131060025787
0.8748353731454137
0.8022904346911797
0.7372775918742385
0.6801970848903915
0.6303211530202111
0.5862571495716766
0.5462979461416242
0.5086211293472105
0.47137515825090315
0.43270564887285046
0.3907707864624945
0.34379321954031283
0.29020022849515215
0.22890199339466877
0.15971582901816506
0.08381834052225101
0.003920995529275384
0.9238276205912808
0.8473991186566345
0.7774841443648797
0.7154085572736495
0.6611034996252472
0.6135467926196263
0.5711979162682197
0.5322913827289724
0.4949883636894248
0.4574348042434302
0.4177782657086335
0.3741910839031797
0.3249483984213304
0.2686141373482638
0.2043764930198999
0.1325058306112472
0.0547491747613118
0.9743087313652214
0.8951472799373024
0.8208573670850758
0.7537494822894304
0.6945971364280517
0.6429252345908074
0.5974770721641518
0.5566037181782222
0.5185012621689298
0.48132178722784125
0.44321054397317816
0.4023196989140829
0.3568457347203342
0.3051409014788251
0.24595116634291259
0.17880625892843316
0.10448658242157927
0.025309855868852704
0.9448729637145293
0.867137637721759
0.7953002874220516
0.7311005089917462
0.6748024362240037
0.6255902780233282
0.5820259275298518
0.5423837046703017
0.5048357075870551
0.4675294586835381
0.42861092211578944
0.3862414276866353
0.3386561006942337
0.2843160606511943
0.22220253366627896
0.15225232659106558
0.07579861948601296
0.9956966376467586
0.9158097977079631
0.8399388770158043
0.7707885415414539
0.7095281656042829
0.6559696286764378
0.6090199181292173
0.5671048122812212
0.5284464148037853
0.4912027772729095
0.4535195025545662
0.413545098619287
0.369457427193417
0.319550270659523
0.26243318371088353
0.1973826192681969
0.1248052498838974
0.04660779319098207
0.9661131127319519
0.8873000037496757
0.8136626379606982
0.7473548298109911
0.6890036697667177
0.638032952367626
0.5931306256623192
0.5526236034375751
0.5147000803180151
0.4775105166087221
0.439200217108918
0.3979233316753934
0.35188539737651126
0.29946537126453876
0.2394688601136954
0.17153201635505244
0.09658516652333327
0.017100069206513524
0.9367616125035794
0.8595025299542001
0.7883908219588198
0.7250064688639504
0.6694819404422496
0.6209183232342481
0.5778355393859471
0.5384912413081162
0.5010527987304376
0.46366699570538494
0.424480280507213
0.38165768933186217
0.3334483599338247
0.2783502968076714
0.21542040412574504
0.14471985429135392
0.06774004555607283
0.9874745744180643
0.907834728278031
0.8325498688354802
0.764176123618697
0.7037285793085981
0.6509048299413362
0.6045455213582169
0.5630455968471844
0.5246161556759978
0.4874126208936227
0.4495803730724961
0.4092691002678841
0.3646630424293025
0.3140766620452218
0.2561688103209554
0.19030918823680443
0.11704496294406885
0.03844192408133518
0.9579354239076252
0.8795077513461429
0.8065454471766713
0.7410439066148267
0.6834875169220465
0.6332040231893385
0.5888299598568438
0.5486703610197912
0.5109065281193403
0.47368759491164747
0.4351590264831189
0.3934773544988994
0.34685839097887516
0.2937104053996451
0.23290290725931317
0.1641835338641644
0.08863546384529686
0.008881181482053524
0.9286830704662647
0.851932666398227
0.7815629421071519
0.7189949914059657
0.6642342625039623
0.6163035322105757
0.5736840671730283
0.5346185956843099
0.4972704370440577
0.4597858069463987
0.42031179421287
0.37701777626554445
0.32816857081029216
0.2723022861429629
0.20855625670361944
0.1371207564688861
0.05964646994110967
0.979259183712097
0.8999060054651242
0.8252340749799534
0.7576472280699227
0.6980089440494881
0.6459075723856225
0.6001217650147104
0.5590183281916346
0.5207986412769121
0.4836159290092128
0.4456154593435966
0.4049483727328136
0.3598062339611614
0.3085263746138578
0.2498207827383272
0.18315744875341466
0.10922793237601436
0.030255761041716234
0.9497798969747033
0.8717735761813361
0.7995071396593341
0.7348165492337402
0.6780475207243457
0.6284367700802713
0.5845731832763055
0.5447420358510078
0.5071186401279264
0.46985105774527947
0.43108502768978907
0.38897992016643324
0.34176315890780895
0.28787509822194934
0.22625356330206037
0.15676269317430291
0.08064099060699403
0.0006575600607028331
0.9206412516049137
0.8444304893839396
0.7748173887001966
0.7130654852595613
0.6590580074258967
0.6117441229572171
0.5695695849983964
0.5307638060621691
0.49348665678112424
0.45588393123706994
0.4161035407148317
0.37231991750298365
0.32281536436227043
0.2661714859173039
0.20161090397484682
0.12945755300538475
0.051521854198589345
0.9710548213396516
0.8920270823559422
0.817993298314539
0.7512020463160538
0.6923683145064703
0.6409762798482259
0.5957467944120425
0.555021059980398
0.5169919069926641
0.4798107362692361
0.44162280750397653
0.4005810300134458
0.35488534037940633
0.30289828479148606
0.24338899526791247
0.1759288228282816
0.10135728278267209
0.022053563830897627
0.9416506920022294
0.8641003673716887
0.7925488883374423
0.7286724679775216
0.6726824518179764
0.6237294831967435
0.5803583931831993
0.5408366704827541
0.5033344507391915
0.4659989413359016
0.42697628122697906
0.38442919974270207
0.3365981913551259
0.28195863748712524
0.21952123210209828
0.14927155411153414
0.07260539928156007
0.9924335879694441
0.9126399547639388
0.8369982648655956
0.7681547438658356
0.7072172535162675
0.6539517246492494
0.6072382904108964
0.5654901601136844
0.5269249096250115
0.4896994922300899
0.4519594089173222
0.41185360593157805
0.367562368770205
0.31738743356733057
0.2599574672121938
0.1945853232495094
0.12173293676795516
0.04337025883533485
0.9628658067599474
0.8842012639987806
0.8108291644899899
0.7448406290344418
0.6868056597798216
0.6361093346987081
0.5914187393602139
0.5510518420316646
0.5131939878042378
0.47599507760092186
0.4376004668168827
0.39616519960605534
0.3498987377485361
0.29719134848639506
0.23687347658641178
0.16862490789578866
0.09343629486471938
0.013839644786772576
0.9335518842138009
0.8564908451481918
0.7856716972133921
0.7226112526615716
0.667391013510098
0.619080422785496
0.5761836769566173
0.5369523055285854
0.4995519942518942
0.46212928271737974
0.4228308533419929
0.3798233846945487
0.3313620292673254
0.2759603099362522
0.21270647083036387
0.14171235428630302
0.06453246932605183
0.9842136493963846
0.9046828533668863
0.8296380811398616
0.7615754356519204
0.7014494993832039
0.6489139122115835
0.602784208752067
0.5614438538769428
0.5230999427144698
0.4859069777669789
0.4480102822011469
0.40756008545567957
0.362743415247079
0.31188353798135404
0.25365992068426224
0.1874806602245842
0.11394977014873708
0.03519583120021785
0.9546964090621431
0.8764317003793733
0.8037431234327008
0.7385628916410054
0.6813198686588202
0.6313050812974093
0.5871357159073076
0.5471087209435437
0.5094029183993118
0.4721669883170052
0.4335464902873345
0.39169902422190184
0.3448448430359248
0.291404606334154
0.23027439524792515
0.1612474784126421
0.08546839854784682
0.00561835486161355
0.9254874517739793
0.8489475572477361
0.7788764049395724
0.7166323783601289
0.6621718464395709
0.6144878219561791
0.5720471133494311
0.5330869800382354
0.49576930492158233
0.4582401199624191
0.41864681697691974
0.37516068917592005
0.32605326848626426
0.2698795069501809
0.20580999464616445
0.13408750794733737
0.05642609705185375
0.976002115181483
0.8967734860064867
0.8223518483941314
0.7550797429556355
0.6957613317661886
0.643943020721848
0.5983800335503413
0.5574287226135268
0.5192869410267573
0.4821071479165322
0.44403459560291125
0.4032210859160168
0.3578613744957888
0.30630250855915375
0.24727866230032092
0.18029823213986917
0.10611108066888164
0.027002792745521864
0.9465508333253793
0.8687213803474814
0.7967364514871891
0.732368619900533
0.67590975473884
0.6265618292604507
0.5828958279377212
0.543189740643431
0.5056167332612267
0.4683245042509041
0.42945893536026514
0.3871806636542132
0.3397221177375864
0.28553718908117176
0.22359206502365758
0.15379848675864904
0.07745716516985723
0.9973940693654565
0.9174612642709301
0.8414728762222994
0.7721636888427179
0.7107352111500962
0.6570235330588696
0.6099498892726145
0.5679467736267059
0.5292387318150158
0.49198441700953155
0.4543294924605117
0.41442225282096645
0.3704393524843492
0.3206705640847356
0.26371573026526685
0.19883268102530094
0.12639960397238426
0.04829028468499641
0.9678033284087666
0.888915247928487
0.8151412990402602
0.7486678007045398
0.690151770747184
0.6390374571371686
0.5940239037494561
0.5534428183821438
0.5154839397721722
0.47829803742710575
0.44003039643109476
0.39883472647118356
0.35291459957870774
0.3006432526472902
0.24081363901666641
0.1730395303806027
0.09822005563296621
0.018795425741740868
0.9384332074549024
0.8610731264969771
0.7898102541549137
0.726257475622653
0.6705740613742635
0.6218778565323739
0.5786971686338611
0.5392929428652151
0.5018334667401492
0.4644656619244327
0.4253358647084393
0.38260829680057684
0.33452907170194046
0.2795883230890537
0.2168269500279172
0.14628006338862587
0.06940629874960269
0.989171173524326
0.909477071963541
0.834068997637456
0.7655340693397794
0.7049190138146737
0.6519446019237762
0.6054648111681256
0.5638807225921334
0.5254055976822056
0.4881953648323005
0.4503954412482696
0.41015525047640367
0.3656576416946966
0.31521263489322604
0.257468597722329
0.1917755736834328
0.11865140296226628
0.04012912867732443
0.9596215902093458
0.8811113834398818
0.8080079887853235
0.742339605239789
0.6846197529365379
0.6341955883418118
0.5897139434983827
0.5494841896526443
0.511688973803323
0.4744776813645901
0.4359957353556214
0.3943991404410352
0.34790148236940155
0.29490475913822634
0.23426493436295726
0.16570622247039202
0.09028003582970268
0.01057805953887292
0.9303475695856072
0.8534895909930329
0.7829654693728336
0.7202290024045335
0.6653114664568798
0.6172514122702855
0.5745378218082373
0.5354163675604413
0.4980511531116629
0.4605884987535207
0.4211753471167108
0.377980123847248
0.3292642671516153
0.2735573359394512
0.20997966958020298
0.13869451618786988
0.061319626370810454
0.9809540479629719
0.9015384958513744
0.8267379391250245
0.7589879146902541
0.6991829514793004
0.6469335317874167
0.601030754190679
0.5598470195091856
0.5215856137040151
0.48440018281695485
0.44643600939783457
0.4058439097448483
0.36081385447526415
0.3096782682121255
0.2511378490172267
0.1846398860379279
0.11084583341142684
0.03194680733901922
0.9514611458810223
0.8733649792609923
0.800953298387187
0.736095019854371
0.6791641366829277
0.6294157445295876
0.5854482638351124
0.5455508819017956
0.5079000777172573
0.47064411523044747
0.4319286670548572
0.38991247708303156
0.34282045705934827
0.2890861037722421
0.2276327738874917
0.1583001533989743
0.08229450828414331
0.002355056473278605
0.9222978561358721
0.8459732523305599
0.7762028712743054
0.7142826313842359
0.6601205870113049
0.6126807195438073
0.5704158631126846
0.5315580532492343
0.4942678266278011
0.45669105329731075
0.4169754584691103
0.3732943686214494
0.3239263229017859
0.26744366211592907
0.20305100275063515
0.13104432898796348
0.05320108772439491
0.9727470542226361
0.8936490186149992
0.8194815402485591
0.7525254460314867
0.6935260971553499
0.6419887554966501
0.5966458670838635
0.5558437189235765
0.5177768153666094
0.4805969055670496
0.44244924246922235
0.4014863420407182
0.3559063220909482
0.30406632470185446
0.244723351418366
0.17742700415107304
0.10298598693625904
0.02374756787246146
0.9433261714258964
0.8656789588306117
0.793978436040379
0.7299337804423076
0.6737837071267332
0.6246962223921453
0.5812249642299157
0.541640938133308
0.5041152859367712
0.46679537510918667
0.4278272509486356
0.38537290352014164
0.33767000386223733
0.28318645457122926
0.22091753041802087
0.15082334623185556
0.07426709807726128
0.9941307975246796
0.9142878905859728
0.8385264130001384
0.7695230743755301
0.7084176869721337
0.6549999836011788
0.6081639778559027
0.566329361131565
0.5277160373168073
0.49048152156564817
0.452771365556242
0.4127342828454852
0.3685492811175748
0.3185139187722137
0.26124684873649784
0.19604189253424398
0.12333215920543505
0.045054723863748425
0.9645545204240711
0.8858119764636636
0.812301463135632
0.746146742645798
0.6879474371701444
0.6371086636903052
0.5923082827100528
0.5518688713935516
0.5139772377245873
0.4767835679444785
0.43843318903255124
0.39708067193865704
0.3509334125973882
0.29837574344117246
0.23822510541310948
0.1701384890975115
0.09507511255110535
0.015535712895604625
0.9352207606011848
0.8580560775632289
0.7870844403359287
0.7238555012176788
0.6684771810848336
0.620035288116328
0.5770421339947882
0.5377523993281155
0.5003326327759599
0.4629294978504943
0.42368955202360326
0.3807786068267027
0.3324486529163666
0.27720507738549527
0.21411972908914745
0.143278001951622
0.06620155925908455
0.9859096678311751
0.9063213730452675
0.831151198029978
0.7629265381314032
0.7026333925307746
0.6499481645415179
0.6036993654899385
0.5622763783656004
0.5238883562611356
0.48669027227851025
0.4488274773247065
0.4084499137343469
0.36374314020266674
0.3130258001883226
0.25496656130710815
0.1889534495979599
0.11556083457206201
0.03688466523755318
0.9563807271836452
0.8780305519162157
0.8051991938266472
0.7398517474106248
0.68244587646456
0.6322916082998771
0.5880161198222167
0.5479205241343466
0.5101849155181926
0.4729582051723087
0.43438590126621035
0.3926250388616994
0.345893534229319
0.2926055471416702
0.23164325024193033
0.1627760786996988
0.08711660999133652
0.007315586550380226
0.9271489125712902
0.8504989190480516
0.7802721837381297
0.7178596804656405
0.6632432117572598
0.6154311801946508
0.5728978535659652
0.5338833048309317
0.4965501524952014
0.4590445212915135
0.41951364175749717
0.37612779627867843
0.32715498838469603
0.27114134153215996
0.20724005208520468
0.1356664984851319
0.05810176489280661
0.9776960421726636
0.8984018706624464
0.823849554366364
0.756413571806436
0.6969288759770078
0.6449635899145023
0.599285041688975
0.5582549721131098
0.520073045897453
0.4828921132548323
0.44485743260416166
0.40412045536884555
0.3588742565062817
0.3074607829650977
0.24860258946352642
0.18178695554361757
0.10773334893343045
0.028695119074820585
0.9482298938871109
0.8703077675309507
0.7981760442872625
0.7336402723859916
0.6770202437425028
0.627535905854645
0.5837674846911984
0.5439967215832278
0.5063978832666176
0.46911885296392275
0.43030543563729373
0.38811759891702824
0.3407851389856129
0.28675484750416214
0.22497806927625374
0.15534168857701758
0.07911402209313168
0.9990915602977889
0.9191145202409152
0.8430098921709295
0.7735423765211551
0.7119457062908832
0.6580803932482471
0.6108821120536012
0.5687901956663368
0.5300316926789324
0.4927658793506451
0.45513848452473127
0.4152975991489223
0.37141870577430414
0.32178765275050014
0.26499472550048164
0.20027934304505823
0.12799138887543826
0.04997169627772813
0.9694942705331631
0.8905328089220998
0.816623251049184
0.749984339608047
0.6913031752829812
0.6400446753872275
0.5949191486733438
0.5542631952551096
0.5162681415249049
0.47908507918983645
0.44085927808245184
0.3997440241925285
0.3539409754989409
0.301817758265164
0.24215485266527237
0.17454386562940205
0.09985285709995884
0.020490356205081328
0.9401061654197093
0.8626464805890737
0.7912331550287017
0.727512004496059
0.6716692964585953
0.6228398405936884
0.5795604725949906
0.5400955058910539
0.502614175342377
0.4652635476835334
0.4261898536704083
0.38355652688569464
0.3356067264120659
0.28082285069959756
0.21822999519249509
0.14783741245617144
0.07107102624945094
0.9908680185053006
0.9111213593391505
0.8355912291318615
0.7668955711085741
0.7061128623318202
0.6529872648958508
0.6063862745047448
0.5647172263543736
0.5261955998781476
0.4889778476431661
0.4512094282169754
0.4110395118592316
0.3666495964307348
0.31634535130499386
0.25876482269634726
0.19323861107352158
0.12025539856324174
0.04181543140946964
0.9613086638514067
0.8827174638600979
0.8094738801346413
0.7436388660319178
0.6857552438556325
0.6351897958313639
0.5905998135029296
0.5502990969507606
0.5124716780607672
0.4752672050750686
0.4368310636854287
0.39531875046179943
0.34894168076300547
0.29609569772064814
0.2356234058026021
0.16722581089319033
0.09192266874433042
0.012274697405340262
0.9320135994455145
0.8550493787274065
0.7843714982795977
0.7214665112652308
0.6663917256333525
0.618201667388603
0.5753931691770282
0.5362149173465971
0.4988318260320921
0.46139032654363676
0.4220372228115401
0.3789400183730294
0.330356847582443
0.2748088629550418
0.21139961489292913
0.14026552169481432
0.0629914249734087
0.9826493439362176
0.9031730783154375
0.8282449843246382
0.7603321667607585
0.7003603334126844
0.6479623154066452
0.601941838024574
0.5606770059665254
0.5223730626334071
0.48518409177206
0.4472553949854241
0.4067374774734853
0.3618187593621993
0.3108268568219128
0.2524513471953638
0.18611903430326326
0.11246142174999751
0.033637132746460185
0.953143480066784
0.874958955219916
0.8024028583140099
0.73737704137206
0.6802839557773628
0.6303972887460498
0.5863251497908846
0.5463607232496206
0.5086816901475884
0.47143652631108246
0.43277084320704806
0.39084277999188144
0.34387479745887806
0.29029365870587776
0.22900844467412695
0.15983459962210222
0.08394624134859674
0.004052499371757667
0.9239561543207424
0.8475189765063833
0.7775918816520762
0.71550324657214
0.6611861604869864
0.6136196144811104
0.5712636516802396
0.5323529947394423
0.4950488695886819
0.45749722784471336