1
1.186206896551724
1.2991436444105593
1.3362665013816801
1.3052182003288175
1.1993340133739623
1.0178707164553389
0.8274908255327292
0.7074409152783235
0.6641402448236958
0.689115424694789
0.7879159075183919
0.9640463200216243
1.158001061814462
1.2853071497486865
1.3349858952501032
1.316165376907271
1.224545635215892
1.054364012106256
0.8575258905988559
0.722784352849901
0.6664596436066175
0.6789992322380444
0.7633281947231235
0.9269557543134483
1.1258367293233478
1.2681528850784276
1.3314086285511555
1.3252721349667322
1.248293472021137
1.091741912018115
0.8918178065175506
0.7419146750941659
0.6714863504497405
0.6711472769007559
0.7408170114846935
0.8899317933799262
1.0897974370752717
1.2471088885189163
1.324855997596879
1.33166640151483
1.2691477480860078
1.1276268396766653
0.9289151397163851
0.7645758937441081
0.6794806263418713
0.6662782554897501
0.7218946886408738
0.8558510289987279
1.0524242088579672
1.2232567149536002
1.3156325473322052
1.335101970996845
1.2861016882864347
1.1595624397690776
0.9659511918106033
0.789234782159616
0.6896900311616249
0.6640773481547992
0.7067243556459344
0.8260251567102741
1.0159958291174247
1.1979820449313725
1.3046034540902605
1.3362850205333936
1.2998002061951455
1.1876019087938876
1.0018641298517166
0.8151943072946954
0.701518438564396
0.6637564063696693
0.694171440257677
0.7993180404825146
0.9802519870165047
1.171034622917706
1.2918352474425694
1.3357917960841552
1.3114550458860827
1.2133999412315686
1.0378622909352784
0.8435715567178266
0.71549659920438
0.6651364167917637
0.6833066042745732
0.774168992549855
0.9436930490600989
1.140786939506743
1.276315277780067
1.3333514353872422
1.3214760070259262
1.2379140481668212
1.0750039541054222
0.8759646824131545
0.7328530821840442
0.668857559560847
0.6743193251999645
0.7505299792352427
0.9063176636147615
1.1062880882897719
1.2569776275508207
1.3281661608272763
1.329183333671034
1.2602704395248772
1.1119457069676213
0.9121505976935602
0.754083459988949
0.6755676027952318
0.6680841838831101
0.7298685181104567
0.8705945652867303
1.0691261843820072
1.2341711987098518
1.3200319817038764
1.333895725703593
1.2789843858334993
1.145811548834035
0.9495122903445038
0.778035626833897
0.6849049839177523
0.6647880528810413
0.7131127903555995
0.8388872203052685
1.032147615600014
1.2094432815032772
1.3097312450007315
1.3359805845049226
1.2939851273846332
1.1754319111819738
0.9858768680766168
0.803374126890329
0.6960157591466191
0.6637008160491487
0.6995485994827431
0.8110090062545972
0.9962714692222933
1.183398027057097
1.2978137965826113
1.336216256899843
1.3064346026613713
1.2020260513628602
1.021627925773484
0.8304490896282695
0.708896070619855
0.6642813295010939
0.687978648326481
0.7852872171344627
0.96022532061548
1.1548443958429646
1.2836902529095142
1.3347348966894654
1.317216487077817
1.227112689438212
1.0582528318710125
0.8609125399370681
0.724595899960236
0.6668451399026386
0.6780550667416119
0.7608494203815868
0.923036418844241
1.1222228434675947
1.2661298879387533
1.3308677904207908
1.3260814891664656
1.250638269580843
1.0956182183720797
0.895613673041339
0.7441399109521398
0.672189684345889
0.6704945554147973
0.7386524864618772
0.8861857094651193
1.0858982954002874
1.2447166995321701
1.3240014741441264
1.3321569387528895
1.2711040780516512
1.1311723258936317
0.932831414714253
0.7670866785800637
0.6804612531158885
0.6659375701608686
0.7201470025089893
0.8525381100184083
1.048554657847117
1.2206687201942645
1.3145528841424827
1.3353159582310357
1.2876639109916932
1.1626522972431703
0.9697499786022987
0.7918817691570309
0.690851588163869
0.663966354380631
0.7053122678373874
0.8231193376002072
1.0122523950465752
1.195265304376169
1.3033604708069915
1.336309016903991
1.3010973737508293
1.1903744089694046
1.0055934725688433
0.818016375583831
0.7028598173804161
0.6638155566023299
0.6929636106061793
0.7966335567603849
0.9764893512491355
1.1680577631722933
1.2903649259323566
1.3356402690149478
1.3125834534833498
1.2160226189804892
1.0416908612746654
0.8467512535113169
0.7171324769151246
0.6654003034311923
0.682265472858536
0.7716094762297441
0.9397985634114951
1.1373756937231485
1.2744820236308319
1.332950514366814
1.3224073878853448
1.2403811377979175
1.0789227059511153
0.8796004294296972
0.7348981461281306
0.6694153578658263
0.6735255425730879
0.7482020408407993
0.9024509328625028
1.102477358924903
1.254732914934464
1.3274461834027251
1.3298190304149602
1.262414061238962
1.1156735715308859
0.9160554009955825
0.756490357922034
0.6764366261677863
0.6676101550404667
0.7279344556135879
0.8670726497336658
1.065212409955381
1.2316507032762951
1.3190398213990566
1.3342219900105692
1.2807112839890535
1.1491000632926336
0.953374828300285
0.7806301501531988
0.6859937560259104
0.6645858636281812
0.7115680073406017
0.8358187799572392
1.028355924787687
1.2067899966710605
1.3085614668734387
1.3360819214328923
1.2953836537600234
1.1783213826064345
0.9896166209052841
0.8060998665953937
0.6972679552693394
0.6636854629946273
0.6982617354571314
0.8082475955634172
0.9925407775488656
1.1805622055121314
1.2964605462070289
1.336148098039542
1.3076339700704058
1.2047032752497542
1.025396361550725
0.8334450866265829
0.7103819683200177
0.6644435227629739
0.6868586979916838
0.7826705660932531
0.9563891704798113
1.1516413386136723
1.2820350346301077
1.3344578433680976
1.3182473855338723
1.2296643384455794
1.0621525222854686
0.864348312401314
0.7264510281781381
0.6672617120672153
0.6771367872169008
0.7583945444346911
0.9191191073912427
1.1185657865038994
1.2640628908298408
1.3302929699243649
1.3268594668978502
1.2529488372865658
1.099474394820066
0.899438354607974
0.7464036771995455
0.6729261562479981
0.6698759229534252
0.7365300510807027
0.8824768162983135
1.0819887887849071
1.242295643275431
1.3231182459485444
1.3326146189040065
1.2730159046230358
1.1346703705332184
0.9367420160301886
0.7696164377261403
0.6814646460898066
0.6656254581289636
0.7184406070478386
0.8492738414706829
1.0446993445402697
1.2180678391053226
1.3134551791305216
1.3355066105098632
1.2891916573838729
1.1656997865667333
0.973534794088545
0.7945415064482914
0.6920296028833093
0.6638745082746826
0.7039269165874261
0.8202456421601462
1.0085158363415179
1.192530143765198
1.3020988542465306
1.3363157541673025
1.3023742034617245
1.1931252217084882
1.0093260438082265
0.8208665120680998
0.7042252916436894
0.6638928414084532
0.6917726154829551
0.7939633272502266
0.9727147715961947
1.1650420998512017
1.2888630410564674
1.3354671761528478
1.3136948380108922
1.2186331946829372
1.045534553422784
0.8499779669298012
0.7188073820268028
0.6656908021339243
0.6812450740917095
0.7690660524498573
0.9358941778876502
1.1339155137130243
1.272604882060683
1.3325180770685956
1.323312251118421
1.2428232617325812
1.0828376918562475
0.8832781978563257
0.736986909271095
0.6700072409062343
0.6727635865325077
0.7459093399606158
0.8986062814620113
1.0986396575024802
1.252450541321494
1.3266933862801145
1.3304205816678358
1.2645150589101637
1.1193627815444716
0.9199686684614895
0.7589250219467878
0.6773337563856341
0.6671686471646758
0.7260448020012722
0.8635987250099221
1.0613056106149983
1.2291121045745392
1.3180254888160112
1.3345202229717263
1.2823974811840602
1.1523402854572349
0.9572227549969073
0.7832372520968076
0.6871002360833153
0.6644064939245461
0.710056890433265
0.8327917549999505
1.0245777268166334
1.2041236201646213
1.307375179067751
1.336164429590705
1.2967562079829336
1.1811798734995798
0.9933504880273445
0.8088448913556567
0.6985392179062885
0.6636873294221856
0.6969946873332757
0.8055069068531348
0.98880580509008
1.1776971870787123
1.2950824849097253
1.3360615558335782
1.3088166621550026
1.2073667458730535
1.0291773970572715
0.83648093057533
0.7119002509613036
0.6646277574675579
0.6857560074435324
0.7800661489030586
0.9525380218218129
1.1483907091917085
1.280340111467776
1.3341536217263577
1.319257006588055
1.2321991520097404
1.066061045757941
0.8678327306460982
0.7283502934631998
0.6677102147938385
0.6762456518092841
0.7559657176473091
0.915207357269805
1.1148679507563262
1.2619525620044005
1.329684006088709
1.3276052021588054
1.2552231929228244
1.1033065623584877
0.9032881255562718
0.7487041907801267
0.673695090006561
0.6692914473132611
0.7344507100843171
0.878807958607456
1.078072683369777
1.239847919321079
1.3222075225590009
1.333040146502843
1.2748834787863892
1.1381199773483508
0.9406444298988348
0.7721634763606896
0.6824896344392718
0.6653408278888376
0.7167742861308873
0.8460574271142771
1.0408589173774376
1.2154546189763744
1.312340063090657
1.3356749445191796
1.2906865545530612
1.1687068521085022
0.9773066675267221
0.7972147402852406
0.6932242212199067
0.6638011987608508
0.7025667905538174
0.8174017866459922
1.0047841453436197
1.1897747915928738
1.3008177024247989
1.3363052806953772
1.303631705599319
1.195856241149765
1.0130639276487023
0.8237469828471206
0.7056163129574541
0.6639887862552187
0.6905981780699265
0.7913064109051319
0.9689270022656713
1.16198557798392
1.2873279518579015
1.335271549354397
1.314788687287847
1.2212313357952436
1.049393024474257
0.8532527342225238
0.7205226378043658
0.6660090218592534
0.680246518762046
0.7665402595829469
0.9319821198408828
1.1304070773163222
1.270683412687994
1.3320533235337628
1.3241893522704318
1.2452382420310364
1.0867452743572619
0.8869954130099592
0.7391185706682092
0.6706332813805153
0.6720342523650504
0.7436537880518762
0.8947875407772283
1.0947787815023433