0
-0.5757575757575757
-1.2098583643061298
-1.720663542065376
-2.356635798073011
-2.8928097667090586
-3.5083985511053717
-4.130703058565445
-4.65980828317099
-5.296334418536682
-5.81089429121466
-6.44357174694235
-7.032046449540658
-7.595056877701819
-8.229671613657882
-8.737999577593817
-9.373289730494141
-9.917585994028066
-10.524906247601237
-11.152070273906926
-11.67526229812017
-12.311995907027894
-12.830943784266893
-13.461100796507644
-14.060447349819079
-14.612590266660062
-15.247478375382439
-15.755058510178493
-16.389898293883473
-16.943516058385427
-17.541378353230957
-18.171971666927792
-18.690238843648462
-19.326959045366728
-19.85095285956075
-20.477504011858937
-21.086118239590547
-21.62915089474638
-22.264532397500965
-22.773120356916937
-23.407691158824985
-23.97248607240294
-24.559182654998313
-25.192141737442157
-25.706097997806935
-26.342564801362627
-26.872641777252355
-27.49407446523294
-28.11076782049294
-28.645829486318544
-29.281902163163917
-29.7932002123083
-30.427160524463044
-31.004862282677518
-31.5786748198105
-32.212895012904944
-32.72323583277757
-33.359104535592145
-33.896413368174905
-34.510863461233704
-35.13399757641541
-35.66215680647709
-36.29873384722327
-36.81390943642547
-37.446280919854836
-38.03648849246155
-38.59776032078635
-39.23241437873755
-39.74052093203331
-40.37572568200928
-40.921310242555734
-41.5273129783275
-42.155059002521035
-42.67747133309776
-43.314213994637335
-43.83385620572177
-44.463554452250385
-45.0643504123642
-45.61505728203276
-46.24999936238973
-46.75761748827421
-47.39241376090487
-47.94754783482511
-48.543888148828806
-49.17489569093106
-49.692494667535215
-50.329196569352696
-50.85401541776483
-51.47992076473138
-52.08980530237391
-52.63159781549703
-53.26707582889811
-53.775962015463556
-54.410481896848864
-54.97710400719244
-55.56197979752095
-56.195195612645826
-56.708561848939326
-57.34496076973088
-57.87603488379113
-58.49655331161852
-59.11431460426408
-59.648287132927265
-60.28445551628074
-60.796272025244456
-61.430069114654884
-62.009704335488
-62.58158089759926
-63.215901479256644
-63.72580915235795
-64.36157284854065
-64.90003858634094
-65.51331849104061
-66.13724075741787
-66.66447994930064
-67.30109985327992
-67.81690226863496
-68.44894411446697
-69.04083820088877
-69.60041905575855
-70.23511001218316
-70.7430338301853
-71.37815965916599
-71.92505885379165
-72.52971995889648
-73.15801909250526
-73.67967249921118
-74.31642026607713
-74.83677177599482
-75.46598806270735
-76.06820143313557
-76.61750824785084
-77.25251055737482
-77.7602047530081
-78.3949612679817
-78.95165555203188
-79.54643337703435
-80.17783316775098
-80.69477552807354
-81.33145359973358
-81.85712170691141
-82.48234623885284
-83.09347670484277
-83.63405166527225
-84.26963032488445
-84.77885229216001
-85.41331175042421
-85.98179919293818
-86.56481556451645
-87.1982629289037
-87.71105464812854
-88.3473773207519
-88.87947353398407
-89.49903553612192
-90.11782597187963
-90.65073309372241
-91.28699108591195
-91.79934868481598
-92.43295855984482
-93.01450736278554
-93.58446634059895
-94.21887064633364
-94.72837869801326
-95.36403760285818
-95.90368199352172
-96.51576267668105
-97.14043289605439
-97.66677793489139
-98.30343323315185
-98.8198731041025
-99.45156232058093
-100.04509683203482
-100.60303470943073
-101.2377621113103
-101.74554177610561
-102.3805954454067
-102.92883772815956
-103.53213178500634
-104.16095700175458
-104.68187076433925
-105.31861993822167
-105.83969720929487
-106.46840725078346
-107.07200874809291
-107.61994864304917
-108.25501782793367
-108.76282633381973
-109.39754554702627
-109.95584602453506
-110.54901830849899
-111.18078819917922
-111.69708486619821
-112.33373287746355
-112.8602752745847
-113.48478194477981
-114.09713271368805
-114.63651213095258
-115.27219432534157
-115.78178856917012
-116.41617550285912
-116.98656047473695
-117.56768429375157
-118.20133808581221
-118.71357309186521
-119.34981167240669
-119.88295452517812
-120.50151869873642
-121.12129781284595
-121.65316373669054
-122.28950413282509
-122.80242263564571
-123.43582050111894
-124.01925501090452
-124.58732306213925
-125.22179696429207
-125.7309407726826
-126.3664966688173
-126.90734148040771
-127.51819600706466
-128.14357564786394
-128.66905204377156
-129.30573594944124
-129.82282391016093
-130.4541380557193
-131.04926829885048
-131.60561040141843
-132.24037552829049
-132.74804943547926
-133.3830377350023
-133.9326540888143
-134.53455370390736
-135.16387963212208
-135.68407144422048
-136.32081839824104
-136.84263948133622
-137.47081755925018
-138.07578028157116
-138.62238364630937
-139.2575265112898
-139.7654877681532
-140.40017059360184
-140.9601247298163
-141.5516463872284
-142.18376382871807
-142.6994253970291
-143.33603640337503
-143.86347870951212
-144.4872285860212
-145.10077229298864
-145.63897790178586
-146.27476507623635
-146.7847666022447
-147.41906630730765
-147.9913737278741
-148.57057878779514
-149.20441435373334
-149.71611306971857
-150.352260573642
-150.88647417462946
-151.50400038238965
-152.1247265590931
-152.65557591851794
-153.29199072868286
-153.8054873965485
-154.43864808331264
-155.02393381505988
-155.59014457947475
-156.22467656016622
-156.73349289291264
-157.36894896536413
-157.91101631135754
-158.52061937745228
-159.14667183916978
-159.67130446008892
-160.30801090234993
-160.82575799773906
-161.4566749826363
-162.0533584402877
-162.60815032817146
-163.2429559465506
-163.75056229546786
-164.385491804222
-164.93651599890998
-165.53699130440197
-166.1667939333847
-166.68627991185463
-167.32302090701268
-167.84560542601056
-168.47322411321235
-169.07952299662114
-169.6248177731494
-170.2600410392292
-170.76819366129942
-171.40283922625025
-171.96449504508772
-172.55431981877706
-173.18676167614555
-173.70179883836312
-174.33836523060873
-174.86673337324157
-175.4896859371621
-176.1043930250758
-176.64144661319915
-177.27733861648633
-177.7877804720473
-178.42197573894927
-178.99622199626833
-179.57349037273286
-180.20748396056175
-180.71866967007986
-181.35472028681062
-181.89002824761366
-182.50647813806128
-183.12810910804535
-183.65796695956865
-184.29444774835085
-184.80853762529264
-185.44143598669365
-186.02853328494416
-186.59292603841783
-187.22750716621795
-187.7360337592399
-188.3713943923403
-188.91470703131435
-189.52303446277855
-190.14972519896816
-190.67353806487296
-191.3102616626255
-191.82867966092635
-192.45917750837538
-193.05737428038393
-193.61065933443857
-194.24550945468212
-194.7530862972559
-195.3879631555374
-195.94043181880636
-196.53945018775894
-197.16970651738646
-197.6885013138741
-198.32523232479969
-198.8486013610436
-199.47563133380282
-200.0832424560853
-200.62725457311006
-201.26256462494712
-201.77094728636592
-202.40555269673757
-202.96895755928324
-203.55703921515862
-204.18978166706623
-204.70420571035748
-205.3407193414517
-205.8700392531341
-206.4921528338288
-207.10799122480833
-207.64391493452564
-208.27990993566476
-208.7908227585396
-209.4248940832111
-210.0010860569281
-210.57640919184567
-211.21053839284866
-211.72123734708575
-212.35718670150803
-212.89361205283925
-213.5089495301602
-214.13144285909829
-214.66033468062668
-215.29687289938408
-215.8115692025902
-216.4441804486014
-217.0330459374974
-217.59566422321274
-218.2302880556989
-218.7385632456736
-219.37383379693566
-219.9184154353795
-220.52544364993628
-221.15274019165514
-221.67575630549976
-222.31249229594368
-222.83159393241718
-223.46165050934275
-224.0613235105868
-224.61314261481428
-225.2480422561896
-225.75562757574855
-226.3904572636652
-226.94440980527708
-227.54193574315113
-228.17262342448575
-228.69074040161303
-229.3274569639142
-229.85163288518456
-230.47804281290195
-231.08694266017795
-231.62969649937486
-232.26509912986393
-232.77375036183892
-233.40831049032283
-233.97350969761382
-234.55980343262553
-235.1928219947344
-235.7066453138366
-236.34309770488125
-236.8733950702214
-237.4946273596226
-238.1115623529979
-238.6463788782669
-239.28247337954014
-239.79388504336555
-240.42781094480497
-241.00594554778118
-241.57932481875827
-242.21356898940132
-242.72381033022373
-243.35965566019786
-243.89722083451596
-244.51141236405766
-245.13472596292002
-245.6626775747832
-246.29926486258276
-246.81457943024384
-247.44687936065787
-248.03746741700164
-248.5983576332705
-249.2330200643377
-249.74108247657566
-250.37626903442103
-250.92214468931786
-251.52785007899948
-252.15572200130833
-252.67796317898333
-253.3147073108599
-253.83450649950734
-254.46409920939317
-255.06521423044063
-255.61560556861627
-256.2505605332282
-256.75819233303025
-257.39297944786097
-257.9484578964995
-258.5444530476584
-259.1755500528613
-259.69300148685284
-260.329698572936
-260.8547048564836
-261.4804613442164
-262.09062614065897
-262.63214494527597
-263.2676451065585
-263.77660301953273
-264.4111103284854
-264.9781456902016
-265.5626096088616
-266.19587929618734
-266.7091158720488
-267.3454984853261
-267.8767985976307
-268.49710717379554
-269.1151016164229
-269.6488342555005
-270.2850232133635
-270.79695864225187
-271.4307160580047
-272.01078044447803
-272.5822270687602
-273.2165676959788
-273.7263831884227
-274.36212341748
-274.9008503665709
-275.5138650239351
-276.13795767568405
-276.6649950442654
-277.301623473314
-277.8175672633817
-278.44953236851
-279.04179658308215
-279.60100655263216
-280.23570561840677
-280.7435939202491
-281.378703051103
-281.92589949165176
-282.53025771582406
-283.1586765593713
-283.6801632506931
-284.3169116468453
-284.83742367443455
-285.466529111006
-286.0690547790304
-286.61805370517095
-287.2530703567456
-287.7607867459746
-288.39553477238104
-288.952583531344
-289.5470067911966
-290.1784911244466
-290.6952884273022
-291.3319603545986
-291.85782142107087
-292.48288899773604
-293.09429412824545
-293.6346003329331
-294.2702019007283
-294.77950384699534
-295.41394825844736
-295.9828567017744
-296.56545327856844
-297.1989488885819
-297.711614709997
-298.3479192669431
-298.8802469923022
-299.4995898176011
-300.11860449734405
-300.6512770946727
-301.2875541382436
-301.80003531615847
-302.4336000370402
-303.0155724294858
-303.58510674659675
-304.21952772019387
-304.72895134427563
-305.3645870490595
-305.90449749640936
-306.5163067536727
-307.1411386013655
-307.66728755401397
-308.3039498009908
-308.82053340411
-309.4521408290446
-310.0460353380911
-310.6036129705693
-311.23834862584897
-311.74610136262385
-312.38113985559056
-312.9296860688233
-313.5326713223194
-314.1616104513706
-314.68236158700313
-315.31911058091043
-315.8403522599183
-316.46894584583833
-317.0728534454197
-317.6204924655157
-318.25557750598426
-318.76341676834954
-319.398127839395
-319.9567932856185
-320.54960109230586
-321.1814505344395
-321.6976045236998
-322.3342449017735
-322.8609859347676
-323.4853271148301
-324.09794660788356
-324.637062133343
-325.27276768990697
-325.7824498719032
-326.4168187005471
-326.9876309131466
-327.56832843704285
-328.20202491604874
-328.71413834583876
-329.3503571654731
-329.88373695066446
-330.50207286010715
-331.1220670107537
-331.65370387253955
-332.2900615927397
-332.8031077378563
-333.43645484879136
-334.0203057729073
-334.5879561142622
-335.22244388653473
-335.73151136963816
-336.3670446617967
-336.9081604251883
-337.51873775370956
-338.1442706793055
-338.6695566037685
-339.3062460410846
-339.8234801512967
-340.454707552028
-341.0501880932183
-341.6061802863708
-342.2409541639448
-342.74860968574757
-343.3835843039619
-343.9335118791973
-344.53509625188764
-345.16453062669484
-345.68456354352156
-346.32130949909686
-346.8432992368232
-347.47135489322443
-348.0766179867874
-348.62292691205244
-349.2580871489061
-349.7660877690196
-350.40076242094045
-350.9610922361807
-351.5522391550372
-352.1844310399189
-352.6999522919454
-353.33655402103454
-353.86420073450313
-354.48777620054614
-355.1015822384786
-355.63952880259365
-356.2753394481221
-356.7854364754414
-357.41971444561466
-357.99245354518274
-358.5712275466777
-359.2051004039567
-359.7166824866023
-360.3528088205365
-360.8872646706815
-361.50455388077364
-362.12548569840544
-362.65611155157444
-363.2925418294994
-363.8061696769731
-364.4392739811112
-365.0249676727769
-365.5907690535255
-366.2253126889132
-366.7340610494642
-367.36949540030787
-367.91183871196694
-368.52115910412806
-369.14735695927425
-369.671804550119
-370.30851526499964
-370.8264110645927
-371.45723639835023
-372.05426101094065
-372.6087128753929
-373.2435280402631
-373.7511245078146
-374.38604175177295
-374.9373850968
-375.5375381224135
-376.1674439893241
-376.68677446446446
-377.3235135932842
-377.84627135178926
-378.47376124136605
-379.0803550834672
-379.6253613659548
-380.2606034672661
-380.7688040858483
-381.40344101444407
-381.965483189164
-382.55492285467454
-383.18743389901397
-383.70233319456355
-384.33888853156463
-384.8674668798972
-385.49023581424973
-386.1051982991983
-386.6419977452718
-387.27791295776063
-387.7884573769726
-388.42262674462825
-388.9973070668358
-389.5741416327804
-390.20816737809514
-390.71924205623327
-391.3552703941472
-391.89082579755205
-392.5070304234498
-393.1288575591627
-393.6584975560185
-394.29499190289516
-394.8092160531975
-395.44205245745883
-396.0295483043829
-396.59354107282513
-397.22813220613614
-397.7365993441073
-398.3719393754465
-398.9155331780109
-399.5235726406339
-400.1504013431111
-400.67403440749206
-401.31076116439766
-401.82933061799406
-402.4597318976248
-403.0582612988517
-403.61121568024333
-404.2460763879994
-404.7536518305017
-405.3885177122611
-405.9413140862112
-406.54000250224243
-407.170357037045
-407.68899941775334
-408.32572760875155
-408.8492747722154
-409.4761691306028
-410.0840699527076
-410.6277991363851
-411.26312937677534
-411.7715686565904
-412.40616448661547
-412.9699660463734
-413.55765241732735
-414.19045864484605
-414.7047474744028
-415.34124817767724
-415.8707840567458
-416.4927046005898
-417.10879086852526
-417.64446544983286
-418.2804830213502
-418.79150487888955
-419.4255456678166
-420.00217188486613
-420.57706064794957
-421.2112172313916
-421.72181141516387
-422.3577377300893
-422.8944155813625
-423.50950008053724
-424.13218013178977
-424.66085983750276
-425.2974097220941
-425.8122430436863
-426.44478687380894
-427.0340408700464
-427.59626933076765
-428.23090205597134
-428.7391263974555
-429.3743776514333
-429.91924590950117
-430.5259809115818
-431.1534084531114
-431.6762497442672
-432.31298790497436
-432.83224399317703
-433.4621990102944
-434.0621967551558
-434.6136939497689
-435.2486054137548
-435.7561978112293
-436.3910176333199
-436.94530704705625
-437.5424947164728
-438.1732756690591
-438.6912430573784
-439.3279557301292
-439.85231492887715
-440.4785819681725
-441.0877662526516
-441.63024243267745
-442.26566643857353
-442.7743828432853
-443.4089319233047
-443.9745375129753
-444.5604263071749
-445.1935031029481
-445.70719417571144
-446.34363172758765
-446.87415074273207
-447.49518051792364
-448.1123552966771
-448.6469278424735
-449.2830439160067
-449.7945704363031
-450.4284607762129
-451.00702758057037
-451.5799741471985
-452.2142413719002
-452.7243848180012
-453.36020672163795
-453.8980293304201
-454.51196075651484
-455.1354517834836
-455.6631970720628
-456.2997942112382
-456.81524830129086
-457.44747550747877
-458.0384417299347
-458.59895272222366
-459.2336234294468
-459.74164362786166
-460.37681232175703
-460.92298040289876
-461.52838723665405
-462.156383639659
-462.6784546839561
-463.3152000936416
-463.83515702089517
-464.4646430293709
-465.0660755489105
-465.6161531171752
-466.251121283991
-466.7587686562039
-467.3935467878001
-467.9493718250827
-468.54501976426013
-469.17620513764285
-469.6935095965646
-470.33020158399654
-470.85539652013466
-471.4810023810711
-472.09144621191865
-472.6326924246725
-473.26821492780556
-473.77724642980417
-474.4117406644675
-474.9791911228178
-475.5632412943874
-476.1965635967475
-476.7096713073571
-477.346037199295
-477.8775645487329
-478.4976611768013
-479.11588681365265
-479.64938075153736
-480.28558996532706
-480.7976454087726
-481.4313619429002
-482.0118544049889
-482.58287210940586
-483.2172319788753
-483.726956985579
-484.3626737767218
-484.9016630181757
-485.51441100841413
-486.1386720581762
-486.66550889149795
-487.3021454803796
-487.8182311709658
-488.45011839723816
-489.04275045063764
-489.60159192629857
-490.2362991001278
-490.74415380659633
-491.37924657857053
-491.92674170777093
-492.5307957678327
-493.15933299511295
-493.6806539145607
-494.31740275803486
-494.8380761406977
-495.46706950388943
-496.0699060402952
-496.61859869683553
-497.25363002529934
-497.76137051547744
-498.39611016056676
-498.95351570779115
-499.5475822297413
-500.1791499993648
-500.6958027823322
-501.332468246878
-501.8585235283389
-502.4834322813075
-503.0951107842863
-503.6351493241721
-504.27077392956704
-504.78015766036464
-505.41458639290727
-505.9839173713816
-506.56609256768576
-507.1996351733929
-507.7121760106764
-508.3484620679066
-508.88102252353974
-509.50014411893784
-510.11938100947043
-510.6518202934742
-511.2881160179638
-511.8007217312998
-512.4342400549624
-513.016634562782
-513.5857456359868
-514.2201826022533
-514.7295235806512
-515.3651361912882
-515.9053137811361
-516.5168502926152
-517.1418418685232
-517.6677960009067
-518.3044648663168
-518.8211927329236
-519.4527172538686
-520.0469695524433
-520.6041892796761
-521.2389332706841
-521.7466609901768
-522.3816846447112
-522.9305363615163
-523.5332114228135
-524.162263217824
-524.6828525901517
-525.3196012236461
-525.8410082279071
-526.4694840598999
-527.0736964468908
-527.6210360760713
-528.2561373122741
-528.764009248769
-529.3987122053375
-529.9577449999898
-530.5501860618637
-531.1821139268202
-531.6981257634967
-532.3347581543812
-532.8616991056238
-533.485872835244
-534.0987596682255
-534.637612382613
-535.273341356739
-535.7831132032077
-536.4174631652252
-536.9887037753124
-537.5689737795652
-538.2027117235426
-538.7147046247067
-539.3509033459746
-539.8845212599773
-540.5026269210023
-541.1228340234103
-541.6542430550733
-542.2906176934652
-542.8037923133318
-543.4370874127628
-544.0213529636156
-544.5885873450044
-545.2230884427138
-545.7320814465705
-546.367592308539
-546.9089801303212
-547.5192790166759
-548.1449634256476
-548.6700601097957
-549.3067547843124
-549.8241356000383
-550.4552751586336
-551.0511039058066
-551.6067484389633
-552.2415312209076
-552.7491702584232
-553.3841315200996
-553.9343720310358
-554.5356396442479
-555.1651812835717
-555.6850560906684
-556.3218008597188
-556.8439602472407
-557.4718920957927
-558.0774543305727
-558.6234701822935
-559.2586481242622
-559.7666900334181
-560.4013564477455
-560.9620643382427
-561.5528342033484
-562.1850993718643
-562.7004808427197
-563.337072908182
-563.8649253233846
-564.4883243433777
-565.1023912138586
-565.6400798204447
-566.2759139113085
-566.7861080633348
-567.4203634135879
-567.9935349100614
-568.5718770562016
-569.2057860326797
-569.7172526746134
-570.3533575630229
-570.8880568329873
-571.5051071559841
-572.126242502614
-572.6566461027264
-573.2930914241573
-573.8068511771238
-574.4398978471146
-575.025997469498
-575.5913914823157
-576.2259463560549
-576.7346286341618
-577.370041494587
-577.9126619138354
-578.5216984387515
-579.1480399891886
-579.6723037367701
-580.3090184637307
-580.827063562765
-581.4577961509628
-582.0551599606797
-582.6092739375229
-583.2440988618357
-583.7516873424782
-584.3865926220567
-584.9382569742829