1
0.020408163265306145
0.02453450061809176
0.009110882585477875
0.9864025387190076
0.9745589352901366
0.9829816172120823
0.004993075213207687
0.023010728255137048
0.0226838658772896
0.004271288208389956
0.9824420901385954
0.9746307456853772
0.987028968613072
0.00979253305787764
0.02472701304118689
0.01995936834215851
0.9992660502505245
0.9791598898773516
0.9756782154952932
0.9915783241650747
0.0142126298596994
0.02549193763744015
0.016464781620543274
0.9942892822486343
0.976681376814833
0.97766169830556
0.9964540444814376
0.018082920385969814
0.02527656452735176
0.012333856498766971
0.9895339366257878
0.9751008341559391
0.9805059082226757
0.001467290080594763
0.021254856502212552
0.024089037063220936
0.007725483232743281
0.9851839695617886
0.974478168040349
0.9841024392973627
0.006423620659212759
0.02360730058540454
0.02197431671986349
0.0028176790232524625
0.9814070158594785
0.974836929678089
0.9883135378485911
0.011130916682538183
0.02505081963722565
0.01901271373259134
0.9978005878913626
0.9783479357336738
0.9761635530319607
0.9929771187311348
0.015407166380328352
0.025530723504815913
0.015317185908411808
0.9928688070933263
0.97612347388706
0.9784077928652865
0.9979129368241693
0.01908768347155898
0.02502886351905077
0.01102938266035327
0.9882134563740845
0.9748181483319872
0.9814843721793662
0.0029297080154699895
0.022031409801445377
0.023564219073838395
0.006314452004099219
0.9840144485001541
0.9744813949162305
0.9852758657262197
0.007832848107666601
0.02412608133004872
0.02119228407319988
0.0013547144762131418
0.9804333863852592
0.975125947276587
0.989636839321253
0.012432402802663667
0.025292155905189795
0.018003240805958977
0.9963424284188657
0.9776074157443352
0.976727425728338
0.9943992174292101
0.016550710450806916
0.025485486494765532
0.014118893615692744
0.9914719949752361
0.975644236141743
0.9792251266045103
0.999378759059045
0.02002938300428858
0.024698763248841637
0.009688346744889744
0.9869320387825841
0.9746183568881488
0.98252402770637
0.004382398713394631
0.022735293763928435
0.022961749333008815
0.004882464667236571
0.982897820893591
0.9745686054832078
0.986498037859836
0.009216088067520722
0.02456538752040392
0.020340315448306348
0.9998872515714105
0.9795243864298417
0.9754968629680374
0.9909945011793987
0.01369269472257284
0.02545024090662374
0.016934254405835757
0.9948964120254217
0.97694074033903
0.9773680032581443
0.9958399059535583
0.017639504926377336
0.02535637289129991
0.012873848039228987
0.9901034722160822
0.9752452175292439
0.9801110351867911
0.0008466441793684165
0.02090494102293442
0.024287332533996984
0.008315181820879147
0.9856939115502128
0.9745021061867845
0.983621468553603
0.005820541105049815
0.023364218682016585
0.022283584514568876
0.0034342699997975436
0.9818377526873828
0.9747395177076738
0.9877649309229133
0.010568761344390554
0.024923795313224074
0.019421190042543852
0.998420163059688
0.9786829848735852
0.9759484753692433
0.9923820328646973
0.014907637231144744
0.025524563298335138
0.01580925955331615
0.9934673364573261
0.9763500768487007
0.9780832039923468
0.997294405163678
0.018669977953006178
0.025143800285008677
0.01158615216572049
0.9887677669820616
0.9749277107922693
0.9810626266169236
0.0023117179559088985
0.02171149995787271
0.02379590449077898
0.006914432141672873
0.9845031539902712
0.9744697722020003
0.9847730936604947
0.007239364937642989
0.023916141158417028
0.02153192971329153
0.0019746733580790453
0.9808377188468071
0.974993578727544
0.9890723670696888
0.011886394639840647
0.025200143964780375
0.01843791048732179
0.9969583203810097
0.9779119258440092
0.9764793205584523
0.9937948402876036
0.016073230239289638
0.025514882732248764
0.014631950521853515
0.992059940337955
0.9758373432774006
0.9788707009573598
0.9987578876675614
0.019638754156301674
0.024848456430957715
0.010260055264795662
0.9874692939294748
0.9746927438717309
0.9820767898873912
0.003769116002049877
0.022446431156480963
0.023226072823748112
0.00549073771415258
0.9833636837272359
0.9745214594917345
0.9859751184611915
0.008634167313590346
0.024389269944925827
0.020709232096841515
0.0005085199618301839
0.9799009925495399
0.9753299663665063
0.9904160291220583
0.013164635645173783
0.025393539046579885
0.01739369380793183
0.995506576613582
0.9772137205845915
0.977087676166496
0.9952282414986
0.017185641739428714
0.02542123051191573
0.013406199156689783
0.9906788867870822
0.9754042028514505
0.9797279285742687
0.00022549464833687693
0.020542665064089582
0.02447129736151205
0.00889993883034847
0.9862123393863333
0.9745410770680043
0.9831502044113374
0.0052140007886272155
0.023107342620250413
0.022579687352546073
0.004048818404312416
0.982279244089521
0.9746570009123071
0.987223586935034
0.01000032889393343
0.024782071006982015
0.01981817377422547
0.9990406779770932
0.979030635151091
0.9757475913950716
0.9917914749371941
0.014399267570508245
0.02550335490846146
0.01629196159921083
0.9940697495166873
0.9765906401112756
0.9777715662337432
0.9966774827882633
0.01824122005287232
0.025243909507061568
0.012136042460762516
0.9893287474133472
0.9750520593395152
0.9806520901836218
0.0016923528506866958
0.021378758750627617
0.024013544750303126
0.007510301916474657
0.9850010471256059
0.9744732009522834
0.9842793502362516
0.006641578522004199
0.023692085955428904
0.021858848769546173
0.0025934576498029237
0.9812533922287163
0.9748759580748185
0.9885143843771089
0.011333329692054805
0.025093271820623646
0.018861663877121883
0.9975760214820559
0.9782294869326873
0.9762451005428509
0.9931941523546238
0.015586223057121096
0.025529236393823235
0.015136329425137247
0.9926526047528174
0.9760447086536547
0.9785287668394859
0.9981377551431827
0.01923650533805321
0.024983493325991868
0.010825669475728937
0.9880139867515365
0.9747820531369721
0.9816401663582879
0.0031535916410119214
0.02214430869543272
0.02347668252231935
0.006095745921711231
0.983839404778441
0.974489335023902
0.985460519027782
0.008047115800992044
0.024198762541249277
0.021065902621861414
0.0011294858550930653
0.9802894879889741
0.9751776225443755
0.9898432508567072
0.012628764389023939
0.025321864908399883
0.017842829852911288
0.9961194134026785
0.9775001586364146
0.9768208802675822
0.9946194146654582
0.016721597428439372
0.025471099810455294
0.013930595455648162
0.9912598393719855
0.9755776978759186
0.9793568125099876
0.9996042109796216
0.020168240339203836
0.024640824744115466
0.009479407493894112
0.986738947210154
0.9745950581081868
0.9826889240040284
0.004604360054188739
0.022836821853937244
0.02286245270418843
0.004660958882405912
0.9827312309282586
0.9745894271108348
0.9866898258074968
0.009425955971542388
0.024625728921336302
0.020203432511932778
0.9996617635495572
0.9793906835438506
0.9755610177846251
0.9912057953242164
0.013882357108434329
0.025467110620334233
0.016765007971488072
0.994675688505311
0.9768450237886007
0.9774730612871776
0.9960625365395526
0.017801661242479838
0.025329133159017587
0.01267872835988273
0.9898960656372022
0.9751911218714849
0.9802530034103795
0.0010719810727046752
0.02103338036110253
0.02421701338537471
0.00810170764422254
0.9855078345879572
0.9744916791810045
0.9837949262437823
0.006039843739969797
0.023454045940582133
0.022172850508137387
0.0032106993426659278
0.9816801629192685
0.9747731535121185
0.9879632214222135
0.010773535102582388
0.024971601424697065
0.019274252512271904
0.9981951643923217
0.9785599138122212
0.9760249018514948
0.9925975103195507
0.015089975595625527
0.025528539165146844
0.015631733051984217
0.9932496365326469
0.9762662118094316
0.9781995238814186
0.9975187303400855
0.018822872115753064
0.025103795619644896
0.011384854481566929
0.988565795265144
0.9748862329247212
0.9812144133238676
0.0025361915959769554
0.021829102460844806
0.023713432652056245
0.006697129903035705
0.9843247042109188
0.9744722506888003
0.984954543077195
0.00745528172361265
0.023993975927554152
0.02141011864301467
0.001749779874279548
0.9806896454059254
0.9750399198824947
0.9892765057157247
0.012085397511782725
0.025235260022926313
0.018281398792053715
0.9967345581100354
0.9777998876599319
0.9765677708412325
0.9940137872278527
0.016247644753525803
0.025505951895780386
0.014446727420409712
0.9918459855671898
0.9757656019045924
0.9789979039697649
0.9989831627495015
0.01978188579547413
0.024795816295591126
0.01005324432926501
0.9872734241502024
0.974664018033217
0.9822378984192003
0.003991981184486848
0.022552813852157606
0.023131715897397487
0.0052703275872582715
0.9831934477336588
0.9745368354567074
0.9861639628016635
0.008845982898109117
0.024454859764196545
0.02057674084621311
0.00028305032508019884
0.9797629196632516
0.9753888628611301
0.990625341366564
0.013357210776282935
0.025415851429972155
0.017228120456162066
0.9952847934547475
0.9771130798896855
0.9771878630987416
0.9954499320211155
0.01735155949479239
0.025399421851895226
0.013213889114828641
0.9904693857030025
0.9753448177332611
0.9798655999709853
0.0004509716262031116
0.020675566463234825
0.02440619221131216
0.008688298421531095
0.986023217633526
0.9745251961845722
0.9833201068040437
0.005434517934204353
0.023202159521531193
0.02247375183466565
0.003826031394923924
0.9821177806419807
0.9746852246301143
0.9874192041752257
0.010207342169378908
0.024835203323229103
0.019675434631401888
0.998815380878233
0.9789030136719653
0.9758188524477351
0.9920052683480663
0.014584780170236122
0.02551279145008136
0.016117869601004378
0.9938506812687741
0.9765017240183296
0.9778831641927515
0.9969011814177878
0.018398096877242143
0.02520929356047548
0.01193727936096178
0.9891243931019864
0.9750052228460119
0.9807997804488962
0.001917283007932813
0.021500996258921823
0.02393618556098788
0.0072945325344313805
0.9848192963716111
0.9744702163825708
0.9844574888577804
0.006859016251542949
0.023775029058371935
0.02174167917608094
0.0023690330639239143
0.98110123048596
0.9749169382450585
0.9887161292950434
0.0115348561808164
0.025133774580389297
0.018709143248779377
0.9973516450077781
0.978112732987078
0.976328495130695
0.9934117189595518
0.015764062478284435
0.025525766578496374
0.014954290595940665
0.9924369777417964
0.9759678058381653
0.9786514126644182
0.9983627193865469
0.01938382749658918
0.024936182094128227
0.010621109347928917
0.9878154545054488
0.9747479168859964
0.9817973925463128
0.0033772281755519717
0.022255484018571848
0.023387320202317124
0.005876562406263872
0.9836656228516323
0.9744992564187933
0.9856463083323203
0.008260753469027549
0.024269562703522818
0.020937880495154354
0.0009041687254366
0.9801471258662351
0.9752312265417306
0.9900504571582077
0.012824138549481168
0.025349607034007723
0.01768102685711742
0.9958967024173512
0.9773946523941304
0.9769161377728723
0.9948400333702273
0.016891179141486745
0.025454734858170444
0.013741208604487637
0.9910483679425558
0.9755130577571473
0.9794901065554673
0.9998296939154225
0.02030552611703884
0.02458097138509851
0.009269726341046104
0.9865468922654295
0.9745737325471077
0.9828551712063621
0.004825960690011621
0.022936573223943785
0.02276137738952348
0.0044390879613483425
0.9825659885932673
0.9746122223871216
0.9868826542038526
0.00963508614665387
0.024684156621906733
0.02006497530681186
0.9994363020329514
0.9792585861898908
0.9756270720237986
0.9914177778642621
0.014070934552854242
0.025482002370501147
0.016594452910239678
0.9944553820492404
0.9767511083535307
0.9775798722614374
0.99628547561059
0.01796242869963338
0.025299925994304306
0.012482617365456335
0.9896894497034233
0.9751389539117683
0.9803965107208469
0.0012972339635324293
0.021160181526237005
0.02414481179157666
0.007887599175994978
0.9853228899533695
0.974483233283567
0.9839696491765165
0.006258673315719276
0.023542049164876122
0.02206039073901906
0.0029868771213005033
0.9815240020694674
0.9748087489401037
0.9881624532521337
0.010977465983074586
0.025017467405771196
0.019125812361165735
0.9979703071511725
0.9784385122067413
0.9761031922676515
0.9928135674114016
0.015271135212154618
0.02553053238082508
0.015452985764768817
0.9930324652498879
0.9761841922306101
0.9783175409283654
0.997743249939899
0.018974298501029052
0.025061840726941228
0.01118266626079513
0.9883647179310424
0.9748467060460219
0.9813676649290232
0.0027604665099207892
0.021945005606275526
0.023629116911588994
0.006479303186103846
0.9841474785964602
0.9744767117664637
0.9851371677861225
0.007670614745222348
0.024069945317956743
0.0212866404211415
0.0015247492780328283
0.980543077371645
0.9750882002877262
0.9894814833370595
0.012283455266317134
0.025268415815155265
0.018123461149020297
0.9965110516912017
0.9776895773319819
0.9766580434868082
0.9942332030309693
0.016420790725605316
0.025495040131737916
0.0142603755209603
0.9916326691755554
0.9756957443069019
0.9791267427479871
0.9992085175129019
0.019923475657607215
0.024741249460302497
0.00984564670396645
0.987078549410251
0.9746372601499376
0.982400392750409
0.004214533612524773
0.022657441616910086
0.023035559638751913
0.005049504621680474
0.9830245235845629
0.9745541890840808
0.9863538884828302
0.009057106043133478
0.024518548946756345
0.02044264657191971
5.755850762702297e-05
0.9796264236382365
0.975449671940684
0.9908353873350472
0.013548741800070374
0.02543618976183226
0.017061202620228186
0.9950633796792285
0.9770142197571481
0.9772898248576076
0.9956719789978532
0.017516123212451218
0.025375640394304337
0.013020546114163034
0.9902606305183094
0.9752873485668252
0.9800048403171323
0.0006764132645913357
0.02080685722942742
0.024339190146029237
0.008475977890033227
0.9858351881618519
0.974511293851781
0.9834913112309909
0.005654609390129517
0.023295171690760133
0.022366067453489704
0.0036029446271226215
0.9819577122832184
0.97471541468433
0.9876158051072721
0.010413556731360352
0.024886405929870896
0.019531161920010417
0.9985901766080846
0.978777035259729
0.9758919932016756
0.9922196876903276
0.01476915324849859
0.02552024654221482
0.01594251911986365
0.993632094645439
0.9764146353480966
0.9779964836127509
0.9971251228478889
0.018553538735835318
0.025172719330554615
0.011737582680818776
0.9889208896277807
0.9749603282532515
0.9809489676218625
0.002142062928511157
0.021621559628156456
0.02385696541614372
0.007078191956063327
0.9846387314076587
0.9744692145589493
0.9846368413439682
0.007075916841354557
0.023856123543078457
0.021622816943080443
0.0021444228476769044
0.9809505423811175
0.9749598670591687
0.9889187568786929
0.01173548044288153
0.025172324823400788
0.01855516362585643
0.9971274760466173
0.9779976828680705
0.9764137304095234
0.9936298015288536
0.015940670849819538
0.025520314323598036
0.014771083551819747
0.9922219429180298
0.975892771326322
0.9787757209092622
0.998587811927622
0.019529638579578013
0.024886933437627736
0.010415718229794719
0.9876178750985419
0.9747157421853545
0.9819560385925008
0.0036006001020914002
0.022364927233896353
0.02329613896039863
0.005656918607786641
0.9834931161888709
0.974511158343819
0.9858332192071697
0.00847374441717208
0.024338476400699124
0.020808227544184096
0.0006787807430423294
0.980006310993682
0.9752867551724477
0.9902584420571471
0.013018510077347
0.025375380164334348
0.017517844332801857
0.995674312903513
0.977290905114004
0.9770131909419012
0.9950610562753414
0.017059442456324847
0.025436392886801246
0.013550747784869277
0.9908375972041267
0.9754503207282555
0.9796249984768444
5.519019694610883e-05
0.02044122976037594
0.024519207747198096
0.00905931965709137
0.9863558888865455
0.9745543818325261
0.9830227564455757
0.005047183271785327
0.023034540223703884
0.022658531141854343
0.00421686927542066
0.9824021066763967
0.9746369895722258
0.9870765080482389
0.009843462267139502
0.024740666156072667
0.019924954502407506
0.9992108846893255
0.9791281045382423
0.9756950206341232
0.9916304322405183
0.01425841239847303
0.025494915020686994
0.016422602433398846
0.9942355098996721
0.9766590012323092
0.9776884279831087
0.9965087057072253
0.018121794865880725
0.025268753626765023
0.012285530322329763
0.9894836405351843
0.9750887176362554
0.980541546051368
0.0015223852013601658
0.02128533476275483
0.024070733276546085
0.007672873149393161
0.985139092011118
0.9744767691389569
0.9841456238073881
0.00647701271138601
0.023628221613291242
0.021946213844089332
0.002762820868028152
0.9813692822044797
0.9748463012737886
0.9883626108931677
0.011180538084276881
0.025061389752921343
0.018975881045056386
0.9977456089540409
0.9783187893908285
0.976183340625126
0.9930301872471788
0.015451102020356489
0.02553054279327843
0.015273031558456145
0.9928158395936303
0.9761040243921847
0.9784372460635187
0.9979679463732087
0.019124245417074803
0.02501793881111026
0.010979603263162434
0.9881645506491841
0.9748091331746463
0.9815223695962642
0.0029845251280380403
0.022059200489225324
0.02354296372639645
0.006260969029323219
0.9839714908917033
0.9744831550945866
0.9853209536091974
0.007885347168832713
0.02414404351575928
0.02116150454350826
0.001299599201460968
0.9803980260520578
0.9751384162548596
0.9896872839468341
0.012480552479223972
0.025299608810115823
0.017964109765579113
0.996287818630768
0.9775810033298677
0.9767501315782874
0.9944530705278094
0.0165926547372357
0.02548214827278895
0.01407290930147866
0.9914200078313222
0.975627775828032
0.9792572073770028
0.9994339342988545
0.020063512826852703
0.024684760095093624
0.009637278589446806
0.9868846848758654
0.9746124722643839
0.9825642603118454
0.004436755858612695
0.022760306422394593
0.02293761141966699
0.00482828610241906
0.9828569243611129
0.9745735190494906
0.9865448807385458
0.00926752025998634
0.02458033262279765
0.020306959600834267
0.9998320621797058
0.9794915149898815
0.9755123889564281
0.9910461506269372
0.013739213820741947
0.0254545524899263
0.01689295322135079
0.9948423526207021
0.9769171477681814
0.9773935536215366
0.9958943650429425
0.017679320158640044
0.02534988795429813
0.012826185196976266
0.9900526375280784
0.9752317997446679
0.9801456388816835
0.0009018018974138453
0.020936527255603347
0.024270296289912206
0.00826299382254625
0.9856482655844789
0.9744993711305464
0.9836638044290216
0.005874257931645088
0.0233863719993012
0.02225664247466536
0.0033795755725380162
0.981799051389673
0.9747475687702485
0.9878133744250887
0.01061895649217881
0.024935674914708196
0.01938536676717878
0.9983650828131206
0.97865270960562
0.9759670080607067
0.9924347162052907
0.014952372486621623
0.02552571961598813
0.015765923750427492
0.9934140067476097
0.9763293807715747
0.9781115157899738
0.9973492895363996
0.01870753361911781
0.02513418960997571
0.011536967977585019
0.9887182528575185
0.9749173789904044
0.9810996401877027
0.0023666750010098436
0.021740439590067075
0.023775890379975885
0.006861297097717
0.9844593662463778
0.9744701955578627
0.9848173937794882
0.007292263329098159
0.023935363200910876
0.02150227120611068
0.0019196445984550649
0.9808013395475884
0.9750047412384176
0.9891222513325566
0.011935186845645873
0.02520891960587885
0.018399736902097986
0.996903532159526
0.9778843454141649
0.9765007998513748
0.9938483830030503
0.016116034476369778
0.025512880045167944
0.014586722517666482
0.9920075170906871
0.975819610860028
0.9789016820133319
0.99881301512917
0.01967392733862905
0.024835751119020397
0.01020951214188525
0.9874212639162324
0.974685531491413
0.9821160922332997
0.003823689925471996
0.02247262993910239
0.023203145783665245
0.005436831714185332
0.9833218981573466
0.9745250398907418
0.9860212371293258
0.008686072003822654
0.02440549836163198
0.020676953747719017
0.00045333956956227286
0.9798670542261768
0.9753442041927954
0.990467189321362
0.013211863847115257
0.02539918233210909
0.017353294903853272
0.9954522622752776
0.9771889247560646
0.9771120323333894
0.9952824660793312
0.017226374344491813
0.025416075296164027
0.013359227806141663
0.9906275436165413
0.9753894915859521
0.9797614778846606
0.0002806821535903392
0.020575340816045066
0.024455538552409048
0.008848203872095887
0.9861659519266679
0.9745370074412707
0.9831916667472627
0.0052680104815885365
0.02313071534118547
0.022553921851323478