1
0.21482758620689668
0.3520130350773134
0.42541570709976995
0.46287628494255895
0.4819428668154262
0.49200023942231486
0.4980594157888689
0.5031483240919763
0.5098112917794098
0.5213767988337632
0.5435985971942765
0.5873480712559718
0.6726118707747728
0.8282296610349009
1.0540038320064054
1.2532912583784865
1.3730182280636538
1.4357791461179397
1.4672939489665278
1.4825705802052775
1.4891499102672263
1.4903083967034392
1.4866240757193006
1.4762596629895843
1.4540690517035406
1.4092304240831428
1.3214276674575367
1.1619278902746313
0.9347270659802631
0.7392554633490169
0.6231800604377609
0.5627273166391902
0.5328325282887663
0.5192378144664749
0.5152386018120478
0.5188470537670544
0.5318570233991207
0.5606893537472359
0.6191363018739482
0.7317421728385067
0.9234024671280594
1.1519000516842728
1.315464299262036
1.4060884626059482
1.4524346176064937
1.4753505429503413
1.4859909527511146
1.4896358803350487
1.488102409794125
1.4806256831859188
1.4634857057657005
1.4282483250860905
1.3583380916621266
1.22658604488758
1.0161161060224995
0.7976018778772738
0.6551322474871888
0.5785167422937332
0.5395864266332682
0.5202458667020142
0.5110009606337351
0.5072521559667207
0.5071281745977643
0.510567089093884
0.5192856670902102
0.5376234975547511
0.5745983568740807
0.6475215840961668
0.7840881736534595
0.9984139308518258
1.2135327094979687
1.3511538376393473
1.4247362321964756
1.4620737509300068
1.480627108848536
1.4895179235116225
1.493171488072715
1.4934118440802098
1.490359062788269
1.4824887604091899
1.4658804931762184
1.4323428458428098
1.3659863269160382
1.2402651447152935
1.035115304859342
0.8125499180063738
0.6634949733506776
0.5825495856045384
0.5410530798432618
0.5198562472714898
0.5085618028711345
0.5015461954232934
0.4953036735260905
0.4867133291408021
0.47148736325570995
0.44208121563339464
0.3843506566236834
0.27375147031686775
0.08445930609519126
0.8548918453949884
0.6882360525480826
0.5952403077326935
0.547073062829205
0.5221006878133249
0.5081431772336699
0.4982554790240611
0.48749553779292576
0.47048979588065176
0.4388133530950862
0.37729165035551115
0.2603162036412161
0.06393039737795023
-0.16356790746991154
-0.32293780332798155
-0.4109415089989038
-0.45670368808183276
-0.4810837371910374
-0.49602790734161084
-0.5089862373318537
-0.5264352990402458
-0.5570413181810302
-0.6155613195413667
-0.7269170453117885
-0.9170147526216218
-1.1467503750229322
-1.3130748643064638
-1.4059898312483234
-1.454585821693195
-1.4807816143306831
-1.4973915493896128
-1.512697317530934
-1.534345011939903
-1.5730322409193225
-1.6469675039736011
-1.784379433609352
-1.999519447261275
-2.214899736917469
-2.3526299894858838
-2.426762404277034
-2.465554758799039
-2.4872586298487107
-2.502598618622961
-2.5192378589788538
-2.5454726225964084
-2.5941356230402444
-2.6871696848839255
-2.853660382581607
-3.0834379165645727
-3.2733814375007038
-3.3846046847063005
-3.4430543030650473
-3.473634716920788
-3.4910927007969463
-3.5040993596735275
-3.519155471759607
-3.5437662127829372
-3.5899853004086535
-3.6788379237457747
-3.8394450849567554
-4.0673899881101745
-4.262637759518577
-4.3785588041293035
-4.439482268185858
-4.470870779114132
-4.4877758574729745
-4.498574872231872
-4.508661332628924
-4.52307632202643
-4.548989087282995
-4.599011433232565
-4.6954074599891005
-4.866745164992948
-5.097194186192407
-5.282010928442405
-5.388854374585474
-5.444533189466337
-5.473036606873662
-5.488122726677171
-5.497275720532452
-5.505066641170108
-5.515390454517804
-5.533397507592683
-5.567981031930744
-5.635530885563926
-5.762947889549495
-5.969679169674458
-6.191479324394797
-6.339021129483559
-6.419112473041507
-6.4604788025039435
-6.482286988773532
-6.495256941456261
-6.505855715889382
-6.519381687742456
-6.542574568588023
-6.586801760095252
-6.672309993388775
-6.828101555977306
-7.054079707841761
-7.253535343324838
-7.373433139292018
-7.4365099323877
-7.468676986115669
-7.485283441457936
-7.494542098743753
-7.501072340248954
-7.508138747821909
-7.519272755955724
-7.540019608296004
-7.580566069038354
-7.659697051106503
-7.80593622890127
-8.026888456674683
-8.234460320138458
-8.362833729294314
-8.430804457230598
-8.46525712431227
-8.482475992371464
-8.490950550188892
-8.494902820770212
-8.496306937394879
-8.495864688418626
-8.493355016293911
-8.487523817527453
-8.475460914426042
-8.451177023920883
-8.40286271783833
-8.308939445123439
-8.14083334657699
-7.911146996565781
-7.723615064358182
-7.614569572755859
-7.557987980922536
-7.529763130259316
-7.516333257291061
-7.511055685541435
-7.511301511982391
-7.517193346765075
-7.531665143780287
-7.561865265753836
-7.622224917282945
-7.737864694845705
-7.9328507316932075
-8.160424132309481
-8.320694659444847
-8.409109908741428
-8.454510320838464
-8.477474313683791
-8.489213027869535
-8.49556238434861
-8.49969322048399
-8.503670666956353
-8.509483284201522
-8.520034738257912
-8.5405771260725
-8.581188992879554
-8.660657485538106
-8.807491035019467
-9.028766439576469
-9.235736810059645
-9.363449055762278
-9.430959372593582
-9.465021896045442
-9.481735816435261
-9.489337675612814
-9.491612359509288
-9.489695164214337
-9.482629150265538
-9.466894945326999
-9.434727315820826
-9.370830579212488
-9.249209436337559
-9.04801180364808
-8.82317071757518
-8.669644223747163
-8.585766127396026
-8.542725508247514
-8.520791975936005
-8.509224885831896
-8.502267656451693
-8.496444216934927
-8.488843033787413
-8.475667935365719
-8.45037414239946
-8.400667541423635
-8.304456913073242
-8.133281826119624
-7.902986388585248
-7.718249232424882
-7.61151125529874
-7.556077793180188
-7.52810665374247
-7.514115907404517
-7.507173864931934
-7.503817540435274
-7.502369803128504
-7.502106923602485
-7.502897475108164
-7.505136684142051
-7.50994378938086
-7.519719555239652
-7.539329890829425
-7.578405636152599
-7.655117633001746
-7.7976796525135414
-8.016274802471818
-8.226746725395735
-8.358489019741398
-8.428437021348522
-8.463797116009514
-8.48121146714952
-8.489253356782871
-8.491926007042423
-8.490563392184482
-8.484485237494082
-8.470661981809943
-8.442252651089248
-8.385599029531242
-8.276544923392057
-8.089017617138209
-7.859266105639356
-7.69106333802208
-7.59704389986402
-7.548595159052385
-7.524068218449915
-7.511529571436744
-7.504750669289015
-7.50034674907111
-7.496116203251602
-7.489943951781557
-7.478747021030688
-7.456955154525052
-7.413902294079126
-7.329869751272703
-7.176071588023547
-6.951127742039331
-6.7502378010785185
-6.6289252428361545
-6.565252983984495
-6.533300798735257
-6.517877787981034
-6.51137488471893
-6.510554583111679
-6.515007705774685
-6.526953565842345
-6.552311880192888
-6.603357716990199
-6.7025257332385815
-6.8777571232366
-7.1082750982952145
-7.2887359797560505
-7.391964720273367
-7.445229638606654
-7.471646709026088
-7.483962002561238
-7.488271862021136
-7.486722958253715
-7.478543230787672
-7.459667588304682
-7.420840892498655
-7.344046430629917
-7.20116817808206
-6.982428799499409
-6.772457184319005
-6.641272162130588
-6.571806125841686
-6.537037445531124
-6.52062079185409
-6.51448571171505
-6.515583491620642
-6.524460573204204
-6.54551985020814
-6.589030019575597
-6.674769650331926
-6.831360964888323
-7.0573561788475425
-7.255290038278654
-7.373690380074607
-7.435359841762082
-7.465590482341555
-7.478750084956644
-7.481316270143234
-7.474562032632361
-7.455142895706767
-7.41359097184047
-7.330926009725581
-7.178751011085855
-6.954840274679955
-6.7532076254913225
-6.631136286690162
-6.567461867237498
-6.536517341845357
-6.523671703586659
-6.522618327142955
-6.532836084705723
-6.5593556572976475
-6.614869864402211
-6.722960771989648
-6.909483470419447
-7.138863745611053
-7.307292222581831
-7.40124377020742
-7.448925392430863
-7.471505781726335
-7.4799150512254435
-7.478308480855473
-7.465889697244105
-7.436546030247804
-7.376309256426297
-7.26026750360672
-7.06481381772631
-6.837841563305974
-6.678630867950553
-6.591129886934061
-6.5467445664724195
-6.5253969503528575
-6.516693986119226
-6.516322717471276
-6.524098507840836
-6.543877563435531
-6.585318543809265
-6.667404763755542
-6.818590878140491
-7.042078002933728
-7.244770371376665
-7.3679282241416555
-7.43237241746839
-7.464011209591761
-7.477808563685558
-7.480546117655566
-7.473580933659824
-7.453466796948319
-7.410416132379591
-7.324901547923602
-7.168460582555461
-6.942659413524642
-6.744912303504258
-6.626702008970163
-6.565360006225036
-6.535787146142482
-6.523957454325989
-6.52406130319891
-6.5361500274852835
-6.566158746837614
-6.628302371473457
-6.747871134017037
-6.947010249253212
-7.17215744421865
-7.327057113771483
-7.411525601636926
-7.454000351090588
-7.473794156559044
-7.4805441670798976
-7.477590471624594
-7.463468998727514
-7.4312419880383
-7.365695456035819
-7.240687507546794
-7.036238272060047
-6.813826055256259
-6.664677557055153
-6.583942524094033
-6.543259722127607
-6.5239414274677525
-6.516548750624617
-6.517415547272482
-6.526972750354521
-6.54995186264944
-6.597498874226553
-6.690802889360152
-6.858243005884803
-7.087554845535374
-7.275264191235587
-7.384396568700689
-7.440677478565639
-7.467979183585403
-7.479378274914796
-7.480495330001853
-7.471884443256043
-7.4492887811665645
-7.401764370004551
-7.30818205687022
-7.140280701155995
-6.910974482374832
-6.7238958170888985
-6.615326635624348
-6.55950537588944
-6.532748451237469
-6.522250451659047
-6.522841472742892
-6.534814064711778
-6.564055203757903
-6.624466267894668
-6.740958082938768
-6.936898981627133
-7.163570276755103
-7.3221125507181135
-7.409107045607645
-7.4530854989015
-7.473944932165357