1
0.8200000000000003
0.8560115470648553
0.07972492794391783
0.1887898337589975
0.07656160208441976
0.8538692762563922
0.8208473379310512
0.003292719418861445
0.18079937411243763
0.14178667309283055
0.9171308091842527
0.8112377070418708
0.9266222397914718
0.14821528887633884
0.17825540786492344
0.9934111517547717
0.8184473451413861
0.8604764232389785
0.08599563942148247
0.1887070725337292
0.07017197405308417
0.8497562064169484
0.8226937400647163
0.00989155570833411
0.18226158792798852
0.1371975242616037
0.910894899406349
0.8113761001297104
0.9330569345803439
0.15221759757291142
0.17630328465526524
0.9867964561845584
0.8170722331915996
0.8651927771994534
0.09219778801498757
0.18851237836864243
0.06369031248155244
0.8458623191713245
0.8247553309351969
0.016526846406829776
0.1835526205118676
0.13235190049152545
0.90472684888534
0.811627998478734
0.9395863775298081
0.1560045871652851
0.17412880055907243
0.9801373332263956
0.8158625847936094
0.8701685382312072
0.09832977620623051
0.18820217045794752
0.05711365743427432
0.8421815923043524
0.8270456568727733
0.02321126519785066
0.18468326756020326
0.12724661025701245
0.8986346507892333
0.8119977861334748
0.9462080979407117
0.15957880383342538
0.17172030308141317
0.9734280942445073
0.8148088331243093
0.8754010740440394
0.1043766854164101
0.18777140889388422
0.05045066598944725
0.8387149332294604
0.8295739229176788
0.029942868552501167
0.18566200261735144
0.12189088590744701
0.8926401732860362
0.8124909986331419
0.9529069822693386
0.16293620766127415
0.16907147594006866
0.9666784708036308
0.8139034062286763
0.8808741785252516
0.11031020092861477
0.18721422349147576
0.04372265279519061
0.8354689297193709
0.8323432807491116
0.03670450196348307
0.18649571664247544
0.11630781081015451
0.8867771681456383
0.8131136928475775
0.9596562952492931
0.1660684560299135
0.1661823983743771
0.9599121626639935
0.8131398718110159
0.8865584885165474
0.11609258323040406
0.18652449110086033
0.036960513500326364
0.8324527498355063
0.8353505916592234
0.043467259114874146
0.18719058275426392
0.11053194474826555
0.8810855839239281
0.8138719792734901
0.9664226304029262
0.16896653825285934
0.1630588526217105
0.9531615779747803
0.8125121590222117
0.8924157514723638
0.1216836372557184
0.18569613976094512
0.03019825594602077
0.8296742967925617
0.8385880721725985
0.050197168363358635
0.18775267062025658
0.1046034199663417
0.8756038817633645
0.8147719258931176
0.9731733915692313
0.1716244956096773
0.15970979784325134
0.9464602377674433
0.8120141601020259
0.8984059303104492
0.12704846659905655
0.18472300893919136
0.023465114802091902
0.8271369268544632
0.8420465316627705
0.056863082296055634
0.18818810458951618
0.09856020855499548
0.8703618616469555
0.8158199388478473
0.9798844330015668
0.1740420083123988
0.15614367279458863
0.9398352416698416
0.8116398093955841
0.9044949159866191
0.13216348558895863
0.18359825000378271
0.016778776660101302
0.8248377333222905
0.845719219682473
0.06344324246372501
0.18850277388716008
0.09243107791057881
0.8653762595737796
0.8170235306752089
0.9865454421927882
0.17622516047242076
0.15236473358971425
0.9333021880043093
0.8113835404933325
0.9106603284308539
0.13701894176549967
0.1823134648537872
0.01014177525438531
0.8227677160470184
0.8496049770274836
0.06992850631785608
0.18870176160896923
0.08623147812758192
0.8606501845651122
0.8183921798817764
0.9931615471188222
0.17818543770497364
0.14837070000201447
0.9268639948098318
0.8112409143502601
0.9168936629718929
0.14161762075371165
0.18085795382926872
0.0035419326154608743
0.8209134510191304
0.8537095691437537
0.07632145916172473
0.18878871402493602
0.0799634615627225
0.8561760225669908
0.81993786895289
0.9997509271126896
0.1799375944509518
0.14415258781457707
0.9205137146925475
0.8112092040825143
0.9231983724371984
0.14597068640416389
0.17921848945218244
0.9969564741477734
0.8192594693796382
0.8580446256187
0.08263194283746111
0.1887653418939319
0.07361938949947167
0.8519404429979818
0.8216749190316643
0.00633928148820484
0.1814972358289737
0.1396969775653698
0.9142402962262179
0.8112877764792144
0.9295846907818097
0.15009225127278292
0.17737992775633882
0.9903586103965851
0.8177905336410809
0.8626242612473412
0.08887043397209737
0.188631178019375
0.06718818205906185
0.8479298457284326
0.8236189097385982
0.012952594984110277
0.1828788278273945
0.13499033267699745
0.9080356006306046
0.811478182272019
0.9360627548765332
0.15399427717586445
0.17532674360813427
0.9837250117445042
0.8164932382037164
0.8674600577099156
0.09504111139212723
0.188383643878542
0.060662352991178725
0.8441348021175553
0.8257847427168918
0.0196098401661855
0.18409454641798062
0.13002441607072468
0.9019007762260562
0.8117839360857604
0.9426358925496106
0.15768304143391054
0.17304527187527663
0.9770425150070388
0.8153566910120145
0.8725556061652853
0.10113649037292882
0.18801841127566643
0.054043930015677866
0.8405524998970229
0.8281842341455747
0.026317262597100655
0.18515404752836417
0.1248013877936156
0.8958502102248216
0.8122100337172511
0.9492959306277986
0.16115789027888994
0.17052610517794786
0.9703124744144735
0.8143723419679232
0.8779021922026806
0.10713521753747868
0.18752997646994496
0.04734754043616629
0.837186759412105
0.8308239308774319
0.03306571374792178
0.18606496380677084
0.11933692353475411
0.8899117588543554
0.8127623254574314
0.9560220027530595
0.1644124031862675
0.16776584725001964
0.9635515073415601
0.8135332565005102
0.883477238185733
0.1130039067388644
0.1869122920724675
0.0405995479007939
0.8340458217853414
0.8337039951997132
0.039831947552874336
0.1868337548545158
0.11365994339672136
0.8841229187977848
0.8134469327995419
0.9627834745447168
0.16743744032667696
0.16476741685386287
0.9567881819290371
0.8128332480004796
0.8892465296152514
0.118702709260889
0.18615924500181946
0.03383323332854382
0.8311387437515595
0.8368188250552024
0.04658375504544843
0.18746649496904144
0.10780848087934913
0.8785239365260704
0.8142699301952285
0.969546313566575
0.17022498356893756
0.16153847296914825
0.9500564220134406
0.8122662488696044
0.8951700084525418
0.1241929659156531
0.18526476958755067
0.027081369655093335
0.8284716567265961
0.8401595182509576
0.05328751172344992
0.18796928904760413
0.10182265023576464
0.8731500362447139
0.8152374664730453
0.9762809667473691
0.17277146158687007
0.15808822311745985
0.943387617125518
0.8118261339960258
0.9012094803917821
0.12944444632699614
0.18422248470639602
0.020368540723448403
0.8260451199619813
0.8437175452949432
0.059915761045692406
0.1883482108495409
0.09573690926663758
0.8680253022837804
0.8163563492164934
0.9829692206743244
0.1750795358051498
0.15442357577195853
0.9368039648048424
0.8115069959593755
0.9073357313759742
0.1344398853620672
0.1830249359565661
0.013705637661619585
0.8238532830341178
0.8474884373514096
0.06645242160488563
0.1886088567294264
0.08957414682666087
0.8631600091921787
0.8176349022114469
0.989607950724231
0.177157998991607
0.1505459399496223
0.9303150944120416
0.8113037094017419
0.9135327798740618
0.13917569293840337
0.18166273233039743
0.007088096682918543
0.8218848303656124
0.8514742089630309
0.07289412386060956
0.18875571987666429
0.08334338193929325
0.8585517833988741
0.8190837294444608
0.9962088331120653
0.17902014932973298
0.14644980850144274
0.9239188018535397
0.81121256331732
0.9197981132301358
0.14365916050846295
0.18012398842406285
0.0004981472772149775
0.8201250864345812
0.8556836171292201
0.07924753304057042
0.18879160052844468
0.07704153624595889
0.8541896819267771
0.8207159680121037
0.002794350461705619
0.1806814225641853
0.14212372538739393
0.9176054073854711
0.8112317674551619
0.9261391063449214
0.14790350371158922
0.17839445787069863
0.9939102486922087
0.8185584376983628
0.8601299814921115
0.08552367093031421
0.18871721471429903
0.07065851225285602
0.850059604479384
0.822546711762093
0.00939127588332811
0.1821570994888746
0.137553585712354
0.9113643282489159
0.811361705850616
0.9325668378829512
0.15192240334456208
0.17645857804439546
0.9872982894164595
0.8171703482036243
0.864826929730143
0.0917309123773351
0.1885310922050467
0.0641840402893381
0.846149430785491
0.8245915090414746
0.016023201864517223
0.18346067334060945
0.13272761087723373
0.9051910343624296
0.811604882047682
0.939089050554184
0.1557255049970907
0.17430137900089027
0.9806429127395994
0.8159485456684068
0.8697829992156489
0.09786855244125814
0.18822978526168144
0.05761443153306134
0.8424526302190851
0.8268641402540531
0.022703774707867552
0.18460313281725305
0.1276418164674653
0.8990925052761316
0.8119655675532069
0.945704155061015
0.15931588702601962
0.1719108841082566
0.9739373201065589
0.8148832843030096
0.874996497502063
0.10392273489975956
0.18780834311789896
0.05095737703985903
0.8389696011727727
0.8293742125077515
0.029432228352511913
0.18559310566183362
0.12230440131833831
0.8930895769160994
0.8124492333792355
0.952398011569284
0.1626899519245839
0.16928031762521045
0.9671900751454703
0.8139668694972353
0.880452279646821
0.10986606761388273
0.18726093623922146
0.04423329061204928
0.8357065924266605
0.8321253661638515
0.036192487388061245
0.18643757134604888
0.11673743412763748
0.8872152616303919
0.8130619167229796
0.9591446351115092
0.16583956538304268
0.166409274866826
0.9604239627047748
0.8131928131783686
0.8861218746313595
0.11566130686427645
0.18658144526707332
0.037472536004493184
0.8326727099168338
0.8351149046898418
0.04295633153468614
0.18714273089610733
0.11097477561355062
0.8815092970298855
0.8138097330738021
0.9659108812488326
0.16875563012652517
0.16330317410506368
0.9536709814690097
0.812555036993025
0.891967478342871
0.12126816621831082
0.1857637930894418
0.030709158657266755
0.8298760818040344
0.8383352982897816
0.04968989637209553
0.1877146500924498
0.1050563982623447
0.8760105296988381
0.8146987463189128
0.9726638115690391
0.17143184592052485
0.15997085515836718
0.946964848255126
0.8120474390079568
0.897948910749427
0.12665110264982626
0.1848018417222983
0.023973019963960507
0.8273204918791074
0.8417773282169421
0.05636156003558623
0.18815945439471538
0.09902070812517949
0.8707496137767173
0.8157353136838816
0.9793784122015832
0.17386741524230676
0.156420932817241
0.9403333688812319
0.8116639380241395
0.9040313739770629
0.13178553703380347
0.18368882335762415
0.017282854682528548
0.8250035241852929
0.8454339326935065
0.06294869082627841
0.18848306858313335
0.09289735969443225
0.8657443425612019
0.8169268327216459
0.9860432159469301
0.17606795339543524
0.1526580850615784
0.9337931059138306
0.8113989086640951
0.9101914737313312
0.13666067094960432
0.18241648737905813
0.010642378784164519
0.8229165957625405
0.8493034549899958
0.06944117145442164
0.1886906593492932
0.08670286562970553
0.8609987913651833
0.8182826077873782
0.9926622190786338
0.17804460280063328
0.14868056262933882
0.9273478843551265
0.8112478044575888
0.9164196740003865
0.14127845987813137
0.18097432507168443
0.004040423673702165
0.8210465377434065
0.8533911425670926
0.07584081839174228
0.18878600169504067
0.0804402041640555
0.8565059986380458
0.8198144270402408
0.9992527753282612
0.17981195650620752
0.14447983890260963
0.9209913294757075
0.8112077523846624
0.922718671216729
0.145649617981102
0.17934929053238569
0.9974548082139391
0.8193779508490402
0.8577082731155765
0.08215713965475047
0.18877096499411117
0.07410227327521257
0.8522528716716891
0.8215364605712794
0.005840256386728804
0.18138563354391124
0.1400427002595026
0.914712459382992
0.8112779537456838
0.9290984163885483
0.1497882257929799
0.1775263422054998
0.9908587865299034
0.817895513345309
0.8622689343688474
0.08840081395217059
0.18864524845211994
0.06767800581728212
0.8482256555636634
0.8234642512357906
0.012450889856882696
0.1827802381245196
0.13535543581541765
0.9085026725861359
0.8114597979633746
0.9355693020961264
0.15370655678494494
0.17548991177574935
0.9842285131387352
0.8165856453765774
0.8670850938282257
0.09457671461288708
0.1884064240162373
0.0611594114140559
0.8444144914541603
0.8256128337600224
0.019104408107498472
0.18400813848762376
0.13040921546409745
0.9023622366377877
0.8117566651981774
0.9421353711015388
0.1574113929530503
0.17322610710833475
0.9775498651697376
0.8154372613606404
0.8721611226796508
0.10067836378538608
0.18805027770024174
0.05454764569197179
0.8408160350329077
0.8279943419638376
0.02580815855206975
0.18507917101127913
0.12520526884581673
0.8963044773736241
0.8121734602700788
0.9487894124580536
0.16090259288445674
0.17072512403678108
0.9708230218648289
0.8144416548381099
0.8774893351113298
0.10668544542492375
0.18757137215303166
0.04785636001844096
0.8374336578073769
0.8306157787146591
0.032554164099725114
0.18600109352856564
0.11975821004686771
0.8903563174581226
0.8127159910866295
0.9555114689600217
0.16417408395997146
0.167983078693849
0.9640635120562556
0.8135918001437821
0.883048174352147
0.1125653289818116
0.18696368109425365
0.041111153815091894
0.834275382004116
0.8334777918596097
0.03932010845404399
0.18678042376318094
0.11409605517821908
0.8845547376338387
0.8133903743734692
0.9622714566854387
0.16721679978935855
0.1650024432033541
0.9572991986170974
0.8128814808868325
0.8888041417938666
0.1182783991629135
0.18622108682809468
0.03434502420777297
0.8313503399011013
0.8365751504237124
0.0460742142349817
0.18742324475801686
0.10825636873674949
0.8789400528308331
0.8142026900456796
0.9690353287642592
0.17002250713111877
0.16179061356010838
0.9505638749469629
0.8123046328257799
0.8947173618058613
0.12378563272926257
0.1853375267487254
0.027591063731456478
0.8286649965872563
0.8398990823299874
0.052782683534448704
0.18793565540700108
0.10227938511011736
0.8735481157635211
0.8151590660791106
0.9757729256817957
0.17258721243037511
0.1583568140688303
0.9438893853273624
0.811855130546447
0.9007492271634052
0.12905595860381158
0.18430666642424276
0.02087470804000624
0.8262203865567562
0.8434408929623709
0.05941736907884998
0.18832374370032046
0.096200233400902
0.868403996270847
0.8162662317721336
0.9824649970220072
0.17491308608345157
0.15470825502062935
0.9372987904669436
0.8115270327341586
0.9068696493680588
0.1340710565101748
0.18312116385942767
0.014207997627786018
0.8240111309721508
0.8471956988739682
0.06596122930009507
0.18859316311990382
0.09004280977168677
0.8635190182301047
0.8175323657334106
0.9891072352317696
0.17700849888118153
0.15084683863628023
0.9308026964756265
0.8113151322942485
0.9130615851691326
0.13882636189967013
0.1817718004772233
0.007587506850907921
0.8220262636470549
0.8511649845828266
0.07240997997737209
0.18874851254612146
0.0838171696443788
0.8588916501658621
0.8189678818461992
0.9957102955989343
0.17888648690194442
0.14676757839832577
0.9243996807473337
0.8112155909797307
0.9193215856638706
0.1433284991945296
0.18024688548009493
0.000996306571700245
0.8202512775663859
0.8553570432921223
0.07876969713401127
0.18879273719704304
0.07752100582380672
0.8545114146464932
0.820585734059248
0.0022960483572891377
0.1805624095837446
0.1424593796502791
0.9180804165470047
0.8112264606794308
0.9256564710330564
0.1475904301664679
0.17853232650013906
0.9944092046066138
0.8186705511818668
0.8597849764983598
0.0850513125403567
0.1887267182767407
0.07114452376252278
0.8503642584559599
0.8224009095118272
0.008891201264563886
0.1820516271877668
0.1379081790158494
0.9118341394277629
0.8113479588843124
0.9320772865964719
0.1516259771770132
0.17661260318699412
0.9877998679794936
0.8172694137844378
0.8644625704284084
0.09126364482578442
0.18854914745637075
0.06467721791632419
0.846437760287551
0.8244289932716646
0.015519842842323328
0.18336780511826456
0.13310182811841975
0.9056556409498557
0.8115824376585363
0.9385922614970301
0.15544520855082622
0.17447261953895032
0.9811481972741563
0.8160354015778613
0.869398940306847
0.09740685766163892
0.18825671283442924
0.05811469879032205
0.8427248888459737
0.8266839856557251
0.02219656581500118
0.18452212604223028
0.12803557558823742
0.8995509009470509
0.8119340526447578
0.9452006688368679
0.15905173428091235
0.17210008784507957
0.974446300550015
0.8149585869015121
0.874593314357127
0.10346815476989946
0.18784455644890308
0.05146369944967777
0.8392255270866877
0.8291758851632216
0.028921776189092974
0.18552337618600467
0.12271659695198345
0.8935397133823607
0.812408206599569
0.9518893464808473
0.1624424119112402
0.1694877799529253
0.9677015669527828
0.8140311474472715
0.8800316092470926
0.10942108813155116
0.18730689289720193
0.04474371668835775
0.8359455671335497
0.8319088184817818
0.03568049610477253
0.1863786287039495
0.11716593428579758
0.8876543191874026
0.8130109141473727
0.9586330872183533
0.16560933652010146
0.16663480419486865
0.960935837083303
0.813246534647766
0.885686269390328
0.11522894986769439
0.18663760860471035
0.037984545543235715
0.8328940301899159
0.8348805399691115
0.042445229497428016
0.18709411632012607
0.11141671593061608
0.8819342001838433
0.8137482949644843
0.9653990519757554
0.16854334638925117
0.16354620083184201
0.9541806560765511
0.8125986601113104
0.8915199800176246
0.12085140803045924
0.1858306207376006
0.03122022276320413
0.8300792495696434
0.8380837919762847
0.049182265581978246
0.1876759020431995
0.1055087094070919
0.8764185454362671
0.8146264108503702
0.9721540054993512
0.17123781562552054
0.16023066887430182
0.9474698916458599
0.8120814280326849
0.8974924638340487
0.12625230949860455
0.18487981051534885
0.02448119566535034
0.827505425788754
0.8415093503020772
0.05585954770594359
0.18813011087076914
0.09948071244488443
0.8711388359402039
0.8156515745302986
0.9788720987681463
0.17369147417052222
0.1566969772588216
0.9408320245171442
0.8116887442623593
0.9035682695106202
0.13140609801682324
0.18377848589118173
0.017787224427676218
0.825170634001918
0.8451498610010775
0.062453591517122486
0.1884626998370056
0.09336324091768211
0.8661139175467234
0.8168310737362541
0.9855407209964198
0.17590946313704414
0.1529502111245995
0.9342845728708926
0.811414928128277
0.9097230028139363
0.13630092286609585
0.18251853908695814
0.011143208193249432
0.8230667178820751
0.8490031787020773
0.06895330142142297
0.1886789155073123
0.08717386789988968
0.8613488478788109
0.8181740421686654
0.9921627242910573
0.1779025694424865
0.14898915002821012
0.9278322836976208
0.811255329217418
0.9159460867065456
0.1409378857253092
0.1810896505735724
0.004539010488683326
0.8211807775941377
0.8530740278609561
0.07535970008683535
0.18878265861206
0.08091651786851628
0.8568373467917818
0.8196920731921575
0.9987546055238579
0.17968521050554376
0.14480573708296696
0.9214693877599666
0.8112069307121546
0.9222394319842311
0.14532721941188065
0.17947895906675404
0.9979530812988077
0.8194974969383075
0.8573733155329999
0.08168192349171477
0.1887759555985684
0.07458466134401065
0.8525665914683461
0.8213991800564564
0.005341366982299256
0.18127300738172192
0.1403869889257907
0.9151850136121434
0.8112687690866967
0.9286126668116956
0.14948294221589675
0.177671533918333
0.9913587618531445
0.8180014795859258
0.8619150736108487
0.08793081158381
0.18865867232445477
0.06816728513926695
0.8485226988175048
0.8233108579151096
0.011949436264361069
0.1826806954677822
0.13571905181754995
0.9089701350681649
0.8114420713052444
0.9350763996997802
0.15341761780723706
0.17565177649338248
0.9847317306262834
0.8166789757064099
0.8667116233124799
0.09411189965161038
0.18842853319662578
0.061655930346633525
0.8446953949803959
0.8254422605527512
0.018599271101003012
0.1839208336668059
0.13079253308330419
0.9028241635649634
0.8117300803425813
0.9416353595200309
0.15713852457469724
0.17340558184822075