1
0.7118644067796611
0.9648563563904105
0.3398539142612824
0.24425133174239777
0.591969781694135
0.243964409846392
0.3393172397876739
-0.03693241309393053
-0.2850756117314389
0.010350317106118945
0.2695756657691965
-0.024033018135679762
-0.2338454440050024
0.11051738224063229
0.09841468671340847
-0.23660418061702687
-0.01655271610259257
0.2613288670433219
-0.01642123888604119
-0.23679892958321092
0.09795059927222904
0.11110886315367563
-0.23378673484503382
-0.02452793949150678
0.27023921897171777
0.012462083069474383
-0.28888778663985143
-0.04974095921634236
0.3606789096381287
0.3434088458480037
-0.13768727209704307
-0.1947797124919845
0.271976564437528
0.18699263372801106
-0.41194910124568823
-0.7181947660186583
-1.570396873420391
-2.661032174654986
-4.223919675662994
-5.237227161146667
-5.695285260694519
-6.677791106695743
-8.160983705002135
-9.17201409428596
-9.691547730903523
-10.73097583142419
-12.323471461632622
-13.417232898381869
-14.23419124246351
-14.496853005999787
-14.748501008256538
-15.557166604723315
-16.561640656063236
-17.776503717242225
-19.540703103673362
-21.4458154678087
-23.16492434947132
-24.404698348540002
-25.33049547723885
-25.768990523732004
-26.760567129828257
-28.307958675362663
-29.334837944540958
-29.88195901789448
-30.80537480697264
-32.25245516678685
-33.14255950407102
-33.597800906315356
-34.37420563661884
-34.754760943844374
-35.69210933834286
-37.15005474703738
-38.157230866191824
-38.69934475725815
-39.77052418656452
-41.39412053175116
-42.67387473966977
-44.448156880338686
-46.04417997479514
-47.48755139985427
-48.88739713690471
-50.64928659547343
-52.860360569222685
-55.49983748759941
-58.13874561267288
-60.35125708810363
-62.11571204855384
-63.509922614703456
-64.93883983811737
-66.57658794710977
-68.47216734847345
-70.27082823484282
-71.5172100655752
-72.8237098063236
-74.62857161554308
-76.83606119096267
-79.52111917598559
-82.27987754394228
-84.49138021273689
-86.67272837306976
-89.34674488542488
-91.56350285001399
-93.99667021507396
-96.44149097718592
-98.68611168297714
-101.4434933123102
-104.0072304733532
-106.54566968192098
-109.24176817531759
-111.38156929421743
-113.14407107165974
-114.46842328235263
-115.6829806214621
-117.40591806201522
-118.8184140682692
-120.73727535412571
-123.2113995228324
-125.14478460940225
-126.63848238326278
-128.55798338662566
-130.67596655361794
-133.2918047043077
-135.3697065563542
-137.04083967156046
-138.57059741990605
-140.33942253500675
-141.63684140380616
-143.35633790485656
-144.6385701973471
-146.34680381554722
-147.59789671331788
-149.17042686156032
-150.25409912964128
-150.78091384382492
-151.85429576126762
-153.36933384605402
-154.47671308283972
-155.5028786105677
-156.5391187259718
-157.71089996471767
-159.42299770843107
-160.87597952541938
-162.7204180843988
-165.1123044995692
-167.14294146136533
-168.7378812753855
-170.88824932193555
-173.3983891403386
-175.57656331293478
-178.01249234693694
-180.40474304893434
-182.48314612393582
-184.50267082023228
-186.5315429486046
-188.67009407303786
-191.29694362157792
-193.39080669257243
-195.13177767500324
-196.4624485560928
-197.6629054226023
-199.33905880079357
-200.5431289240116
-201.89630956155685
-203.58727218967917
-205.56860848173585
-207.78270604915724
-210.54212544240426
-213.44726839256725
-216.17120890874207
-218.40498525026896
-220.3256146778321
-221.75089618295584
-223.73321115789625
-226.26947203658702
-228.25285450083166
-229.6792842557165
-231.60866923870796
-233.8895251851035
-236.526732154391
-239.25706235941212
-241.43089859901144
-243.37040729606775
-244.90482680699824
-246.75285170648087
-249.15782949063993
-251.0965950747756
-252.71765484890136
-254.88429279714433
-257.4211624679808
-259.69324746485125
-262.487333341948
-265.2371327028548
-267.4317092794756
-269.3945354619639
-271.01466324552047
-272.5835422440005
-274.4315753795731
-276.0474320376705
-277.49972316411214
-278.9510453654348
-280.5710197106008
-282.43139555792123
-284.05902297526467
-285.48477273987925
-286.85730836646565
-288.664995788662
-290.9521454267175
-293.4042737019493
-295.5411985521208
-297.82071336358405
-300.60318698475146
-303.72203974702586
-307.3893608226713
-310.69988890945734
-314.540075426216
-318.51904841231504
-322.56453178853184
-326.8297384230282
-331.58352534215356
-336.6164152046657
-342.0213846003333
-347.35173289762713
-352.23501615003
-356.5637239584328
-361.10955404937965
-365.3015160447709
-368.9653630329605
-372.74948470437243
-377.0906457569583
-381.131422773705
-384.7627408551359
-388.9493172855372
-393.310300212926
-397.15374603367286
-400.5389541805127
-404.0591447779926
-407.37706045338655
-410.3062199682294
-412.71273085122516
-415.66108096109315
-419.08177380541173
-422.2286858626782
-424.82354336431763
-427.91702291631043
-431.2879430975255
-434.11757623645644
-436.57211562540925
-439.27051090180476
-441.4164832847676
-443.2833788554861
-444.60543798449316
-446.27012223928193
-447.382210423427
-448.1186531600834
-448.47722412868575
-448.75635135230164
-449.59207737769674
-450.7323949521397
-452.42635035779426
-453.8716340244956
-455.7190477365374
-458.1130026809819
-460.14385155134227
-461.7370257163402
-463.885392299535
-466.401106508934
-468.5925405026929
-471.0899219038595
-473.28905593586654
-474.94783594484466
-476.7859388428473
-479.16694239736444
-481.0650513638746
-482.7417671791257
-484.97478018860517
-487.29569359709865
-489.0823651549642
-490.59345533248137
-492.4131635761299
-493.9438008119737
-495.6670730300853
-497.8734675944484
-500.47752474104317
-503.003179671922
-505.51770649138587
-508.09407826764306
-510.36001927599716
-512.1967948223704
-513.507365441708
-514.8437059062059
-516.6432958390257
-518.8793546530687
-521.49837855456
-524.1117274951815
-526.3653666145915
-528.2020118087491
-529.5067447844789
-530.8350774404032
-532.6427417874077
-534.8856674975757
-537.4952162154444
-540.0880242083622
-542.3882156163185
-544.3285451959387
-545.7783023131843
-547.776317232121
-550.3237762898422
-552.3729772784891
-554.0233158436495
-555.5923405401711
-557.4667275450653
-559.2255073700146
-560.4338280098233
-561.4171619091024
-562.1234771278187
-562.4396908483454
-562.5498379617637
-562.8315811472785
-563.5987741448403
-564.6899076321575
-566.2988468551587
-567.3767740898987
-568.0652279647715
-568.531721637034
-569.1085074029174
-569.3342618288204
-569.0792365384298
-568.5581987442345
-568.2363472117494
-567.3595016818562
-566.052338048254
-564.5652750746816
-563.3003235237262
-561.5059442671864
-559.7323651091872
-558.5124122423593
-557.3358581992114
-555.681370406348
-554.5329330642385
-553.4989406360329
-552.461240461321
-551.2892188795694
-549.5769821074572
-548.1237987238327
-546.2797111503326
-543.8882594902725
-541.8565524305868
-540.2616440162407
-538.1111834504175
-535.6024690796145
-533.4281276233228
-531.010696020695
-528.5558565194175
-526.2925262117941
-523.4919208358564
-520.6630505282445
-518.3101407918452
-515.4394878263981
-512.3621082534202
-508.86026120916273
-505.78703930322047
-503.25584272157124
-500.1679791572131
-496.59542238051125
-493.337191417311
-489.6034403892406
-486.20677502328937
-482.27348550206443
-477.7892074986513
-473.84515440085977
-470.36151620082296
-466.4520715761522
-462.3774014515198
-457.9148308399392
-453.7363272806487
-450.11281173762757
-446.12669718897
-441.7425163986164
-437.91476222320756
-434.3712816581959
-430.42481860893497
-426.2248981393387
-421.47484936749305
-416.6371392975225
-412.22218652773876
-407.25867588913354
-401.7389503932217
-396.7749252457295
-392.3611251527917
-387.52063749275203
-382.75217881028726
-378.5407102311122
-374.4701787641677
-370.29588263649845
-365.58753239326563
-361.17033261596663
-356.264433179432
-350.80378043410957
-345.86866857197407
-341.34279881341104
-336.3519240133099
-330.9143835317173
-325.7622556903613
-321.1655194091156
-316.088390561092
-310.71755483220466
-305.8922265158509
-301.4159313164988
-296.65888903579247
-292.3700781884171
-287.67538836138147
-283.47764247368934
-279.20190235408353
-274.3943639087416
-269.2436539020741
-263.5363443602282
-257.955137384763
-252.52887844504966
-247.20314035221435
-241.34433041769967
-235.02348843453154
-228.6207350331133
-222.6011746095882
-216.91235246505022
-211.51502427784536
-206.17020299675556
-200.3368999430231
-194.02754627751716
-187.6222612750162
-181.6040286806322
-175.92451867502933
-170.4994004460884
-165.0721837834201
-159.4008967756342
-153.40473297623697
-147.09469242423955
-140.4724386030997
-133.75420131818672
-127.59281226166449
-121.73816501675569
-116.43902066700814
-110.93163230894692
-105.6562392932682
-100.84398920324654
-96.49443720647189
-92.1254193963048
-87.36147661369853
-82.17163808837286
-76.49092353473205
-70.77845856960097
-65.61415439965751
-60.81600369415509
-56.52767582772277
-52.335725917673905
-47.66560459885952
-43.47602671750511
-39.202859279601384
-34.3969063091053
-29.254834526420765
-23.555977418816294
-18.04902680414085
-12.373183324759697
-6.298981172628038
0.30609074957556803
0.38835775554906427
0.11114281787246671
0.47578298750320425
0.7559903031093036
0.5928454038803128
0.7365391362540805
0.43528401535103267
0.9137133688579189
0.6795671171598769
0.9488008511519856
0.394156803160179
0.49577050546513846
0.5825827192127786
0.9456378161006924
0.4952823727107223
0.028417651652588916
0.46261880324523563
0.7671853708885763
0.6255499937431139
0.879161815380705
0.5162285699604698
0.2099969428696138
0.36422618423704733
0.09882570791108236
0.5093379422276882
0.9525142263246815
0.5594358180929824
0.369581102375129
0.7726577898300029
0.7271414476923219
0.23293194076463308
0.18488028004428259
0.6257670285115076
0.46243588236075794
0.1688475929468627
0.3890753107249765
0.25174321091860374
0.5574022231351492
0.05964151172949084
0.3579869705868184
0.2226673747541721
0.538499798716412
0.987771186767719
0.47980131927345315
0.901325694320021
0.6465062212826842
0.835047863069776
0.5029739273158693
0.18130813146412272
0.3536830257728525
0.083098115371679
0.5347053250346114
0.10682081625640283
0.332508060072751
0.07434478415594281
0.5653350385652862
0.27862916793664283
0.44386901566222736
0.41669788355181403
0.1111002275420141
0.4474718638716588
0.6033146319852736
0.0958925431502955
0.2727874554741905
0.8983399709722559
0.855996311495602
0.2516565456707909
0.09030465218630823
0.6295748231430927
0.5738912202118636
0.767635665725483
0.5150061024983437
0.3148201145633909
0.6031562610150609
0.2277858292464643
0.3007902728242082
0.8448772608726092
0.8499244416339335
0.30578370188064685
0.23846806753411354
0.6155717443109743
0.3625527749675048
0.686075501371576
0.5223096580081057
0.4363721543354795
0.13362219667796982
0.41623331222696347
0.41901077561270217
0.15040224329383856
0.4303109488450918
0.47402777246708516
0.4272447262288319
0.13459491806251966
0.4250404654149255
0.4627203007343136
0.37111106611822975
-0.12389263698114633
-0.22775804743203837
0.21998813055342353
0.12056654424063168
-0.36161979339502964
-0.41823356083791197
-0.2010889945213939
0.5469996835097801
0.4572067577679364
0.21943565980979418
0.4348625645234321
0.4286199148546893
0.18083857628329658
-0.572212372825305
-1.5694236096599463
-2.801985003820865
-4.562137059805896
-6.534285826622221
-8.625508983131459
-11.111878180564169
-13.23813502306278
-14.808896779377015
-16.898992343512546
-19.31935581483027
-21.234736491764224
-22.59563459549676
-24.271471439115267
-25.395327507406233
-26.178674878227238
-26.45998748600163
-26.602726884298555
-27.080560431934682
-27.288319585954596
-26.955104391070734
-26.776948149097773
-27.14786825064359
-27.07255749521834
-26.752001315369466
-26.988443396753386
-27.265298054800812
-26.98768173091362
-26.753136316434595
-27.0755250485221
-27.143385871389793
-26.77458209279738
-26.956189415801568
-27.28920462410136
-27.081992473372033
-26.600333274358682
-26.44703829229074
-26.11177951554702
-25.416671916414177
-24.443059079473503
-23.27437746980494
-21.555175035941062
-20.025240246144556
-18.407334432504477
-16.48311551183496
-14.499911671381538
-12.516398680779366
-10.590179571341709
-8.962969122369227
-7.464200491719555
-5.841187505317468
-4.686260777995208
-4.044298643691323
-3.249285441247512
-1.8972355522492113
-0.8803848268256087
-0.24387283919213876
0.9492687032997187
0.3169782233548699
0.17624877986082033
0.5372220408348272
0.027288069609236576
0.4223131125943941
0.5561035587278281
0.8822149003778635
0.5839601190523167
0.5661241666107224
0.773121822173217
0.5312936712331409
0.3982889904031848
0.9330372488303258
0.6953013334146583
0.9820321224200401
0.3315169802385167
0.19544192117631232
0.5347345607605638
0.9946353817494964
0.4733088113800701
0.8590003708171776
0.6761220759120259
0.9913426967656309
0.3368489386102844
0.20621189359696013
0.5394827872656509
0.009530367050085253
0.4462415930885284
0.6983558375645791
0.4784422952897911
0.18330729435733906
0.3793259051249973
0.19230636736014484
0.4844448748973218
0.7222270788267569
0.5085918107975316
0.3250132767097107
0.6451275163181076
0.40566492550079225
0.8550256579334996
0.7444811099967583
0.1906439916223217
0.11805654052225512
0.6691342240889149
0.7068847641505633
0.2813623702447776
0.30957795151423895
0.8193267390828548
0.8341012690368563
0.32993908460206267
0.3375343348883897
0.8702357470565106
0.8084382455275692
0.26655282971323846
0.1706351435921445
0.5855105184045555
0.2854800194925451
0.44219156963951267
0.40099323220340555
0.03519239907852589
-0.45278053739219365
-0.7778993034068651
-1.6515236266486515
-2.9789184179802897
-4.379883168041662
-5.399228242050597
-6.088970646203096
-6.483282973644397
-6.819193234977006
-7.660326222201645
-8.972396386358415
-10.380595559468466
-11.408995208466584
-12.135953327343833
-12.44286879586657
-12.554091809295057
-12.851012370237356
-13.59649781912248
-14.659409416449607
-16.191536571762224
-17.20378328846931
-17.682309501705646
-18.66825115478628
-20.139354492883566
-21.18269300369023
-21.71806372640881
-22.799299662023454
-24.411066633346877
-25.727514152509283
-27.595453705024564
-29.77780957872651
-32.50872569046381
-35.2701664216694
-37.479030602677305
-39.61471405008087
-42.11802485663844
-44.24508256418902
-45.81536383567223
-47.896366182041184
-50.314992917162755
-52.22238165924132
-53.58109419917672
-55.21151353477949
-56.30109809184632
-56.862104190646356
-57.84758696890667
-59.288638653621106
-60.18898336177992
-60.57272366771682
-61.20223146804075
-61.29959924328046
-60.866756546222206
-60.84766639252701
-61.28398512281636
-61.175913132171516
-60.57007005747263
-60.20162590064184
-59.301672200579375
-57.873777582903664
-56.84278503354477
-56.27682407873094
-55.16171377139474
-53.57309042625916
-52.231385884657286
-50.336444506197246
-47.9646267186123
-45.71559862920594
-44.01065066596696
-42.26845318879797
-39.97295343306861
-37.7716616883646
-36.12226076469679
-34.08580871743525
-31.76336640011562
-29.996003061534605
-28.24262753714954
-25.932807249824336
-23.851237341352633
-22.21776500875095
-20.038636813533497
-17.725604114380396
-15.9630824017867
-14.328616680629661
-12.203697070503607
-9.545143437219119
-7.042481684866663
-4.392893313601862
-1.3960937355337482
0.9390881876853476
0.4822949129734537
0.9636615663408512
0.5711105815114497
0.41924796470990877
0.9967246298612502
0.5856642813119741
0.4601602704736347
0.1966688663328089
0.40711734423465806
0.3106183806480596
0.6969952353342648
0.6098067483116099
0.877168965063988
0.5330152451938774
0.3035879213345538
0.548396723526285
0.9599955966324591
0.510140184219777
0.09575141023819267
0.3660867470166975
0.22110358448042922
0.5282342628857006
0.9336673469418235
0.5646014701647291
0.41548294181967416
0.9842630243718462
0.6080328142696483
0.5815426431858897
0.8281283671158914
0.5659759858060305
0.5281826041807678
0.5885136551885237
0.942917576227754
0.4928540942171109
0.017788344390740285
0.4805929315714872
0.8756409821457014
0.662987881014586
0.9261813957918994
0.43857568005084957
0.7412822427187082
0.6001956592632167
0.7870840984144039
0.515961681528526
0.3006115460711687
0.5561480333369246
0.004151498044965507
0.4376263672885221
0.658339062561673
0.34623766159671465
0.5758661420924538
0.06108386076032435
0.3377182950855966
0.1397957431593344
0.5131207687435833
0.9323164845176244
0.5813283510551743
0.5027621486343854
0.43386298113301436
0.14008905031345176
0.41690804729805375
0.4159378600733783
0.13424037276783274
0.43646226875153094
0.522162274879582
0.6851798060971719
0.3596750929329753
0.6042379426144038
0.18810453988932174
0.25652515537829323
0.7683715702144251
0.8335532380711133
0.38076239576590787
0.548599395230223
0.8839031369473096
0.5904564824271255
0.5968357620928169
0.9216124451022587
0.5097871279317285
0.13219517311680384
0.34331619971342775
0.09043167906869165
0.5377943917503902
0.11619772588810129
0.32308834188809943
0.030648948025614686
0.631600022623394
0.6424303921850392
0.08784114369507101
0.24118070707968986
0.8383329857948327
0.9089120866427383
0.28117732471533774
0.10705410668483939
0.585863606532449
0.3508282191119294
0.6668460903796034
0.4655904300176319
0.14483732503472346
0.38428365002668485
0.25347433261048424
0.5657554365371209
0.10168878283576488
0.3054375128186666
0.9855965417619654
0.7160988887032032
0.9910541925091874
0.29730333838254275
0.07093335813695711
0.6044345501721136
0.47778497053202695
0.27363501624183373
0.5185737630013705
0.8283732181425918
0.6290299939393806
0.8334215518367332
0.5200714367466288
0.27678528447238904
0.4843270197439624
0.63710194186707
0.21254901548043392
0.24630488854518662
0.7231685859518879
0.7491773287071535
0.3322209306272743
0.4309168435741446
0.29534314671268547
0.6251815608567819
0.349357447118511
0.6215584309058781
0.2790389306922094
0.38872355777502454
0.13990521065887074
0.4620899435840773
0.6528406242276967
0.30001977411633884
0.41744160492846916
0.2586944843980951
-0.45626394355736016
-1.020065529538424
-1.513823663785073
-2.0559038102719223
-2.406319342855917
-2.4474605816094273
-2.3080355959214462
-1.6481942832523684
-1.4352659255526339
-1.0019638919200433
-0.5617884109992266
-0.3324806879330866
0.38072501809801274
0.7144627834552113
0.5914142056043454
0.7710111667334196
0.5028032681318746
0.24440630069323221
0.42931104273203013
0.3748590824766769
0.9261701352658828
0.7267172049673194
0.0783566231365338
0.16669343996283947
0.7725706268527748
0.9298979856687404
0.324725440599551
0.2227890442432312
0.5719320544351528
0.1643531277328223
0.2784609357263364
-0.15559057847767033
-0.127764560986737
0.30073201853493614
0.20024721040948207
-0.43028304133534095
-0.8245329535533383
-1.7158511731917643
-3.151438405713811
-4.133428237723352
-4.701232777903962
-5.800133444946706
-7.428668307186685
-8.815817114013937
-10.713051533580506
-13.152384512986671
-15.136206031080906
-16.699404507074902
-18.791733925283694
-21.422063912808746
-23.790389284077545
-26.69791599580787
-30.132922090843056
-33.15492957559133
-35.716356784743276
-38.82242705303609
-42.42884893857768
-45.794454692323164
-49.695513985312154
-54.12129030459628
-58.1624654260481
-61.72874714672234
-65.84711202151185
-70.42200035623141
-74.73468778962192
-79.60184144783899
-84.80160849267281
-90.52938754097438
-96.3594395028026
-101.75903519899718
-107.71477581532193
-114.21397164556585
-120.1703370497419
-125.63799534735165
-131.53035583852446
-137.52831876116093
-143.62487517803376
-150.115010943512
-156.23673929586735
-161.80335775986094
-167.89600568803186
-174.3272807009041