1
0.40677966101694896
0.7431746316788925
0.20677649224192018
0.5477210877796359
0.9262730754482207
0.3617196344528413
0.6999440188375419
0.1592468330097505
0.5113705330133533
0.8725829231845386
0.3251838151456483
0.6644050688973684
0.11297636053920579
0.47856794734537655
0.827065664153736
0.28825008755091686
0.6257699854963841
0.05375602929877399
0.4395502719320905
0.7781391110839908
0.24206704874037754
0.5788291638325627
0.9761076001554532
0.3924282449183676
0.7290957303853856
0.1919904764725704
0.5359254824787401
0.9083574300524315
0.35011880516285254
0.6889288315451743
0.14580353932298884
0.5016798742454798
0.8589000836111476
0.3147836292180086
0.6537463896929119
0.09744935185912063
0.46797352540843473
0.8130490818328793
0.27558783446112267
0.6124446254327998
0.03195801941765941
0.4260764577283598
0.7631596513003369
0.2271318074364883
0.5650920767561407
0.9536863806511784
0.37881088231655813
0.7160851150079324
0.17780340796802419
0.5250747017512765
0.8923228736822528
0.33928995161116404
0.6784505596985635
0.13228409939706243
0.49206121289043914
0.845489930036023
0.304005012742552
0.6424561461186076
0.08025282592263983
0.4565335578906502
0.79847180253629
0.26187452699507663
0.5983075153057404
0.008480036267210167
0.4118717376600429
0.7483088296657723
0.21206268810515416
0.5520927010754728
0.9330567542989665
0.3660101810655707
0.7039928561549806
0.16401668684141857
0.5148499656982226
0.8775459870937494
0.32882195438854867
0.6680721282095865
0.11814595904768144
0.4821476649716403
0.8318974331226063
0.2924828450305035
0.6302533714297203
0.06097770422858506
0.4441046150924015
0.7834288001538479
0.2472787044607836
0.5838232657651408
0.9843689372807174
0.39739936552068933
0.7339175509335056
0.19711019755376746
0.5399448872518313
0.9144010498998159
0.3540823518782137
0.6927097213796996
0.15050072563811678
0.5050495418048924
0.8636373137233131
0.31844961229877056
0.6575331285738606
0.1030494916452831
0.4717668975846119
0.8180160960389016
0.28013824923378383
0.6172124766778815
0.03980705006029428
0.4308869772542221
0.7683978886774552
0.2323830026331577
0.5698233822423673
0.961347784812254
0.38349089102906486
0.7205313546661922
0.18271947107297049
0.5287919761359208
0.89777263187875
0.3430266373538995
0.6820942353167192
0.13707134319427317
0.49545361967743573
0.8501992865298029
0.30785840546818655
0.6465147429803642
0.08651489097657805
0.460661680391659
0.8036572760956833
0.2668091295825654
0.6033464864119884
0.016872174610514712
0.41692539093144565
0.753495963482431
0.21735977510713766
0.5565678632230577
0.9400834289249493
0.3704080057744279
0.708141158373238
0.16881992642565713
0.5183817292888107
0.8826162441707712
0.33247256859015284
0.6717204223499127
0.12319963214824625
0.48567139073244947
0.8366957406063336
0.29661639991323785
0.6346357382272647
0.0679692217379797
0.44856517780981187
0.7887258042293881
0.2524598176626416
0.588885083394777
0.9927791835878639
0.40244795532575495
0.738870724177032
0.20230627823576164
0.5440921457383123
0.9207022446234874
0.35815822555948706
0.696576810273134
0.155213469177498
0.5084470634682452
0.868435136377296
0.3220908556980655
0.6612625319394057
0.1084751891397846
0.4754721232266266
0.8229243381825198
0.2845672226974427
0.6218774593733154
0.04743573811206225
0.43560477976888823
0.7736517770333822
0.23761937230279528
0.5746480533875862
0.969229589682979
0.3882743854495607
0.7251009422799515
0.1876964918093762
0.5325999801382788
0.9034014659948435
0.34682369583877115
0.6857657069834406
0.14180179214336297
0.49882058618428626
0.8548958578083061
0.31162783230051305
0.6504625675474673
0.09252162269600328
0.4646624642792083
0.8087649829722696
0.2716104648471491
0.6083039196826392
0.025106647009250693
0.42190725690288877
0.7587105298093781
0.22264711430770134
0.5611355028135612
0.9473383760789307
0.37490600268542273
0.7123888404704823
0.1736568717948419
0.5219702769007788
0.887804134732344
0.3361431227442857
0.6753573723608997
0.1281476049175203
0.48914337412512654
0.8414605767713699
0.3006503387601853
0.6389096072410747
0.07471533669594077
0.4529202022703258
0.7940081220898081
0.25758343565697306
0.5939793020231665
0.0012650201072190725
0.407538732761378
0.7439345897033143
0.2075619509594162
0.5483649789340257
0.927267220381478
0.36235143070319076
0.7005405982423663
0.15995498679625397
0.5118855047267312
0.8733155909563513
0.32572509450742615
0.6649526492001965
0.11375399488812032
0.47910478526615297
0.827787384348549
0.2888867543323923
0.6264438223323712
0.05484555532614532
0.4402341082918819
0.7789257728231984
0.24284431655787042
0.5795675733417225
0.9773262362650719
0.39316261467596547
0.7298050140325079
0.19274773507915244
0.5365161127542506
0.9092417523380143
0.35070236991637493
0.6894870206692953
0.1465028034954421
0.5021805582641419
0.8596027050686852
0.3153319352983708
0.6543147333360937
0.09829558398306526
0.46854468352548717
0.8137930354023399
0.2762736464277751
0.6131612909532764
0.03314079394118252
0.4267988431629912
0.7639389162190455
0.2279149432603349
0.5657908988315288
0.9548133484509271
0.37950141673620097
0.7167399073801408
0.1785321875012187
0.5256231728399456
0.8931242593815827
0.3398433492541635
0.6789921707299889
0.13300155284974124
0.4925686060915573
0.8461927042475301
0.30458470042348385
0.6430679022108716
0.0812020178110151
0.4571564389454428
0.7992484708726055
0.26261721689946693
0.5990618975225517
0.009737271643597722
0.41262768725006405
0.749078637813285
0.21285140931677038
0.5527528712818608
0.9340881179719407
0.36665847812371144
0.7046043171106362
0.16472985423294118
0.5153724828231554
0.8782939847124687
0.3293646100828749
0.6686164122794516
0.11890559819434188
0.4826758228016592
0.8326140582766934
0.2931046558239725
0.63091251643698
0.06203374547269558
0.44477502559321835
0.784217558049431
0.24805271725519873
0.584573451978065
0.9856134020786305
0.39814696317303744
0.7346471705293018
0.19787938932951787
0.5405543086651692
0.9153227301911411
0.3546819547109523
0.6932797736278582
0.15120109961349826
0.5055533303684925
0.8643473239871189
0.318992919148414
0.6580916292166079
0.1038677561990955
0.472323820592218
0.8187503607070865
0.28080516013037027
0.6179135598675232
0.04095699005557929
0.4315952776938077
0.7691791264782655
0.2331635679765438
0.5705358172292849
0.9625075191981798
0.3841965588598395
0.7212036955471217
0.1834563908259943
0.5293528590258196
0.898598718706139
0.3435877369528111
0.6826386923545229
0.13777873210694036
0.49595620824667663
0.8508989990410982
0.3084246570488114
0.6471093648970745
0.0874251431199613
0.4612654060190786
0.804423000304773
0.26753282850806226
0.604090501893702
0.01810973841634045
0.41767242728660303
0.7542712168324484
0.21814811320680416
0.5572423797799535
0.9411496109564301
0.37107159562596737
0.7087673575003428
0.16953802486039793
0.5189123767502763
0.8833810480550315
0.33301770323352287
0.672262544204385
0.12394290470200708
0.48619159846344306
0.8374074246783902
0.29722344637258447
0.6352792511848784
0.06898975428577536
0.44922071959908116
0.789513981433589
0.2532272007321712
0.5896426399694699
0.9940401106373515
0.40320437854542
0.7396184491082487
0.20308569803721088
0.5447206499464603
0.9216631916580764
0.3587752154576167
0.6971607916779934
0.15591752314145957
0.5089562578295208
0.869156217756883
0.3226321264110923
0.6618141543558826
0.10927000997120562
0.47601734823743613
0.823651091639469
0.28521714198035575
0.6225636210353471
0.048553012591685984
0.4362996828062753
0.7744358204214445
0.23839815878332615
0.575374686425405
0.9704219977954882
0.38899573721210334
0.7257927151668098
0.18844372451442037
0.5331758898003243
0.9042569783983228
0.34739559470204995
0.6863161491734622
0.1425030162234302
0.4993208889403098
0.855595474458057
0.31218304091260496
0.6510418091730181
0.09339549810169823
0.4652477692995314
0.8095186557100411
0.27231357517105526
0.60903383999908
0.026316404849375807
0.4226416499941219
0.7594883926718083
0.22343288778003512
0.5618232108583014
0.9484376455153858
0.375584140998777
0.7130300505744778
0.17438024711985634
0.5225099186273787
0.8885875478811465
0.33669196316218386
0.675898503114226
0.12887603712160178
0.4896562365768311
0.842167249576786
0.3012424783720222
0.6395362749704636
0.07569797695236025
0.45355884905758326
0.7947917991729025
0.2583395031159603
0.5947380040567365
0.0025297331153346647
0.4082977608968723
0.7446963278675751
0.20834816012156931
0.5490114270138824
0.9282670544478646
0.3629857594570103
0.701139400903064
0.16066388880752136
0.5124015589391422
0.874050439417428
0.326266498513724
0.665499653198176
0.1145288214754352
0.4796402654799399
0.8285083092418353
0.2895211778112339
0.6271155037407605
0.055930182403614914
0.4409159975403669
0.7797128497949066
0.24362124092221205
0.5803079254114785
0.9785491475071888
0.3938991431933969
0.7305173833991894
0.193506799382126
0.5371094645656183
0.9101314315221456
0.3512881846319358
0.6900468029597584
0.14720201858330118
0.5026815307866717
0.8603061661253086
0.3158792869741456
0.6548814071060762
0.09913734011715336
0.46911355224754736
0.8145354110107905
0.2769565283162647
0.6138756111640753
0.03431870699943573
0.4275191037584396
0.7647184306485877
0.22869764382647606
0.5664917004990369
0.9559451720908907
0.3801941582035733
0.7173971927859266
0.17926204351927755
0.5261733386022811
0.8939290530037121
0.3403977166775478
0.6795340312877958
0.1337172909337374
0.49307515397370993
0.8468948879765261
0.30516227984484656
0.6436770500574689
0.08214533662816237
0.45777648010906313
0.8000236587289842
0.2633572638340582
0.5998150608912367
0.010992255046783583
0.4133826348124905
0.7498495069633284
0.21364027666666718
0.5534152884070891
0.9351248136985235
0.36730912471694577
0.7052179784583716
0.16544375826627977
0.5158961725757276
0.8790443920233979
0.3299075681695811
0.6691603078004071
0.11966270805511448
0.4832027595381321
0.833329951414951
0.2937242751185871
0.6315694074952827
0.06308464846710393
0.4454433354407694
0.7850064384073288
0.24882599904321
0.5853250691809191
0.9868610105817373
0.3988962081339187
0.7353796794362826
0.19865026106465633
0.5411665904745293
0.9162501929582465
0.3552840958346084
0.693851797567909
0.15190189290678058
0.5060577975802312
0.8650587702493695
0.3195357517168431
0.6586489312536303
0.10468226352704502
0.47287885023824616
0.8194833728720867
0.2814694219783389
0.6186123750459447
0.04210204215020985
0.43230153631980506
0.7699607314447257
0.233943827111327
0.5712503427646056
0.9636721544696212
0.3849045409913021
0.7218788169412309
0.1841947131963666
0.5299158103221053
0.899428875322658
0.34415024002993233
0.683183829399129
0.13848494073254303
0.49645828049408536
0.8515984784970383
0.3089890871655485
0.6477015534634443
0.08832976455980468
0.46186630641729387
0.8051869506390221
0.26825351059998326
0.6048325980083269
0.019343573246369594
0.41841776031969546
0.7550469921735785
0.21893616542035677
0.5579189084562304
0.942220802482389
0.371737380989031
0.7093957576904508
0.17025686904191373
0.5194442958358514
0.8841484913605069
0.3335633020252944
0.6728044361591181
0.12468386301969137
0.48671066984223477
0.8381183622368458
0.2978282786546069
0.6359203293194646
0.07000478790888698
0.449873877604255
0.790301754319241
0.25399321312535417
0.5904007913991491
0.9953024590108144
0.4039616137925597
0.7403685549879679
0.2038663785967083
0.5453519283266208
0.92263000551622
0.35939482168149706
0.6977469506318561
0.15662225699335952
0.509466402101304
0.8698792043525876
0.3231733004434032
0.6623649658131652
0.11006166544869478
0.47656101689010333
0.824376890436914
0.28586467672566407
0.623247613442149
0.04966544493814995
0.43699264206817534
0.7752203294017308
0.2391767078614997
0.5761034325128489
0.971619159800408
0.3897194203366503
0.7264875117533827
0.18919265166289367
0.5337542585277872
0.905117292657736
0.34796937738880374
0.6868677730231871
0.14320368235885494
0.4998211006460127
0.8562953994801192
0.31273686616646446
0.651618983370666
0.0942642926421664
0.46583047780696596
0.8102705597890607
0.2730136099496949
0.6097614838815724
0.02752158591840992
0.4233739836283603
0.7602665195282874
0.22421819907628393
0.5625128506357391
0.9495417679080482
0.3762644310385541
0.7136735665107956
0.1751044886289348
0.5230510116014107
0.8893739398427651
0.3372414923399889
0.6764396147142417
0.1296024202159849
0.4901680764322709
0.8428731956492312
0.30183240653955234
0.6401603523879178
0.07667481144068589
0.45419481294502706
0.7955744479616058
0.25909346365023467
0.5954962936885846
0.0037938335511533694
0.4090565939954258
0.7454597350553891
0.20913502545503526
0.5496603863374097
0.9292725301336067
0.36362259645390704
0.7017404262659936
0.16137354087774103
0.5129187118690601
0.8747875071326141
0.32680805784997835
0.666046113690292
0.11530088989192677
0.48017441417083884
0.8292284561703844
0.2901533730585273
0.6277850227565918
0.05700988657720707
0.4415959272402912
0.7805003151644119
0.24439778266609835
0.5810501662540728
0.9797762062296023
0.3946377765665119
0.7312328292858286
0.19426766971085652
0.5377055718753099
0.9110265496070316
0.35187630386449165
0.6906082438342986
0.14790126540281978
0.5031828554442175
0.8610105601180544
0.31642575946926144
0.6554464832149132
0.0999747303380305
0.4696801905700849
0.8152762533901114
0.27763651764380315
0.6145875901275382
0.03549173946721851
0.42823724442247024
0.7654982062794966
0.2294799251228783
0.5671944973677652
0.9570818598013509
0.38088912229671346
0.7180570114348996
0.17999302125100813
0.5267252498687223
0.894737343605462
0.34095311220607005
0.6800761981567902
0.13443138421522072
0.49358089738701794
0.8475965206186624
0.30573778218049075
0.6442836018285378
0.08308279588928702
0.4583936689523538
0.8007973038529275
0.26409459233519117
0.600566880957943
0.012244729846334845
0.4141364557571403
0.7506213415117489
0.21442921145324245
0.5540799098480014
0.9361667868179522
0.3679620933531669
0.7058338362920644
0.16615839617483896
0.5164210471138284
0.8797972403611443
0.33045085172881583
0.6697038382861542
0.12041732197286059
0.48372848931771784
0.8340451130856112
0.29434170227676315
0.6322240208974339
0.06413036396346694
0.44610950876151967
0.785795375629931
0.24959846812968056
0.5860780113654647
0.9881115399695131
0.3996469945245287
0.7361150207069767
0.19942276783273272
0.5417817341310829
0.9171834734329787
0.3558888007361545
0.6944258355158217
0.15260315824295656
0.5065629922559491
0.8657717321960381
0.3200781741011518
0.6592050993986562
0.10549311239059822
0.47343204246770365
0.8202151817614249
0.28213107826464645
0.6193089391071762
0.04324221477005219
0.43300577063494927
0.7707427237946487
0.23472379842317448
0.5719669719561686
0.9648416877867956
0.3856148496265579
0.7225567614478534
0.1849344874426322
0.5304808896971038
0.9002632098916052
0.34471421750242337
0.6837297186933464
0.13919005882096425
0.49695989522926154
0.8522977957168913
0.30955175308683724
0.6482913526345411
0.0892288203387901
0.4624644032670744
0.8059491095054969
0.2689711478271768
0.6055726997148807
0.02057351262876006
0.41916131496269116
0.7558232325595058
0.21972388891749084
0.5585974267205127
0.9432969680413414
0.37240534731392927
0.710026366704485
0.1709764684202404
0.5199775068229942
0.8849186153415276
0.33410939270919293
0.673346124382427
0.12542254070141645
0.4872286178631373
0.8388285508748516
0.29843089273347534
0.6365589446644035
0.0710142683044026
0.45052460471001443
0.7910890313920618
0.25475774614054725
0.5911593930248438
0.9965659355702401
0.4047195164955326
0.7411209442746634
0.20464823733596127
0.5459859503775082
0.9236026693810448
0.3600170380364407
0.6983353025720849
0.15732769147161463
0.5099775253476073
0.870604152150827
0.32371442287931096
0.6629150136864326
0.11085022792160437
0.4771031701784778
0.8251017697565766
0.2865098582633747
0.6239294451665363
0.050773034220650715
0.4376836645854689
0.7760053066047212
0.2399550143532041
0.5768342771817079
0.9728210201907503
0.39044541979084
0.7271853552982379
0.18994330455565667
0.534335139152305
0.9059825139687654
0.3485451130590871
0.687420653656065
0.14390388354682582
0.5003212883344261
0.8569957236149919
0.3132893814302111
0.6521941561396329
0.09512810650769854
0.46641063813349914
0.811020718485916
0.2737105840228242
0.6104868258200276
0.028722115115637603
0.4241042327149276
0.7610448959058316
0.2250030429752199
0.563204423934675
0.9506507361476586
0.376946877105107
0.7143194148971652
0.17582962628516707
0.5235935922463646
0.8901633756788871
0.33779175292035557
0.676980747415389
0.13032680422963594
0.49067891819737874
0.8435784288163004
0.302420132843249
0.6407818265923184
0.07764581210754251
0.4548280572900947
0.7963559799455151
0.25984521310606645
0.5962540213111651
0.005057019166223586
0.4098150823955107
0.7462247003744531
0.2099224530938173
0.5503118102451015
0.9302835967906011
0.36426191567616417
0.7023436721595107
0.16208394289464145
0.5134369783019981
0.8755268305361787
0.32734980132543345
0.666592061430288
0.11607024641144204
0.48070725521485724
0.8299478394476456
0.2907833523528911
0.6284523695563748
0.0580846395608523
0.44227388121320077
0.7812881362526563
0.24517389608647022
0.5817942343302249
0.9810072706310486
0.395378453199422
0.7319513357275047
0.1950303399476443
0.5383044643206141
0.9119271827369142
0.35246677849995667
0.6911714059424838
0.14860062136053998
0.5036845943105808
0.8617159794060503
0.3169714271814166
0.6560100337019148
0.10080786448649759
0.47024465806218063
0.8160156093802104
0.27831365423706345
0.6152972353756161
0.03665987903927359
0.428953273572078
0.7662782577573817
0.23026180518934458
0.5678993061640496
0.9582234205445108
0.38158632545645244
0.7187194050582502
0.18072516772145475
0.5272789595492833
0.8955492240500331
0.34150959666911174
0.6806187309281388
0.13514390676417953
0.4940858801719821
0.8482976464941445
0.30631124273179644
0.6448875745936957
0.08401441712287072
0.45900799808622494
0.801569350141464
0.2648291335332207
0.6013172397570328
0.01349445121109305
0.4148890319797678
0.7513940505934853
0.2152181394726771
0.554746695188939
0.9372139841962557
0.36861735764853787
0.7064518876379005
0.16687376610995752
0.516947119096721
0.8805525614691556
0.3309944837627721
0.6702470268536971
0.12116947222128971
0.4842530253232804
0.8347595423186436
0.2949569351906418
0.6328763312633745
0.06517084026473974
0.44677350692133344
0.7865842989789118
0.25037003732751373
0.586832165339098
0.9893647543473574
0.4003992092892066
0.7368531303652612
0.20019685811002885
0.5423997359137491
0.9181225988816806
0.356496090003926
0.6950019257176296
0.15330494346476664
0.5070689603420413
0.8664862863093856
0.3206202478262927
0.6597601961714958
0.1063003982204207
0.47398345154458377
0.8209458354610464
0.2827901715911647
0.6200032688455996
0.04437751694060443
0.4337079978705638
0.7715251226862778
0.23550349832593032
0.5726857153829112
0.9660161111361523
0.3863274944430488
0.7232375702317755
0.1856757615969684
0.5310481568963212
0.9011018317449393
0.345279741065629
0.6842764338463696
0.1398941777827316
0.49746111325235054
0.8529970254674333
0.31011271531065443
0.648878810498196
0.09012238212491752
0.46305972296340703
0.8067094660541752
0.2696857192528528
0.6063107398360537
0.02179940451196849
0.41990302405702895
0.7565998875907864
0.22051124679342582
0.5592779157257894
0.9443780763015701
0.3730754827707554
0.7106591948884096
0.17169683522376777
0.5205120320272572
0.8856914640707074
0.33465600470366086
0.6738876364907453