0
0.1515151515151516
0.19931527159622506
0.12619350942473254
-0.0376324974404936
-0.17163225851751748
-0.19343398928645647
-0.09586922588354728
0.07383628160147694
0.1865689657082838
0.18195669850073556
0.06148049887138966
-0.10696595718786135
-0.1961379198780989
-0.16520792164890855
-0.024600265721355236
0.1356093321116103
0.19999015616783006
0.1432811374023066
-0.013184888969964559
-0.15911506504289788
-0.19792306807980126
-0.11616253638334079
0.050494209824618635
0.17742986342430556
0.19004979061504204
0.08427224132105549
-0.08581666818900491
-0.19053091488056897
-0.17670664732988378
-0.04882259854813836
0.11750982723232536
0.19814582372463568
0.15815612841742624
0.011460856242954454
-0.1443951788852534
-0.1999428382285245
-0.13441235996615525
0.026313685010720095
0.166084556478602
0.1958232299494306
0.10554375942850347
-0.0631167281526098
-0.18259698875963112
-0.1860018718008336
-0.07223861095220277
0.09735158161111049
0.19382700623119345
0.17082689135601412
0.03593476560610337
-0.12746153976754163
-0.19944457974239788
-0.1504733876712399
0.001727191615529533
0.15254604473161104
0.1991736640634983
0.12491491951709387
-0.03932731499392776
-0.17242689200430272
-0.19302931356325265
-0.09437828167436234
0.0754275147091951
0.1871249195624834
0.1813054850943131
0.059839094033588086
-0.10837866161287882
-0.19644067833868223
-0.16432053830857968
-0.02288501680769911
0.13679549454032683
0.20002509043928002
0.14215620856279101
-0.014907964816998048
-0.16006319897767404
-0.19768818030281549
-0.11480515278285935
0.0521617278552467
0.17814228230657303
0.1895572941503959
0.08272032156285829
-0.08735345007590596
-0.1910006299183188
-0.17597264730984025
-0.0471470531766206
0.11884695081559013
0.19835642109313675
0.15718637950818387
0.009735993863195458
-0.14549832998435985
-0.19988314259618023
-0.13320460000249643
0.02802513804316764
0.16695044835750636
0.19549664225402547
0.10411217418521952
-0.06474761637967753
-0.18322633148757278
-0.18542366987940628
-0.07063466659266553
0.09882521837581486
0.1942083271580511
0.17001079261133134
0.03423426698227855
-0.1287189662734059
-0.1995615725112072
-0.14942074671868638
0.003454259171341928
0.1535660746709738
0.19901977456898717
0.12362581806589651
-0.041019069107627815
-0.17321078835157067
-0.19261301654561974
-0.09287888277286205
0.07701214737323958
0.18766970041529835
0.1806433715692074
0.05819267875374157
-0.1097817708594187
-0.19673147242813877
-0.16342240003267244
-0.02116807340928839
0.13797082827866194
0.2000476366254823
0.1410203973926163
-0.016629955632259552
-0.16100053965466715
-0.19744118770112457
-0.11343775507866731
0.05382499226302391
0.17884388917416605
0.18905346212841584
0.08116106314128187
-0.08888243719944323
-0.191458898396097
-0.175227875132552
-0.045467731542221695
0.12017383673274804
0.19855483524883083
0.15620580868565315
0.008010428243287626
-0.14659058952338436
-0.19981107679458898
-0.1319860771705041
0.0297344866375851
0.16780560189408533
0.19515819122641237
0.10267131125596173
-0.06637299782822399
-0.18384470099108546
-0.1848343910040226
-0.06902461310049403
0.10029000912690954
0.19457791515114864
0.16918396304786226
0.03253114738187013
-0.12996574833274954
-0.19966623536992528
-0.14835722319107303
0.005181078479915557
0.1545752494089291
0.1988536219447754
0.12232625692056415
-0.042707608977760575
-0.173983942681498
-0.1921851358819054
-0.09137116614568014
0.07859001780467798
0.188203274482884
0.1799703795600543
0.05654141761373496
-0.11117518713801819
-0.19701027010430783
-0.16251349962299994
-0.01944956923679869
0.13913531714713523
0.20005779187268674
0.13987371106265925
-0.01835073223470135
-0.16192709622705057
-0.19718211869821592
-0.1120604260618997
0.055483841547044055
0.17953466771681115
0.18853833072131582
0.07959462224300681
-0.09040348225366696
-0.19190568276184064
-0.1744723410522435
-0.043784790076073415
0.1214904186677841
0.19874104250462957
0.15521440641147388
0.006284285095762093
-0.14767195802865643
-0.19972664988580988
-0.1307568195930871
0.03144159101820687
0.16865002066485685
0.19480791196671793
0.10122128431725036
-0.0679927067093011
-0.1844520703158501
-0.18423406518813118
-0.06740861561875508
0.10174583035780063
0.19493573369542597
0.16834640215527413
0.03082555093833625
-0.13120184890470005
-0.19975855526554828
-0.14728281278376726
0.00690752509883516
0.15557357760479099
0.1986752264010416
0.12101629182966535
-0.04439278218847155
-0.17474634866984862
-0.19174570930326265
-0.08985527179817004
0.08016096551217217
0.1887256072212741
0.17928652927279107
0.05488547452039738
-0.112558816751886
-0.19727704024585963
-0.161593829205376
-0.017729636644654184
0.1402889476258772
0.2000555548947876
0.13871615903337153
-0.02007016431521827
-0.16284287745308224
-0.19691100278361334
-0.11067325266670654
0.057138113194224724
0.18021460013066437
0.1880119355499902
0.07802115683514689
-0.09191644057167152
-0.19234094532732252
-0.17370605381924115
-0.04209838373627228
0.12279663435010052
0.19891502046176068
0.1542121633696387
0.004557689551591443
-0.14874243758019356
-0.1996298724571747
-0.12951685868269602
0.0331463097780485
0.16948370713969577
0.19444584017073363
0.09976221084512368
-0.06960657733692308
-0.185048411300322
-0.18362272133466684
-0.06578683967775333
0.10319256221060576
0.19528174675212595
0.1674981082071687
0.02911762011556049
-0.13242723441645127
-0.19983852064400634
-0.14619751250196716
0.008633474205134661
0.15656106836225647
0.19848460949422464
0.11969598250353616
-0.04607443475574771
-0.1754979985189728
-0.19129477454119836
-0.08833134262843738
0.0817248314860138
0.18923666340408926
0.17859183945550933
0.0532250125708737
-0.11393257012448255
-0.19753175270956103
-0.16066338033206573
-0.016008406711540357
0.14143170871671298
0.2000409259751242
0.1375477531972228
-0.021788120344314543
-0.16374789158556824
-0.19662787046010155
-0.10927632595966766
0.058787643800088135
0.18088366713829773
0.187474311603533
0.0764408264834876
-0.09342117028243008
-0.19276464835160376
-0.17292902069654265
-0.040408665946425726
0.12409242550634075
0.19907674804598055
0.15319907060099228
0.0028307662819789525
-0.14980203166280476
-0.19952075660597046
-0.12826622925217748
0.0348484998522573
0.17030666261312627
0.194072012057759
0.09829421202621169
-0.07121444430023552
-0.1856336946334933
-0.18300038717578687
-0.06415945102027774
0.10463008857126395
0.19561591883229817
0.16663907832590424
0.027407495728016845
-0.13364187465625202
-0.19990612146698544
-0.14510132080939378
0.010358800471774648
0.15753773109295502
0.19828179409252997
0.1183653926681919
-0.04775241118204515
-0.17623888293717854
-0.1908323692444261
-0.08679952427455863
0.08328145838101385
0.18973640720203858
0.1778863273748414
0.05156019392629235
-0.11529636181670855
-0.19777437838481166
-0.15972214408923957
-0.014286009328304317
0.1425635918023378
0.20001390696608423
0.13636850801852796
-0.0235044674868084
-0.16464214626619053
-0.19633275318820037
-0.10786974111885861
0.060432269198145816
0.18154184801433187
0.1869254931603468
0.07485379216909524
-0.09491753246118093
-0.19317675412396024
-0.1721412474827443
-0.03871578854490185
0.1253777378032942
0.19922620554110365
0.15217511964072766
0.0011036396227336598
-0.15085074501758647
-0.19939931592176113
-0.12700496961953592
0.03654801650165562
0.17111888714171367
0.19368646429636577
0.09681741265918373
-0.07281614263959643
-0.1862078899165175
-0.18236708921657335
-0.06252661543102363
0.10605829715492064
0.19593821506816747
0.1657693085534793
0.025695316971034915
-0.13484574266045926
-0.1999613492264013
-0.14399423777723014
0.012083377946957297
0.1585035753831069
0.1980668043387393
0.11702459011020785
-0.049426554521573046
-0.17696899112444756
-0.19035853089528992
-0.08525996495556502
0.08483069069749015
0.19022480226389504
0.17717000879805145
0.049891179694202176
-0.11665011053377619
-0.19800488924542084
-0.15877011120921158
-0.012562573292691559
0.14368459050304058
0.1999745012865093
0.13517844067020202
-0.025219071524114733
-0.16552564842491324
-0.19602568332792425
-0.10645359740251073
0.06207182459739602
0.1821891206165348
0.18636551371116183
0.07326021610405721
-0.09640539127279855
-0.19357722504602037
-0.17134273854134746
-0.037019901744871464
0.1266525207822116
0.19936337461988746
0.1511403026585563
-0.0006235662994739377
-0.15188858349420528
-0.19926556546630364
-0.12573312170616258
0.03824471330670898
0.1719203794876486
0.19328923392824127
0.0953319410468605
-0.07441150802583917
-0.18677096572790614
-0.18172285268297725
-0.0608884985708921
0.1074770795813614
0.19624860128223265
0.16488879392836187
0.023981221460868618
-0.1360388145951072
-0.20000419695656485
-0.14287626523289815
0.013807079936966893
0.15945861086359342
0.19783966561029107
0.11567364671227615
-0.05109670645607062
-0.17768831076444713
-0.1898732967260398
-0.08371281530680966
0.08637237495960423
0.190701811798624
0.17644289798098495
0.04821812982021004
-0.11799373912187258
-0.19822325839860877
-0.15780727218723203
-0.010838226410342572
0.1447947005314244
0.19992271391689465
0.13397757116698378
-0.026931796784608553
-0.16639840418466392
-0.1957066940778765
-0.10502799810725401
0.06370614472739976
0.1828254614221913
0.18579440588429025
0.07166026154712664
-0.09788461410761888
-0.19396602371286725
-0.1705334968364498
-0.035321154105185604
0.12791672778488072
0.19948823837231772
0.1500946126012228
-0.0023507274396836197
-0.15291555390435124
-0.1991195217510167
-0.12445073112811215
0.039938442172094926
0.17271113706859825
0.1928803582902936
0.0938379288793406
-0.0760003769419597
-0.18732288969199407
-0.18106770147427176
-0.059245265816856546
0.10888633144030366
0.1965470440539745
0.16399752856813676
0.022265345284240068
-0.13722106963243955
-0.2000346592440716
-0.14174740690826027
0.01552977889320295
0.16040284708372624
0.19760040447660665
0.11431263847918118
-0.05276270738085369
-0.17839682802276507
-0.18937670363524833
-0.0821582282103707
0.08790635989031258
0.19116739865834687
0.17570500766201072
0.04654120298920458
-0.11932717455476341
-0.19842946013122553
-0.1568336174025897
-0.009113095601447047
0.1458939195455658
0.19985855139236836
0.13276592249467062
-0.028642506082536406
-0.16726041877147216
-0.1953758194117443
-0.10359305051597643
0.0653350639903592
0.18345084556952773
0.18521220137343553
0.07005409262004614
-0.0993550717092268
-0.19434311299287096
-0.1697135239748068
-0.03361969251207739
0.12917031587183314
0.19960078133133785
0.14903804333701953
-0.004077719706757077
-0.1539316638767303
-0.198961202711953
-0.12315784728001443
0.04162905334200191
0.17349115591387948
0.19245987493521155
0.09233551110852789
-0.07758258686646674
-0.18786362855036265
-0.1804016581202626
-0.05759708210804507
0.110285952346411
0.19683351078406916
0.16309550575781964
0.02054782305697414
-0.13839248982286523
-0.20005273223544273
-0.14060766858681584
0.017251346304064163
0.16133629338899222
0.19734904865364367
0.11294164555395994
-0.05442439650086517
-0.17909452755128027
-0.18886878810466898
-0.0805963586211667
0.08943249658222514
0.19162152542183258
0.17495634906207097
0.044860556536499646
-0.12065034791052417
-0.19862346995319421
-0.1558491372437646
-0.007387307012427069
0.14698224700104967
0.19978202179342958
0.13154352073490425
-0.030351060665906288
-0.16811169643023205
-0.19503309401227492
-0.10214886583537736
0.0669584166195874
0.18406524690396078
0.18461893086837394
0.06844187412532175
-0.10081663829376049
-0.1947084561060331
-0.16888282025422868
-0.031915662171622006
0.13041324573307383
0.1997009894960699
0.14797058980194278
-0.005804418835749503
-0.1549369217139586
-0.1987906276822295
-0.12185452341122437
0.043316395426239426
0.17426043062699448
0.19202782155069328
0.09082482581449396
-0.07915797645762547
-0.18839314823590803
-0.17972474374349218
-0.05594411179865981
0.11167584598394166
0.19710796975602407
0.16218271804367765
0.018828787991305745
-0.13955305996279646
-0.2000584136425413
-0.13945705824946014
0.01897165259231612
0.1622589588030375
0.1970856269556686
0.11156075222405287
-0.05608161193640787
-0.1797813924985601
-0.18834958611684532
-0.07902736338949044
0.09095063866368248
0.19206415447821196
0.17419693189093305
0.043176346369181495
-0.12196319433861952
-0.19880526463819376
-0.15485382223735994
-0.005660986132001111
0.14805968400230812
0.19969313473441905
0.1303103951850496
-0.03205732017374613
-0.16895224034624007
-0.19467855320283062
-0.10069555912333876
0.06857603684372611
0.18466863802892525
0.18401462398881985
0.06682377136621297
-0.10226919166033084
-0.19506201670064457
-0.1680413847182622
-0.030209206612840878
0.13164548159174017
0.19978885035257316
0.14689224814712398
-0.007530700261253742
-0.15593133625170472
-0.1986078173618689
-0.12054081669383455
0.04500031543718337
0.17501895435454795
0.19158423587757184
0.08930601406415414
-0.08072638573781951
-0.18891141394923144
-0.1790369780266549
-0.05428651851831877
0.11305592014098252
0.19737039019516367
0.16125915733237575
0.017108371971400693
-0.14070276745882876
-0.2000517027457781
-0.13829558621836208
0.020690567018555428
0.16317085191413902
0.19681016924425007
0.11017004691728255
-0.057734190838191424
-0.18045740452615497
-0.1878191330737825
-0.07745140108068328
0.09246064245939663
0.19249524811062363
0.1734267643597171
0.04148872689788835
-0.12326565301758668
-0.19897482226160446
-0.15384766318052412
-0.003934257910956002
0.1491262331536859
0.19959190134969007
0.12906657847270958
-0.03376114260308466
-0.1697820525726476
-0.19431223287663746
-0.09923324920628329
0.07018775905603955
0.18526099036102003
0.18339930922177736
0.06519994996969052
-0.10371261329220231
-0.1954037589280727
-0.16718921521708507
-0.02850046770127934
0.13286699110111452
0.19986435289218735
0.14580301588715303
-0.009256438992433835
-0.15691491672041935
-0.19841279378500992
-0.11921678828219079
0.046680658837535804
0.17576671876154942
0.19112915562708244
0.08777921976277456
-0.08228765627726187
-0.18941839023703305
-0.17833837918542703
-0.05262446504036408
0.1144260867332734
0.19762074232491478
0.16032481499525814
0.015386705636596776
-0.1418416021887223
-0.20003260039511922
-0.13712326529851562
0.022407957591353028
0.16407198076639842
0.1965227063744867
0.10876962218754127
-0.0593819695112735
-0.18112254383064325
-0.18727746371700357
-0.07586863179269791
0.09396236714502591
0.19291476857950776
0.172645853199757
0.03979785097920674
-0.12455766710360364
-0.19913212223574794
-0.15283065127656797
-0.002207246884949887
0.15018189841063956
0.19947833427744333
0.12781210666443038
-0.03546238428595261
-0.17060113396394352
-0.19393416942386024
-0.09776205858674096
0.07179341798808038
0.1858422741891989
0.18277301386267603
0.06357057571310717
-0.10514678844842199
-0.19573364751551114
-0.16632630847452853
-0.026789585662848475
0.13407774523541927
0.19992748762750212
0.14470289204890568
-0.010981509490447516
-0.15788767260997177
-0.19820558028444418
-0.11788250336357815
0.04835726959881624
0.17650371401308002
0.1906626183975288
0.08624458949887015
-0.08384163137628564
-0.18991404107218288
-0.1776289639468932
-0.05095811315864246
0.1157862618176608
0.1978589974203493
0.1593796819775547
0.013663918471836234
-0.1429695563596405
-0.20000110900889612
-0.13594011091650976
0.02412369098463557
0.16496235275588042
0.19622327013849677
0.10735957469010358
-0.061024783547433084
-0.18177678917125867
-0.1867246120493102
-0.0742792169723043
0.09545567489509282
0.19332267820527715
0.17185420368782844
0.038103869868808926
-0.12583918367025368
-0.19927714534245655
-0.1518027782734634
-0.00048007729964727464
0.15122668493147268
0.1993524476411848
0.12654701936815385
-0.037160899876666625
-0.17140948411557222
-0.19354439965665343
-0.09628211334138911
0.07339284888700556
0.18641245873771847
0.18213576396057238
0.06193581435529932
-0.10657160624563675
-0.19605164783654389
-0.16545266016112115
-0.02507669911766483
0.1352777181748385
0.1999782466059933
0.143591877320471
-0.012705785548955961
-0.15884961353750585
-0.1979862014534433
-0.11653803119976688
0.05002999027045646
0.1772299287622884
0.1901846615906201
0.08470227238308689
-0.0853881562454609
-0.19039832993514938
-0.17690874753373537
-0.04928762357321531
0.11713636559526983
0.19808512785896037
0.15842374891229016
0.011940138904728836
-0.14408662436410022
-0.19995723257041642
-0.13474614125606066
0.025837632462830523
0.16584197453190236
0.1959118932062089
0.10594000514652413
-0.06266246796546882
-0.18242011790291662
-0.18616061125857214
-0.07268331923070617
0.09694043102369074
0.1937189394501101
0.17105181967776156
0.03640693318540472
-0.12711015363982553
-0.19940987376301572
-0.15076403660489954
0.0012471267625197013
0.1522605989299983
0.19921425702876483
0.12527135982898618
-0.03885654234960528
-0.17220710130977274
-0.1931429607323566
-0.09479354300988031
0.07498588769580054
0.18697151223255049
0.18148758426769385
0.060295831472821484
-0.10798695972988266
-0.19635772597939405
-0.1645682649730365
-0.023361945123584
0.13646688718521466
0.20001662342136362
0.1424699741997717
-0.014429140178398248
-0.1598007491188119
-0.19775468310484892
-0.1151834451591419
0.0516986620593093
0.17794535014465718
0.1896953223277647
0.0831524198817038
-0.08692707818278897
-0.19087121989646463
-0.17617774365433325
-0.04761315578541955
0.11847632240451361
0.1982991071686589
0.15745700623866427
0.01021549440866698
-0.14519280263407436
-0.19990097662236372
-0.13354137738985156
0.027549645814258616
0.1667108519036626
0.19558860906351
0.10451101829912894
-0.06429485735886699
-0.18305250601443207
-0.1855854936438676
-0.07108110215934493
0.09841650411745764
0.1941035149986182
0.1702387036384358
0.03470718888553459
-0.1283705317065007
-0.19953029110551976
-0.14971441953356118
0.002974241254671106
0.15328364752950277
0.19906377946894965
0.12398517501786294
-0.04054916300763753
-0.17299398246770498
-0.1927298900750174
-0.09329648047481723
0.07657237123565427
0.18751940197094966
0.18082849819358043
0.05865079230198292
-0.10939274593817919
-0.1966518488127409
-0.16367311671680274
-0.02164545922907124
0.1376452324928756
0.20004261322261643
0.14133718714245097
-0.016151445494702543
-0.16074108884350008
-0.19751105222739815
-0.11381882273915746
0.05336312491934268
0.1786499637784647
0.18919463736661024
0.08159518564540628
-0.08845824674725929
-0.1913326736999147
-0.1754359644988982
-0.045934868002634466
0.1198060607041109
0.19850091007298906
0.15647944432464508
0.00849011161136598
-0.1462880894936973
-0.1998323482589704
-0.13232584340721198
0.02925959329324246
0.16756898975239287
0.1952534519478203
0.10307272285514014
-0.06592178605026276
-0.18367392817171468
-0.18499929054429248
-0.06947273014665524
0.09988376616035337
0.19447636783716676
0.1694148566981319
0.03300478324916212
-0.1296202762518177
-0.19963838242969106
-0.14865392129627614
0.0047011420376052715
0.15429583861838642
0.198901033405482
0.12268851571270181
-0.04223861150132088
-0.17377012310791812
-0.19230522529544566
-0.09179106183327859
0.07815213738972313
0.18805609439386983
0.1801585277640717
0.057000861587327395
-0.11078886594981088
-0.19693398404901316
-0.16276720839962466
-0.019927375535016778
0.13881273715505205
0.20005621272089227
0.14019352270860058
-0.017872572613078563
-0.16167064195424743
-0.19725533693927455
-0.11244424557890531
0.0550232176512252
0.1793437537713456
0.1886826430181376
0.08003072533402648
-0.08998151392805874
-0.19178265384614562
-0.17468342074175225
-0.04425291705307888
0.12112551304630564
0.19869051253357312
0.15549105359351884
0.006764116408205401
-0.14737248501099923
-0.1997513561159407
-0.1310995665371854
0.030967335571334992
0.16841639194918862
0.1949064567811834
0.10162523142053739
-0.06754308825206026
-0.18428435776569974
-0.1844020322707562
-0.06785836819655226
0.10134209264979922
0.19483746133163288
0.16858027869520598
0.031299860875994706
-0.1308593492528
-0.19973413426920641
-0.14758253725067572
0.00642770475243748
0.15529718070782877
0.19872603866858166
0.12138143657165837
-0.04392473585892151
-0.17453551731118797
-0.19186900411001678
-0.09027742626035036
0.07972502528750526
0.18858155516090702
0.17947769358536814
0.05534620343716787
-0.11217522492721735
-0.19720410030507446
-0.1618505323251485
-0.018207826765064272
0.13996938692634067
0.2000574201940849
0.13903898970789202
-0.019592391547516103
-0.16258941733037263
-0.19698756643887544
-0.11105979946160899
0.056678778011466646
0.1800267027328324
0.18815937506461647
0.07845919643795937
-0.09149673430876118
-0.1922211226763868
-0.17392012154983805
-0.04256745831090042
0.12243461604052339