0
0.6586206896551725
0.38405880647893964
1.056519319576188
1.7013104152607994
2.4219840864939717
3.1051933089725683
3.73955260179722
4.453317978243127
5.144075585335248
5.772239003586288
6.479204282705181
7.175801264880665
7.801313216747136
8.502302364333156
9.204442653934779
9.830243415796193
10.525719732790817
11.234000016317472
11.863104612781862
12.552523624877821
13.267730341395161
13.903852879273398
14.585177805871473
15.307087458445018
15.954484178899651
16.624329858993352
17.350207880110204
18.011767523707697
18.667448764837207
19.39224080955657
20.06717655055419
20.70951248335667
21.428864833363267
22.11382204535424
22.746596966964994
23.45893116999764
24.150958085396113
24.77832506791177
25.484012580150644
26.181719819223424
26.807061288540964
27.506920282428332
28.210238327323047
28.836449424904735
29.53078445268345
30.24041590794159
30.87061413327224
31.558611205883572
32.27525595845886
32.91332309221111
33.592617885421404
34.31565177907123
34.96578311850562
35.63289140768564
36.35898920229407
37.023450586655834
37.67622905839491
38.40018844991618
39.077449639611764
39.71749641308142
40.43546689818992
41.122047743004245
41.753412219237944
42.46433587855932
43.15757633874485
43.784284414208564
44.4887307428916
45.18754715014274
45.81283454162076
46.511577756169906
47.216104744497144
47.842852120082206
48.536014108500986
49.247029871504346
49.87848201959588
50.564959489468485
51.28302239392019
51.9232146101088
52.600327349560196
53.32434686984858
53.97731468382008
54.64158678764646
55.367677059571555
56.03496897714569
56.6849167453261
57.407880563917466
58.08731369864262
58.7252471711795
59.441797622790126
60.12989119777658
60.760012546232346
61.46955394413272
62.16396499215758
62.79014524345911
63.49338480132208
64.19331771213703
64.81866681501812
65.5163010587034
66.22207158885018
66.84948672175726
67.5414318951456
68.25385982542635
68.88673368513416
69.57157973343001
70.29102123317494
70.93351390502308
71.60829114947443
72.33313172617115
72.98900584445508
73.65037266971582
74.3762283701158
75.04625026681416
75.69347113625693
76.41530252571158
77.09675595778819
77.73275679365402
78.44786851574419
79.13737810132183
79.76641610398258
80.47460864185761
81.17015928843554
81.79593733115428
82.49800103926533
83.1990652932868
83.82459259893938
84.52111619662472
85.22816694385719
85.85638781691064
86.54705954145352
87.26091966867271
87.89538955132376
88.57847897868754
89.29923696421879
89.9441952516173
90.61648768616075
91.34196130461791
92.00077598980064
92.65920268162033
93.3846044003963
94.0572323839273
94.7018569427703
95.42244593008714
96.10577435550817
96.74002383536128
97.4536945062247
98.14453769549168
98.77264428666224
99.47952425982612
100.17619458166143
100.80169169259494
101.50260582514936
102.204822812067
102.83064681981838
103.52604871809008
104.23441690486801
104.86358875642365
105.55291683358466
106.2682185313204
106.90446355912462
107.58565934635375
108.30764677749141
108.95521991061067
109.62488883998702
110.35078822440222
111.01254052390402
111.66802904765946
112.39277174952649
113.06786533497299
113.71004525093278
114.42930818944637
115.11437602512856
115.7470527637399
116.45929333003357
117.15140174579616
117.778721174251
118.48432582782884
119.18210605788688
119.80744039814176
120.5072255378015
121.21062220544061
121.83686469524339
122.53112356536825
123.2408452225371
123.87112102022768
124.55902116674424
125.27576013514698
125.91396171460997
126.5931175056212
127.316220872689
127.96653622702027
128.6334604570614
129.35956478562602
130.02421513991774
130.67680458339268
131.40070313852948
132.07811211053928
132.71801420600522
133.4358921072513
134.12257584564932
134.75385337618974
135.46468505543353
136.15800380134002
136.7846731449748
137.48903896377303
138.18792859587813
138.81321648918328
139.5118865408961
140.2164943394365
140.84328158515922
141.53636491221184
142.24747290067464
142.87901344884892
143.56538705843107
144.28354221167757
144.92388063321403
145.6008442547379
146.32492318897596
146.97808064940872
147.64216317130752
148.36824493290288
149.03572004046666
149.68548468951738
150.40837783907318
151.08794865583866
151.72574925240508
152.44220532307043
153.13039498081778
153.76044014565028
154.4698916318901
155.16437856605458
155.79052851559692
156.4936897209791
157.1936966134406
157.8190538547626
158.51661509611418
159.22246880381914
159.84993268542397
160.54179587137747
161.2543176168179
161.88729117141108
162.57202551233232
163.29155589325237
163.93420602269998
164.6088241205059
165.33371241204608
165.98977955673016
166.65095341150496
167.37678583691863
168.04698341030942
168.69402899731983
169.41578164679757
170.0973629528021
170.7332428742437
171.44825959295807
172.13785939463895
172.76683146253427
173.47493641290671
174.17056130296768
174.79631715220958
175.49830439318288
176.19944384678564
176.82498701982416
177.521437185391
178.2285735628353
178.85685252057152
179.54743805823017
180.2613929779765
180.89597422840623
181.57894326536737
182.2997851881787
182.94491131681977
183.61703506863324
184.3425432874692
185.00155195515208
185.65978465755634
186.38514908681745
187.05794392884962
187.70240261095378
188.42290655210456
189.10635359145638
189.74049403404908
190.4540700479009
191.1449985229188
191.77304891258194
192.47984374197733
193.17658736142366
193.80207014355486
194.50290935072084
195.20520315223337
195.83105093372671
196.5263783210791
197.23483456812232
197.8640743383095
198.55331111500175
199.26870777642858
199.90507608233565
200.58614209402967
201.30820681147054
201.95595691187296
202.6254485623464
203.35136834962222
204.01331313236605
204.6686091090265
205.393301663502
206.06855243942545
206.7105770642855
207.42975033631285
208.11492825938646
208.7475075683739
209.45965459098156
210.15184426922778
210.7791167379911
211.4846386917224
212.18249191089112
212.8078196262324
213.50753097232715
214.2110063995638
214.83728082897005
215.53146340071464
216.24127540316132
216.8716294709247
217.55943226352335
218.27626535740166
218.91460216624202
219.59361829324524
220.31679052444423
220.9672903287414
221.63403007667102
222.3601399495255
223.02497895401905
223.67737969286588
224.40121671124544
225.07877279749948
225.7185309816666
226.43631614050406
227.12310229513224
227.75429360406596
228.46503342861521
229.15843027773502
229.7850614561277
230.4893469139657
231.18830980534622
231.81359870233044
232.5121956187687
233.21688437887622
233.8437120664954
234.53671653901247
235.24791687283755
235.87954655136244
236.565815811328
237.2840630367371
237.92454842406812
238.60136226033384
239.32549988655134
239.97884728786744
240.64273993574568
241.3688122005867
242.036470052192
242.68605204262258
243.40887393684338
244.0885817774694
244.72625028398008
245.44261189881666
246.13089722381827
246.76086689603986
247.47022861741837
248.1647913069001
248.79091149780538
249.49399448407408
250.19407542490225
250.8194413099435
251.5169295394542
252.22286658474226
252.8503798153411
253.54216076464266
254.25477641050335
254.88785041842868
255.57247250464906
256.2920914913265
256.9348997931692
257.6093580963524
258.33429327942224
258.99055358918497
259.6515343316578
260.37734253109335
261.0477152355933
261.6945861155688
262.41625955589717
263.09796810668166
263.7337279009004
264.4486496114919
265.13833927596636
265.76724606588857
266.47526358742056
267.17096263788613
267.7966968182587
268.49860770495496
269.19982245300787
269.82538200780255
270.5217586908078
271.2289808604685
271.85731853493496
272.5478175774041
273.26186732793644
273.8965607251462
274.5794087733487
275.3003342489917
275.9456288629459
276.6175833319298
277.34312524515815
278.00232787160394
278.660366603748
279.38569285707996
280.05865394199753
280.7029474125845
281.42336595265635
282.1069310201308
282.74096319998614
283.4544446087215
284.14545807700523
284.7734528885955
285.48016273640553
286.17697961417775
286.8024485789389
287.5032129485812
288.20558368340005
288.83145576761444
289.52670854877806
290.2352530124764
290.8645613670894
291.5537064736948
292.2691980769064
292.90569044929055
293.58662604707547
294.30876755084313
294.95669516600236
295.62600901544505
296.35194824225505
297.01408532540074
297.66918893570966
298.3938305446659
299.06923785533905
299.71110791827726
300.4301912755406
301.11547875343496
301.7479613844234
302.46001495889055
303.1522856654903
303.77951176698576
304.4849511792258
305.1828773881403
305.80819898239
306.50783659352845
307.21139091833305
307.83769783618726
308.53180396549067
309.24170645535247
309.8721394931213
310.55984449988006
311.27677162360715
311.9152444445794
312.59412024473056
313.3173607231451
313.96804540380793
314.6346002545409
315.3607146812215
316.0257420071546
316.67795437460757
317.4017291631454
318.0794316955358
318.71904673700624
319.43673900080756
320.1236270983277
320.7547329076484
321.46538100461873
322.1588557779651
322.7854493560164
323.4896546009606
324.18869078828897
324.81398119085395
325.51250499725916
326.21727487104624
326.84414357408076
327.5370689953084
328.248361792474
328.88008133364
329.56624575070214
330.28458486550164
330.9252179767917
331.6018813609321
332.32607695005413
332.97961457679935
333.64331706795156
334.3693788509763
335.03721899324495
335.6866187938569
336.4093688541351
337.0892130618179
337.7267502647817
338.44301735394566