0
0.9830508474576272
0.02531166272261398
0.9793546416899886
0.005453896479877152
0.012468249287701516
0.9758883526839354
0.02337677436287766
0.9893403602032599
0.9925847980167473
0.02177305422537712
0.9749931012711767
0.0153776108480006
0.002024185338422635
0.9815863021401767
0.02545267729006273
0.9806139284052935
0.0034587722933272502
0.014198866021501999
0.9753088255285158
0.02249165418086374
0.9912154554683547
0.9906695538666572
0.02276151082401645
0.9754594710558513
0.013709334977812127
0.004035841482920688
0.9802384165851421
0.025428948358814818
0.9819963485594443
0.001442227430088927
0.01584037937918792
0.9748886902431791
0.021462381819498777
0.9931452024501564
0.988812397644133
0.023603962177486615
0.9760841787658276
0.01195510927601351
0.006022495535760175
0.9790161775004074
0.025240643302822274
0.9834927126516848
0.99941675680151
0.017382147577007068
0.9746308944187518
0.020295984584501436
0.9951175059788071
0.9870250761605652
0.024294593829980116
0.9768628701651096
0.010126165754932082
0.00797178812772703
0.9779278171757342
0.02488908893550157
0.985093176968034
0.9973948953539096
0.018814072858795328
0.9745372527903315
0.019000351554039785
0.9971200725557239
0.9853189895473142
0.024828604856226733
0.9777901536945651
0.008234112506583458
0.009871532448372022
0.9769807374435417
0.024376755687525176
0.9867873212223907
0.9953891618697659
0.020126678627991446
0.9746084257016819
0.017584158793260585
0.9991404703742234
0.9837051210216647
0.02520226116826363
0.9788596590455038
0.006290865369399157
0.01170977579262189
0.9761814371342851
0.02370722855338636
0.988564224685905
0.9934120024961002
0.021311187421682476
0.9748439111977248
0.01605679212874689
0.0011661872162349596
0.9821939635710571
0.025412938306331956
0.9800641033881351
0.0043085829088327365
0.013474864139844112
0.9755354449553193
0.02288516585778755
0.9904125398874601
0.9914757330778428
0.02235959833393597
0.9752420510388405
0.014428269161362639
0.0031846870339795608
0.9807954441081195
0.025459152225313364
0.9813953632919475
0.0022996044823626605
0.015155510031838793
0.9750472597596472
0.021916247284340606
0.9923205632889125
0.9895924794689677
0.023264762240480685
0.9758000504134086
0.01270916194784455
0.005183466130102676
0.979518845970227
0.025340576967176176
0.9828445503978039
0.00027639090437059366
0.016740863731876665
0.974720300095452
0.02080711290033177
0.994276302657247
0.9877741151556418
0.024020452983465557
0.9765140106241085
0.01091052149064664
0.007150109881607136
0.9783727309490663
0.025058048568315172
0.9844020890248721
0.998251467016801
0.018220587339341066
0.9745568647331784
0.01956529508749849
0.996267541160611
0.9860321957428679
0.024621432565756773
0.9773789735752623
0.009043804861350146
0.009072350909763438
0.9773648623214376
0.02461355505641949
0.9860577940997144
0.9962373653195156
0.01958493121482352
0.9745581055593606
0.018199145346467382
0.9982818984950583
0.984377890116966
0.025063508398087464
0.9783889765237553
0.007120805461552138
0.010938129483119008
0.976502130592225
0.024010212907975337
0.9878009480574179
0.9942465697300307
0.020824811750594474
0.9747240138215812
0.016717757889125107
0.00030688959203839516
0.982821908388432
0.02534358075190335
0.979537115296887
0.005153586609436989
0.012735656762035363
0.9757904838317906
0.023252230826813935
0.98962037566411
0.9922914585320435
0.021931889215221823
0.9750534202334202
0.01513089178429583
0.002329981650908808
0.9813744270318923
0.025459678798544605
0.9808156140386092
0.00315441834144492
0.01445348126207957
0.9752348645714055
0.022344862131114862
0.9915045160279294
0.9903842456366214
0.022898644126416734
0.9755440089354996
0.013448893198827694
0.0043386503741138505
0.9800450119609271
0.025410983953143784
0.982215899521016
0.0011357170479011636
0.016080558642531884
0.9748391551940212
0.02129434737250957
0.9934414913865184
0.9885369194142928
0.023718450383877432
0.9761923447962207
0.011682619000921157
0.006320436345998326
0.9788425405931088
0.0251978396698469
0.9837286781407605
0.9991099873310842
0.01760632462715961
0.9746061336139467
0.020107849036993475
0.995419172571071
0.9867611785513088
0.024385643246320754
0.9769939130611236
0.009843362685998613
0.00826300248487044
0.9777751242596406
0.024821747324895505
0.985344013892654
0.9970897652963648
0.01902077054851503
0.9745374407781804
0.018793380285043515
0.9974252413388016
0.9850683646272218
0.024895580185053667
0.9779431699562624
0.007942783265442177
0.010154193412563295
0.9768500325758513
0.024285348340725044
0.9870514058532145
0.9950875623730553
0.020314520685617232
0.9746335611559066
0.017359729680583857
0.9994472500259461
0.9834693913912778
0.025244692705883587
0.9790336025450659
0.005992837438858256
0.011982097432866379
0.9760736215919206
0.023592393209537654
0.9888398639932459
0.9931158087195242
0.021478910250941396
0.9748938169333861
0.015816383747723872
0.0014726791899581926
0.9819746710201238
0.025430527409243453
0.9802577959456993
0.004005715063329696
0.013735111599785244
0.9754512676651665
0.022747698532261218
0.990697982450502
0.991186795300165
0.02250606259222554
0.9753163761300652
0.01417344899976758
0.0034889940700280064
0.9805940379580986
0.02545177485113781
0.9816075059423883
0.001993777649061279
0.015402010101007502
0.9749873090163803
0.021757093566410646
0.9926140097147683
0.9893126138274155
0.023388963927342576
0.9758982743344898
0.012441574829020308
0.005483700789051138
0.9793366712619836
0.02530828516049377
0.9830737350630779
0.999969499361975
0.016972015893306214
0.974684996839311
0.020627358050915312
0.9945759154948521
0.987505093932675
0.024121533748506785
0.976635449263404
0.010631878350398694
0.007444403240629338
0.9782110166811446
0.025001069836167567
0.9846468103328662
0.9979454098121381
0.018434875216517543
0.9745464576205192
0.019366153234138483
0.9965714543386931
0.985775737154629
0.024698688937293323
0.9775227869100818
0.008755871975560048
0.009358861550364361
0.9772247099840442
0.024532289656754358
0.986316461127099
0.9959340377645955
0.0197809342922195
0.9745726680031581
0.01798194807149489
0.9985882263529301
0.984135647599852
0.025116399642768794
0.978554177697946
0.00682539417302408
0.011215052875301224
0.9763845032729953
0.023905229151070184
0.9880718958174737
0.993947854835945
0.021001217194343003
0.9747634431108531
0.01648394249002605
0.0006137356048503406
0.9825954594264791
0.02537173510255597
0.9797225808136912
0.004852543555844857
0.01300123511804041
0.975696196187996
0.02312425855916933
0.9899018762078833
0.9919992182410382
0.02208750357641076
0.9751174387643595
0.014881989455738598
0.002635446975341349
0.9811652616160405
0.02546289783190181
0.9810200947702284
0.002849616143207445
0.014706013894023151
0.9751645739665529
0.02219478462868496
0.9917947890757742
0.9901003117297638
0.023032404671880613
0.9756321675085121
0.01318651734691878
0.004640842354768138
0.9798545208198581
0.025389244958815116
0.982438032242318
0.0008290453770070094
0.016318412814498195
0.9747933542826629
0.021123191911779582
0.9937387144552202
0.9882630839980302
0.023829435771667296
0.976304027857878
0.011408453855315859
0.006617477125902438
0.978672003382258
0.025151295922902772
0.9839669973154701
0.9988033442512712
0.01782794684526845
0.9745851446264099
0.019916776436375017
0.9957214906075018
0.9864991840603441
0.024473083248574667
0.9771283457035568
0.009559152327589082
0.008553037855181689
0.9776256979375497
0.024750726251924426
0.9855969634729451
0.9967850487434782
0.019224698183845312
0.9745414117077781
0.01858367371510594
0.9977307759127871
0.9848198933215548
0.024958864162516026
0.9780994264334618
0.007650321138513494
0.010435402017582307
0.9767227402321191
0.02419034764738104
0.9873173508946261
0.994786661633225
0.020499393776518993
0.9746624639877949
0.01713278303106236
0.9997541081709626
0.9832360543701135
0.025283376557697856
0.9792106160287793
0.005693956369072328
0.01225270041797577
0.9759693420152193
0.023474075110859083
0.9891171019328484
0.9928205957630076
0.02164348328530341
0.9749474479808058
0.015573689814644798
0.0017789620084540658
0.9817579968230671
0.02544433875877017
0.9804543692249484
0.0037022777580597577
0.013993382753816563
0.9753707259499367
0.022606882289998076
0.9909847539446871
0.9908991158401776
0.022649216029496877
0.975394358465451
0.013916587720659734
0.0037928052388980227
0.9803954608727711
0.02544061628220584
0.9818223227694921
0.0016876676163883886
0.015646286502667417
0.9749310685001931
0.021594746586306002
0.9929085089816315
0.9890342779951307
0.023509715187858493
0.9760000622255384
0.01217220175146938
0.005783155108726845
0.9791575195051245
0.02527223538523904
0.9833053718640326
0.9996626121507384
0.017200709025427585
0.9746534526384147
0.020444585824463957
0.9948763001530757
0.9872378664904895
0.024219047377114222
0.9767603344534929
0.01035171347217334
0.007737635367789597
0.9780525006650262
0.024940382750999746
0.9848937480279785
0.9976396444498026
0.01864648246373335
0.9745398319889317
0.019164188422887474
0.9968758547785406
0.9855213272077206
0.02477228564280498
0.9776699065231277
0.00846668904590464
0.009644035039648058
0.9770879109187133
0.024447391321596346
0.9865770968455724
0.9956312882539979
0.01997405068893876
0.9745910076828539
0.017762139028230983
0.9988947547135234
0.9838956978092805
0.025165563926423218
0.9787225235038577
0.006529010496387322
0.01149036963078931
0.9762703623840602
0.02379671280303386
0.9883445543339396
0.9936500015672491
0.02117454724264789
0.9748066187708573
0.016247741492115164
0.0009204944636576062
0.9823715347737637
0.025396121218355105
0.9799110095641517
0.0045508102931375305
0.013264945322136068
0.975605504846195
0.02299287783973014
0.9901848209765545
0.9917081191820234
0.02223987291013696
0.9751851465496392
0.01463094089471273
0.002940537878689753
0.9809588378176588
0.025462333868656817
0.9812273393060755
0.0025444090632991134
0.014956426441720572
0.9750979650260364
0.022041445258617287
0.9920862327866579
0.9898177932751657
0.023162771306851404
0.9757239326411344
0.012922246078346689
0.004942374330876742
0.9796669725386444
0.02536373489535748
0.9826627130822758
0.0005222559743272015
0.016553906236631333
0.9747512949081324
0.020948942087125833
0.9940368290847209
0.9879909313859248
0.023936900656152282
0.9764192101586548
0.011132653867515607
0.006913575323273413
0.978504592429096
0.025101019580331396
0.9842076344587845
0.998496871116064
0.01804698065694499
0.9745679308543941
0.019722796240005724
0.9960244169809613
0.9862391312987779
0.024556899815805444
0.9772661468377668
0.009273575839443104
0.00884185243927016
0.9774795616984071
0.024676037144639285
0.9858519881826572
0.9964807890510898
0.019425824545584724
0.974549164935844
0.018371263841777896
0.9980366328375306
0.9845736126097893
0.025018446591333454
0.9782588986333711
0.007356768188020446
0.010715117438072408
0.9765988805891227
0.024091768812516623
0.9875851172700674
0.9944865026094052
0.020681269307419647
0.9746951295202684
0.016903353111024977
6.1001233261359644e-05
0.9830051450443105
0.025318306469387153
0.9793906720117123
0.005394264906945168
0.01252154512926884
0.9758686150527691
0.02335229306767328
0.9893958981265619
0.9925264059840768
0.021804880822228867
0.9750047956850546
0.015328746594387432
0.002084992154687715
0.9815439739041608
0.025454370118015213
0.9806537930096111
0.003398314216481957
0.014249639434222416
0.9752938327445672
0.022462739341859717
0.9912728129275394
0.9906127362400339
0.02278903608659677
0.975475985514275
0.013657723322684667
0.0040960772783775745
0.9801997433430271
0.02542567832591658
0.9820397810947559
0.0013813178836405982
0.01588830277518638
0.9748785472836505
0.021429231724139353
0.9932040188083279
0.9887575124744665
0.023626996839971603
0.9761053978245269
0.011901082191429158
0.006081786281836532
0.978981418487514
0.025232433471388482
0.9835394259315031
0.9993557728496398
0.017426908636696048
0.9746256725961814
0.020258824519379992
0.9951774137268764
0.9869724720556203
0.02431297827223
0.9768886463828748
0.01007006756430151
0.008029764117930327
0.9778972077235707
0.024875997095857194
0.9851428653194299
0.9973342143936741
0.01885537682935645
0.9745369889117191
0.018959431606601296
0.9971806991569777
0.9852690036053207
0.024842210845710255
0.9778203092665211
0.008176297778917707
0.009927830111280844
0.9769544867353992
0.02435887367233569
0.986839662805329
0.995329159939748
0.020164250664782557
0.9746131216287329
0.01753975155359777
0.9992014400346252
0.9836580766671497
0.025210993310068375
0.9788939876948983
0.006231696913979512
0.011764039589785558
0.9761597260954881
0.023684681167790433
0.9886188837512468
0.9933530525622472
0.021344774934804356
0.9748535338244955
0.016009190345076973
0.0012271226026252524
0.9821501683048595
0.02541673515184595
0.9801023724582997
0.004248429867462988
0.013526748560451107
0.9755184243373373
0.022858109463474108
0.9904691689509921
0.9914182032698431
0.02238897329380496
0.9752565326876369
0.014377783396112509
0.0032452109665206397
0.9807551871932041
0.02545798700016899
0.9814373159791576
0.002238840508125506
0.015204681687924992
0.975035048476684
0.021884868086069265
0.992378805208416
0.9895367312444692
0.02328972338943558
0.9758192896342464
0.012656118273082217
0.005243203277313757
0.9794823960845335
0.025334457891852846
0.9828899080680491
0.00021539240882173516
0.016787003548845547
0.9747129838680048
0.020771624990435278
0.9943357926090679
0.987720501375372
0.024040827895817962
0.9765378733686224
0.010855259252353644
0.007208688486169512
0.9783403338456801
0.025047018759482675
0.9844505535626875
0.9981906114620078
0.018263392827070568
0.9745544950854437
0.019525938307320523
0.9963279085210431
0.9859810586470275
0.024637079496893755
0.9774072947036314
0.008986674532400762
0.00912940457080702
0.9773367385443852
0.024597692012704453
0.9861090502443338
0.9961770295278165
0.019624118794955958
0.9745606992064317
0.018156183023702255
0.9983427686397435
0.9843295592016423
0.025074317864833162
0.9784215615937597
0.007062166593613917
0.01099329901621493
0.9764784733024539
0.0239896275991347
0.9878546656901356
0.9941871281829591
0.020860119106088426
0.9747315524689977
0.016671474506773087
0.00036788563326206614
0.9827766981899417
0.02534947679148214
0.9795737425782073
0.005093805884716751
0.01278859215185868
0.9757714568017565
0.02322706641924155
0.9896762120200796
0.9922332816307349
0.021963077619437943
0.9750658507965169
0.015081590631258024
0.0023907261375728517
0.9813326348365705
0.02546061986210635
0.9808560366930694
0.00309386771657838
0.014503843715060416
0.975220600407568
0.022315292394153197
0.9915621178153353
0.9903276978990947
0.02292550070141175
0.9755612441704011
0.013396894044496399
0.004398766982163238
0.980006915467553
0.025406963401528593
0.9822598478904376
0.0010747719747121742
0.016128022738177705
0.9748297538439173
0.02126057481854593
0.9935004968056387
0.9884823575899928
0.02374079023198128
0.9762142643192917
0.011628255827248246
0.0063795515878466436
0.9788083955644994
0.025188885853270726
0.9837758620881055
0.9990490250327557
0.01765058055738855
0.9746016612083787
0.020070102853295246
0.9954792132348556
0.9867089496400552
0.0244033113959663
0.9770203647203417
0.00978698150104318
0.008320747464820366
0.9777451622084993
0.024807923243582053
0.9853941251484963
0.9970291630731289
0.01906152642471426
0.9745379288494571
0.018751914116682755
0.9974859441049907
0.985018803797614
0.024908453291968335
0.9779739715072622
0.00788474001265449
0.010210205651609794
0.9768244585370263
0.02426675089908148
0.9871041203276281
0.995027695909199
0.020351504883477034
0.9746390062606327
0.017314819321916808
0.9995082387579296
0.9834228198025221
0.0252526804543729
0.9790685435770509
0.0059334960069312714
0.012036022780674172
0.976052612038188
0.023569152091136303
0.9888948440223027
0.9930570503633762
0.02151187375396324
0.974904180693795
0.015768324795126798
0.0015335764693089615
0.9819313935606987
0.025433573565440515
0.9802966399985451
0.003945445392440128
0.013786606244563515
0.9754349686258791
0.022719974735513127
0.9907548789562152
0.9911295122908772
0.02253478128661346
0.9753315856923543
0.014122554511414531
0.003549422887494602
0.9805543409243352
0.025449857930626152
0.981649992755759
0.0019329539213250868
0.015450742679708362
0.974975834457195
0.02172507765074183
0.9926724642669357
0.9892571664466159
0.023413240794432078
0.9759182232271945
0.0123881730290889
0.005543286242467582
0.9793008200092311
0.025301418685786725
0.9831195829012357
0.9999084982570547
0.017017669695539972
0.9746784273565634
0.020591268149714903
0.9946355622726629
0.9874518335650524
0.024141200896686588
0.9766599986246789
0.010576310405730815
0.00750277426772783
0.9781792532890685
0.02498930217449491
0.9846957183342582
0.9978846088037625
0.01847715046598175
0.97454483949566
0.019326232893659423
0.9966319219986621
0.9857250042490486
0.024713609414030557
0.9775517670408166
0.008698489863206316
0.009415652721594059
0.9771972509854887
0.024515703444170978
0.9863681116352182
0.9958738134305221
0.019819550479763137
0.9745760126513163
0.01793846397436294
0.9986491398174857
0.9840877695310724
0.0251264689695061
0.9785873898886939
0.006766558647424148
0.01126990626707669
0.9763615375016819
0.02388394032411867
0.9881259566582572
0.9938885811527751
0.021035915427369822
0.9747717269438747
0.0164371821183793
0.0006747177922672432
0.9825507482668545
0.025376882480889762
0.9797597993879249
0.0047926222152341325
0.013053802280269089
0.9756778828038517
0.023098415028935282
0.9899580028883357
0.9919412648365509
0.0221180489006354
0.9751306034734105
0.014832258742939253
0.0026961204964495167
0.9811240118361421
0.02546308697862365
0.9810610692845636
0.0027889815862911504
0.014755957918024087
0.975151040717766
0.022164564643220697
0.9918526268882337
0.9900440420687628
0.023058588314142092
0.9756501207557517
0.013134138358922076
0.004700831204437872
0.9798170069466874
0.025384474539465796
0.9824824897857948
0.0007680734336292794
0.016365410498564215
0.9747846960604732
0.021088802160858844
0.9937979004811754
0.9882088534830644
0.02385107724719404
0.9763266443518527
0.011353762533787837
0.006676408397754852
0.9786384776529448
0.025141599567790607
0.9840146448544025
0.9987424122648003
0.01787169094580543
0.9745814223618958
0.019878449956969302
0.9957816556239422
0.9864473380355263
0.024490032273502216
0.9771554686199838
0.009502496317265852
0.008610543506144097
0.9775963879947803
0.024736172154010916
0.9856474901945034
0.996724533878538
0.019264899730309537
0.9745426516498762
0.018541667656860827
0.9977915462122554
0.9847707649758606
0.02497100231307048
0.9781308691327721
0.007592057711640177
0.010491120704907209
0.9766978469143728
0.0241710377569353
0.9873704305105664
0.9947269391803975
0.02053578441878212
0.9746686573889622
0.017087376338663418
0.9998151073135106
0.9831899625455129
0.02529061862162818
0.979246164014818
0.005634450450328732
0.012306279425543964
0.9759490372994638
0.023450143956194935
0.9891723949140252
0.9927620374123702
0.021675817633008965
0.9749585512020017
0.01552518087887389
0.001839812529121243
0.9817152437423676
0.025446633732316926
0.9804937822858282
0.003641900044529578
0.014044480017271654
0.9753551511061376
0.02257849546591384
0.991041909666639
0.9908420878979776
0.02267727393503982
0.9754102934965089
0.013865292042726463
0.003853130337911681
0.9803563298117118
0.025437947976828745
0.9818653372416914
0.0016267927792492642
0.01569457273446928
0.9749203325154202
0.021562098961203535
0.992967167771158
0.9889791395224989
0.02353330391829811
0.9760207176017477
0.012118449656619568
0.0058425803529464915
0.979122272442806
0.02526462262175677
0.9833517029640682
0.9996016170987296
0.0172458699317799
0.9746476309630876
0.02040789952310096
0.9949360952350337
0.9871849673493058
0.024238003616589232
0.9767855665352578
0.010295847899173705
0.0077957904310841375
0.9780213759554961
0.02492787913394734
0.9849430922017453
0.9975789066296012
0.018688221035738195
0.9745389656490653
0.019123710644100456