1
0.5714285714285714
0.1981009363033457
0.7041591080745194
0.3322962825737612
0.8497552014454093
0.4703363525688251
0.06732374267900099
0.6120440426332062
0.23917692720595296
0.7392801460464244
0.3664186149602662
0.8988042777311249
0.5068008515207505
0.12023645095257329
0.6463750098127662
0.2737896691018049
0.7753001109177362
0.4025291563401838
0.9565653438590267
0.5449195316993416
0.16873414732507852
0.6814653183819767
0.30989687982902714
0.8199152783137844
0.4451686771005998
0.027419612582304076
0.5878432102328901
0.21502734434795734
0.7179491269422109
0.34562179535762483
0.8682676980228478
0.4846719262972805
0.08883264345339681
0.6255601076157573
0.25263548992555496
0.7524043740803068
0.379482683710207
0.919100523865517
0.5206867375019375
0.13877578171377358
0.6593872058634779
0.2872383229393365
0.7912347540648574
0.4183056579059288
0.982853466544243
0.5610919818308178
0.18701270053060481
0.6954511599822347
0.3238080581351783
0.8382887634647758
0.4609999521806609
0.052822410366792916
0.6031584845536386
0.23036304465602897
0.7312115651197135
0.35849787087023266
0.8869177699295034
0.4983815935966669
0.1085507144542166
0.6384571997867192
0.265677146880698
0.7661903349749825
0.39336924859715094
0.941483689781156
0.5353635841836346
0.15730212831930723
0.6729093651050112
0.3011940076636037
0.808684953475043
0.4349419534837127
0.010589898942965359
0.5777721752156694
0.20472546992311758
0.7094718301399032
0.3374362693744246
0.8568125605164945
0.475899262513944
0.07577897684514001
0.6173002612766526
0.24439390651095927
0.7442425769985672
0.3713319012358185
0.9063386979893043
0.5120238830702903
0.12731902697377673
0.6512803030797505
0.27884751737950797
0.7811765520594842
0.4083944970177096
0.9663078883424799
0.5509741013490717
0.1757259788653185
0.6867688934017889
0.315218737230059
0.8268860400416461
0.4513068720166551
0.03737808084718752
0.5938209519233874
0.22104841051921698
0.7230527245875958
0.3505603206683485
0.8753247901919178
0.4899369749115299
0.09650410243110041
0.6305125511236125
0.2576163786644252
0.7575420169917668
0.38464867643368184
0.9273438740014787
0.5261660037952112
0.14582676420721774
0.6644778393490955
0.2925087625928309
0.797730270957566
0.4245928311113367
0.9933614829151829
0.5674394085528087
0.19386878725987167
0.7008110768614957
0.3290445789823173
0.84533703981979
0.46678487844176564
0.06185308855237004
0.6086750665253328
0.23583688170232353
0.736178557300907
0.36336437255480547
0.8941828109725599
0.5035545330453153
0.11576964516094312
0.643323046283714
0.27065428545737324
0.7717322277740309
0.3989489741924843
0.9506479765233103
0.5411989100115542
0.1643421114255852
0.6781610837461411
0.3065521605027679
0.8155728878712913
0.4412629898273024
0.021022922546927614
0.5840133823363999
0.21113638854709538
0.7147126153055684
0.34249606806313526
0.8638594954472486
0.4813309564917303
0.08390140949730185
0.6224167169199658
0.24949053522840092
0.7492410513940028
0.37631407438246334
0.9141018787903845
0.5173202545392208
0.13436749986161312
0.6562430146998233
0.28398142383911207
0.7872870411297964
0.41443830246210656
0.9763900208544826
0.5571605223542633
0.1826826867124418
0.6921013156659268
0.32051126433135657
0.8338897972981401
0.45731085024131346
0.04698861010311117
0.5996192118856988
0.22684229115914434
0.728086857034189
0.3554504440470776
0.8824296371430296
0.49514107053908063
0.1039659641760009
0.6354083893299606
0.2625736656714357
0.7628121221887915
0.3899622007840793
0.9359296387802872
0.5317801137518257
0.15288606365604718
0.6696446719282283
0.2978408895951983
0.804422228274282
0.4309560079742243
0.003970875896007975
0.5738093726681214
0.20060144022978932
0.7061534119917801
0.3342279935835224
0.8523964004566293
0.472433561414342
0.07052767192799703
0.6140282164940943
0.2411448804834304
0.7411346128854149
0.36825081982813357
0.9015995662330363
0.5087484320391042
0.12289251957682867
0.6482050046820406
0.2756741420404265
0.7774723892114402
0.40470244716815174
0.9601690717684221
0.5471688503438754
0.1713537166235286
0.6834460669724738
0.31189129071883537
0.8225190253661523
0.4474804853656087
0.03118472905938141
0.5901005169842397
0.2173077731852069
0.7198677846830615
0.3474766304749042
0.8709046699360884
0.48665094961066213
0.09173050587505971
0.6274216399683037
0.2545038176246064
0.7543130175956786
0.3813994226725761
0.9221460501516324
0.5227214514264329
0.14141233103961448
0.6612820868041142
0.2892011000859136
0.7936388867367882
0.4206443787377565
0.9867633280934494
0.5634594114665488
0.18958847766397446
0.6974563136827612
0.3257721537118723
0.8409232940209603
0.4631800173928149
0.05624280635121126
0.6052420021519529
0.23243183284647828
0.7330726199285533
0.3603178960768276
0.8896206824410781
0.5003163964953528
0.11126522757918744
0.6402773886459463
0.2675356450236892
0.7682419943202732
0.39543687016682094
0.9448704459867755
0.537530974946276
0.1599387855071832
0.6748696739641918
0.30319966508718443
0.8112527974294009
0.4373161365813041
0.014518846237744132
0.580122582174213
0.20715101843981865
0.7114421545128345
0.33933898148815467
0.8594502129952627
0.47794600958970324
0.07885502216140172
0.6192295136165963
0.24631290171147224
0.746106500996849
0.3731859570927263
0.9092134742654202
0.5139950111537885
0.12995813414082713
0.6531290193305732
0.28075849909632256
0.783434404411018
0.41063509411116295
0.9700417215530751
0.5532736921033696
0.17833320265726682
0.6887606124489681
0.31720225622794973
0.8295026131581426
0.4535689511027483
0.041015107141101126
0.5960111601451743
0.2232414914192027
0.7249431821486855
0.35239413956050525
0.8779752578495345
0.4918893145964123
0.09931763113451053
0.6323491298773893
0.25947211220054434
0.7594965667394367
0.3866183839192727
0.9305148698526171
0.5282502813604908
0.14846742770633714
0.6664027543582274
0.2944981436228007
0.8002137406425234
0.42696866546846945
0.9973273858740972
0.5698240970954722
0.1964053490016151
0.7028137799156586
0.3309911317305667
0.8479777978261187
0.4689142631992187
0.06513995604304212
0.610696472260247
0.23784086594114573
0.738032698313489
0.36518871287355625
0.8969375253184637
0.5054935789274797
0.11844362303126421
0.6451462155446251
0.2725261196455535
0.7738552425533904
0.4010807601468662
0.9541683378241856
0.5434165904473265
0.16696892548812547
0.6801347768399131
0.30855265346256777
0.8181663690508334
0.4436031610983733
0.024860769111690217
0.5863105434076841
0.21347370806078136
0.716651361274222
0.3443680887599778
0.8664943282044738
0.4833329036365239
0.08686215989603685
0.6243004442516751
0.2513737633077917
0.7511278709762729
0.3782027360133844
0.9170758168078748
0.5193271972526052
0.13700236162739654
0.6581186565254413
0.28592417042686824
0.7896354781435682
0.4167428229653498
0.9802409604680347
0.5595057543406021
0.18527376619074887
0.6941028222457156
0.3224835098773964
0.8365179722300315
0.4595223693487338
0.050492629734416816
0.6017429984990997
0.22895609179024934
0.7299566036014775
0.35727272657087394
0.8851077844056083
0.4970789845490058
0.10671350351918818
0.6372316696290095
0.26442817943966856
0.764823570770736
0.39199105323735095
0.9392328177478926
0.5339157557084713
0.1555264100937781
0.6715937624524244
0.29984458289379723
0.8069647632727585
0.43334005721737645
0.007932947441495308
0.5761821072458768
0.2030761428338841
0.7081401024113491
0.3361494578121609
0.8550366860187347
0.4745115842797696
0.07368280022074014
0.615991026246155
0.24309316171102147
0.7429912181593412
0.3700897894097166
0.9044223791621363
0.5107033663361213
0.12554059358245429
0.6500409032479569
0.27756768633224693
0.779675775564609
0.40690090531646383
0.9638221927789307
0.549437124881361
0.17396881669759812
0.6854309308834928
0.3138816793807706
0.8251278563612734
0.44977403440235086
0.03490306159037582
0.5923329168444756
0.21955477041691163
0.7217751582541381
0.34932256352118785
0.8735451101652343
0.48861852525531346
0.09459451914391881
0.6292723588653223
0.25636591457515534
0.7562373523364182
0.3833349792508418
0.9252372298330132
0.5247741833215664
0.14405054232592773
0.6631885713928889
0.29117492306049675
0.7960745479010068
0.4229999459107425
0.9907004309268368
0.5658363385470675
0.19215202798329023
0.6994619683035161
0.3277304847804676
0.8435608649314014
0.4653412316234875
0.05961321274214626
0.607301958762507
0.2344753647709823
0.7349300711686796
0.3621383868802681
0.8923411789643642
0.5022514579172817
0.11396284313015181
0.6420975562439721
0.2693981375477197
0.770319308463323
0.3975281762658449
0.9483071935339394
0.5397171904110576
0.16257217760003195
0.6768354883313522
0.3052043495144152
0.8138320259810183
0.43967978750701464
0.018418389436021032
0.5824551470086404
0.20954449044209067
0.7134011250300447
0.34123004851264893
0.8620862814132484
0.47997503248916074
0.08188604432950886
0.621140408539696
0.24821683175147347
0.7479772918362275
0.37505142385305223
0.9121230186773529
0.5159781536384136
0.13259435004400366
0.6549870081278641
0.28268099323343754
0.7857259008968744
0.4129004176383191
0.9738216909020155
0.5555913062219
0.1809351533106116
0.6907562973688155
0.3191816522489579
0.8321236244333696
0.45581206945101593
0.044602583408417384
0.5981762662239226
0.22540385894046366
0.7268249293065756
0.3542224984675024
0.8806343798601171
0.493834859994843
0.10210446149924746
0.6341794662527278
0.26132620836680776
0.7614712702963431
0.3886097080007662
0.9337349193820172
0.5303537903538413
0.15110875112091682
0.6683376066610419
0.2964945280190374
0.8027220137243769
0.429351180113291
0.0012992393160038418
0.5722079186101308
0.1989214608140264
0.7048121344029942
0.3329291820733298
0.8506191458442117
0.47102443403218763
0.06837711171901817
0.612695430858184
0.23982286679778908
0.7398865695317429
0.36701725184034895
0.8997156954488714
0.5074371680274039
0.1211062099484117
0.6469730039476977
0.2744051180108529
0.7760072773566491
0.4032372459561717
0.9577385978343794
0.5456531591787672
0.16959145057128344
0.6821127337148049
0.3105496502420029
0.8207663252646779
0.44592679592790496
0.02865614594308674
0.5885842444950121
0.21577695336349478
0.7185779723167978
0.346229529969291
0.8691299338407537
0.4853205977639088
0.0897843831757914
0.6261702857461909
0.25324739363384663
0.7530270500251492
0.38010763237333167
0.9200917585962474
0.521350330560505
0.1396379844721778
0.6600057048757221
0.2878790410177592
0.7920175330217094
0.41906857344035764
0.9841289128795704
0.5618650889502992
0.18785638141892846
0.6961068683375852
0.32445106654491296
0.8391500973434084
0.461715084440828
0.05394666597811382
0.6038425841415539
0.2310425646630061
0.7318207546993429
0.35909320259002064
0.8878000407526678
0.4990145035977769
0.10944057435916088
0.6390526386143852
0.26628466406644336
0.7668586496473
0.3940429494866351
0.9425859394895889
0.5360704245853032
0.15816485156128146
0.6735498945444743
0.30185004278328753
0.8095234408389401
0.435719473443807
0.011877821047097559
0.5785427301734553
0.2055222529813654
0.710117481604627
0.33805988812848375
0.8576754810460094
0.4765707246470874
0.07679017252583731
0.6179333938237017
0.2450233529655561
0.7448515988618909
0.3719371881105731
0.9072753352710444
0.512667390166174
0.12818266117056476
0.6518840362876478
0.2794713434326641
0.7819113952037661
0.409124603930505
0.9675239640937905
0.5517242313764201
0.17657930298845326
0.6874199043704338
0.3158679653774694
0.8277413830156052
0.4520488458746337
0.038573114659897545
0.5945401069980566
0.2217691845354861
0.7236720878084977
0.35116081613906536
0.8761908849783695
0.49057640508521017
0.09742745351233784
0.6311140501211269
0.25822363208564925
0.7581791897799797
0.3852906030583714
0.928375702424348
0.5268456279586289
0.14669036045366557
0.6651062948591768
0.2931585702676085
0.7985396550092945
0.42536893094069583
0.9946574721182807
0.5682192329730735
0.19470050152212992
0.7014664831363399
0.32968213036794136
0.8462006604884826
0.467483471491261
0.06293365419729113
0.6093387348599657
0.23649484839122215
0.7367851263176137
0.36396071050172907
0.8950813916099245
0.5041883627207859
0.11664563727077093
0.6439190600129536
0.27126581470764277
0.7724235151330179
0.39964354957464154
0.9517939296413256
0.5419222021947543
0.1652017591962398
0.6788061625906877
0.30720683812609195
0.8164203822927646
0.44203014572387955
0.02228267296763886
0.5847672419658371
0.21190463205658583
0.7153480933678638
0.3431095861735147
0.8647213018490667
0.48198742381306015
0.08487422793897847
0.6230344920884506
0.250107691488723
0.749856965563066
0.37693014269223
0.9150701356464996
0.517974993394454
0.13522929469791234
0.6568552792383131
0.2846155167033215
0.7880514375034349
0.4151896144349685
0.977645238579621
0.5579259256068865
0.18353100966069924
0.692755641425969
0.3211568429589766
0.834748973761081
0.45803627306482
0.04814021503981891
0.6003165538003906
0.22753676502102094
0.7286991082926962
0.3560467644076861
0.8833041873786796
0.4957752915141662
0.10486702575396256
0.6360050936394329
0.26318010546702775
0.7634675072316783
0.3906232934488334
0.9370045626939625
0.5324765426986899
0.15374982684521132
0.6702813458866025
0.29849595390595596
0.8052518773448997
0.43173605465611686
0.005268192413471873
0.5745865458303167
0.20141385796094458
0.7068041512924794
0.33485764354264136
0.8532601287144258
0.47311534973450087
0.07156498963817048
0.61467252955333
0.24178422184091808
0.7417415655038746
0.36885149242779613
0.9025197071067567
0.5093869650666307
0.12375944198084965
0.6488047807602694
0.2762924373599902
0.7781895987174166
0.40541874831717517
0.9613585377759022
0.5479086808824352
0.17220956866656545
0.6840948300779629
0.31254276231601796
0.8233717948073076
0.4482327062912279
0.03240616841606769
0.5908334602839775
0.21804637158538887
0.7204928594072398
0.3480813267313181
0.8717678437104722
0.48729568534706
0.09267086507223721
0.6280280805918947
0.25511347073199575
0.754940616789289
0.38203037399356443
0.923152010022893
0.5233908425181677
0.14227505647257743
0.661904399414542
0.289845539867148
0.7944321699525321
0.42141314673150543
0.9880484254512597
0.5642359801895531
0.19042844821631455
0.6981123485473737
0.32641336633697793
0.8417857004632912
0.46388899357845936
0.05735071049669305
0.6059183538610684
0.23310295819273352
0.7336804992519539
0.36091323054211855
0.8905084733033987
0.5009492171234815
0.11214933014046458
0.6408726711243905
0.2681443373750332
0.7689185658995721
0.39611827627345764
0.9459890466482513
0.5382439805830521
0.16080051401324713
0.6755120888970421
0.3038555371428586
0.8120952867437465
0.43809055307342204
0.015797865825331048
0.5808876293094437
0.20793748687793134
0.712084190908838
0.3399588010090542
0.8603125839453486
0.4786115720101305
0.07985127449725304
0.6198564842032183
0.24693720822422538
0.7467175532982646
0.3737947746433372
0.9101611738945272
0.5146422577351859
0.13082063047302883
0.653735662494528
0.2813860165486688
0.7841801842230985
0.4113733539665678
0.9712731145909467
0.5540298011608096
0.17918486929249
0.6894129413768466
0.31785013891562786
0.8303594176350505
0.45430472318592585
0.04219398256171658
0.5967220808087249
0.22395208558288204
0.7255595739420732
0.352992699514874
0.8788439609529866
0.4925263347204756
0.10023197337292578
0.6329484125487634
0.260078663299667
0.7601401712854566
0.3872672985803025
0.9315626625346375
0.5289361832585175
0.14933132831268425
0.6670345668900566
0.29515044991167505
0.8010315773913347
0.4277474196862068
0.9986262865227518
0.5706041104957249
0.19723073843699757
0.7034679843904849
0.3316260255871728
0.848841722090044
0.4696065838298673
0.06620423065691083
0.6113527428386681
0.23849150150667286
0.7386390326269621
0.3657862636824294
0.8978435232378139
0.5061287141109607
0.11931566463075449
0.6457432622956613
0.27313986294846604
0.774555880995575
0.401783375078655
0.9553306251871714
0.5441460518903825
0.16782718852387557
0.6807812728446693
0.3092062463042229
0.8190161138690373
0.44436507103221556
0.026107007167776253
0.5870568749984522
0.21423080789073046
0.7172828453218817
0.34497805830123074
0.8673562364451748
0.4839845357603749
0.08782207579456136
0.6249134769256314
0.2519875515285315
0.7517475998691605
0.37882392695660316
0.9180575390859103
0.5199870850570951
0.13786430341633316
0.6587346041176716
0.2865622566358206
0.7904109462268742
0.41750130458439605
0.9815088125635361
0.5602760122143662
0.18611951879818456
0.6947580793758664
0.3231276036239392
0.8373784800573926
0.4602416375062177
0.05162788832183418
0.6024323820788302
0.22964148796062167
0.7305668940138665
0.3578683062192298
0.8859867232811334
0.49771224611242637
0.10760762885997233
0.6378274648375524
0.2650351274259939
0.7654865514714323
0.3926596386676837
0.9403240678798968
0.5346184253253923
0.15638965527057014
0.6722328562686962
0.3005004300374825
0.8078000387230616
0.4341190240931727
0.00922553172318974
0.5769557463497046
0.20387949360210378
0.7087879685242787
0.33677557207096065
0.8558999737449263
0.4751871499266982
0.07470436178051343
0.616628539984612
0.24372640368800824
0.7435992175802384
0.37069303094401107
0.9053520845800184
0.511344679845227
0.12640533538438037
0.6506429016912576
0.2781891802423062
0.7804034115646002
0.40762546494439045
0.9650276753718285
0.550183138428324
0.1748231811255163
0.686081038972364
0.31453181268417163
0.8259821923462306
0.4505201633066753
0.0361088417374813
0.5930576313369357
0.2202826052922653
0.722396715286314
0.349924607746108
0.8744098172403066
0.4892598963606627
0.09552441223039598
0.6298756538764456
0.2569739389088168
0.7568704850682948
0.38397236862485995
0.9262584996677787
0.5254496335127059
0.14491382032657119
0.6638146171683842
0.2918227302872112
0.7968777203865842
0.4237735064595647
0.9919929008544857
0.5666152726667029
0.1929873990010047
0.700117824232642
0.32836962061333086
0.844424097367941
0.4660440177573715
0.06070476928790125
0.6079706859603875
0.23513849168595957
0.7355370325715096
0.3627341693999002
0.8932351811229521
0.5028847064961091
0.11484187071004603
0.6426931262593127
0.2700083949017431
0.7710045383853718
0.39821741183341763
0.9494421455434586
0.5404363433078405
0.1634327093423904
0.677479552925445
0.305859621361813
0.8146777249378132
0.4404501297482344
0.019686463830595358
0.5832137568678079
0.2103201641760375
0.7140392854712383
0.3418460666362364
0.8629482289928215
0.48063502108792244
0.08286802694979634
0.6217617009089491
0.2488366386622638
0.7485910234162477
0.3756643732868121
0.9130827011550655
0.5166296999725724
0.1334562643802788
0.6555969135525922
0.2833124029843237
0.7864827915774074
0.4136466037693096
0.9750676645036754
0.5563531129913519
0.181784936414652
0.691409868112279
0.31982817413468334
0.8329818609578781
0.45654164682492615
0.04576517672330871
0.5988790330393047
0.22610467672444545
0.7274387178012172
0.3548195688666653
0.8815063537678388
0.49447002476685076
0.10301060568552334
0.634777044332344
0.26193254240113273
0.7621217723622844
0.38926584140313225
0.9347988893308785
0.5310459929929263
0.15197267791533609
0.6689724471682416
0.29714870369809754
0.8035472742191544
0.4301311836740882
0.002598167228516246
0.5729867093197472
0.1997394464905411
0.7054644816905888
0.3335610545763834
0.8514830497136958
0.47171045406208245
0.06942520613876546
0.6133444789519791
0.24046659653824132
0.7404931122437439
0.3676164979420098
0.9006298766571423
0.5080741483072377
0.12197496826515875
0.6475715318532745
0.27502145754388874
0.7767176844249865
0.40394801285716975
0.9589171688048781
0.5463888149457601