1
0.05050505050505061
0.06128076877577248
0.0242342782463369
0.9678751967590153
0.9370418031796549
0.9552716300621773
0.008814980487863666
0.05530995144570797
0.05844225091984149
0.015864389930925316
0.9606160234559109
0.9365542648995803
0.9619154061565436
0.017454285937158698
0.05905771025894291
0.054491773264689146
0.007179148590253176
0.9541251525241085
0.9372649557095991
0.969303195704695
0.0257469048400365
0.06168281340717863
0.04949857924914637
0.9983507775805883
0.9485223302355023
0.939161714631134
0.9772950541941154
0.033530801835653046
0.06313990856301899
0.04355168374063455
0.9895553106463234
0.94390869262197
0.9422119378941225
0.9857364970299343
0.04065658982098008
0.06340400416293429
0.036759287416612066
0.9809679009212444
0.940365932000675
0.9463627252410907
0.9944616720240026
0.04699038704222169
0.06247058393868564
0.029247755264624475
0.9727581972441585
0.9379558214324066
0.9515411148942551
0.0032972979695355953
0.05241583136564135
0.06035562848837772
0.02115994505089744
0.9650861318267729
0.9367199286800968
0.957654459428417
0.012067146583917054
0.05683536318587848
0.05709554029154722
0.012652727018315019
0.9580983910613264
0.9366794328952067
0.9645910764850337
0.020596748431868317
0.060170976423277886
0.05274698181238755
0.003893657627099867
0.9519257180526568
0.9378350265245733
0.972221375826711
0.028717964625698755
0.06236464820522651
0.04738662047484375
0.9950569191402385
0.9466810467664214
0.9401669119977761
0.9803996725822455
0.03627308927185191
0.06337860167782994
0.04111071421787841
0.9863187696846867
0.9424583348784217
0.9436348937578929
0.9889668268653973
0.0431182304988722
0.06319547355531957
0.034034388501300826
0.9778528350369136
0.9393318877291497
0.9481785558282267
0.9977537198647537
0.04912584834911393
0.061818395329626324
0.026290396165024488
0.9698256007292119
0.9373559690539515
0.9537175391266491
0.006585427453882575
0.05418647700568123
0.059270978300728985
0.018027157416371953
0.9623924283987765
0.93656455897668
0.9601519997359325
0.015285826436169048
0.05820978363847662
0.055597204948703745
0.009405960490651337
0.9556943272162041
0.936971202052306
0.9673634116280992
0.023682292403669702
0.06112517678791628
0.05086123533812725
0.0005973406348122948
0.9498555745455739
0.9385689433804326
0.975215927173225
0.031610132391071355
0.06288216012452191
0.04514710474104906
0.9917768026600641
0.9449821318559228
0.9413303617502216
0.9835584882327217
0.038916441573475735
0.06345055555275178
0.038558215759793825
0.9831201704231687
0.9411606865422003
0.9452076944422486
0.9922277846329232
0.04546317606934136
0.06282063950611597
0.03121644824250172
0.9747989119079542
0.9384581042290706
0.950133047553571
0.0010520142710717106
0.05112937570033116
0.061003189119945435
0.023260671475737286
0.9669757927822438
0.9369211061891428
0.9560187267752296
0.009855254391263335
0.055812616036838986
0.0580294311405249
0.014844478508009143
0.9598011540016117
0.9365760637217371
0.9627578011436324
0.01846214407713509
0.05942987363026327
0.053950901293652896
0.006133070130497881
0.95340999709032
0.9374288777711269
0.9702250882025731
0.026702523783083132
0.06191801960849237
0.04883921613119521
0.9972993624115322
0.947919915083561
0.9394649507742521
0.9782787755897593
0.03441568512842208
0.06323411483462565
0.04278570993891323
0.9885195321840653
0.9434297659106982
0.9426492553646602
0.9867628439293582
0.04145395250387485
0.06335559902932354
0.03590080841071616
0.9799683150714662
0.9400188924069008
0.9469264906261929
0.9955103378057237
0.04768543839504025
0.062280394867479175
0.028312940701525645
0.9718144135771346
0.9377466766802232
0.9522213296235059
0.00434738301164872
0.052995962470427524
0.06002691791296655
0.020166778125347548
0.9642163537751988
0.9366522691954453
0.9584388192995552
0.013097713191763116
0.05729025980681692
0.05663399070958309
0.01162065233246714
0.9573190500770943
0.9367544155500342
0.9654650764445696
0.02158737868880123
0.060492683223030634
0.05216067091470496
0.0028431329656046847
0.9512512096155181
0.9380513690979626
0.9731684860252591
0.029649278887923236
0.06254760658975675
0.04668598234856721
0.9940088939997669
0.946123558601573
0.9405208993038447
0.981401607505717
0.03712718987344488
0.06341967412434286
0.04030847323659881
0.985294126515782
0.942027745129904
0.9441203944113825
0.9900039163580375
0.04387904864819148
0.06309395799169902
0.03314544323380802
0.9768718356326473
0.9390357071144088
0.9487870491722238
0.9988053732182621
0.04977938971552698
0.061576028513012145
0.025331627329388817
0.968907379311894
0.9371993061988381
0.9544381577907799
0.007630664851495217
0.05472097852197181
0.05889192758278203
0.017017139917034345
0.9615545647902726
0.9365500979956476
0.9609716031364477
0.016303840044640694
0.058615805204163395
0.05508804967936947
0.008364573822398531
0.9549525190439084
0.9370991900978201
0.9682667143010102
0.02465299427941714
0.061395653481059215
0.050230937703524735
0.9995452898382391
0.9492234096074795
0.9388371894504354
0.9761857075295408
0.03251464863251874
0.06301243406301149
0.04440696290810572
0.9907350782350631
0.9444709454468931
0.9417342469757896
0.9845758955623451
0.03973752160587685
0.0634383964690649
0.037721782134464484
0.9821094864137017
0.9407794789582192
0.945740192504427
0.9932727468444725
0.046185501301361676
0.06266625520974814
0.030299387976485744
0.9738391651324991
0.9382134935128302
0.9507847563176305
0.002103730887853983
0.051739769755596875
0.060709224494599034
0.02228053635950182
0.9660855825418183
0.9368172987644352
0.9567779200479753
0.010892743896250279
0.056300174189122275
0.05760095586305521
0.013820380832030382
0.958997390896088
0.9366148356397741
0.9636105195446039
0.01946480513593629
0.0597860369820658
0.05339538757570244
0.005085257347943323
0.9527076134155598
0.9376095662960315
0.9711552947103854
0.02765066748878975
0.062136617998678166
0.04816650431051264
0.9962487112829983
0.9473316713679012
0.9397844575733857
0.979268599557115
0.03529100042132427
0.06331139395151986
0.042007951149378095
0.9874869956021323
0.9429661338017321
0.943102060723476
0.9877929263319633
0.0422398788145788
0.06329023733564815
0.035032363667772605
0.9789743630413517
0.9396879879551168
0.9475046776075569
0.996560273517206
0.04836743639306773
0.06207350991234276
0.02737021044761217
0.9708785108326414
0.9375542212362455
0.9529146216209283
0.005396238345319215
0.05356169147224034
0.05968206097840996
0.01916793984546078
0.96335651014855
0.936601564366712
0.9592346436720413
0.014124583443372085
0.05772968349765592
0.05615713071522883
0.010585296340198648
0.9565514667164553
0.9368463281363183
0.9663486764037815
0.02257194345405189
0.06079812972144961
0.05156016825241322
0.001791803959617068
0.950590026779917
0.938284326926638
0.9741231068036109
0.0305723133102922
0.06271380421714066
0.04597254774464947
0.9929625630810267
0.9455806935292661
0.9408908987073914
0.9824087774691164
0.037970997668553164
0.0634437745061937
0.039495097024328005
0.9842736307668604
0.9416127967755797
0.9446210181631882
0.9910438299188828
0.044627796826276045
0.06297554921341147
0.032247271560789596
0.9758973279780675
0.9387559019785319
0.9494094948152846
0.9998573645748565
0.050419342659268285
0.06131713710606753
0.024365759532173008
0.9679978296129532
0.9370594654900629
0.9551712828705218
0.008673745101889896
0.05524064567600929
0.058497008973884074
0.016002328430058846
0.9607273441359171
0.9365526163925246
0.9618020038568696
0.01731725897869585
0.05900602680105196
0.054563968433585686
0.0073208229520815085
0.9542230841668482
0.9372440245593254
0.9691788621471747
0.025616783895720197
0.061649649516996675
0.04958693681678391
0.9984933676979658
0.9486050864188749
0.9391218594237241
0.9771621690214967
0.03341010857163651
0.06312583453587432
0.043654613899261736
0.9896959718661141
0.9439747949114582
0.942153845962332
0.9855976514606074
0.04054761694647513
0.06340926079099729
0.03687489758480903
0.9811038401365989
0.9404142200043158
0.946287409646761
0.9943196111846002
0.046895159046493884
0.062495081370032235
0.02937387117386102
0.9728867450576302
0.937985458616852
0.9514499097641264
0.0031548523100015657
0.05233607829043909
0.06039894665957933
0.02129414382728572
0.9652048056525458
0.9367304060461119
0.957549012183162
0.011927156876398115
0.05677250474968793
0.05715693085499759
0.012792383990711441
0.9582049456477333
0.9366705712723735
0.964473334159673
0.020461989977228257
0.060126112977957134
0.05282537141151301
0.004036006291098314
0.9520181821887285
0.937806977427152
0.9720935619627323
0.028591076427433526
0.06233855543563874
0.047480615834461434
0.995199121327685
0.9467577473325558
0.9401201568988117
0.9802642516551484
0.03615651307478851
0.0633717272068349
0.041218610769832395
0.986457991156953
0.9425179111777157
0.9435702419069655
0.9888264549050974
0.04301416282399062
0.0632079349012674
0.03415418555166791
0.9779863207764508
0.93937329962905
0.9480971407043897
0.997611182299265
0.04903620630130834
0.06184997934164558
0.026419822132525327
0.9699507442556623
0.9373785018348699
0.9536208128622473
0.0064435675241001356
0.054112876294341125
0.05932114217261806
0.01816370794419709
0.9625068304786731
0.9365678264638174
0.9600417235294776
0.015147469212372089
0.05815352566413644
0.055665078650656515
0.009546950361485576
0.9557958412437791
0.9369551483994023
0.9672416389629382
0.023550170196037445
0.06108724129954452
0.05094562545696574
0.0007399680011416845
0.9499423382771389
0.9385338433390843
0.9750849763477366
0.03148681710712187
0.06286320076825246
0.04524650061143898
0.9919182218674828
0.945052587431172
0.9412768193748725
0.9834209016752121
0.03880428835616634
0.06345089699254493
0.03867080012622255
0.9832575681798188
0.9412135921046345
0.9451366404116354
0.9920862745035277
0.045364280511279276
0.06284027590658649
0.03134011578008916
0.9749295809760301
0.9384925405645413
0.9500457350081226
0.000909396289022979
0.05104554449744797
0.061041784174534174
0.02339305858245952
0.9670971977938795
0.9369364808248306
0.9559167245521651
0.009714373958692235
0.05574534880620584
0.05808631963973612
0.014983006581542009
0.9599109853919299
0.9365721135580456
0.962642981921387
0.018325800129075365
0.05938035246044308
0.05402509205161988
0.006275002381019697
0.9535062112937643
0.9374056703240864
0.9700996081179791
0.02657339618442678
0.06188710303908894
0.04892939650839331
0.9974418718330087
0.948000761574205
0.9394228838500817
0.9781450420435878
0.034296270826322806
0.06322233407351097
0.04289025332851107
0.9886597762917411
0.9434938036685024
0.9425890552264858
0.9866234697152191
0.04134651408891754
0.0633631555678122
0.036017787410561254
0.9801035118271435
0.9400649993144075
0.9468492088134363
0.9953680819665217
0.04759196647293895
0.062307159520440324
0.028440149476982403
0.9719419127199058
0.9377740550017971
0.9521283380222565
0.004205081224928575
0.052918150834734695
0.06007243143901095
0.020301767073352434
0.9643336985716233
0.9366604490714937
0.9583318018384228
0.012958202367727933
0.057229490562893726
0.05669746590173373
0.011760776533141462
0.9574240262165218
0.9367432571315085
0.9653460144808533
0.021453421473681455
0.06045001833209683
0.052240996046933844
0.0029856135575492618
0.9513418803071187
0.9380210632171081
0.9730396338902468
0.029523493781606014
0.06252378286345184
0.046781726568538476
0.9941508892726514
0.9461982872911685
0.9404719665638874
0.9812654553172222
0.03701199169245095
0.06341509999914943
0.040417895791808205
0.985432807776017
0.942085208912303
0.9440536828446786
0.9898631390184055
0.04377660220682844
0.06310871165062519
0.033266509653770024
0.977004462070004
0.9390749043540783
0.9487037305091452
0.998662766920656
0.04969157720875672
0.061609857508934
0.02546203607626152
0.9690313662664143
0.937219561119387
0.9543397215381032
0.007489074683955765
0.05464937880843129
0.05894425003251584
0.017154362135833455
0.9616675409746138
0.9365510636497467
0.9608598463181025
0.01616608386429763
0.05856168173178903
0.055157956852922144
0.008505906846892806
0.9550523702691426
0.9370808499818624
0.9681437235815733
0.024521788673462774
0.06135994740393268
0.05031719806604672
0.9996879226762081
0.949308308985416
0.9387998575842008
0.9760538302729326
0.03239254242379164
0.0629957600194238
0.04450802864562944
0.9908761650850021
0.9445393722242708
0.941678566432213
0.9844376974947417
0.03962684103180081
0.0634410398602746
0.037835800563206706
0.9822462228455997
0.9408302293764969
0.9456671325732726
0.9931309561071199
0.04608830888147186
0.06268817085713423
0.03042422123741942
0.9739688611066871
0.938245687043115
0.9506956081181184
0.0019611706997919587
0.0516578364262812
0.06075003685761325
0.022413792734366188
0.9662057269849893
0.9368303820011497
0.956674289314401
0.01075225810626157
0.056234962230348934
0.05765996077744742
0.01395945967562838
0.9591057040499741
0.9366085847751671
0.9634943139454847
0.019329182192234562
0.05973869025263331
0.053471555341081556
0.005227407398245225
0.9528020853918131
0.9375840881832188
0.9710287022159814
0.02752256862674063
0.06210795626925629
0.0482584844666133
0.9963910996992288
0.9474105877654736
0.9397401892124799
0.9791340546767074
0.03517289713957972
0.06330190930861714
0.04211408047239569
0.9876267831491108
0.9430280911442136
0.9430397672633178
0.987653062594177
0.04213400305393433
0.06330009195589123
0.03515068024742721
0.97910877976478
0.9397319024748267
0.9474254489972649
0.9964178628906089
0.04827574452789407
0.06210253528634334
0.027498477371801992
0.9710049264858047
0.9375793340440817
0.9528198673919712
0.005254120661371875
0.05348584084171641
0.059729758716658615
0.01930368146852928
0.963472494543341
0.9366074447731738
0.9591260840584978
0.013985590675291482
0.057671018477943745
0.05622267479956567
0.010725848365800136
0.9566548369780887
0.9368328756234031
0.9662283267427602
0.022438824598981943
0.060757673814232055
0.05164240866146183
0.0019343761811882465
0.9506788808553586
0.9382517716314562
0.973993251691363
0.0304476655186523
0.06269225531557812
0.046070016175696664
0.9931043113264003
0.9456534316152585
0.9408398003300338
0.9822719319425435
0.0378572081726134
0.06344150183351624
0.039606016765197795
0.9844117329534876
0.941668133863167
0.9445522634668331
0.9909026868500591
0.04452699827437945
0.06299259161184666
0.03236957473829148
0.9760290584742963
0.9387928749925392
0.9493242937003613
0.9997147298915541
0.05033338204730464
0.061353202849423895
0.024497115213519785
0.9681206263918266
0.9370774376391372
0.9550711620770466
0.008532464655224281
0.05517106484521473
0.0585514771386979
0.016140184021292955
0.960838864474916
0.9365512799799701
0.9616887959854675
0.01718014235852383
0.058954051152383904
0.05463589164574284
0.007462459269362093
0.9543212467185758
0.9372234024253385
0.969054686637018
0.025486531020445957
0.06161618155119811
0.04967504550925209
0.9986359656509932
0.9486880999129752
0.9390823048351512
0.9770294017032898
0.03328924440132042
0.06311144984490055
0.04375732326674467
0.989836686591145
0.9440411758513129
0.9420960409705522
0.9854588805641172
0.0404384382315468
0.06341420549409908
0.03699031978983244
0.9812398771049505
0.9404628028148629
0.9462123620919178
0.9941775798742769
0.04679969484218294
0.06251927094850021
0.029499836263896337
0.9730154323460172
0.9380154015085583
0.9513589486453028
0.0030123902446974604
0.052256063536273066
0.06044196636378366
0.02142823260386406
0.9653236572247951
0.9367411947157777
0.9574437799565443
0.011787105268847409
0.056709364254249016
0.05721803760934863
0.012931974593992195
0.9583117120966449
0.936662021219403
0.9643557731816725
0.020327125766663734
0.06008095229247003
0.05290349706692627
0.004178333969173803
0.952110887662247
0.9377792348343299
0.9719658915613227
0.02846404133092495
0.06231215551167163
0.04757437221964169
0.9953413484756013
0.9468347137686342
0.9400736979315901
0.9801289327749256
0.03603975243622726
0.06336454097781907
0.041326298238883306
0.9865972828667106
0.9425777727642013
0.9435058705530125
0.9886861409488674
0.04290987742646024
0.06322008521794892
0.03427380801765296
0.9781199201799191
0.9394150110191453
0.9480159852507696
0.9974686571568323
0.048946317959446484
0.0618812583819984
0.0265491121175249
0.9700760419778729
0.9374013430325285
0.9535243203638497
0.006301674102575872
0.05403900570018082
0.059371012431083905
0.018300164469981825
0.9626214235462405
0.9365714059778162
0.9599316503094295
0.015009033478379896
0.05809697935610264
0.05573267534844839
0.009687890647123137
0.9558975786898507
0.9369394050497655
0.9671200339758366
0.023417926517709464
0.06104900425451659
0.05102976035591138
0.0008825915189646233
0.9500293530857501
0.9384990465520604
0.9749541539065534
0.03136334046060929
0.06284393191784651
0.04534566809422709
0.9920596830665455
0.9451233167232514
0.941223567911934
0.9832834009896728
0.03869193775728785
0.06345092632221305
0.03878318776080824
0.983395052647362
0.9412667888653599
0.9450658597122532
0.9919448054942661
0.045265156005314555
0.06285960291506981
0.03146362268518982
0.9750603792142495
0.9385272803392486
0.9499586730564078
0.0007667735773102535
0.05096145760937354
0.06108007787628213
0.023525325015620997
0.9672187711995426
0.9369521658469081
0.9558149451701062
0.009573443073803478
0.05567780420428719
0.058142920109840714
0.015121456991528011
0.960021020402274
0.9365684754021507
0.9625283530212937
0.018189361348495137
0.05933053741006871
0.054099013330773195
0.006416902014895989
0.9536026598061316
0.937382771172627
0.9699742814854234
0.026444131829313378
0.06185588133203856
0.04901933109274157
0.9975843945578696
0.9480818681822436
0.9393811161934191
0.978011421353528
0.03417668123841455
0.06321024221904716
0.04299457958993101
0.9888000792654279
0.9435581222718697
0.9425291400522556
0.9864841648849336
0.041238865973832306
0.06337040038640589
0.036134582649879725
0.980238811451038
0.9401114026019992
0.9467721924482849
0.9952258502099198
0.04749825505103522
0.06233361715917026
0.0285672121110722
0.972069556086761
0.9378017399749925
0.9520355872394872
0.004062757573613185
0.052840074826369945
0.060117647966414764
0.020436651083298008
0.9644512254018877
0.9366689405624351
0.9582249956285768
0.012818624318594818
0.05716843717987606
0.0567606593764946
0.01190083969365436
0.9575292179751514
0.9367324099594518
0.9652271295675567
0.021319353447220024
0.060407054744650815
0.052321059940786924
0.0031280786235460614
0.9514327955176793
0.9379910628843993
0.9729109204606393
0.029397557107544214
0.06249965115622836
0.04687723511650444
0.9942929149508083
0.9462732844309055
0.9404233283705076
0.981129400054477
0.03689660487712865
0.06341021392302472
0.040527113134305286
0.9855715645583527
0.9421429599460641
0.9439872495679251
0.9897224143186801
0.043673934390655145
0.06312315472194949
0.03338740587818089
0.9771372071628482
0.9391144024232394
0.9486206686980487
0.9985201675777482
0.049603515337009574
0.06164338260729707
0.02559231367377586
0.9691555120033708
0.9372401251652592
0.9542415156403887
0.007347445598967495
0.054577506745877975
0.05899628057056685
0.017291495528869022
0.961780712242709
0.9365523414052517
0.9607482885148234
0.016028243934251618
0.05850726807752605
0.055227589344294524
0.008647195680707008
0.9551524484591059
0.9370628196093105
0.9680208960620542
0.024390456673021532
0.06132393854810622
0.05040320613918854
0.9998305571372705
0.9493934623999286
0.9387628277806968
0.9759220764950368
0.03227027035163332
0.06297877589118975
0.04460886951409136
0.9910172993281721
0.9446080750702189
0.9416231749829854
0.9842995800720468
0.03951595907886962
0.06344337118519323
0.03794962633074829
0.9823830511782676
0.9408812727250081
0.9455943435368078
0.9929892010699714
0.04599088407463792
0.06270977779049476
0.030548898430560155
0.9740986911033034
0.9382781851172407
0.9506067074702446
0.0018186003123721317