0
0.2857142857142857
0.4472968943229726
0.5674833657025824
0.7400533438137363
0.03969870410964993
0.30791340523478
0.45714097751465
0.5724942370702462
0.743858151207104
0.042451225085494704
0.3074845773049265
0.4534091356618894
0.562591080472751
0.7205651031291667
0.0036917462371670595
0.28386525719466116
0.43958631752787525
0.5481287569647761
0.6945900491923271
0.9607365116178572
0.25797611870660875
0.4280516285135485
0.54250898124039
0.6905706244519487
0.9571823740757043
0.25763651158436107
0.43091323137355275
0.5506399900137847
0.710198628300265
0.9931205263259999
0.2815442896353504
0.4451367364591062
0.5657026698156722
0.7373504513951333
0.035920247395868854
0.3059971836669709
0.45655003649871784
0.5727730964854973
0.745207067285664
0.04490726147673252
0.3091564557850265
0.4547760716007292
0.5647014421270149
0.7249739614620065
0.010999605766127463
0.2882325691343877
0.4417976719365586
0.5498318088573576
0.6970832221296417
0.9646855503636451
0.26030818570039616
0.42887383044162297
0.5424137450619605
0.6894844566798017
0.954785539118453
0.2557735964856511
0.42952146871818064
0.5487112929426015
0.7062645971915887
0.9863646774487771
0.27735967637643477
0.44290740849160815
0.5637543590847816
0.7342516560620548
0.031450097963639845
0.3036518857499139
0.45569598937228073
0.5727528634186766
0.7460061241832373
0.046543252178814054
0.3103742375499038
0.45593294395925604
0.5666867258300962
0.7292424850813806
0.018040827432318718
0.29243739576790284
0.44400949311441473
0.5517074198854228
0.7000474055913689
0.9694913818147155
0.26319305282367855
0.4300079709774933
0.5426167559491553
0.688912986326331
0.9532691518849257
0.2544751395270013
0.4284075024030665
0.5469779472572003
0.7025873889112094
0.9799127152126295
0.27326523925169277
0.44065175142371527
0.5616523679778583
0.7307505764886808
0.026242604802385605
0.30083555043240295
0.45454444670478095
0.5723812661240567
0.7461475637615868
0.0472005175266057
0.31104415505919164
0.4568150224089647
0.5684602821786728
0.7332003828988841
0.024555782284677363
0.2963444030188587
0.4461690540035589
0.5537453613954599
0.7035054177315568
0.9751948972214042
0.2666482183498011
0.4314735371007298
0.5431558979673871
0.6889414532988083
0.9527954698584438
0.2538618725928594
0.42764180213554737
0.5455088328463212
0.699288835407273
0.9739840966927966
0.26939951814764207
0.43843566350237917
0.5594394312514328
0.7268970200048784
0.020339462873306458
0.2975545904345861
0.45308722028338233
0.5716307357948935
0.7455637151857042
0.0467711894521079
0.311097950944463
0.45736805404480313
0.5699389929421707
0.7366776703238008
0.030294495456295367
0.29982180829118155
0.44821286903613167
0.5559014430424964
0.7073972934975133
0.9816827020344503
0.2705896197356865
0.43323655625008806
0.5440254563054174
0.6895872674635656
0.9534099500669899
0.25397462240971125
0.42725504197331376
0.5443447498684055
0.6964530229646937
0.9687467134834732
0.2658826539691883
0.4363281092604211
0.5571839766079758
0.7228090725481887
0.013904457800998138
0.2938904215510553
0.45136331915597905
0.5705296566989423
0.7442909946354326
0.045294381332714684
0.3105494240117038
0.4575841579807992
0.5710864766071045
0.7395858878259933
0.035136776799391756
0.30280602968939163
0.4500954787407911
0.55811231368741
0.7115928574897403
0.9887079600723452
0.2748491174384644
0.43521506342084804
0.5451725159344902
0.690784731207716
0.9550094285688524
0.25474913339540706
0.42722156460065014
0.5434792526605582
0.6940892965378519
0.9642472488916727
0.26276744647123507
0.4343731529297272
0.5549525793994847
0.7186257617862513
0.00715697637951207
0.28996453936263683
0.44944121213398586
0.5691477114847175
0.7424484006407402
0.04292974754622403
0.30948224418602055
0.45750006965649204
0.5719205886765366
0.7419392703746928
0.03911864055447034
0.30531724882195976
0.45180540620467036
0.5603244345116297
0.7159557603179453
0.9960092200892254
0.2792549692413453
0.4373217080678622
0.5465319333615261
0.6924396305804114
0.9574346811684433
0.2560774921369606
0.4274891674208352
0.5428782656367661
0.6921565160275946
0.9604417919559353
0.26004879640336487
0.43258554825073786
0.5527890473688484
0.7144536957453191
0.00027985559396004334
0.2858821310828049
0.447382677775958
0.5675519916041578
0.7401548463509234
0.039838128993630706
0.30798267654521244
0.45715982964082347
0.5724772084019621
0.7437930074358238
0.04233594491473647
0.30740813245928844
0.45334992836153243
0.5625037625034939
0.7203851454320364
0.003392594533955684
0.283686173543092
0.439497125659145
0.5480631899872446
0.6944980304453111
0.9605929065829616
0.2578923204685488
0.42802429643713974
0.5425184469559867
0.6906241919683014
0.9572956693344026
0.2577221500965654
0.43097451754839416
0.5507214095842614
0.7103620423030074
0.9933982232017786
0.2817143111285929
0.4452259360607245
0.5657782159741077
0.7374676981117781
0.036086607347709965
0.3060829597078085
0.4565788945305751
0.5727672684978737
0.74516236981179
0.04482261281307065
0.309096902002218
0.45472431746417286
0.5646177464798121
0.7247968179165151
0.010706744449676897
0.28805773453058703
0.44170766155125085
0.5497593832100305
0.6969732535641264
0.9645092957061185
0.2602031745995528
0.4288346532504032
0.5424121397169174
0.6895191842377739
0.954866907637891
0.25583911569347695
0.4295730504291704
0.5487862250472384
0.7064200352925347
0.9866343058692354
0.27752856798325576
0.44299874645722914
0.563836569902878
0.7343852951718892
0.03164568228999509
0.3037560117226683
0.4557362349523034
0.572760186770446
0.7459857824030476
0.04649483590032277
0.3103348370188176
0.45589089047729436
0.5666096591938106
0.7290740792804774
0.017763490336544896
0.29227159492093047
0.4439203451988116
0.551627981388086
0.6999174452059607
0.9692787606494321
0.2630647305191667
0.42995548876020095
0.542602126007667
0.6889249216521165
0.9533112276469362
0.25451513440596196
0.4284463199640365
0.5470435539850962
0.7027299971715466
0.9801657623243152
0.2734278775789156
0.44074299862074817
0.5617402127375961
0.7309000801700747
0.026468142096721214
0.300959159738626
0.4545972156980469
0.5724037018826329
0.7461557899599756
0.047194693275089517
0.31102873637596296
0.45678539390761735
0.5683936088682157
0.7330481804228822
0.024305164002425883
0.2961935060812602
0.446083276096041
0.5536599742303802
0.7033559635182516
0.9749468883687209
0.26649763300540275
0.4314078534697042
0.5431273696124617
0.6889280908886293
0.9527932717330343
0.2538725204680392
0.427665502971268
0.5455626218910198
0.6994139946398735
0.974211954984723
0.2695501976294812
0.43852387760429834
0.5595305443526305
0.7270588904333289
0.02059075724743975
0.2976959329856946
0.4531519443877419
0.5716683906254099
0.7456014232317015
0.04680978789171508
0.3111078858992237
0.45735230249502035
0.5698854031943938
0.7365474407510502
0.030078872898290587
0.2996901973363229
0.44813288722194455
0.5558124675864355
0.7072324829603489
0.9814071172774106
0.27042224799552517
0.4331601935330667
0.543984315051521
0.6895496847289208
0.953364781995304
0.2539564647651409
0.4272635328570481
0.5443859847919099
0.696558716483733
0.9689447535172773
0.2660176341639806
0.43641083343471615
0.557275405060429
0.7229776700499462
0.014173085330185797
0.29404501261049326
0.45143760635357444
0.5705803205012702
0.7443546482248399
0.04537284078178461
0.31058245086936714
0.4575815659373866
0.5710462652382446
0.7394790420892271
0.03495767899754365
0.30269449817169486
0.4500224792043791
0.5580222981011623
0.7114185533806425
0.9884159686145996
0.2746724287815283
0.43513177528407054
0.5451214490627805
0.6907266647884525
0.9549274673336874
0.25470623920111546
0.4272167182619358
0.5435089754761776
0.6941764843590306
0.9644158859705638
0.2628859969743178
0.43444925202646767
0.5550420094982708
0.7187958377462556
0.007434275205867591
0.2901274550549588
0.44952219356150863
0.5692083074563258
0.7425325802720949
0.043040687179541015
0.3095344095020192
0.45750870337991667
0.5718923530351987
0.741853843342403
0.038972543990903
0.30522386032554505
0.45173929893653797
0.5602351322043936
0.7157768843594602
0.9957103146506239
0.27907507773278506
0.43723460585280305
0.546473280109627
0.6923644924143914
0.9573217759292877
0.25601392443036697
0.42747300594950244
0.5428979003191884
0.6922270877348087
0.9605833591788455
0.2601515733033959
0.4326547492134035
0.552875145564994
0.7146218094719704
0.0005597042305447442
0.2860498365276244
0.44746830122460013
0.5676203283340664
0.7402557100309752
0.03997648237597007
0.30805129821488536
0.45717829113479613
0.5724597473225623
0.7437270781414966
0.04221948003352405
0.3073310358916481
0.4532904460345651
0.5624163406805892
0.7202051636119136
0.0030933348730830534
0.28350699403708846
0.43940799162269145
0.5479978923195689
0.6944066917831333
0.9604505386122808
0.25780933161764397
0.42799741308186146
0.542528325230504
0.690678454096494
0.9574101301861802
0.2578085087929811
0.43103614357415043
0.5508030433595269
0.710525697131354
0.9936761047320506
0.2818842974240796
0.44531501743760454
0.5658534853233436
0.7375842951532177
0.03625183537068555
0.30616803499173934
0.4566073239226066
0.5727609548698522
0.7451167810077814
0.04473663521888982
0.30903661311748903
0.4546722254919736
0.5645338546604586
0.7246194617439208
0.010413471281221165
0.2878826466067794
0.44161765787032475
0.5496872438826843
0.6968640608082991
0.9643344522889413
0.26009907487439876
0.42879598911724204
0.5424110224983059
0.6895547517056222
0.9549497113226814
0.2559055535691319
0.42962508313560743
0.5488614722970586
0.7065758844998822
0.9869044130602083
0.2776975936519661
0.44309003358623084
0.5639185215887876
0.7345182627793306
0.031840041231651295
0.3038593571644918
0.4557759889731004
0.5727669316063442
0.7459643597552272
0.04644481240269438
0.3102945377232877
0.45584838801035
0.5665322503288825
0.7289051756673451
0.017485305889843206
0.2921053140397509
0.4438311174837472
0.551548817207517
0.699788311186345
0.9690676422974178
0.26293736426960046
0.4299035604328292
0.542588054514451
0.6889378505592276
0.9533550289966188
0.25455626270251264
0.42848571276076464
0.5471095955661763
0.7028732263538878
0.9804196636251156
0.2735908851685853
0.4408343053009187
0.5618278667618626
0.7310489870063772
0.026692508175039098
0.3010819896093184
0.45464947321925264
0.5724255053930719
0.7461628076977281
0.04718706070773049
0.31101229310334966
0.4567552190666813
0.5683264476148107
0.7328951841601652
0.024053262191148894
0.2960418990174639
0.44599730906770674
0.5535747885703173
0.7032072414690443
0.9747002045912383
0.26634787048567055
0.4313426712764648
0.5430993947673642
0.68891575963602
0.9527928904767755
0.2538843808944429
0.4276898362790653
0.5456169192148449
0.6995399238872111
0.9744409622831758
0.26970145563125003
0.43861227014787496
0.559621582818578
0.7272203623355099
0.02084115338798176
0.2978366309822927
0.4532162208968773
0.5717054582119724
0.7456379783678444
0.0468466353389676
0.31111681449644474
0.4573359880628815
0.5698312601462361
0.7364162606107548
0.029861752737896374
0.2995577627030459
0.44805263662724626
0.555723584870248
0.7070681827037364
0.9811324374957748
0.27025541253115315
0.4330841924975858
0.543943636981288
0.6895130208709513
0.9533212546003433
0.2539394101445793
0.42727261260520766
0.5444277173364424
0.6966651967145504
0.9691440233229328
0.2661532835819418
0.43649381164542955
0.5573668730070572
0.7231461072719112
0.014441190447514352
0.29419916759443043
0.4515115637252031
0.5706305173508223
0.7444173548224258
0.04544982628008576
0.31061461692431724
0.4575784753511585
0.5710055328448154
0.739371273316642
0.03477714961568035
0.30258217968949186
0.4499491922115023
0.5579322841530215
0.7112445267071648
0.9881244356528777
0.2744959827399298
0.43504869867868656
0.5450707317877068
0.6906693509020831
0.9548468650473727
0.2546642572379003
0.42721236806309704
0.5435391345139997
0.694264383286645
0.9645856683322016
0.263005201605262
0.4345256272215102
0.5551315517687542
0.7189659327307638
0.00771136024699981
0.2902901130276781
0.44960295089138047
0.5692685528678374
0.7426160208025595
0.04315043616999281
0.30958586687915673
0.45751691748295437
0.5718636623829011
0.7417675966319587
0.03882519254545258
0.30512978193485746
0.4516729206085114
0.5601457773034375
0.7155981203555393
0.9954115477954859
0.2788952285129722
0.43714761569733296
0.5464149060881482
0.6922900096238043
0.9572100616474717
0.25595114774887096
0.42745727952349727
0.5429179271498051
0.6922983105583113
0.960725997824315
0.2602549860649457
0.4327242362176418
0.5529613985587569
0.7147900516442858
0.0008395389426949507
0.2862173982016783
0.4475537628692632
0.5676883746920935
0.7403559334920529
0.040113763635090116
0.3081192703703816
0.45719636227576654
0.5724418544500849
0.7436603646751733
0.04210183178895832
0.3072532884030365
0.4532306898756304
0.5623288175847221
0.7200251635109038
0.0027939772029443866
0.28332772393751127
0.4393189171580451
0.5479328634635477
0.6943160301764529
0.9603094022030945
0.2577271490074675
0.42797097652463983
0.5425386139016943
0.690733406750472
0.9575257489007056
0.25789558177735517
0.4310981060904924
0.5508848882008781
0.7106895873855124
0.9939541615896599
0.2820542433693485
0.4454039786681856
0.565928477650475
0.7377002439732077
0.03641593580986058
0.30625241287305943
0.4566353271167622
0.5727541589623308
0.7450703075457328
0.044649338230405844
0.30897559465956287
0.45461979943238484
0.564449771593077
0.724441902584092
0.010119801315865873
0.2877073131394279
0.44152766354173006
0.549615390389987
0.6967556399810114
0.9641610130361924
0.2599958824322979
0.42875783530180445
0.5424103899140846
0.6895911521467303
0.9550339373166643
0.2559729007303502
0.4296775615669095
0.5489370298690901
0.7067321366400372
0.9871749847790706
0.2778667448863479
0.4431812662550235
0.5640002126284396
0.7346505584742936
0.03203317678368789
0.30396192442752196
0.4558152536106178
0.5727731015174533
0.7459418638496998
0.046393193120857434
0.3102533465064028
0.4558054413412493
0.5664545057186706
0.7287357870180792
0.017206293285701335
0.29193856318716827
0.4437418141978441
0.5514699289700411
0.6996600039093157
0.9688580275307317
0.26281095526568987
0.4298521858565454
0.542574539719835
0.6889517683686202
0.9534005467450365
0.25459851742923556
0.42852567654846085
0.5471760675858885
0.7030170683613548
0.98067440414163
0.2737542521703644
0.4409256664428298
0.5619153261220171
0.7311972913293758
0.02691569641327507
0.30120403738125634
0.4547012185037295
0.5724466770844473
0.746168618997025
0.04717762360660438
0.3109948279504193
0.4567245005682785
0.5682588032080328
0.7327414042953004
0.023800091503382248
0.2958895895956009
0.4459111571566446
0.5534898084203295
0.7030592584847397
0.974454858892079
0.2661989399355362
0.431277994713665
0.5430719755206922
0.688904461198733
0.9527943279910789
0.2538974545654844
0.4277148017747393
0.5456717234531303
0.6996666195346252
0.9746711104152855
0.2698532856146454
0.438700836874674
0.5597125415828741
0.7273814260811535
0.021090636950943153
0.2979766767926818
0.45328004574627623
0.5717419348109309
0.7456733746170313
0.046881724088584376
0.31112473292074855
0.45731910955362
0.5697765643386958
0.7362841323841032
0.029643137699803646
0.2994245058178098
0.4479721193171116
0.5556347992818691
0.7069044028000202
0.9808586818576044
0.270089126172778
0.433008559608663
0.5439034267586726
0.6894772824221836
0.9532793786953575
0.25392346567015744
0.42728228450566774
0.5444699493516746
0.6967724654025089
0.9693445237944556
0.2662896010947362
0.4365770420036329
0.5574583765125519
0.723314375245279
0.014708758329132543
0.29435287804902566
0.4515851863199567
0.5706802418981352
0.7444791049638269
0.045525324880399065
0.31064591521559326
0.45757488278839115
0.5709642768764905
0.7392625778643238
0.03459518222567448
0.3024690707175197
0.44987561750195987
0.5578422747599452
0.7110707857668795
0.987833377219616
0.27431978966046877
0.4349658389146247
0.545020368192051
0.6906127956193673
0.9547676321470123
0.25462319474053285
0.4272085176274845
0.5435697323723414
0.694352996840813
0.9647566004905583
0.26312506185102946
0.434602278240398
0.5552212040881015
0.7191360410987875
0.007988221396038053
0.29045250741198453
0.44968348066626745
0.5693284439437529
0.7426987155280851
0.043258985567135255
0.3096366115312475
0.4575247094293942
0.5718345144625394
0.7416805265552582
0.03867657988126494
0.3050350101615022
0.451606270564193
0.5600563715732189
0.715419473798525
0.9951129300246339
0.27871542786998926
0.4370607404999797
0.5463568129085932
0.6922161838447616
0.9570995411414817
0.2558891644097563
0.4274419892794805
0.5429383468558121
0.6923701853447585
0.96086970844055
0.26035903403733607
0.4327940083673376
0.553047804668017
0.7149584184376294
0.0011193527440536144
0.2863848122376474
0.44763906087311855
0.5677561293950669
0.7404555151835417
0.040249971842440946
0.3081865929510075
0.4572140432280962
0.5724235302722624
0.7435928681473774
0.0419830011622111
0.3071748905875007
0.45317066097818465
0.5622411957238058
0.7198451508747497
0.002494531358454344
0.28314836846254177
0.43922990400729545
0.5478681029694508
0.6942260427266251
0.9601694920894448
0.25764576964599506
0.4279449849353226
0.5425493109073108
0.6907890460278567
0.9576425180657544
0.2579833633626376
0.43116040184313814
0.55096694104827
0.7108537077778433
0.9942323846312172
0.2822241439250657
0.445492817874246
0.5660031927478849
0.737815545996549
0.03657891293579163
0.30633609664594263
0.4566629065051463
0.5727468840594048
0.7450229559374946
0.04456073113052805
0.3089138520064167
0.4545670429432242
0.5643655021017755
0.7242641498970488
0.009825749359601454
0.28753174177331464
0.44143768114897386
0.5495438221995623
0.6966479871347835
0.9639889707518219
0.259893593096137
0.4287201890314918
0.5424102384713818
0.6896283786534947
0.9551195728259988
0.2560411478419218
0.42973048048553303
0.5490128929819815
0.7068887836227937
0.9874460069481527
0.2780360133177453
0.44327244091957846
0.5640816415967349
0.734782182011443
0.03222509118888617
0.3040637159978822
0.45585403111049105
0.5727787001554733
0.7459183023890443
0.046339989602330656
0.3102112702644338
0.4557620552683478
0.5663764318361938
0.7285659260687714
0.01692647168370298
0.29177135240226115
0.44365243952244815
0.55139131819319
0.6995325234989695
0.9686499166521728
0.2626855043869645
0.42980136473005026
0.5425615797446386
0.6889666702033929
0.9534477713653067
0.25464189136972415
0.42856620697022
0.5472429655541418
0.7031615150008775
0.9809299687776072
0.2739179687003832
0.4410170770464089
0.5620025869780835
0.7313449876951488
0.02713770058004039
0.30132530063010626
0.45475245093567274
0.5724672175601192
0.7461732262023025
0.04716638620800806
0.3109763438790216
0.4566932412352391
0.5681906805753634
0.7325868512499291
0.02354566697111804
0.29573658578256645
0.44582482464924156
0.5534050377177019
0.7029120212328931
0.9742108638322502
0.26605085021918407
0.4312138278145746
0.5430451138061961
0.6888941969638245
0.9527975856951321
0.2539117418351782
0.4277403989932045
0.5457270330913079
0.6997940777325854
0.9749023908296837
0.2700056808325064
0.43878957345081265
0.5598034155782083
0.7275420721164226
0.021339193783543875
0.29811606292097437
0.4533434149703889
0.5717778168162505
0.7457076062765626
0.04691504683647674
0.3111316375891325
0.4573016659193615
0.5697213164888966
0.736151058883811
0.02942303101204624
0.29929042837718545
0.4478913374662156
0.5555461152409261
0.7067411533016612
0.9805858694827453