0
0.26530612244897955
0.40387664003692636
0.4701389807153717
0.5126524156968
0.5652771250913794
0.6686716639416173
0.8831252098899391
0.18289877050806602
0.3664979463775692
0.45538672077790004
0.5090504412826031
0.5699506132603108
0.6850269365970788
0.9169639646888198
0.2123568849561268
0.38397059943285483
0.47076750579435894
0.5343096861901896
0.6250875160970779
0.8059464705864121
0.10634348409667727
0.32785628967635494
0.43697821710087237
0.4969899875170423
0.5545938914943339
0.6550214271860002
0.8607657664001968
0.16422327030192507
0.358405309480619
0.45367429860655983
0.5124038307915866
0.5810463852893873
0.7117599552023101
0.9661399626656311
0.24740411847560795
0.40136125538785494
0.4813629992294649
0.5464891933689869
0.6482801170939446
0.8522635476905484
0.15817945552610624
0.3573796063377066
0.4571520797290712
0.5230588021485649
0.6073480969984596
0.7711508833364027
0.061154939949410236
0.3034300956128432
0.42548899703655696
0.49009286466568336
0.546776141536394
0.6403439229919601
0.8321916481117322
0.13475898547452259
0.3419468332306978
0.4424740648789798
0.4979760735246974
0.5518589846296117
0.6464988449376532
0.8424748160032736
0.1448801454351325
0.34673861033261094
0.4440779687721422
0.49759458615607244
0.5491869457241888
0.6395054518473301
0.8276760883080935
0.12830527318628704
0.33705263038087596
0.437051899248605
0.4879954008649805
0.5293443268729525
0.5940359343627212
0.7296550232336445
0.9915591928078815
0.2602128430219677
0.40180458875029446
0.46972993184656037
0.5135849518229099
0.5682947411382578
0.6759789740038042
0.8974630885083675
0.19541869243397714
0.37346458923375364
0.4606144979803909
0.5165766156040037
0.5857760621965453
0.7203222936718159
0.979985279317645
0.2556178715038604
0.4040058211193833
0.48017068003561486
0.5405130925159463
0.6329170978492081
0.81971810505412
0.12182110995864903
0.3357085735905309
0.44029259838308354
0.49822326935324746
0.5547325853290135
0.6541700077983245
0.858539949515303
0.1617550826744174
0.356721260922106
0.4519316238385463
0.5092692494596457
0.5740180832540618
0.695869771721333
0.9377520300466614
0.2281727189567515
0.3924649774616173
0.47712700426080756
0.5435535588728119
0.6443897060452417
0.8455315323420605
0.15174092879067613
0.35413062726486166
0.45548989223012193
0.5217034263288375
0.6052259389770901
0.7669289441902201
0.055236305629135396
0.30023639479918274
0.4242027809475033
0.4897977670223958
0.5472365552113372
0.6419122302352965
0.8356607149752131
0.1387322697521174
0.34434860221434527
0.44436573623777326
0.5007763492141334
0.5578080390987724
0.6600759821287638
0.8698796538622129
0.17256437346544518
0.36270046961197944
0.45612290366787184
0.5148866176489318
0.5855422678726354
0.7213841094149988
0.9824974010134849
0.25758456567254284
0.40549232619204223
0.48215950493353144
0.5445841583852454
0.642211477771636
0.8390618024873804
0.14381559648012332
0.3485472535045943
0.44959284583735454
0.5109835202368331
0.5811540378249287
0.7134707515238787
0.9697724385700985
0.25011105568868786
0.40312574933088924
0.4833386305590869
0.5502467490619755
0.6566878237695555
0.8691890902018256
0.17494840306884418
0.36727998738909473
0.4653204488714565
0.5358362914872774
0.6347795285003107
0.8291131412585131
0.13536164982548549
0.3459119667917228
0.4515669220280056
0.5190706842423028
0.6017945112727782
0.7605141313461756
0.04627997211390511
0.2955414020455529
0.4226559867419316
0.4903022102450975
0.5501950018880408
0.6495813959377784
0.8517778374486941
0.1561391234605647
0.35468371585949354
0.4524677639715763
0.5127887870918825
0.5833298334592366
0.7175304322640541
0.976414486369852
0.2540979659139644
0.40449969488104454
0.48300406546354974
0.5479375161320675
0.6506437417924876
0.8566590725353527
0.1624611269086207
0.3597179159589776
0.4587262204231845
0.52508436050176
0.6114270099912629
0.7798053525566673
0.07328147740620472
0.3101820543192054
0.4287535046423976
0.4922124335388718
0.5494437949840109
0.6455969968244214
0.8426478738771106
0.14605205452701542
0.3483369267954379
0.44683817003682663
0.5035964065912139
0.5632315235721624
0.6721315636165652
0.8934179152300014
0.1937382183518277
0.3746075531220217
0.4652235287298482
0.5282391878849553
0.6137278464845958
0.782651260081167
0.07622859903427504
0.31112805144495753
0.4279798664055205
0.4891618872302433
0.5416801175918413
0.62716260622806
0.8038917322788734
0.100714941498522
0.3222370448036439
0.42932633460661257
0.48171656783041183
0.5195122056218401
0.5728785336134018
0.6825314446496007
0.9082381746620534
0.20335433339599884
0.3765759333219525
0.46066178321613377
0.5135965191588696
0.5773952445903394
0.7006985681049122
0.9452656967388173
0.23276222573962624
0.39368086695621957
0.47573059271409884
0.5384399499204341
0.6316031546171784
0.8184547520367402
0.1210334173060037
0.33585201657898567
0.44142607530693656
0.5011916726382222
0.5619105991723327
0.6709183322150152
0.8918529657105826
0.1927992799171936
0.37455674122004606
0.466032175371935
0.5305391816357766
0.6193278851437265
0.794883096657365
0.09273275669570413
0.320523103452081
0.43328609501879345
0.4942272475632666
0.5505512107135454
0.6466395888113645
0.8441322074628627
0.1473206455990368
0.34877628572657116
0.4466523083777813
0.5026448815392107
0.5607532625427293
0.6662924829205809
0.8819475042747597
0.18361953769541461
0.36888241113796105
0.460720375792833
0.5214526781116147
0.5992952012695232
0.7515199794834808
0.031062905703306942
0.2859129772396481
0.4166668388124215
0.48375884241455147
0.537880458358928
0.6220211329867178
0.7944926665904485
0.08934520152736702
0.3164170178786813
0.4270915240534041
0.48145796207195546
0.5210243030354401
0.5773612116985463
0.6931786470242279
0.9282913398912839
0.218849621498294
0.3845149190273931
0.4656886745759745
0.5196254995815709
0.5892229657107498
0.7265183498753647
0.9897544115801511
0.26118128398471674
0.40559828502502715
0.47884497631609135
0.5352174401769774
0.6195345010105149
0.7907389666499587
0.08511892299459745
0.3146038417807654
0.4271111077933828
0.48332435773071264
0.5262214892442688
0.5900010399253262
0.7220048794849176
0.9793680267093389
0.2531905617275274
0.3997147257521173
0.47121523402269994
0.5198132656349561
0.5842209996946871
0.7129047109313764
0.9654695875979005
0.24544258130952246
0.39814381784799713
0.474809682323834
0.5314073267315046
0.6129680732555151
0.777503496052607
0.06746645295566167
0.30505823547115263
0.4228691470644061
0.48136253590412814
0.5249800069199643
0.5884995349379218
0.7192261248907267
0.9749039262111288
0.2505754913717162
0.3989239344299387
0.4717385063689695
0.522062514644204
0.5899800609377013
0.7261077250597496
0.9881273565316515
0.25963629594217497
0.40405458770279
0.4762819216603197
0.5296049473125987
0.6064755855785315
0.7623133593724707
0.04509421802239544
0.2922804504395162
0.4166091883179663
0.4772361309440381
0.5197140069955198
0.5779227900379379
0.6960089547219628
0.9341627875221113
0.22349704231278356
0.387268607753266
0.4682092052630214
0.523885952893503
0.5985998093942156
0.7472437016816077
0.02319245512278001
0.28065284049081207
0.41314344466477365
0.4795469092727953
0.5296329017310429
0.6032884841886275
0.7538954348171719
0.031788204365033934
0.2844191551304507
0.4126919863562961
0.4745692387089798
0.5161883434019436
0.5707358034923172
0.6800272053860454
0.9045340308231951
0.2009155427464333
0.37598044828075866
0.4615700523280629
0.516713578485843
0.58520340522827
0.7186464085876313
0.9769506781407231
0.25363001532135243
0.40301851403417777
0.47953483583882794
0.5397241064407154
0.6313637287612022
0.8165619323001965
0.11811041035343606
0.333607722119867
0.4389491741335585
0.49663895312669887
0.551640094475038
0.6472322484063767
0.8445146605847349
0.14732199314227734
0.34839587944996353
0.44571346484798935
0.5004390585547124
0.5555158986596869
0.6541102823370125
0.8576101156017112
0.16042233156416374
0.3555507186299766
0.45034407809827115
0.5060540537599725
0.5666061045290754
0.6789012083630331
0.9060254538431024
0.2040363905714515
0.3799962482522947
0.4687946734820128
0.5327884804860639
0.6228279146516442
0.8016619171540623
0.1011707534112527
0.32508475109903273
0.43558307170367744
0.49594338414719485
0.5530587552876414
0.6518392221588858
0.8544848888871122
0.15798826125388699
0.3548593830577058
0.4510559352220893
0.5087114849827821
0.573332743284569
0.6945662880869383
0.9354785166765771
0.22660562847476728
0.39178181736699563
0.47690205752730835
0.5436087416175368
0.6447675196943652
0.8464178602483338
0.1527336352775821
0.3547719920026
0.4560929930162106
0.522732249630719
0.6074955352221769
0.771864400733798
0.062357633355453634
0.30423134123983886
0.42610148778953627
0.4909542929413603
0.548574427880584
0.64445362499406
0.8406699889460532
0.14410137312461035
0.34736931759051193
0.4464071253479296
0.5033763031608295
0.5630463209147241
0.6718446065035406
0.8929211310399678
0.19334281392730057
0.37442340393141277
0.4651467818783151
0.5282099090010932
0.6137229798195627
0.7826678646779347
0.0762639680922057
0.31115707507743906
0.42801124682204006
0.4892182030935217
0.541806317712428
0.627456197988422
0.8045163689402489
0.10150370612668125
0.32268203630788506
0.4295840870150952
0.4819733565834732
0.519972126583611
0.5739066963625521
0.6848644616021193
0.9126312696210981
0.20683509788717713
0.3783690924323717
0.46179733083912444
0.5149560703422894
0.580062064232937
0.7065503461689062
0.9556472374496656
0.23976885682017612
0.3968295113452628
0.47701402449887975
0.5388736180496259
0.6315238100960217
0.8178193994624232
0.12005307455036718
0.3350965581892994
0.44058630502934565
0.49964140124001344
0.5584096186854226
0.6628636301891061
0.8760308726792049
0.17864471264156756
0.36651820823385667
0.4596921366109427
0.5209633914695886
0.5989569081003046
0.7511128616891277
0.03058965717181583
0.2857451173131164
0.41677439121890514
0.4842163362240606
0.5390520377255111
0.6248168175375064
0.8005095457051363
0.09716796344415024
0.3208319223085746
0.4295746675550348
0.48379782178019637
0.5250816100061413
0.5863477345168255
0.7133527315704247
0.964321187292531
0.24359422067601377
0.39564641537692713
0.47007011749979355
0.5206907923896197
0.5878175143961882
0.7216872677580961
0.9808716153634588
0.25532185611182
0.40251931708742916
0.4765174794847694
0.531797711791695
0.6123472175708151
0.7754940376657091
0.06433480968734129
0.3030979671849522
0.421557598958369
0.47977331539492674
0.5218512074509449
0.5813551979310269
0.703145791342509
0.9467826397814801
0.23220446125337668
0.39109740605368726
0.469509384466965
0.5236778065738708
0.596718676056729
0.7424592159439543
0.015380823665423149
0.2760169165322485
0.4110264548742142
0.47850715244141184
0.528845785645411
0.6021349133419239
0.7516381541834023
0.028458605063358178
0.28263330001426723
0.41215114337333364
0.4749046039348223
0.5176648361088427
0.5745279397204214
0.6888581682526209
0.9212319029507916
0.2140789718624725
0.38283127200198813
0.4660891582518174
0.5224231703357713
0.5966364318240924
0.7434953384569354
0.017571876173493317
0.27761945519918557
0.4122554848177514
0.48019822277550395
0.5323403779289285
0.6101771560209066
0.7692824277113023
0.054778330841482425
0.29731167561314037
0.4181054593172049
0.47623667837304917
0.5154277964286316
0.5669418316713868
0.6704442078320503
0.8856921800309238
0.1847248295371262
0.36699293216699386
0.45481574695177135
0.5069747850578141
0.5647118653425217
0.6728037532901858
0.8935336792597515
0.19322492646580636
0.37360798207729007
0.46317541545496804
0.5235453309632179
0.6026828775111363
0.7583852464717533
0.04123489654849055
0.2914644494935286
0.4186667356644573
0.48359772340458484
0.5354301054853947
0.615373043594031
0.7797404513400095
0.0692152976066851
0.30504691332110356
0.4210945871050148
0.4765722778184647
0.5133754019084098
0.5608662563683892
0.6558718270083701
0.8565750166842787
0.15710668244152326
0.35139312680884316
0.44333135353708303
0.49088652428291896
0.5311548980887646
0.5961883190993176
0.7335726849061879
0.9976033832813526
0.26355130257294124
0.40263652076074585
0.4685991788763707
0.5096038383738889
0.5582869067673559
0.6525641233660326
0.8510408859008157
0.15203323804177526
0.34907069294770565
0.44266567695296205
0.4913788556172851
0.5331984911011445
0.6013847392680767
0.7453035082684778
0.016490800390683846
0.2745090456011373
0.4067100621774232
0.4684799969847509
0.5051984443734632
0.5460749078335962
0.6232985875034794
0.7895863084079795
0.07927975565320944
0.30813997034499835
0.4180776849796143
0.46533349364816645
0.48507487259857407
0.49289364252121004
0.49502921530586524
0.49318880681082866
0.4859011069025005
0.46734903881799994
0.4228590422978899
0.31904437019318604
0.09970010845068877
0.8057109306358791
0.6313245631551725
0.5504755219928497
0.5093333690319184
0.47565363232783353
0.4225726754631412
0.3099644329016247
0.0789628998387438
0.7873509352822464
0.6195727386689731
0.5387043047477575
0.48849502160162145
0.4290897696092011
0.3148146238045868
0.08362851168655416
0.7885760263780588
0.6171257418429641
0.5311443848438154
0.46991982502764174
0.3847741343913108
0.21529214732287855
0.9215018042868496
0.6879946960503618
0.5722704644525896
0.5123960660899997
0.4624284971225444
0.38268212247917055
0.217352952044518
0.9273691698288261
0.6934941547920241
0.5790023744732323
0.5251487958404909
0.491330634324218
0.4505804094925385
0.37092678137462387
0.19896709609215585
0.9061730304663546
0.6841675538849112
0.5787481449414452
0.533788023304054
0.5156557349307954
0.510027845784587
0.5124169264356537
0.5247294740803513
0.5567460915221992
0.6332038297083676
0.8042123506332248
0.09522950921339746
0.31452820575624507
0.41682537008757237
0.45557054176989065
0.45923200000357667
0.43063455183847077
0.34828495793883485
0.16212765611609684
0.8675647730928179
0.6671397636540546
0.5771692846571338
0.5465435316873977
0.5526241354553572
0.6000411274662304
0.7223238779364434
0.9700103422016958
0.2415468091737858
0.3859388690673611
0.44669495378282337
0.4655998081495949
0.45719828877818836
0.41496665547737877
0.30789889672947646
0.08183987872885609
0.7931563667994808
0.6271445177054686
0.5523692130021067
0.5187373524614015
0.5000607702189991
0.48143280415061457
0.44798475130767057
0.3736613354801155
0.20855221863798917
0.9204124008404228
0.6933220486236382
0.5855669986383002
0.5430151342190522
0.5344579545474649
0.5532522817519122
0.6138579709278107
0.7579770212016367
0.02926013258723148
0.277266779566865
0.39981346832565207
0.4474003399734226
0.4536693435903507
0.42339509301133876
0.33417594890730995
0.13502961572960104
0.8403605083390883
0.6530397596138768
0.5701367604132092
0.5415446399380986
0.5458120790868075
0.5862251715391542
0.6922931466418842
0.917406960391757
0.20566917401047968
0.3715147244155599
0.44537881765506987
0.47639871905667
0.48860671951423884
0.49170787834182794
0.48817834063923743
0.47520016933505194
0.44246232297214544
0.36469046715308023
0.1912479261874232
0.8990586953121747
0.6823165198457866
0.581557332806565
0.5432257356659324
0.539051158467535
0.5658049772418036
0.6437156039297375
0.821598849918278
0.11413784452750542
0.3229946000887803
0.4176855604849242
0.44942175373328164
0.4413729860075725
0.38747613198354214
0.2508744656452373
0.9869507667045843
0.7334547618974807
0.606595334956186
0.5587781700147434
0.5569218835628771
0.5996384796105747
0.7169600445774196
0.9588718158669596
0.23332115630073913
0.3811450548535631
0.44247972611254033
0.4587934107502214
0.44250888879297867
0.38122520396370707
0.2334993583325239
0.9591332376017818
0.7171024490269313
0.5996852974872456
0.5569034627337005
0.5586807060270459
0.6063461052024728
0.7328973582539968
0.98603813934434
0.25033408835769344
0.3873063634165961
0.4414706120365842
0.4498596446084861
0.41879663804274514
0.3255529986453618
0.11906441443497218
0.8259636984966328
0.6459573711435707
0.5670243052356093
0.5401398014554885
0.5450277927856048
0.5854593858470666
0.691020204687429
0.9152618581886246
0.20413627621148756
0.37093688127374574
0.44543699464704545
0.47713674653461874
0.49060873973957364
0.49657208381273044
0.4997933069571233
0.5028491757136959
0.508184263296763
0.5200638762912894
0.5479521090096938
0.6136242652989408
0.7626685649719496
0.038633670304416334
0.28399447273596606
0.4049246957135185
0.4542384221218341
0.4674452358219109
0.45478946962367156
0.40644974687439445
0.2875055475100951
0.04475640077728388
0.7666721861323651
0.6152139703870713
0.548084921586562
0.5188412470982492
0.5046353880813295
0.4941373152795776
0.47895015531859325
0.44697217258193006
0.37335247494360124
0.20877400517542874
0.9211192676067862
0.6940171452209616
0.5864430562795193
0.5446731349799284
0.5381742806941581
0.561922865179937
0.633969335726047
0.8009756427330545
0.0888307604492018
0.30925390296084077
0.41107580279963535
0.44540233350806274
0.4369023884549845
0.37923632315202427
0.2339666612080279
0.9620185808045103
0.7201680447664685
0.6034113269595076
0.5636842494880844
0.5735558660999279
0.640199596805511
0.8050498256140997
0.08968320648376427
0.3063071180026411
0.40349262188339435
0.42811729356471084
0.397171067938312
0.28956669475900787
0.058552733520364664
0.7817461290201759
0.6297389463193879
0.5704038443242241
0.5655727980432155
0.611728413756275
0.7401039782751784
0.9955574484888003
0.2545644984036617
0.3862999534318029
0.4346174541814757
0.432087794768826
0.3768621278055844
0.23266434599640778
0.9618971647058034
0.7213218990821039
0.6060091737981369
0.5693705482327022
0.5864877670169746
0.6694397720224817
0.8637500045653626
0.15422570179660555
0.3397436506339111
0.4176486815330158
0.432573302573404
0.3951557402734293
0.27979891269061075
0.03934334374752496
0.7677326839496308
0.62265650161805
0.5662765560065799
0.5613986658781177
0.60443038353941
0.7251392837207877
0.9716219520742618
0.24068695527618766
0.38264592511939277
0.4390006609432375
0.4477419222720625
0.4154238878641219
0.3185848034230311
0.1060620722347217
0.8148319724382439
0.6405073411217126
0.5645457170851736
0.5388167912615255
0.5438343498849973
0.5834777215233111
0.6868830792587785
0.9077306810088915
0.1983277217617636
0.3682525725925402
0.4444109114792226
0.4769966856308658
0.49124381360867186
0.49848952575084593
0.5045268766336638
0.514185240534477
0.5351767780334249
0.5840811750238543
0.6971649644714603
0.9306209971619281
0.21783900543252965
0.3803237792257647
0.45583830861707475
0.49647509488575303
0.5342921875944479
0.5993312547945573
0.7387759843205736
0.005228180947401295
0.26749858500512314
0.40321382540822825
0.4661850709246223
0.5023074421789747
0.5402757025089594
0.6101217277402529
0.7612021065458454
0.039291186295248526
0.286265634395658
0.4092072993357441
0.46339078681128093
0.48854448878552525
0.5045416927520321
0.5241717578212547
0.5630649747315563
0.6511002265586664
0.8426576135072094
0.14056401998158363
0.3400786341593884
0.43212379854136385
0.47149917709943195
0.48819556475550185
0.49545706016439295
0.49908469721000237
0.5019800960599943
0.506459530892757
0.5161051718211497
0.5386129730143623
0.5917090044532574
0.7141790351013844
0.9607617242900788
0.23841799829264376
0.38908730660151114
0.458036015557567
0.49380116829846554
0.5246085093823016
0.5750243086501028
0.6832613002965218
0.9077910615083105
0.20202984513528266
0.3746844088792619
0.45712899282768743
0.5056900219435094
0.558802098969631
0.6578929064046628
0.8635742594741871
0.16551316527725635