0
0.7070707070707072
0.536861609257556
0.3958788589813913
0.17741509374347997
0.8446408054732517
0.617334936076414
0.4756219661130592
0.31448273922802494
0.03632763837632802
0.7293621241328382
0.5486516049370902
0.4062590317463517
0.1931350673117911
0.8607280340975301
0.6260535156889402
0.48200461056731614
0.3235900491315107
0.051221388532703305
0.7385793422983129
0.5529335812586738
0.40885827728200685
0.19578995820174283
0.8627123844150841
0.6263422728868946
0.4807598863098719
0.31982287190790504
0.043619436452698945
0.7329556703905836
0.5488864271626199
0.40331423693851765
0.18506399413664587
0.8499412804937456
0.6178534143674397
0.47166506843717415
0.30292833471728287
0.013843704019613323
0.7136980702887374
0.5375786572917225
0.39124361472948177
0.1645182762473285
0.8283965346845095
0.6044619322054743
0.4582245086258112
0.27894913516431474
0.9744502619885825
0.690303499695065
0.5246287216128875
0.37857837843788666
0.14454322475104764
0.8101267928917301
0.5940558019677562
0.4489254914345453
0.2636332833760957
0.9514839685258848
0.6775491551246753
0.5179720586536953
0.37274207290088834
0.1362122821198366
0.803536803201106
0.5910494284425465
0.4474930012960052
0.26268883048439706
0.9509651441705822
0.6778516793141385
0.5192021313928947
0.37587704678390654
0.14301782763325743
0.8105326348955161
0.596272737679628
0.4544193468724236
0.2765978645539664
0.9732263001976329
0.6911728147458751
0.5278443244332252
0.38667783338380657
0.16232200982439737
0.8294791363587232
0.6084112392398262
0.4675193287471793
0.3008228798032353
0.013239198965099064
0.7150763694518805
0.541184434583867
0.3998735729947991
0.18364176704693747
0.8509935982894835
0.620883450264722
0.478446407381502
0.31881914778109266
0.04358667848708597
0.733919107603439
0.5509261235470928
0.40798237177519825
0.19545772019583274
0.863012866267242
0.6271189406662867
0.4824472859823241
0.32376190909565183
0.051183830019488896
0.7383608705482505
0.552521545690996
0.40794097431385357
0.19375177026005996
0.8601078450974523
0.6245136960189286
0.47867566362858716
0.31582915803603995
0.03639552753497277
0.7280985836041659
0.5459219480437816
0.39997523612006125
0.1791733548794734
0.8434484426074664
0.6137233683351495
0.4674303428880724
0.2952630716875482
0.0008862937018792039
0.7058004844193424
0.5331601798307553
0.3868565025117703
0.1574717529498577
0.8216811132565225
0.6005175892684667
0.45452780244737356
0.27265316295469266
0.9647421193861696
0.6848072354165309
0.5216631690942364
0.37579617396387643
0.14034905586898772
0.8066193835490492
0.5922413405798155
0.4475940100943725
0.26177539345091905
0.9489811537069053
0.6763065525253409
0.5175491273661521
0.3728025725172972
0.13678995402772198
0.8043293136586867
0.5918460187759176
0.4488286094033902
0.2655757610984608
0.9556082030210011
0.680695394773847
0.5212245122797532
0.3786829561159313
0.14821708152132573
0.8155887883058537
0.5996247752473765
0.45825684656624843
0.2838759529423993
0.9850444159548414
0.6981597460334781
0.5319043324043988
0.39100178635146854
0.16955901263462314
0.8367117929922899
0.612754227767002
0.4716415037683914
0.3079618384660865
0.02530883987178001
0.7224939941940367
0.5451063373635046
0.4033226155610292
0.18886634490185328
0.8563641166404771
0.6237950006984398
0.4805732918870489
0.32184877974260084
0.048555605386465084
0.7370177312322312
0.5523804608984397
0.40889515019289613
0.1964416184711908
0.8638056816448125
0.6273060110081226
0.4821329529837812
0.32269626162197707
0.04898830954671585
0.7367056213093185
0.5513029484281229
0.406235553788995
0.19042115111707902
0.8561003152477906
0.6218432274396757
0.47581443897664455
0.3105115832937151
0.026977181064935962
0.721964230316842
0.5423048924931191
0.39609233574772573
0.172534353436689
0.8364389788985853
0.6093462117306123
0.46300910196597056
0.28734498506357187
0.9878459933994092
0.6980607592255059
0.5288794179590701
0.38267503581432605
0.15088366038559986
0.815671109792806
0.5970964452892011
0.4514693537126102
0.2676166080336664
0.9572190936024698
0.6806356472081343
0.5194739561729569
0.37385258500436835
0.13755285162409292
0.8044077695298675
0.5912190066072094
0.4470752140141476
0.2613676150509334
0.948660695566296
0.6763166400585148
0.5178933649082662
0.3737546446821689
0.13888257686740624
0.806477947160339
0.5934643087791387
0.4509979207356398
0.26994629862405595
0.9625693321869515
0.6848616165844126
0.5239620380498575
0.3821597501228593
0.15446571602842285
0.8217053551876237
0.60356366646373
0.46254862103185546
0.29184821220984025
0.9981999774156869
0.7059917299896075
0.5362708440051802
0.3953161125371467
0.1765236073945371
0.8437364722833618
0.6168213483300333
0.47519449968802197
0.31380349523556594
0.03518349683401745
0.7286453946793641
0.548286864221446
0.40596791419956846
0.19272403971013996
0.8603124961334505
0.6258462025701843
0.4818889502846744
0.32347410809195565
0.051063821851227154
0.7384997510896225
0.5529273845114315
0.4089207892352338
0.1959632153330113
0.8629501547014783
0.6265207199880012
0.48097904313907147
0.32025679886967584
0.04441601780594895
0.7335018595096408
0.5492281833766204
0.4037120796385172
0.18577947889649815
0.850748477685782
0.6183716263356995
0.47219984753296607
0.30390086846714315
0.015510234302827941
0.7147310439174629
0.53816232073497
0.39183174218137484
0.1654762761057338
0.8293342669652684
0.6050226882768852
0.45876320039588947
0.2798821437535002
0.9759147569655786
0.6911421040406895
0.5250855683293767
0.37901449631396433
0.14521113333574398
0.8106986740015089
0.5943621343564673
0.44916964645130575
0.264000660651293
0.9520000509834934
0.6778199111792833
0.5180925556509117
0.37280809037154117
0.13626063948361988
0.8035421432329999
0.5910103409916094
0.44738319323593245
0.26242520265225666
0.9505310740463709
0.6775779277234066
0.5189926166317211
0.375565362259223
0.14242686082710354
0.8099574680169811
0.5958834155931005
0.4539594608033408
0.27571464142970736
0.9718041398386877
0.6903325188706604
0.5273413851043718
0.386115931013872
0.1613613571239818
0.8285239914183755
0.6078255093241494
0.4669384579976179
0.2997919881423643
0.011501921784245805
0.7140183254866403
0.540618631447074
0.399362233673771
0.18285452413582703
0.8501869198753096
0.6204385925573468
0.4781049546851839
0.31831047877738206
0.04274085597910293
0.7333880559864823
0.5506662850974853
0.4077963734982253
0.19522099562368544
0.8627891853879899
0.6270248612492395
0.4824302859800851
0.32380847121245315
0.05131061143905402
0.738471658809189
0.5526227858793011
0.40810928001260427
0.1940999216711743
0.8605397300954191
0.6248085384412643
0.4790006062696932
0.31644186043065936
0.03749386084492712
0.7288274500254472
0.5463600115771143
0.4004583228024319
0.18001443397739303
0.8443594706406172
0.6142988478006104
0.4680174974435345
0.29632199873993836
0.002657385809851087
0.706866963008979
0.5337532008126247
0.38744003866767773
0.15840011268974097
0.8225482463856477
0.6010198166204157
0.4549890278340769
0.2734275590469808
0.9659190586719355
0.6854674195189294
0.5220159321305258
0.37612107348079293
0.1408309864265591
0.8070136929387322
0.592437794276107
0.4477240529573159
0.26193748441994114
0.9491849439783318
0.6763972820854649
0.5175591979683165
0.37273999168845395
0.13661981989701766
0.8041405367937052
0.5916890722341277
0.4485982353980795
0.2650971467932972
0.9548445094018195
0.6802335592342024
0.5209081991700779
0.37826132850022254
0.1474464847119532
0.8148383389577804
0.5991336437662111
0.4577062677208028
0.28284072529461435
0.983352223788909
0.697157669910422
0.531333457262011
0.3904143953973991
0.16859170301084125
0.8357413014958954
0.6121809084208496
0.4711165317082675
0.3070720088133094
0.02380245622861632
0.7215618438628817
0.5446180310861823
0.40290292530373284
0.18823983390265964
0.8557195209726826
0.6234510423766539
0.48033372264128094
0.32152338777974276
0.04803106557288439
0.7366945045459035
0.5522372165533143
0.4088234265844619
0.19639319060565774
0.8637933478558587
0.6273362404678595
0.48222259485445385
0.32291658023960346
0.04941715093275412
0.7370161766700132
0.5515157048896073
0.4065119139908422
0.1909450385618463
0.8567191192602356
0.6222500799721815
0.47624372141476146
0.31130283362057476
0.0283667729928061
0.7228572545157117
0.5428245729555568
0.3966396369591072
0.17345752792084945
0.8373944779770852
0.6099370297218403
0.46360010261969453
0.28839645723227436
0.9895562104565334
0.6990650004519996
0.5294328341374692
0.38321295140646994
0.1517251692275976
0.8164249881618015
0.5975195328218605
0.45183880408185906
0.26821444973822794
0.9580990505852216
0.6811185197840088
0.519722293272995
0.37406355196410646
0.13784500553413448
0.8046295416393676
0.5913108039523174
0.44709872754932656
0.26134062555276616
0.9485816639954816
0.6762455256899742
0.5178047483999841
0.3735780781868414
0.13851901974742353
0.8061146145617707
0.5932018844625548
0.45066154151816673
0.2692796019863861
0.9615067578235668
0.6842291557706313
0.5235574209634084
0.3816628834933318
0.15358359307321345
0.8208382061312322
0.6030118685535619
0.46196047921201266
0.2907663835476919
0.996402352230088
0.7049161940284194
0.5356797034964456
0.39474848542476115
0.17562062666685208
0.8428217500139334
0.6162996359434483
0.4747554447955642
0.31310018707358167
0.03399751512596372
0.7279032022804076
0.5479076613556988
0.4056620861609841
0.1922885294268104
0.859870444240856
0.6256231851473981
0.48175939334992446
0.32333504124480705
0.050865733282159376
0.738393055909963
0.5529058918704246
0.40896824667007925
0.19611154293804622
0.8631598856986472
0.6266824426143103
0.4811833162989734
0.32066588787183936
0.04517012570148449
0.7340214364567498
0.5495555651720907
0.4040966605344143
0.18647452584146995
0.8515367807773718
0.6188788502873592
0.4727241808190952
0.30485551416458145
0.017151082424657904
0.7157523259661102
0.538741054007507
0.39241746635572294
0.1664339924876712
0.8302779270066689
0.605589409408791
0.4593106854531701
0.28083395350922347
0.9774152546088667
0.6920037751562682
0.5255558278112678
0.3794648005318739
0.1459029071970357
0.8112942558264596
0.59468335541932
0.449429479457496
0.2643965136708635
0.9525601385324041
0.6781161537142277
0.5182285897946937
0.3728920357256751
0.13633933692649625
0.8035743450481273
0.5909875407251235
0.44729005181370196
0.26219124910018454
0.950141848576152
0.6773297733527297
0.5187981434158977
0.3752700868028471
0.14186331230634597
0.8094083138590525
0.5955095672376238
0.45351429417120404
0.27485696337789234
0.9704253973762613
0.6895175865820691
0.526849980564168
0.38556061416533893
0.16040734591527173
0.827576646132834
0.60724177614521
0.4663539483593153
0.29874932544556376
0.009746984180958984
0.7129519289239468
0.5400467584719746
0.3988419980992306
0.18205060801993334
0.8493641560395019
0.6199831159363804
0.47775147353092073
0.3177789231924082
0.04185490642932388
0.7328315879153677
0.5503921434113908
0.4075962053366844
0.1949608510483356
0.8625394491803398
0.6269154427293189
0.4824000596156779
0.32383340336044597
0.0513996253607929
0.7385572185064916
0.552709826660474
0.40826365667911935
0.19442514903860686
0.8609465413433062
0.6250883160166889
0.47931166752535415
0.3170309232445667
0.03855278843849641
0.7295331631651275
0.5467861534704475
0.40093131438918084
0.18084136979665888
0.8452602876591485
0.6148691914354858
0.4686004118528555
0.29737460089822587
0.00442398350418749
0.7079346350520923
0.5343478441531619
0.38802652178151287
0.15933565382795578
0.823427330852033
0.6015311156870338
0.45546152367936843
0.2742243882653559
0.9671352953002385
0.6861515163861727
0.5223826818276205
0.37646102623106126
0.1413380021355648
0.8074313601228773
0.5926485502026604
0.4478687935848118
0.26212582900187087
0.9494282723153551
0.6765107228251752
0.5175832114866514
0.3726936718400453
0.1364773427913053
0.8039764444071353
0.591547100578244
0.4483831116394037
0.26464570675512245
0.9541230561596823
0.6797958127169059
0.5206050819425248
0.37785240616033944
0.14669603589768432
0.814108123053682
0.5986538878006376
0.45716490670565113
0.2818200666901771
0.9816875387487264
0.6961726761918454
0.5307690030298853
0.38982748448411764
0.16762033019514266
0.8347679132115278
0.6116029717604841
0.4705813290423344
0.3061585401774276
0.022256215451631922
0.7206068916319381
0.5441163316196724
0.4024686135167548
0.1875884112304902
0.8550491647483479
0.6230914675522841
0.48007932566218825
0.3211722229517804
0.047461369615257265
0.7363416785195258
0.552077378923201
0.4087355124161993
0.19631810793610605
0.8637509612465893
0.627348777636449
0.48229704274563767
0.32311212756019936
0.04980307447729859
0.7372986155921043
0.5517128719602309
0.40677332072650163
0.19144485243179354
0.8573129407295588
0.6226420119746716
0.47665900319352517
0.31207006054634645
0.02971792716782251
0.7237293624136333
0.543334159699453
0.39717952872178586
0.1743721546556931
0.8383472172593263
0.6105281250282424
0.46419347028428426
0.28945463003720073
0.9912841733291874
0.7000828933082928
0.5299943657975288
0.3837595407151122
0.1525820530040347
0.8171967770380733
0.597954584187403
0.45222156917041567
0.26883733677547683
0.9590199326851954
0.6816255246696565
0.5199849484417607
0.3742903487691147
0.1381635744343621
0.8048749823751972
0.5914168921133394
0.44713672936837545
0.2613392796658309
0.9485408937507996
0.6761962585555028
0.5177293608432221
0.3734166355672084
0.13818106263090235
0.8057746308512845
0.5929535236797805
0.4503391353142483
0.26863759983451496
0.9604841239070088
0.6836195505271028
0.5231641412837282
0.38117468882278116
0.15271340866466
0.8199839959272088
0.6024661924040977
0.4613746362581532
0.28968522768038385
0.9946095974737447
0.7038454648896804
0.5350888230211042
0.3941763840598562
0.17470661513571262
0.8418971199335085
0.6157699549588629
0.47430468608843857
0.31237235158471366
0.03276898023606867
0.7271352522338249
0.5475138056302824
0.4053412921291226
0.1918280854631882
0.8594015103623771
0.6253842272710659
0.48161566498939146
0.32317232000137386
0.0506261962498602
0.7382586741238877
0.5528687867959001
0.4090003581368309
0.19623447274606365
0.8633410039230929
0.6268271292935486
0.48137251120171376
0.32104990089915875
0.0458812571062408
0.7345138979270249
0.549868236825866
0.40446757659546595
0.18714835342173064
0.852305077202458
0.6193743661190241
0.47323737313272085
0.3057910345940522
0.018763877380847394
0.7167603690303409
0.5393140451319702
0.39300008518750484
0.16739037555345693
0.8312265442587876
0.6061615224192312
0.45986639186511
0.2818035641374512
0.9789504272016821
0.6928878974347155
0.5260391365953896
0.3799288745695133
0.14661789813230808
0.8119131757668465
0.5950193032638604
0.4497048809300719
0.2648207207120219
0.953164257323808
0.6784379323093459
0.5183801485791846
0.37299382072424714
0.1364481774424986
0.803633233233432
0.5909809079111255
0.4472134354526154
0.2619866917380471
0.9497969320726086
0.6771069093229074
0.5186186113465776
0.37499125218356166
0.1413273130285737
0.8088851513896481
0.5951512241957753
0.45308400276856386
0.27402520401329444
0.9690903861294562
0.6887281063542292
0.5263702970767805
0.3850123320412804
0.15946092574581305
0.8266380456679077
0.6066607159379482
0.46576664701245996
0.2976965848061739
0.007977512207365978
0.7118791019035441
0.5394697766129442
0.3983136038806394
0.18123105157603225
0.8485264663251186
0.6195175963899222
0.4773862453854836
0.31722470112299295
0.04092922965551171
0.732250093137807
0.55010390136938
0.40738201979393684
0.19467751416873735
0.8622639847572158
0.6267908671024043
0.4823567274685987
0.3238368612400748
0.05145111106922551
0.7386176749483272
0.5527827189934209
0.40840412550360705
0.19472744022111366
0.8613281314474097
0.625352941445608
0.47960881535178834
0.3175963348163773
0.03957212076355732
0.7302153901687417
0.547200107388357
0.40139382705347604
0.1816533662477462
0.846149798259413
0.6154336300835714
0.46917820747473415
0.2984191867574726
0.006183070512367994
0.7090017420232791
0.5349432219837298
0.38861523181974
0.16027739558675735
0.8243176435624803
0.6020511489125009
0.45594507659654093
0.2750434162723807
0.9683908087563974
0.6868596406077665
0.5227634724374073
0.3768160567867338
0.1418701651806744
0.8078726048595967
0.5928737862697755
0.44802846160004006
0.262340892766467
0.949711943420407
0.6766473617044055
0.5176214755992845
0.3726639854468261
0.13636315942687904
0.8038375588706272
0.5914204306966935
0.4481836066038698
0.2642221149114281
0.9534446868754676
0.6793826404611405
0.5203155991582853
0.3774569376927963
0.14596717089987177
0.8133993751313457
0.5981863574210233
0.45663383456784
0.28081607932747943
0.9800536049258766
0.6952065067562787
0.5302119292552827
0.38924200084515936
0.1666464129008003
0.8337931482712648
0.6110212768176697
0.47003659903241335
0.30522255252056585
0.020672272502351152
0.7196306363628627
0.5436019911785226
0.4020202410545002
0.18691286978329136
0.8543540510035662
0.6227167889281251
0.4798103593098775
0.3207955018779898
0.04684689055077085
0.735959606021419
0.5519011487797134
0.40863159576600716
0.19621668384694568
0.8636789058649966
0.6273438614560978
0.48235652605434987
0.3232833039155576
0.050146728158179776
0.7375532659970037
0.5518945973025813
0.4070198678434811
0.191920662286035
0.8578816372988042
0.623018919736313
0.4770602198321856
0.3128131726043242
0.031030234283057956
0.7245800826933888
0.5438333271346527
0.39771159722672045
0.17527742625328013
0.8392961944545754
0.6111187751875071
0.4647883129959227
0.29051774416834686
0.9930269955783078
0.7011128660253751
0.5305631661623016
0.38431399873468153
0.1534531111936719
0.8179856016665238
0.5984011558969864
0.4526173002893241
0.269484769696241
0.9599812736646768
0.6821564676957506
0.5202617660107927
0.3745327270985852
0.13850811551100173
0.8051437802067956
0.5915370931679826
0.4471890432721035
0.26136327235010715
0.9485379330235524
0.6761685902600811
0.5176670828642518
0.37327023324906206
0.13786858479772057
0.8054578002631683
0.5927191210495857
0.45003064621054456
0.26802022340002796
0.9595011062176665
0.6830325888013464
0.5227822249785592
0.38069546239731067
0.15185586231784898
0.8191433632537362
0.6019271429898891
0.4607918217742979
0.2886062662248994
0.9928243185235893
0.7027809713429223
0.5344988743152554
0.3936002548246944
0.17378210248415882
0.840963124371589
0.6152324964451381
0.4738421389861891
0.31161957732205825
0.031497282809235916
0.7263413220065464
0.5471051416738311
0.4050053011497794
0.19134228983586432
0.8589053706276083
0.6251291141361026
0.48145749761128487
0.32298541498171907
0.05034428417528747
0.7380960329399839
0.552815760095269
0.40901684133535476
0.19633155539447866
0.8634929674950717
0.6269544885293854
0.4815464503793143
0.321408628227704
0.046548965433414136
0.7349787834871958
0.550165889351176
0.40482445566168623
0.1878002356666284
0.8530523133222864
0.6198574953922287
0.4737387819746177
0.30670629740050326
0.020346418499953334
0.717753705184274
0.5398805125516632
0.3935789040511617
0.16834435966695116
0.8321790976303407
0.6067384051818951
0.46042967319928296
0.28278981571293893
0.9805186611089675
0.6937936883720268
0.5265350391094565
0.38040621151152143
0.1473553153527949
0.8125549454778984
0.5953697427505389
0.4499956707266881
0.26527303908718025
0.9538122639131417
0.6787852023614058
0.5185471588027837
0.3731132812206128
0.13658683377791325
0.8037185260199067
0.5909902585484232
0.44715313500159937
0.2618111318854439
0.9494956222836234
0.6769089335581064