1
0.6271186440677967
0.6533339991905347
0.13696552913105942
0.19823604529353855
0.7316681725691832
0.8184515565381567
0.4115455257905376
0.7107425627441544
0.5501218549588014
0.5620422525546012
0.7856524679302646
0.5523868748049288
0.49918234872309597
0.4431160557607825
0.19216779247581384
0.42054976333181626
0.38226232127417825
0.968463577464806
0.6643214355094766
0.8384356974992486
0.4857872478667886
0.08346025609594365
0.40222748834245303
0.3999125982390481
0.06992902490881114
0.5029931695782988
0.9465327902350675
0.5737074836766869
0.4497350528905186
0.15274539462634484
0.39951841607773275
0.31750805568945717
0.7278191203697028
0.6897715080993967
0.1693537979536468
0.1618898048288273
0.6805885521651707
0.704187870988856
0.2619114144914354
0.26415200092889535
0.7115510199811579
0.6998162203047835
0.2176610088505675
0.1899232721725017
0.6443596216186197
0.5375684544821056
0.5610491886860762
0.7930006786460277
0.5617863897501421
0.5414333107857723
0.6644643178607788
0.2660079346488522
0.31332453559398754
0.8471124339062217
0.8374229650769096
0.3028309567590557
0.24160573185980372
0.624112815808175
0.39830651090321734
0.840302367252542
0.7520566877606893
0.22080679884832533
0.14185926588477704
0.6295846524054132
0.5223798812529639
0.49324681280863913
0.44048468111407724
0.18423980790322503
0.41782929443630623
0.3764290587034045
0.9446930051364719
0.702658909853354
0.993205229893654
0.3075260215803408
0.10079711791742252
0.5643939941539604
0.2472708698198487
0.3731873393609376
0.10075495785429112
-0.501232689356995
-1.1075347061821317
-1.3654553232723954
-1.2065879401633488
-0.5112724293256852
0.14462255655689893
0.3611786954536374
0.15116776201583976
-0.5118900837352065
-1.2165245226388315
-1.3763930257007724
-1.1458357466820828
-0.4733419556361256
0.2920193262020555
0.5196398465030363
0.81582550438326
0.6220849733183098
0.8149528452825407
0.5191143889759684
0.290015583465979
0.521388552006494
0.8273963250937837
0.6258686277208589
0.8203731855586214
0.5183471700833189
0.2803941168035231
0.4955256661508298
0.694999109766206
0.4185818862646693
0.8694687391386196
0.7276925446351639
0.13749595691098548
0.12373027090408772
0.7192311173873778
0.8613968710073276
0.4296382060578541
0.7595573153762016
0.6455146664998406
0.9727235300023764
0.3949333756830393
0.4755438435436936
0.47089421989950697
0.3649412418194835
0.8410086949330373
0.7855013847887111
0.2732354882283392
0.20985313203445166
0.6070570489578371
0.3513363027887575
0.6477238279571162
0.39003946245976007
0.7773894042450005
0.7135533303384465
0.19221719812948113
0.15014986484928805
0.6571177342359813
0.6289297628206008
0.004234794103944672
0.3647197948956098
0.3067132871457332
0.7266579629348975
0.6976647242566809
0.19586751802678215
0.168939200063563
0.6556704772628561
0.6044355528457483
0.8930526373075409
0.5284447006552533
0.26286405631168996
0.44205971174814973
0.42291415464519133
0.14439383299885122
0.42702726859442386
0.46311121957667956
0.37123734215876025
0.8762739115943154
0.7720335149986783
0.21950585447033788
0.1201293582821128
0.6391012497235149
0.5852696804887909
0.8158077438945277
0.5564445981405246
0.49052214595035615
0.3914468079038791
0.9412157077250956
0.6920834339262534
0.9635159113853584
0.36152725987495327
0.3337571403228967
0.8243176089801594
0.8122861331372428
0.3151806246042508
0.30709836834781434
0.7774389931679258
0.7965638542490501
0.3490600657850651
0.4489737815022572
0.37333959040109477
0.8997292167139057
0.7543063570707735
0.1657219009395634
0.09638649116892495
0.7099452053408442
0.8629979860777537
0.4384950275273143
0.804042853917359
0.6948263598586699
0.10951407749987574
0.17044175621266344
0.7424865650818173
0.870953071135169
0.4031951942265337
0.6171288233989456
0.20499700476931615
0.2579439068499694
0.7545422469933758
0.8079560425826289
0.38188539646045516
0.5793300809883499
0.043074878550980245
0.357891426538516
0.2388331166960329
0.5641030838486953
0.10771670674705369
0.3024521089570049
0.9701236753715645
0.7417493323297064
0.06966895031161702
0.1614604039042975
0.780206493569839
0.9459922473168492
0.2971981531573249
0.11567723364381965
0.5640029699267961
0.23034995960208615
0.343894914039665
0.9945580992746841
0.6642642259454821
0.8121240646438044
0.47512597247379773
0.0514227686232962
0.4508550015755768
0.6810002090625757
0.4166529357400339
0.8737428933837856
0.7278201001691249
0.13353910637734057
0.12481344363998836
0.7226613665105122
0.8693536755109283
0.4236575318320899
0.7208920040626925
0.5658784366994505
0.6349113227900576
0.12158248861250431
0.2229133295824477
0.775249733914106
0.8776329122540076
0.3673347535936111
0.44464176502312647
0.3320782075666058
0.7349204203112549
0.6923064792188871
0.1705346316572065
0.15972418795659582
0.6791053361638433
0.7011722184081339
0.25427125374679793
0.2505285751776549
0.6897466678564497
0.6465625352745432
0.04685881383222501
0.2855084609038476
0.9809221736673566
0.7429484880103496
0.061470450636401
0.1701551190993884
0.7904385779892369
0.9498800367293194
0.28185630554858676
0.06791164373734482
0.6234237379087455
0.5689039167890391
0.7480843946804869
0.48426682513987274
0.1654727859806746
0.366368807699776
0.15260487842713033
0.4828859773479097
0.7533833640266812
0.5807971882554526
0.6790098458031801
0.27976414687467255
0.33318881796216626
0.9039480025641593
0.7908498464472569
0.2165460757785942
0.09746062434487435
0.6581856872638845
0.6858040836518224
0.22576178952537695
0.2151245181878414
0.6607654249535022
0.5781627304734274
0.7582644150686733
0.4946575653787395
0.2123557058287444
0.3885207879842998
0.20564000387353687
0.48721439845812853
0.7240873047953462
0.5106356335016509
0.3343809801091693
0.6775573632949543
0.5210613882511135
0.43806531229150014
0.14372769915827543
0.41198366237394346
0.3876464816205818
0.0019292681743365847
0.6094597814857865
0.5706035186950427
0.7708339024545445
0.5233407529296823
0.3572477196626478
0.7558704055516108
0.7111565094633692
0.20697679522197454
0.16598390848042133
0.6437775003708968
0.5590854243789574
0.6764746986911296
0.2925142049218783
0.3712675486765633
0.04700431576231345
0.5606071756189817
0.28124536789845944
0.4555415083278884
0.4762487217621194
0.41413467643968893
0.06586036236443427
0.4935975140453781
0.8989320083679821
0.6347044394005454
0.7876356443612691
0.48210700090604686
0.11408470192469267
0.38009281177574294
0.26501609059843734
0.5953745447890952
0.23992057453498994
0.32854102350438286
0.9265820922370724
0.7725688693155637
0.17000668772594274
0.07929334086237372
0.7223928324788518
0.9141752770457083
0.3919960628829635
0.5201554815878056
0.7186706741773334
0.46347052316478354
0.08153680320965151
0.42654500377617355
0.523491261420701
0.7023587238605491
0.4134977235466195
0.8365660671819208
0.736290787518028
0.19099255031526496
0.12650072259861744
0.6644239732400394
0.680787529753788
0.20234545269606663
0.19164553754698233
0.6609283402001331
0.6022705057288107
0.8774294568781356
0.5404185413762379
0.3433568046098827
0.6823681693817187
0.5288796625304402
0.4759161937826155
0.33898073577295484
0.7298170437421581
0.6732225857278245
0.11010130774208715
0.19163476951078895
0.7531644611595594
0.8716263496168448
0.39223687137247154
0.5638425240568283
0.952952557638528
0.5043409003838804
0.07092051082443618
0.3974118674371834
0.38919713766253583
0.023749652807197208
0.5754865349753242
0.38163141607690854
0.8106369414070453
0.7567424960990543
0.2593905537782666
0.2059656466064954
0.6166834631721887
0.4001790180049811
0.8567604306578032
0.7496883296383281
0.19965746134817675
0.12021958564607615
0.6589001294850299
0.6658331388924905
0.1537136489760318
0.1834209414231962
0.704120130371777
0.7588761880970516
0.36980846598603545
0.5742157773960628
0.02906632510142071
0.38274931122488987
0.36218171221190865
0.9173131822437828
0.7490038639028205
0.13772593565232238
0.10235657860674685
0.7329293151394678
0.9173432217589408
0.3782250698452785
0.45328049010520566
0.3671559245781948
0.8682160308599336
0.7795911380730187
0.23840813545356276
0.14165966885442138
0.6120234417602806
0.44288730783023844
0.07811938220698966
0.45078087444485604
0.6539081856334734
0.31559562144516295
0.46688641135886755
0.5031140044057549
0.5502399174868762
0.7702997850377731
0.5428770225754658
0.4637151071002199
0.25865336635332437
0.49737247881367264
0.7268956848649815
0.5076019516970849
0.31490493362070904
0.610847714530216
0.264143687247242
0.3625955093706512
0.03768621842526443
0.5821043178542862
0.4013100452738936
0.8968150445150105
0.7286935235895067
0.11263013776810293
0.1344504864458118
0.739701626491569
0.9008293220959533
0.38702555770444746
0.5101906768634894
0.668998798351506
0.3142489976122942
0.4472328374114376
0.3988965727859215
0.020022533124622655
0.5712543373145178
0.36362816481788585
0.7349987193415917
0.6609389793982396
0.05895837023348083
0.25531087083026627
0.8949311758385385
0.8761569404217555
0.24839743014021565
0.06362385796390857
0.6620506882402717
0.734610589221524
0.36161069395685796
0.563017679801904
0.9792683528892141
0.46787476460221367
0.8448048098770338
0.6828373705645703
0.029044883367257412
0.27415863352974057
0.9686352224915087
0.7721793473213179
0.12736554019208324
0.08285265364977423
0.7612768676203219
0.9953456849384423
0.245702283169404
0.9392196605630803
0.8403349052225177
0.21114740015053712
0.04143341839030956
0.728334986665204
0.9671257968406826
0.3201598941311712
0.16940558122469973
0.5315170532534745
0.0032186603611394915
0.4636557240843713
0.7979905088601909
0.6642351030900127
0.008581109708655
0.32290778170294665
0.1376246449717904
0.52848002301657
0.01848434997627635
0.44393879570571393
0.6772114778471128
0.41027842255871416
0.8456904126497111
0.7404586949650422
0.19126857924517093
0.12253561720273609
0.6660602777084303
0.6909330421272433
0.23492389745560338
0.2243697553966406
0.6639808123725217
0.5812359393995825
0.770630828596282
0.5123945100375717
0.2974951404078867
0.5501736297477242
0.9755655150379772
0.4861425345470014
0.9482796830424274
0.5882686171377474
0.5216016893499136
0.5303087535171409
0.6444564354666982
0.19758527786824764
0.22360795041735848
0.7002296481545383
0.7068778824868636
0.25024673699099065
0.2365739600744865
0.6678397534648761
0.5835581095677647
0.7784786548350144
0.5215474877268171
0.3398023472172289
0.6873605224228498
0.5493716653465555
0.5814254735876627
0.8861976669002409
0.5561938014715935
0.4188072284516693
0.009412733014709573
0.5670928740852101
0.35270447608789013
0.6932879640417084
0.5559217960939904
0.6102793475770323
0.020461821112435885
0.35922504972312197
0.267056001928907
0.6210402849366989
0.35899227111776
0.66549617945003
0.45235149103497463
0.07491717128701225
0.4448492764814409
0.6255937708852404
0.20169341697005194
0.24621284441793811
0.7338476681484671
0.7756585327268457
0.3672883141359726
0.5464140178942172
0.8856959267422715
0.5915259245118492
0.6003296578324377
0.9374873832066708
0.4878567649519443
0.9957660483322268
0.5184924147210754
0.10579669870875286
0.34948680996516046
0.1414668185118515
0.5009841836027009
0.8639461693494876
0.6471817611190858
0.8752058751990521
0.4966085330750847
0.1061419550305196
0.3711109118846494
0.23268502798706692
0.5405101570004787
0.9885948114926464
0.47656346933450777
0.8828004020368585
0.6631554530016963
0.9196617681028432
0.4455620335231014
0.7846229440318453
0.6675971298857384
0.03460415644434356
0.28144863061961267
0.9820902692272071
0.7452837541942774
0.06527498360104467
0.16315508273516954
0.7848845903009831
0.9503289888729114
0.2868134534661735
0.08109083273688533
0.6036717022505318
0.4639824153089016
0.1993048498045802
0.40560547151248727
0.3005568446987148
0.6663350098602434
0.5139445120917383
0.41029738721344344
0.009051415317145484
0.576142564616692
0.39968219303468544
0.894901336173791
0.731808428057235
0.12212297912688541
0.12573337172397991
0.7336445616851224
0.895659319931422
0.39726293185665007
0.563743922140473
0.9474115399323519
0.5118077514597719
0.11749319140272618
0.348299818157388
0.12497784069742224
0.5078223202122789
0.9180338992203056
0.6026121990891529
0.6219639132136532
0.027618873116374232
0.33709221761860775
0.17086475300996007
0.5150465188935662
0.9118126874567372
0.6016810442828984
0.6237122750172137
0.03643207931898296
0.32275028994936505
0.10921516522962804
0.5427287628245994
0.12400295127039485
0.31386403416485464
0.9909309915271463
0.6997223039912859
0.9379911754814776
0.38784163958320406
0.47683214808715757
0.48502124580083095
0.4408620628932285
0.19445026685913014
0.42458296178674715
0.40052407067832174
0.05052963993160464
0.526637616770639
0.09554258765037726
0.34977449007624095
0.15288622716445843
0.4994780166857655
0.8442428678825147
0.6512108660967186
0.9113135379033359
0.4660025805138792
0.9026035213272667
0.6592102071817383
0.884656305831145
0.4793825586509479
0.002149425197966792
0.5173935322381018
0.09339389196371783
0.3609552301696777
0.20144691979473883
0.5106168843537278
0.8569183910068068
0.6392225054153347
0.8489953969039687
0.5114827030542068
0.21412461242116088
0.3738161825324946
0.1367004886673735
0.47782918684111575
0.7416107653234052
0.5616609634244973
0.5921659809995035
0.9275221451249767
0.5078734300113465
0.11577048125752665
0.353270361220531
0.14693616261567222
0.4963314626295974
0.8328880188035797
0.6526347695340293
0.9283965840144015
0.4464012021237993
0.7803359973624078
0.6612247649333147
0.014722870451215897
0.31676439230839915
0.11006166655692606
0.5481205394684574
0.15204693695291827
0.30114297648357624
0.9217101538466821
0.8053739477963253
0.21270333775919337
0.07821585322335256
0.680860049742118
0.7888054937865387
0.437317240324397
0.8720673001542938
0.7078965302313325
0.08138959370225507
0.18227377901066344
0.7757941250191918
0.9190570099393467
0.33356456232146137
0.2660644909314662
0.6443573148090014
0.461417647919359
0.1447585107375149
0.38846815058134077
0.2729910890005742
0.6062737788592578
0.2844833416096266
0.41867438162005577
0.280451833196099
0.5953522670236735
0.2243758873719246
0.3035612658650795
0.8569519555560654
0.8462721278771994
0.29379382894305106
0.2052289103036813
0.5815168171112952
0.2308018306680797
0.32709226735916586
0.9304217143983569
0.7695918815246925
0.16158911519460162
0.08030325560107832
0.7297306014855223
0.9316888355540827
0.36546252904665
0.38246495524481494
0.024480230857593543
0.5811521483669249
0.4097079019888521
0.9389227752901479
0.6766993963273342
0.9134762812653876
0.43838805312465645
0.7530038582448548
0.6245627522578712
0.8889264165229367
0.5112493424502489
0.17291219144341508
0.34160678391160015
0.043012275950381706
0.5957006630223765
0.4635184941621171
0.20476625752963784
0.41131863582283534
0.32329978696015216
0.7362794037428313
0.7042326338138087
0.20635454407558385
0.17224896943811396
0.6462602934150379
0.56311110501828
0.6951072559748277
0.35134083707600894
0.5596921253216203
0.9721020871081829
0.48165548669074276
0.92714516107826
0.6188142458403263
0.6887691489653713
0.275047539789659
0.311167798433611
0.8308817862610254
0.8372413657421536
0.31902993291233894
0.29535530757893724
0.7371047576157364
0.7340690844208977
0.28528742972456733
0.29309919594046896
0.7641688758875946
0.7900748752155202
0.35545743496909665
0.4816733231672474
0.5438875000133292
0.7577686147297102
0.5280285639881903
0.3958821899384688
0.9247656267258142
0.7072715999740389
0.02686536353544966
0.25287625315691376
0.9219358040223051
0.8533955733495784
0.22842446105602754
0.051521696561198205
0.6974260714894776
0.8702561410573635
0.4485383542893695
0.8498269805804357
0.7021279723765916
0.08646178110105485
0.18284625284038913
0.771043040201179
0.9114202720557243
0.3460667520338099
0.3221033116182328
0.7972912630214513
0.8051107163369187
0.3369091678075531
0.3926737741712891
0.10062664545371369
0.47938642605053694
0.7862002428771762
0.6357091413353952
0.9046988552789239
0.48766397458407873
0.027496223647511364
0.4715697115602602
0.8166655468447743
0.6706464399011693
0.013853179509734304
0.30863499209895107
0.08375231671743677
0.5790794816215064
0.3399360513465197
0.6303463598637693
0.32765191634806623
0.5329116587490628
0.852542993028246
0.6175421445579943
0.7575468219393269
0.45396766980443104
0.9915122730121189
0.5587498411208109
0.32697378355817364
0.602043765140059
0.2102948839828862
0.27874846513315177
0.7992226223110945
0.850309946833657
0.3514154675130179
0.4047940527660865
0.14447250992377914
0.4451351747249417
0.5575516986076101
0.8670379163992337
0.5896166612310001
0.6095399093983298
0.9832930308328436
0.4154132120960554
0.5652215877672173
0.9369696947501254
0.5236022584546127
0.1925402725284897
0.34034658442176635
0.018477622986532438
0.6320821662298179
0.6567068719225428
0.14538179950944397
0.1930892016259449
0.7189893431298335
0.7913911833490763
0.40210331326317217
0.6913782686873784
0.5003344252181758
0.31046106915125193
0.603259110710213
0.23263747578130634
0.30828494952665864
0.8638279713062227
0.8399160026620525
0.2864878668626609
0.19059253942154974
0.5760125211830083
0.2174768469405839
0.31348908403623543
0.8961960413740249
0.817000841324278
0.2462122597328671
0.11853912311811587
0.6132875699057738
0.47189766888971185
0.23265991011674192
0.43968271658024616
0.44061247407153026
0.23847592119652639
0.48075669017139155
0.655849857582246
0.2933272326173375
0.3942765736602789
0.15181362687544286
0.4549922514218063
0.6027349853480062
0.08559451788481987
0.28310738862885465
0.9355868005313646
0.8074080016493559
0.200424827788102
0.06320535524087445
0.7105363025620046
0.897872784003003
0.41862442894405394
0.6668099971906516
0.39765898168869196
0.7944936424641802
0.726744241612165
0.21010097513178483
0.15382813440412235
0.6391542971523778
0.5517961294160312
0.6425411828348304
0.16810909386111472
0.2087598205901191
0.7109645943471441
0.7535408432851547
0.35302154093573357
0.508142449306094
0.6917494998540672
0.39550416540036615
0.7592396771251888
0.6790790431526306
0.10156448633708148
0.19221463433190067
0.7621367680661528
0.8874823267420657
0.3746449542710577
0.46704148096325326
0.4449059039812564
0.23376914355568346
0.46848425446478714
0.5936137178619685
0.027822588121312997
0.3651476282875121
0.28497095124532734
0.6611451860141901
0.5097812719624528
0.39263026309163607
0.9275485774524399
0.7073789241771262
0.024396578826500814
0.256360212658155
0.9317262828019657
0.8387886289907485
0.2184354979046219
0.05195929126506549
0.7068388667397167
0.8984024984622287
0.4218942305773652
0.682857401220712
0.45202423460453023
0.05580733654110137
0.46824290109300915
0.7702647153616597
0.6248194994396838
0.8728157025220185
0.5200688893077361
0.23737719367229726
0.3993942614962034
0.23227727094078432
0.5115680685501838
0.8313114655373619
0.6369668927348417
0.8649864454289657
0.5108809660017126
0.19482920715378782
0.3548698507581731
0.07448168260300303
0.5428193247863193
0.1592231460898672
0.3067631011547558
0.9323150863928662
0.7876876799549102
0.18455772910259327
0.07081636739824138
0.7173157113727395
0.9091524172732353
0.40196780164675516
0.5729587682703556
0.9904553951316526
0.4413381186531016
0.6915216201485936
0.46156676440043576
0.09839914401512306
0.41235967975152477
0.4348477766188923
0.23561883699153086
0.48162013069891474
0.663434775914606
0.3219073248424049
0.4792314038082597
0.5640715199232988
0.8671536540633653
0.583056451930366
0.5766407270022436
0.828220030629371
0.5709099069779553
0.5536545473131049
0.7206531615121747
0.4352510828065128