0
0.08620689655172414
0.13138732070354026
0.11808563131397687
0.05101109527361067
-0.041134536751774226
-0.11294111723508052
-0.13289874876328733
-0.09386441129132658
-0.010571646080980449
0.07800305610066653
0.1291189813353642
0.12252786299933027
0.060547760166438404
-0.030981237043430095
-0.1071172611531438
-0.1336475498131463
-0.10093524165836457
-0.02107096587262841
0.06929804241883428
0.12610251487900018
0.12624877294230086
0.06968548995473878
-0.020617877829571432
-0.10064111687761093
-0.13363093471344215
-0.10738370269371042
-0.03142663523648749
0.06014183781090271
0.122349962652884
0.12923300420774114
0.07836976053309028
-0.010113928910287812
-0.09354405680872988
-0.13284896503903376
-0.11317861351043615
-0.04156928809149621
0.050589168432066484
0.11787683677271524
0.13146866112600658
0.08655079838534706
0.0004592217597464837
-0.0858619654271274
-0.13130455480461156
-0.11829310309426126
-0.051432381567908206
0.040699263850012574
0.11270234135415542
0.13294709627308704
0.09418366052138448
0.01102922692889012
-0.07763540737700009
-0.12900354949411225
-0.12270440477472123
-0.06095293075686618
0.03053544294312109
0.10684959090758488
0.1336627234595603
0.10122819403148209
0.021523783164088317
-0.06890974470348832
-0.125954870482535
-0.12639364355770685
-0.07007208303979418
0.020164524803465506
0.10034582242444963
0.13361287827609547
0.10764891315470876
0.031871631949770815
-0.059735168343200945
-0.12217070514226204
-0.12934561727061772
-0.07873551679689295
0.009656081305968275
0.0932226001846824
0.13279774545056128
0.11341482814983467
0.04200351255899723
-0.050166606051551835
-0.11766672118759554
-0.13154857548867976
-0.08689366744571056
-0.0009184375907206888
0.08551600851088258
0.13122036402339932
0.11849925041027977
0.05185302232135887
-0.04026347470899698
-0.1124622879126317
-0.1329940072285306
-0.09450180140440874
-0.011486665568440094
0.07726681825666036
0.12888670953614043
0.12287958658523124
0.06135734494535927
-0.03008925851804209
-0.1065806943469222
-0.13367645554709334
-0.1015199712777122
-0.021976323942396875
0.06852060109701516
0.1258058408799338
0.12653712562275177
0.07045781741952209
-0.019710912569710512
-0.10004936105011533
-0.13359338062681708
-0.10791289017684402
-0.03231622162084166
0.05932775643234123
0.12199009188743226
0.12945681969486666
0.07910032103188873
-0.0091981091606044
-0.09290004454688947
-0.13274509035845583
-0.11364975913743955
-0.04243720485680262
0.049743413154942254
0.11745528628960103
0.131627063219051
0.08723550026755504
0.0013776415643067114
-0.08516902931936955
-0.13113474896495758
-0.11870407157254143
-0.05227301255511421
0.03982717466401425
0.11222095897009589
0.13303948130003157
0.09481883086247404
0.011943956117785745
-0.07689729265140577
-0.12876846232516623
-0.12305340705005471
-0.061760998111254184
0.029642689360507554
0.10631057387638797
0.13368874598020603
0.10181057069375193
0.022428582453135865
-0.06813061590461128
-0.12565542721055745
-0.12667921804719934
-0.07084268885639616
0.019257046910414452
0.09975173552187751
0.13357244190138806
0.10817563141607209
0.03276039869747077
-0.058919606763347204
-0.12180812432148495
-0.12956661066282713
-0.07946416939508533
0.008740018370051533
0.09257639303969681
0.13269100013367238
0.11388340447193332
0.042870359700246136
-0.049319594779634046
-0.11724253382361188
-0.1317041237554072
-0.0875762934026321
-0.0018368277522017584
0.08482103138603508
0.13104771024524217
0.11890756490531944
0.05269234730515231
-0.039390369062747274
-0.11197835660078188
-0.133083518168302
-0.09513474583420012
-0.012401092698967164
0.07652683449018019
0.1286488087365012
0.12322586480137174
0.06216388565009747
-0.02919574107253759
-0.1060392319165887
-0.13369959467340478
-0.10209998959221735
-0.02288055294916437
0.06773979344832998
0.1255036306261333
0.12681991975300896
0.07122669312986266
-0.01880293361424995
-0.09945294862306892
-0.13355006224566657
-0.10843713454356757
-0.033204157637760995
0.05851072403720661
0.1216248038906666
0.12967498936827276
0.07982705806068349
-0.008281814833284384
-0.0922516488241136
-0.13263547515755356
-0.11411576216648503
-0.04330297181756988
0.04889515597746501
0.11702846554843815
0.13177975654680527
0.08791604341968923
0.0022959902265725085
-0.08447201826140556
-0.13095924849113824
-0.11910972874661796
-0.053111021622350874
0.03895306326516959
0.11173448289360312
0.133126117524336
0.09544954327472702
0.01285806943806106
-0.07615544771910916
-0.12852774965708366
-0.12339695848431387
-0.0625660029736913
0.028748419265730213
0.10576667090353642
0.13370900155123744
0.10238822530161429
0.023332229690759404
-0.06734813806705522
-0.12535045229078956
-0.1269592296743019
-0.07160982603636076
0.018348578476309912
0.09915300315311422
0.13352624181559622
0.10869739724569313
0.03364749291027033
-0.05810111297081855
-0.12144013205441423
-0.1297819550163807
-0.0801889832200765
0.007823504452242974
0.09192581507783541
0.13257851582184918
0.1143468302487183
0.04373503595002359
-0.04847010181463407
-0.11681308323685316
-0.13185396105304684
-0.08825474690445408
-0.0027551230602116117
0.08412199351309892
0.13086936434048796
0.11931056144813892
0.05352903057255973
-0.038515262643438464
-0.11148933995218463
-0.1331672790693941
-0.09576322015569061
-0.013314880465332857
0.07578313630149482
0.1284052859855111
0.12356668675693008
0.06296734551013819
-0.02830072956113229
-0.10549289328867918
-0.13371696654828896
-0.10267527516630909
-0.023783606945756097
0.06695565411647403
0.12519589338108966
0.12709714675732728
0.07199208338934154
-0.017893987297962627
-0.09885190192755812
-0.1335009807772143
-0.1089564172239679
-0.03409039899413349
0.05769077829693936
0.12125411028538916
0.1298875068237001
0.08054994108184832
-0.007365093131678352
-0.09159889499526615
-0.13252012252873546
-0.11457660676067873
-0.044166546851962654
0.048044437371619175
0.11659638867562597
0.1319267367446529
0.08859240045961787
0.003214220326694009
-0.08377096072583588
-0.13077805844211812
-0.11951006137524839
-0.05394636923667141
0.03807697258178731
0.111242929894895
0.13320700251498724
0.09607577346519683
0.013771519915387553
-0.07540990421781046
-0.12828141863207287
-0.1237350482901522
-0.0633679087038838
0.027852677589110336
0.10521790153893208
0.133723489609178
0.1029611365464988
0.024234678989686786
-0.0665623459690481
-0.1250399550860663
-0.127233669960428
-0.07237346101928588
0.017439165886706368
0.09854964777809339
0.13347427930666073
0.10921419219503614
0.03453287037918254
-0.05727972476412786
-0.12106674006951122
-0.1299916440181211
-0.08090992787177093
0.0069065867789986635
0.09127089178754066
0.1324602956908354
0.11480508975880147
0.04459749929094467
-0.04761816774309495
-0.11637838366555486
-0.13199808310283936
-0.08892900070481863
-0.0036732761005330433
0.08341892350145105
0.1306853314558687
0.11970822690694317
0.05436303271069097
-0.037638198476416765
-0.11099525485487825
-0.1332452875828621
-0.09638720020779662
-0.014227981927321082
0.07503575546569374
0.12815614851878304
0.12390204176776085
0.06376768801575941
-0.02740426898921991
-0.10494169813670792
-0.13372857068855376
-0.10324580681818174
-0.02468544010591986
0.06616821801398427
0.12488263860725603
0.1273687982540072
0.0727539547737216
-0.01698412005602347
-0.0982462435525889
-0.13344613759018747
-0.10947071989063589
-0.03497490156606706
0.056867957136688504
0.12087802290599244
0.13009436583884415
0.08126893983280156
-0.006447991304113804
-0.09094180868254574
-0.1323990357312389
-0.11503227731387895
-0.045027888047825704
0.04719129803784791
0.11615907002149968
0.13206799961949245
0.08926454427662392
0.004132284457337029
-0.08306588545890259
-0.1305911840526209
-0.11990505643581739
-0.05477901610580457
0.03719894573538471
0.11074631698008569
0.13328213400498634
0.09669749740446001
0.0146842606448708
-0.07466069405993916
-0.1280294765794131
-0.12406766588635093
-0.06416667892302269
0.026955509410074394
0.10466428557994766
0.1337322097510935
0.10352928337312745
0.025135884585797574
-0.06577327465720369
-0.12472394515873336
-0.127502530620494
-0.07313356051723915
0.016528855625233985
0.09794169211511725
0.13341655582416856
0.10972599805756722
0.035416487066372515
-0.05645548019461431
-0.12068796030737101
-0.1301956715363491
-0.0816269732250782
0.005989312619281401
0.09061164892494204
0.132336343083524
0.1152581675110282
0.04545770791685419
-0.046763833378692
-0.11593844957241521
-0.13213648579714476
-0.08959902782851267
-0.0045912394739647255
0.0827118502342823
0.13049561691432635
0.12010054836802883
0.05519431454844649
-0.036759219778495764
-0.11049611843330805
-0.13331754152353473
-0.09700666209255018
-0.015140350216565499
0.07428472403249003
0.1279014037595254
0.12423191935529751
0.06456487691939738
-0.02650640450921332
-0.10438566638215127
-0.1337344067715009
-0.10381156361884711
-0.02558600672877337
0.06537752032131033
0.12456387596714552
0.12763486605431038
0.07351227413150717
-0.016073378419348597
-0.09763599634598255
-0.13338553421511085
-0.1099800244576612
-0.03585762140273874
0.056042298733527854
0.12049655379954546
0.13029556037236525
0.08198402432591553
-0.005530556638950995
-0.09028041577618454
-0.1322722181917781
-0.1154827584496588
-0.045886953705765315
0.0463357789023813
0.11571652416138362
0.132203541148952
0.0899324480308577
0.005050135228682362
-0.08235682148082382
-0.13039863073403585
-0.12029470112326585
-0.055608923180366004
0.03631902603718852
0.11024466139220679
0.1333515098908755
0.09731469132579763
0.01559624479587586
-0.07390784943242844
-0.12777193101650597
-0.12439480089672156
-0.06496227751511252
0.026056959952968806
0.10410584307240771
0.13373516173450417
0.10409264497856356
0.026035800842548917
-0.06498095944555732
-0.12440243227174608
-0.1277658035618371
-0.07389009151528628
0.015617694268920748
0.09732915914174703
0.1333530729796645
0.11023279686774795
0.036298299108976834
-0.05562841756462092
-0.12030380492180767
-0.13039403161984064
-0.0823400894297992
0.005071729279608889
0.08994811251454267
0.13220666151061916
0.11570604824343964
0.04631562023587267
-0.04590713975952271
-0.11549329564564699
-0.13226916519866885
-0.09026480157090594
-0.005508965801318544
0.08200080286891116
0.13030022621592835
0.12048751313471279
0.05602283715869111
-0.03587836995442349
-0.10999194804934614
-0.13338403886955696
-0.09762158217427291